0 58.98020935058594 -20.16074562072754
1 58.863895416259766 -20.10366439819336
2 58.608795166015625 -20.03127670288086
3 58.239532470703125 -19.87849998474121
4 57.9954833984375 -19.805349349975586
5 60.92893600463867 -35.47108459472656
6 61.05796813964844 -35.279052734375
7 61.21141815185547 -35.001502990722656
8 61.40628433227539 -34.5598258972168
9 61.5944709777832 -33.874961853027344
10 61.54151153564453 -33.52982711791992
11 61.34204864501953 -33.182594299316406
12 61.19898986816406 -32.88762283325195
13 61.1234245300293 -32.57857894897461
14 61.070316314697266 -32.22651672363281
15 61.03823471069336 -31.652708053588867
16 60.971073150634766 -31.231447219848633
17 60.90687561035156 -30.865093231201172
18 60.90042495727539 -30.369810104370117
19 60.98741149902344 -29.65677833557129
20 61.03900146484375 -29.44495964050293
21 67.56893920898438 -21.54084587097168
22 67.57649230957031 -21.272573471069336
23 67.5884780883789 -21.03502655029297
24 67.47406768798828 -20.809715270996094
25 66.93633270263672 -20.052072525024414
26 66.80545043945312 -19.80342674255371
27 66.36141204833984 -18.921674728393555
28 66.28369140625 -18.718097686767578
29 66.2800064086914 -18.3890323638916
30 66.0734634399414 -18.071733474731445
31 65.7085952758789 -17.714805603027344
32 65.544189453125 -17.509445190429688
33 64.96177673339844 -17.246795654296875
34 64.25399017333984 -17.174243927001953
35 64.0952377319336 -17.319469451904297
36 64.17231750488281 -17.93606185913086
37 64.29518127441406 -18.197208404541016
38 64.43362426757812 -18.35177230834961
39 77.55094909667969 -34.885738372802734
40 77.74057006835938 -34.890037536621094
41 77.9677963256836 -34.85472869873047
42 78.39694213867188 -34.67436981201172
43 78.75260162353516 -34.39361572265625
44 79.0667953491211 -34.07235336303711
45 79.47461700439453 -33.725704193115234
46 66.2381591796875 -9.556706428527832
47 66.2331771850586 -9.378568649291992
48 66.16122436523438 -8.93297004699707
49 65.97476196289062 -8.535048484802246
50 65.8462905883789 -8.411620140075684
51 65.6196060180664 -8.188594818115234
52 65.48947143554688 -8.139650344848633
53 63.20002746582031 -19.5047607421875
54 63.275882720947266 -19.63785171508789
55 63.23261642456055 -19.768539428710938
56 67.36800384521484 -37.382144927978516
57 67.25053405761719 -37.346717834472656
58 67.07442474365234 -37.2729606628418
59 66.33696746826172 -36.74324035644531
60 66.140625 -36.526634216308594
61 65.87759399414062 -36.1536979675293
62 65.69898986816406 -35.880313873291016
63 65.52432250976562 -35.7064208984375
64 59.07935333251953 -28.864425659179688
65 59.02294921875 -28.82326316833496
66 53.96297836303711 -18.82257080078125
67 53.932621002197266 -18.648115158081055
68 53.917518615722656 -18.418352127075195
69 54.194034576416016 -17.089542388916016
70 54.28829574584961 -16.804046630859375
71 54.435733795166016 -16.473575592041016
72 54.60336685180664 -16.134483337402344
73 54.85530090332031 -15.791741371154785
74 55.122894287109375 -15.628466606140137
75 55.611778259277344 -15.562302589416504
76 56.20416259765625 -15.682511329650879
77 56.39669418334961 -15.77676010131836
78 56.842288970947266 -16.008031845092773
79 57.21268844604492 -16.271121978759766
80 57.37636947631836 -16.532651901245117
81 57.693782806396484 -16.88217544555664
82 57.967857360839844 -17.112850189208984
83 58.19359588623047 -17.242774963378906
84 58.542545318603516 -17.381629943847656
85 58.79906463623047 -17.49806785583496
86 59.71222686767578 -17.98089027404785
87 59.9114875793457 -18.095809936523438
88 60.16762161254883 -18.036514282226562
89 60.59680938720703 -17.872793197631836
90 60.781192779541016 -17.8089656829834
91 61.058319091796875 -17.776628494262695
92 61.210697174072266 -17.796695709228516
93 62.07650375366211 -18.149072647094727
94 62.18164825439453 -18.174489974975586
95 66.10564422607422 -21.453533172607422
96 66.1727066040039 -21.740434646606445
97 65.83868408203125 -21.932893753051758
98 65.58528900146484 -21.86952781677246
99 65.07809448242188 -21.587417602539062
100 64.83141326904297 -21.427745819091797
101 64.61815643310547 -21.025691986083984
102 64.51869201660156 -20.661020278930664
103 64.59102630615234 -20.38678741455078
104 64.87335968017578 -19.970111846923828
105 65.08197784423828 -19.717403411865234
106 65.20134735107422 -19.67447280883789
107 71.04866027832031 -37.591251373291016
108 70.92605590820312 -37.4251594543457
109 70.71826934814453 -37.14787673950195
110 70.52689361572266 -36.927181243896484
111 70.41741943359375 -36.74098205566406
112 69.89697265625 -35.9561653137207
113 69.71765899658203 -35.66107940673828
114 69.5474624633789 -35.438018798828125
115 67.13975524902344 -31.449260711669922
116 67.0025405883789 -31.208053588867188
117 66.93247985839844 -31.030902862548828
118 66.8234634399414 -30.878765106201172
119 66.04865264892578 -30.231855392456055
120 65.85614013671875 -30.054128646850586
121 60.296897888183594 -21.815460205078125
122 60.3215217590332 -21.709230422973633
123 60.5572395324707 -21.2667179107666
124 60.94017791748047 -20.74116325378418
125 61.14900588989258 -20.55316162109375
126 61.39386749267578 -20.328718185424805
127 61.58446502685547 -20.128385543823242
128 65.64579010009766 -1.8213050365447998
129 65.47770690917969 -1.837347388267517
130 65.23490142822266 -1.8409113883972168
131 64.26036071777344 -1.7660678625106812
132 63.8294792175293 -1.836536169052124
133 63.33098220825195 -2.007681369781494
134 63.131019592285156 -2.102292537689209
135 62.94496536254883 -2.187969446182251
136 62.21075439453125 -2.8520543575286865
137 61.93815994262695 -3.1616933345794678
138 61.85808181762695 -3.2709362506866455
139 61.664215087890625 -3.5256736278533936
140 60.64729309082031 -8.090873718261719
141 60.67945098876953 -8.358016967773438
142 64.95207977294922 -16.1269588470459
143 65.02774047851562 -16.143051147460938
144 75.83167266845703 -28.49883270263672
145 75.70232391357422 -28.888765335083008
146 75.57731628417969 -29.025094985961914
147 75.45159149169922 -29.21441650390625
148 75.2869644165039 -29.684232711791992
149 75.03527069091797 -30.030168533325195
150 74.85441589355469 -30.510929107666016
151 74.95304870605469 -30.72359848022461
152 75.38323211669922 -31.143259048461914
153 75.66473388671875 -31.34168243408203
154 76.01513671875 -31.604389190673828
155 76.19085693359375 -31.836427688598633
156 76.4034423828125 -32.4704475402832
157 76.35492706298828 -32.67231369018555
158 75.64839935302734 -33.025360107421875
159 75.34492492675781 -33.064605712890625
160 74.8287582397461 -32.966888427734375
161 74.45745086669922 -32.8318977355957
162 74.176025390625 -32.6878776550293
163 73.79829406738281 -32.5025749206543
164 73.45018768310547 -32.41417694091797
165 72.8289794921875 -32.680912017822266
166 72.67669677734375 -32.87819290161133
167 72.67167663574219 -33.20840072631836
168 72.9257583618164 -34.33998107910156
169 73.01506042480469 -34.56159210205078
170 73.35880279541016 -35.005699157714844
171 73.61180877685547 -35.32065200805664
172 73.76176452636719 -35.45449447631836
173 74.0492935180664 -36.10197448730469
174 74.25375366210938 -36.49388885498047
175 74.3792495727539 -36.70890808105469
176 74.426025390625 -36.83994674682617
177 63.274017333984375 -25.404605865478516
178 63.1923713684082 -25.684968948364258
179 63.19630432128906 -25.96051788330078
180 63.39032745361328 -26.710466384887695
181 63.507293701171875 -26.941190719604492
182 63.722843170166016 -27.371868133544922
183 63.778221130371094 -27.609554290771484
184 63.69626235961914 -27.902374267578125
185 63.45860290527344 -28.2205810546875
186 63.37068176269531 -28.52959442138672
187 63.455223083496094 -28.8714599609375
188 63.62059783935547 -29.368240356445312
189 63.60087203979492 -29.664316177368164
190 63.33470153808594 -30.122329711914062
191 63.26521301269531 -30.18987274169922
192 53.980072021484375 -10.259176254272461
193 53.9820556640625 -10.2647123336792
194 82.50611877441406 -32.164093017578125
195 82.44744873046875 -31.949687957763672
196 82.34781646728516 -31.616687774658203
197 82.22565460205078 -31.243879318237305
198 82.13117218017578 -30.964147567749023
199 78.25094604492188 -23.96259117126465
200 77.91523742675781 -23.724559783935547
201 77.75867462158203 -23.731239318847656
202 77.40000915527344 -23.780385971069336
203 77.12194061279297 -23.91234016418457
204 76.8869400024414 -23.99495506286621
205 76.40066528320312 -24.06915855407715
206 75.97663116455078 -24.117290496826172
207 75.68661499023438 -24.16297721862793
208 75.23987579345703 -23.97785186767578
209 74.96957397460938 -23.790054321289062
210 74.58674621582031 -23.442474365234375
211 74.26021575927734 -23.331493377685547
212 74.04890441894531 -23.714454650878906
213 73.83053588867188 -23.898921966552734
214 73.53726196289062 -23.809173583984375
215 73.06556701660156 -23.634227752685547
216 72.88584899902344 -23.57765769958496
217 55.54080581665039 -13.18069839477539
218 55.50225830078125 -13.086923599243164
219 55.638309478759766 -12.674235343933105
220 55.95130157470703 -12.18112850189209
221 56.15658950805664 -12.034770011901855
222 56.88551712036133 -11.883821487426758
223 56.99409103393555 -11.856783866882324
224 77.83906555175781 -14.07275676727295
225 78.11262512207031 -14.069013595581055
226 78.29310607910156 -14.026178359985352
227 79.08477020263672 -13.931365966796875
228 79.21623229980469 -13.978155136108398
229 79.2338638305664 -14.307686805725098
230 79.2237319946289 -14.930459022521973
231 79.16915893554688 -15.142468452453613
232 78.99054718017578 -15.488986015319824
233 78.84898376464844 -15.852771759033203
234 78.80049133300781 -16.098085403442383
235 82.6966552734375 -23.30121612548828
236 82.76224517822266 -23.356891632080078
237 82.8795166015625 -23.44719886779785
238 82.93414306640625 -23.504344940185547
239 67.72357177734375 1.666214942932129
240 67.72383880615234 1.867047905921936
241 67.76089477539062 2.7453627586364746
242 67.78710174560547 3.1261425018310547
243 67.82506561279297 3.509538412094116
244 67.94486236572266 3.970640182495117
245 68.03079986572266 4.210544586181641
246 68.1644287109375 4.410996913909912
247 87.34159851074219 -9.05508804321289
248 87.34742736816406 -9.239717483520508
249 87.3275375366211 -9.986458778381348
250 87.3686294555664 -10.253618240356445
251 87.61009979248047 -10.48880386352539
252 88.21873474121094 -11.090995788574219
253 88.47407531738281 -11.47042179107666
254 88.6620101928711 -12.081022262573242
255 88.65863800048828 -12.59183406829834
256 88.52933502197266 -12.903097152709961
257 88.3505859375 -13.03145694732666
258 86.78569030761719 -12.996809959411621
259 86.66334533691406 -12.979375839233398
260 68.87687683105469 -17.05506134033203
261 68.66435241699219 -17.111759185791016
262 68.38683319091797 -17.115488052368164
263 68.05841064453125 -17.123863220214844
264 67.77604675292969 -17.176055908203125
265 67.41969299316406 -17.286287307739258
266 67.37680053710938 -17.32022476196289
267 56.8432731628418 -2.3987388610839844
268 56.860958099365234 -2.486781358718872
269 56.94461441040039 -2.767298936843872
270 57.064815521240234 -3.155958414077759
271 57.26988983154297 -3.8312196731567383
272 57.355926513671875 -4.1495842933654785
273 57.400455474853516 -4.297415733337402
274 57.46842956542969 -4.4501447677612305
275 65.02965545654297 -13.849157333374023
276 65.12494659423828 -13.967366218566895
277 65.3113784790039 -14.27784252166748
278 65.3857650756836 -14.515901565551758
279 65.25564575195312 -14.739644050598145
280 64.98794555664062 -14.984167098999023
281 63.963016510009766 -15.150784492492676
282 63.852569580078125 -15.20408821105957
283 63.82240295410156 -15.235769271850586
284 74.21744537353516 -11.993255615234375
285 74.34529876708984 -11.767874717712402
286 74.53986358642578 -11.336594581604004
287 74.73419952392578 -11.121779441833496
288 75.16560363769531 -10.976820945739746
289 75.38094329833984 -10.909762382507324
290 75.68099212646484 -10.701061248779297
291 75.84090423583984 -10.467724800109863
292 76.12348175048828 -9.677871704101562
293 76.15717315673828 -9.455183982849121
294 76.16362762451172 -9.163203239440918
295 76.15296173095703 -8.627355575561523
296 76.15863800048828 -8.455960273742676
297 66.77644348144531 -12.776762962341309
298 66.67636108398438 -12.766504287719727
299 66.32535552978516 -12.775876998901367
300 65.89788818359375 -12.611885070800781
301 65.67913055419922 -12.293295860290527
302 65.56690979003906 -12.165029525756836
303 65.58200073242188 -12.007245063781738
304 73.16810607910156 -3.169422149658203
305 73.27481079101562 -3.2386722564697266
306 73.51499938964844 -3.530093193054199
307 73.73902130126953 -3.833777666091919
308 73.95409393310547 -4.100094318389893
309 74.19593048095703 -4.162642955780029
310 74.9141845703125 -4.026224136352539
311 75.15311431884766 -3.793008804321289
312 75.65558624267578 -3.280869245529175
313 75.81156158447266 -3.123237133026123
314 76.1634521484375 -2.761240005493164
315 76.44316101074219 -2.4754559993743896
316 76.7637710571289 -2.1463959217071533
317 76.9095687866211 -1.975423812866211
318 76.95780944824219 -1.6456929445266724
319 76.88780975341797 -1.2388607263565063
320 76.43257904052734 -0.8333995342254639
321 76.05683898925781 -0.6492472290992737
322 75.61847686767578 -0.5436575412750244
323 75.03636932373047 -0.4685828983783722
324 74.81389617919922 -0.5364077687263489
325 74.67288208007812 -0.8341512084007263
326 76.80674743652344 -4.685414791107178
327 76.91847229003906 -5.033519744873047
328 76.8843765258789 -5.367498397827148
329 76.5480728149414 -6.0194878578186035
330 76.3007583618164 -6.214828968048096
331 76.05726623535156 -6.352467060089111
332 75.59991455078125 -6.431534767150879
333 75.32196807861328 -6.507513523101807
334 74.80846405029297 -6.9387407302856445
335 74.62577056884766 -7.173199653625488
336 74.49691009521484 -7.246470928192139
337 64.93475341796875 -10.387723922729492
338 64.84496307373047 -10.527865409851074
339 64.67390441894531 -10.988007545471191
340 64.36261749267578 -11.784668922424316
341 64.25630187988281 -12.085368156433105
342 64.17517852783203 -12.59874153137207
343 63.930686950683594 -12.961833953857422
344 63.4642448425293 -13.378933906555176
345 63.364898681640625 -13.502501487731934
346 63.136165618896484 -13.842278480529785
347 62.82038497924805 -14.01681900024414
348 62.60371780395508 -13.9968843460083
349 61.944053649902344 -13.686226844787598
350 61.55495834350586 -13.381834983825684
351 61.32529067993164 -13.16893196105957
352 61.13680648803711 -13.040802001953125
353 60.198875427246094 -12.706326484680176
354 59.57766342163086 -12.411223411560059
355 59.30804443359375 -12.298198699951172
356 59.135894775390625 -12.255463600158691
357 71.1460189819336 -25.02463722229004
358 71.2304916381836 -25.022552490234375
359 71.39622497558594 -24.938539505004883
360 71.9191665649414 -24.7940616607666
361 72.20610046386719 -24.80338478088379
362 76.22793579101562 -26.54652214050293
363 76.50325012207031 -26.72903060913086
364 76.98292541503906 -26.990446090698242
365 77.35002136230469 -27.19676399230957
366 77.54581451416016 -27.410734176635742
367 77.84884643554688 -27.790029525756836
368 78.01559448242188 -28.02603530883789
369 78.15143585205078 -28.253929138183594
370 79.31019592285156 -30.7529296875
371 79.27835845947266 -30.82396125793457
372 79.10594940185547 -30.812915802001953
373 78.85796356201172 -30.72464942932129
374 78.44866180419922 -30.49651336669922
375 78.07493591308594 -30.210464477539062
376 77.83782958984375 -29.982040405273438
377 77.78028869628906 -29.921796798706055
378 57.061920166015625 -21.579708099365234
379 56.97995376586914 -21.659866333007812
380 56.72993469238281 -21.91899299621582
381 56.34309768676758 -22.250219345092773
382 55.90117645263672 -22.685245513916016
383 55.410888671875 -23.269594192504883
384 55.03223419189453 -23.854341506958008
385 55.01927947998047 -24.120676040649414
386 55.14927291870117 -24.406883239746094
387 55.65633010864258 -24.921388626098633
388 56.167991638183594 -25.22696876525879
389 56.51021194458008 -25.285200119018555
390 57.07529830932617 -25.111549377441406
391 57.39211654663086 -25.004953384399414
392 57.63126754760742 -24.84857177734375
393 58.36076736450195 -24.183774948120117
394 58.829795837402344 -23.9781436920166
395 59.11879348754883 -24.07381248474121
396 59.39434051513672 -24.27935791015625
397 59.78316879272461 -24.607070922851562
398 59.86391830444336 -24.929838180541992
399 59.514122009277344 -25.86478042602539
400 59.406829833984375 -26.22748565673828
401 59.41947937011719 -26.839332580566406
402 59.55558776855469 -27.023591995239258
403 59.67435073852539 -27.134174346923828
404 60.00908279418945 -27.18137550354004
405 60.54914474487305 -27.207977294921875
406 60.85944747924805 -27.091169357299805
407 60.9728889465332 -26.95381736755371
408 61.12226104736328 -26.22154998779297
409 61.30318832397461 -25.755752563476562
410 61.5504150390625 -24.694087982177734
411 61.5867919921875 -24.21454620361328
412 61.595577239990234 -23.959636688232422
413 66.65443420410156 -6.9024248123168945
414 66.63978576660156 -6.887862682342529
415 62.37166976928711 -21.83014678955078
416 62.49066162109375 -21.927522659301758
417 62.65399932861328 -22.123058319091797
418 62.96805191040039 -22.590980529785156
419 63.39910125732422 -22.973102569580078
420 63.64188766479492 -23.041507720947266
421 64.0142822265625 -23.18585205078125
422 64.34246063232422 -23.45760726928711
423 64.47782897949219 -23.628921508789062
424 64.517333984375 -24.14792251586914
425 64.5907974243164 -24.559078216552734
426 64.7532730102539 -24.90448760986328
427 64.9144058227539 -25.093917846679688
428 65.15955352783203 -25.665164947509766
429 65.19297790527344 -25.90326499938965
430 64.83917236328125 -31.440433502197266
431 64.82574462890625 -31.734182357788086
432 64.69019317626953 -32.54106903076172
433 64.66107177734375 -32.78866195678711
434 64.83544921875 -33.47217559814453
435 64.9720230102539 -33.641319274902344
436 65.33387756347656 -33.73579788208008
437 65.62643432617188 -33.69869613647461
438 66.30944061279297 -33.26637649536133
439 66.59344482421875 -33.14366149902344
440 66.74971008300781 -33.18869400024414
441 67.24637603759766 -33.40946960449219
442 67.6200942993164 -33.517147064208984
443 68.10379791259766 -33.67948532104492
444 68.35203552246094 -33.73439025878906
445 68.8261489868164 -33.79311752319336
446 69.62559509277344 -33.82197952270508
447 70.02603149414062 -33.682716369628906
448 70.19196319580078 -33.4837532043457
449 70.15608215332031 -33.286964416503906
450 69.69591522216797 -32.8795166015625
451 69.51133728027344 -32.67205047607422
452 69.31462097167969 -32.35710906982422
453 69.2228012084961 -32.135231018066406
454 69.09660339355469 -31.51280403137207
455 69.02286529541016 -31.041519165039062
456 69.04057312011719 -30.78118324279785
457 69.26139831542969 -29.86249542236328
458 69.38054656982422 -29.771047592163086
459 69.70858764648438 -29.938575744628906
460 70.08470153808594 -30.266345977783203
461 70.52313232421875 -30.679035186767578
462 70.85197448730469 -31.003522872924805
463 71.16326141357422 -31.115562438964844
464 71.36080932617188 -31.0850830078125
465 71.59119415283203 -30.805885314941406
466 71.68267059326172 -30.46271324157715
467 71.66011047363281 -30.097578048706055
468 71.65013885498047 -29.846195220947266
469 72.64125061035156 0.3221433460712433
470 72.62075805664062 0.3039093613624573
471 69.65254974365234 -27.771406173706055
472 69.52780151367188 -27.795557022094727
473 69.16947937011719 -27.922527313232422
474 68.7078628540039 -28.02557373046875
475 68.32719421386719 -28.06610679626465
476 68.00801849365234 -28.152780532836914
477 67.61129760742188 -28.3283634185791
478 66.90914154052734 -28.568584442138672
479 66.54663848876953 -28.662351608276367
480 66.3789291381836 -28.58838653564453
481 66.15644836425781 -27.762983322143555
482 66.16999053955078 -27.419994354248047
483 66.25114440917969 -27.265478134155273
484 66.4403076171875 -26.85529327392578
485 66.69564056396484 -26.488492965698242
486 67.06971740722656 -26.310686111450195
487 67.45398712158203 -26.236499786376953
488 67.96524810791016 -26.238788604736328
489 68.48025512695312 -26.17937660217285
490 68.99800109863281 -26.058494567871094
491 69.37421417236328 -25.816696166992188
492 69.50804901123047 -25.51279067993164
493 69.5836410522461 -25.188091278076172
494 73.52457427978516 -25.93689727783203
495 73.6917724609375 -25.960411071777344
496 74.45472717285156 -25.946815490722656
497 74.56958770751953 -26.05066680908203
498 74.61888885498047 -26.52118492126465
499 74.56460571289062 -26.990978240966797
500 74.4749984741211 -27.1740665435791
501 74.38339233398438 -27.25806999206543
502 73.39734649658203 -28.257774353027344
503 73.28873443603516 -28.27298927307129
504 73.07200622558594 -28.134418487548828
505 72.8924331665039 -28.094331741333008
506 72.0520248413086 -27.759613037109375
507 71.86917114257812 -27.632192611694336
508 71.64929962158203 -27.227529525756836
509 71.47876739501953 -27.081899642944336
510 70.98341369628906 -26.881370544433594
511 70.91215515136719 -26.729753494262695
512 69.58584594726562 -21.420303344726562
513 69.53672790527344 -21.248125076293945
514 69.37277221679688 -21.050662994384766
515 69.21192169189453 -20.371864318847656
516 69.19686889648438 -19.84315299987793
517 69.18276977539062 -19.636337280273438
518 69.03174591064453 -19.55398178100586
519 68.65924835205078 -19.44346809387207
520 68.29837036132812 -19.254470825195312
521 68.12867736816406 -19.164329528808594
522 68.04615783691406 -18.985599517822266
523 63.615760803222656 -8.228508949279785
524 63.57733154296875 -8.042139053344727
525 63.50668716430664 -7.9109787940979
526 63.411468505859375 -7.676779747009277
527 63.038909912109375 -7.0852203369140625
528 62.828948974609375 -6.828519821166992
529 62.53717803955078 -6.588403701782227
530 62.4014892578125 -6.517764091491699
531 61.12142562866211 -5.931206703186035
532 60.82203674316406 -5.830235958099365
533 60.65917205810547 -5.76597261428833
534 60.41787338256836 -5.648367404937744
535 60.31599426269531 -5.577763557434082
536 83.84642028808594 -29.126211166381836
537 84.00553131103516 -29.010459899902344
538 84.40571594238281 -28.675735473632812
539 84.5589370727539 -28.463346481323242
540 84.82659149169922 -27.95282745361328
541 85.04055786132812 -27.53531265258789
542 85.31632232666016 -27.21157455444336
543 85.52252960205078 -26.979461669921875
544 85.58924102783203 -26.752431869506836
545 85.6180648803711 -26.495765686035156
546 77.84134674072266 -21.944473266601562
547 77.64810943603516 -21.812543869018555
548 77.32442474365234 -21.679906845092773
549 77.04917907714844 -21.73404884338379
550 76.68262481689453 -21.776996612548828
551 76.2892074584961 -21.839111328125
552 75.79563903808594 -21.84878921508789
553 75.51011657714844 -21.85126495361328
554 75.00457763671875 -21.774694442749023
555 74.92595672607422 -21.728252410888672
556 81.456298828125 -20.66428565979004
557 81.57975006103516 -20.697505950927734
558 81.98013305664062 -21.016620635986328
559 82.23228454589844 -21.15097999572754
560 82.52886962890625 -21.267414093017578
561 83.77071380615234 -21.37684440612793
562 83.9156265258789 -21.340614318847656
563 84.1182861328125 -21.34486961364746
564 84.35881805419922 -21.113866806030273
565 84.59583282470703 -20.575218200683594
566 84.72157287597656 -20.217411041259766
567 84.77954864501953 -20.00702476501465
568 84.91673278808594 -19.799224853515625
569 85.34906768798828 -19.1459903717041
570 85.61849975585938 -19.006229400634766
571 86.05453491210938 -19.111286163330078
572 86.37992095947266 -19.286022186279297
573 86.59239196777344 -19.6141414642334
574 86.78672790527344 -20.292734146118164
575 86.69982147216797 -20.408971786499023
576 86.49466705322266 -20.397003173828125
577 83.38737487792969 -19.15595054626465
578 83.16094970703125 -19.073287963867188
579 82.91752624511719 -18.810571670532227
580 82.69120025634766 -18.25341033935547
581 82.47917938232422 -17.6806697845459
582 82.15572357177734 -17.064517974853516
583 81.92351531982422 -16.311077117919922
584 81.93560791015625 -15.642434120178223
585 81.8506088256836 -15.328937530517578
586 81.45549774169922 -14.980137825012207
587 81.23783111572266 -14.863201141357422
588 81.13307189941406 -14.809130668640137
589 83.40333557128906 -25.496109008789062
590 83.3109359741211 -25.488224029541016
591 82.32819366455078 -25.303922653198242
592 81.89212799072266 -25.231101989746094
593 81.81376647949219 -25.22092628479004
594 81.13882446289062 -24.894128799438477
595 80.7751235961914 -24.585039138793945
596 80.5505142211914 -24.33820915222168
597 80.37028503417969 -24.120580673217773
598 71.37005615234375 -20.687416076660156
599 71.19825744628906 -20.587141036987305
600 70.72965240478516 -20.34343147277832
601 70.5588607788086 -20.134252548217773
602 66.87928771972656 -16.182462692260742
603 66.79706573486328 -16.012731552124023
604 66.77002716064453 -15.779766082763672
605 66.7324447631836 -15.434910774230957
606 66.79326629638672 -15.068984031677246
607 66.91581726074219 -14.716222763061523
608 66.94740295410156 -14.359484672546387
609 66.87091827392578 -14.2077054977417
610 58.80544662475586 -13.797684669494629
611 58.79530334472656 -13.921682357788086
612 58.9531364440918 -14.157934188842773
613 59.15911865234375 -14.286284446716309
614 59.71190643310547 -14.721284866333008
615 60.02935791015625 -14.98127555847168
616 60.331851959228516 -15.229673385620117
617 60.69864273071289 -15.422711372375488
618 61.54051971435547 -15.708800315856934
619 61.74356460571289 -15.81900405883789
620 62.03434371948242 -15.950186729431152
621 62.445858001708984 -16.16899871826172
622 62.607879638671875 -16.284311294555664
623 80.69573974609375 -28.199058532714844
624 80.7534408569336 -28.16544532775879
625 80.87834930419922 -28.11345863342285
626 81.11660766601562 -28.018606185913086
627 81.51809692382812 -27.80946159362793
628 62.624088287353516 -9.931886672973633
629 62.61480712890625 -10.105749130249023
630 62.59595489501953 -10.417584419250488
631 62.66387176513672 -10.825403213500977
632 62.69831085205078 -11.215143203735352
633 62.70466232299805 -11.511728286743164
634 62.690608978271484 -11.708991050720215
635 61.54964828491211 -11.558682441711426
636 61.15029525756836 -11.363039016723633
637 60.91119384765625 -11.19899845123291
638 59.748680114746094 -10.436850547790527
639 59.45743942260742 -10.245551109313965
640 59.241050720214844 -10.124458312988281
641 58.831336975097656 -9.873398780822754
642 58.39478302001953 -9.538073539733887
643 58.144954681396484 -9.366337776184082
644 58.02168273925781 -9.257171630859375
645 57.77099609375 -8.948497772216797
646 57.583683013916016 -8.622368812561035
647 57.41964340209961 -8.226517677307129
648 57.38100051879883 -8.095124244689941
649 73.70246124267578 -9.118695259094238
650 73.80704498291016 -9.183667182922363
651 74.03907775878906 -9.163032531738281
652 74.22224426269531 -9.17954158782959
653 74.61824798583984 -9.151032447814941
654 78.4591293334961 -10.645288467407227
655 78.5824966430664 -10.818766593933105
656 78.70310974121094 -11.073859214782715
657 78.71839141845703 -11.304034233093262
658 78.53980255126953 -11.709589958190918
659 77.9739990234375 -11.982290267944336
660 77.69916534423828 -12.105560302734375
661 77.28327178955078 -12.35181999206543
662 77.05320739746094 -12.426856994628906
663 76.73016357421875 -12.491767883300781
664 76.4007339477539 -12.510529518127441
665 76.1094741821289 -12.462359428405762
666 69.91201782226562 -11.73365306854248
667 69.72531127929688 -11.731035232543945
668 69.485107421875 -11.599398612976074
669 69.42078399658203 -11.36652946472168
670 69.5270767211914 -10.911914825439453
671 69.8713150024414 -10.52773380279541
672 69.97322082519531 -10.415458679199219
673 78.73255920410156 -4.435166835784912
674 78.83265686035156 -4.247542858123779
675 79.01378631591797 -3.918515205383301
676 79.06977081298828 -3.437631368637085
677 79.15138244628906 -3.041593313217163
678 79.28858184814453 -2.786327362060547
679 79.7575912475586 -1.8941220045089722
680 79.8422622680664 -1.5899816751480103
681 79.84487915039062 -1.2191158533096313
682 79.78462982177734 -0.6328420639038086
683 79.59639739990234 0.56194669008255
684 79.53543853759766 0.7852936387062073
685 79.37255096435547 1.0719659328460693
686 79.28407287597656 1.1185600757598877
687 71.73716735839844 -4.855982303619385
688 71.6513900756836 -4.989028453826904
689 71.59217834472656 -5.3589277267456055
690 71.60181427001953 -5.839125633239746
691 72.09493255615234 -6.313835620880127
692 72.42481231689453 -6.6333231925964355
693 72.6039047241211 -6.811369895935059
694 72.59048461914062 -7.048179626464844
695 72.27180480957031 -8.07879638671875
696 72.21231079101562 -8.302998542785645
697 72.03266143798828 -8.743261337280273
698 71.90901947021484 -8.981258392333984
699 71.62353515625 -9.580972671508789
700 71.6099624633789 -9.86546516418457
701 71.71705627441406 -10.081768035888672
702 71.86322784423828 -10.294868469238281
703 72.44432830810547 -10.837080955505371
704 72.5743637084961 -11.093990325927734
705 72.53011322021484 -11.287032127380371
706 72.38656616210938 -11.423005104064941
707 71.70210266113281 -11.789769172668457
708 71.51514434814453 -11.882949829101562
709 71.38710021972656 -11.94627857208252
710 67.98564147949219 -7.530203342437744
711 67.99984741210938 -7.253107070922852
712 68.21820831298828 -7.049004554748535
713 68.47644805908203 -6.922835350036621
714 69.071533203125 -6.957438945770264
715 69.64492797851562 -7.000768661499023
716 70.08926391601562 -6.9705915451049805
717 70.32329559326172 -7.203744411468506
718 70.42266082763672 -7.601512908935547
719 70.4360580444336 -7.949399471282959
720 70.42398071289062 -8.286797523498535
721 70.41456604003906 -8.54294490814209
722 72.45460510253906 -14.770349502563477
723 72.45063781738281 -14.835969924926758
724 72.49669647216797 -14.875227928161621
725 80.18694305419922 -16.866130828857422
726 80.26042175292969 -17.00011444091797
727 80.58934783935547 -17.49999237060547
728 80.7540512084961 -18.015640258789062
729 80.7984848022461 -18.34382438659668
730 80.74794006347656 -18.631816864013672
731 80.59272003173828 -18.90913200378418
732 80.37499237060547 -19.047128677368164
733 79.85189819335938 -18.93893051147461
734 79.36800384521484 -18.73182487487793
735 79.13069152832031 -18.57655906677246
736 78.9320297241211 -18.404495239257812
737 78.61443328857422 -18.145700454711914
738 78.18582153320312 -17.839990615844727
739 77.60057830810547 -17.40918731689453
740 77.25017547607422 -17.21428680419922
741 77.18270874023438 -17.308940887451172
742 77.14990234375 -17.951751708984375
743 77.0556640625 -18.11819839477539
744 76.82038116455078 -18.321548461914062
745 76.64378356933594 -18.60860252380371
746 76.51757049560547 -18.954261779785156
747 76.56829071044922 -19.3976993560791
748 76.90145111083984 -19.589855194091797
749 77.60087585449219 -19.812870025634766
750 77.81242370605469 -19.863664627075195
751 78.22583770751953 -19.995384216308594
752 78.86798095703125 -20.288578033447266
753 79.10986328125 -20.516752243041992
754 79.599853515625 -21.348188400268555
755 79.73957824707031 -21.648056030273438
756 79.92955017089844 -22.066682815551758
757 79.97772216796875 -22.22785758972168
758 79.93315124511719 -22.305776596069336
759 75.18486022949219 -20.20775032043457
760 74.92154693603516 -20.115182876586914
761 74.77445220947266 -20.023353576660156
762 74.47964477539062 -19.769546508789062
763 74.35208892822266 -19.556291580200195
764 74.37845611572266 -18.951765060424805
765 74.65194702148438 -18.593584060668945
766 74.89022064208984 -18.20204734802246
767 75.1186752319336 -17.786136627197266
768 75.14756774902344 -17.599407196044922
769 75.08421325683594 -17.549264907836914
770 72.440673828125 -16.414169311523438
771 71.94560241699219 -16.40839195251465
772 71.76492309570312 -16.427024841308594
773 71.51541900634766 -16.27842140197754
774 71.40351867675781 -16.09083366394043
775 71.17479705810547 -15.722848892211914
776 70.85435485839844 -15.570328712463379
777 70.56364440917969 -15.52479362487793
778 70.24571228027344 -15.596291542053223
779 70.02581787109375 -15.602736473083496
780 69.7940673828125 -15.605453491210938
781 69.49641418457031 -15.558606147766113
782 69.13468933105469 -15.398595809936523
783 68.7928237915039 -15.246646881103516
784 68.35614776611328 -15.058255195617676
785 68.21205139160156 -15.03140926361084
786 68.06688690185547 -14.979455947875977
787 65.32061767578125 -6.095502853393555
788 65.2283706665039 -5.922185897827148
789 65.1749267578125 -5.551735877990723
790 65.10198974609375 -5.120950698852539
791 65.21749114990234 -4.696905612945557
792 65.53675079345703 -4.363694667816162
793 65.73766326904297 -4.230358123779297
794 66.0324935913086 -4.23852014541626
795 66.88109588623047 -4.3362932205200195
796 67.30935668945312 -4.491474628448486
797 67.6373291015625 -4.675315856933594
798 67.77224731445312 -4.815069675445557
799 68.49432373046875 -5.348349094390869
800 68.97401428222656 -5.376734733581543
801 69.29776763916016 -5.35341215133667
802 69.44023895263672 -5.31950569152832
803 85.23945617675781 -14.769477844238281
804 85.27627563476562 -14.857352256774902
805 85.4250259399414 -14.965343475341797
806 85.98538208007812 -15.318107604980469
807 86.21309661865234 -15.423138618469238
808 86.91072082519531 -15.626405715942383
809 87.56232452392578 -15.617554664611816
810 87.84159851074219 -15.64632797241211
811 88.45541381835938 -15.739177703857422
812 88.99542236328125 -15.962658882141113
813 89.27734375 -16.1960391998291
814 89.41500854492188 -16.541433334350586
815 89.399169921875 -16.969167709350586
816 89.14962005615234 -17.95279884338379
817 89.11229705810547 -18.364879608154297
818 89.0926742553711 -18.502405166625977
819 79.9205093383789 -26.288803100585938
820 79.5962142944336 -26.26398277282715
821 79.32276916503906 -26.250341415405273
822 79.19945526123047 -26.278289794921875
823 78.78865814208984 -26.127338409423828
824 78.5114517211914 -26.00895118713379
825 67.88893127441406 -24.841136932373047
826 67.68856811523438 -24.79350471496582
827 67.29449462890625 -24.608642578125
828 66.9000244140625 -24.323034286499023
829 66.78264617919922 -24.05518341064453
830 66.83219909667969 -23.647151947021484
831 66.98713684082031 -23.446849822998047
832 67.82626342773438 -23.134641647338867
833 68.25201416015625 -23.053308486938477
834 68.6003189086914 -23.08563232421875
835 68.8943862915039 -23.143123626708984
836 69.04022979736328 -23.074556350708008
837 69.8924560546875 -23.263530731201172
838 70.06533813476562 -23.24130630493164
839 70.46597290039062 -22.98755645751953
840 70.63652801513672 -22.953495025634766
841 70.75879669189453 -22.815370559692383
842 71.02484130859375 -22.649173736572266
843 71.22045135498047 -22.494844436645508
844 71.55508422851562 -22.36450958251953
845 71.97032165527344 -22.239564895629883
846 72.61949920654297 -22.097383499145508
847 72.88311767578125 -21.868412017822266
848 73.05345916748047 -21.64837646484375
849 73.19388580322266 -21.37885856628418
850 73.23423767089844 -21.027082443237305
851 73.18807220458984 -20.727577209472656
852 72.96546936035156 -20.176040649414062
853 72.7892074584961 -19.894716262817383
854 72.59749603271484 -19.692991256713867
855 72.10531616210938 -19.42400550842285
856 71.75004577636719 -19.15850257873535
857 71.59049987792969 -19.00116729736328
858 71.29823303222656 -18.633073806762695
859 70.91712951660156 -18.21572494506836
860 70.6566162109375 -18.080678939819336
861 70.21358489990234 -18.128738403320312
862 70.01618957519531 -18.104557037353516
863 69.92664337158203 -17.944852828979492
864 70.08224487304688 -17.42570686340332
865 75.75586700439453 -15.536169052124023
866 76.011962890625 -15.441313743591309
867 76.41014862060547 -15.12987995147705
868 76.43730926513672 -14.750951766967773
869 76.03136444091797 -14.378034591674805
870 75.72251892089844 -14.195857048034668
871 75.32666778564453 -14.069722175598145
872 74.94242095947266 -14.017768859863281
873 74.73796844482422 -13.982207298278809
874 74.40546417236328 -14.096123695373535
875 74.13443756103516 -14.142199516296387
876 73.76441955566406 -14.609817504882812
877 73.74390411376953 -14.829275131225586
878 73.779541015625 -14.926701545715332
879 57.35527801513672 -31.060609817504883
880 57.1194953918457 -30.964759826660156
881 56.88683319091797 -30.78493309020996
882 56.39654541015625 -30.427230834960938
883 56.298927307128906 -30.205820083618164
884 56.137508392333984 -29.89468002319336
885 56.12294387817383 -29.707698822021484
886 56.142303466796875 -29.122303009033203
887 56.208309173583984 -28.957128524780273
888 56.29887390136719 -28.663835525512695
889 56.372440338134766 -28.285829544067383
890 84.15799713134766 -12.031046867370605
891 84.10365295410156 -12.286919593811035
892 83.89750671386719 -12.742405891418457
893 83.62618255615234 -12.971698760986328
894 83.25035095214844 -13.045388221740723
895 82.90377044677734 -13.083816528320312
896 82.47602081298828 -13.046676635742188
897 82.15159606933594 -12.90666389465332
898 81.75729370117188 -12.68569564819336
899 81.33309936523438 -12.338066101074219
900 81.09174346923828 -12.028837203979492
901 80.92691040039062 -11.539045333862305
902 80.85270690917969 -11.16533088684082
903 80.9372787475586 -10.466094017028809
904 81.0857162475586 -10.327922821044922
905 82.17160034179688 -10.051868438720703
906 82.4728775024414 -9.950052261352539
907 82.73524475097656 -9.75249195098877
908 83.05730438232422 -9.458806037902832
909 83.2564926147461 -9.251282691955566
910 83.56170654296875 -8.872443199157715
911 83.98941802978516 -8.310410499572754
912 84.2862319946289 -7.918945789337158
913 84.43769073486328 -7.656806945800781
914 84.68108367919922 -7.032441139221191
915 84.77064514160156 -6.646548748016357
916 84.68985748291016 -6.332202911376953
917 84.49272155761719 -6.006723880767822
918 84.1146469116211 -5.686713218688965
919 83.70598602294922 -5.571118354797363
920 82.99122619628906 -5.513975620269775
921 82.55022430419922 -5.545475006103516
922 82.12084197998047 -5.6797966957092285
923 81.82317352294922 -5.783969879150391
924 81.20459747314453 -5.9665327072143555
925 80.88575744628906 -6.032832622528076
926 80.59364318847656 -6.090175151824951
927 71.0864028930664 -2.265993595123291
928 70.86428833007812 -2.009981155395508
929 70.56177520751953 -1.8641241788864136
930 70.09725189208984 -1.6824809312820435
931 69.78917694091797 -1.59950852394104
932 69.33869171142578 -1.4260610342025757
933 69.09193420410156 -1.4709758758544922
934 68.7885513305664 -1.9818816184997559
935 68.9241943359375 -2.849250555038452
936 69.10220336914062 -3.3334908485412598
937 69.22653198242188 -3.476236343383789
938 69.68606567382812 -3.7376842498779297
939 70.0361328125 -4.004175662994385
940 78.47795104980469 -7.365326404571533
941 78.73210144042969 -7.407504558563232
942 79.01078033447266 -7.639260292053223
943 79.16341400146484 -7.830096244812012
944 79.15421295166016 -8.076016426086426
945 78.98286437988281 -8.42135238647461
946 78.3736343383789 -8.87265682220459
947 78.09889221191406 -8.982928276062012
948 77.78804779052734 -9.09738826751709
949 73.03531646728516 -12.808056831359863
950 72.81771087646484 -12.895638465881348
951 72.49110412597656 -13.054630279541016
952 72.1534652709961 -13.227773666381836
953 71.89584350585938 -13.338248252868652
954 71.41657257080078 -13.469976425170898
955 70.87615966796875 -13.565692901611328
956 70.66302490234375 -13.523445129394531
957 70.19901275634766 -13.530583381652832
958 69.84184265136719 -13.571256637573242
959 69.2785873413086 -13.472726821899414
960 69.14373779296875 -13.412513732910156
961 68.69123077392578 -13.4920654296875
962 68.46698760986328 -13.434063911437988
963 68.18965911865234 -13.132116317749023
964 68.09325408935547 -12.596565246582031
965 67.98834991455078 -12.179363250732422
966 67.86087036132812 -11.788715362548828
967 67.53736877441406 -11.224185943603516
968 67.43283081054688 -11.013983726501465
969 67.42841339111328 -10.756095886230469
970 67.64262390136719 -10.15394115447998
971 67.74494171142578 -9.852261543273926
972 67.88296508789062 -9.65040111541748
973 68.47921752929688 -9.439413070678711
974 68.6565170288086 -9.364356994628906
975 68.7626953125 -9.505110740661621
976 72.66819763183594 -17.82378387451172
977 72.78117370605469 -17.811019897460938
978 72.91211700439453 -17.693614959716797
979 73.20076751708984 -17.436500549316406
980 73.4078140258789 -17.137718200683594
981 73.86219024658203 -16.768585205078125
982 74.11289978027344 -16.413969039916992
983 74.27006530761719 -16.31709861755371
984 74.54947662353516 -16.27381706237793
985 83.56121063232422 -15.962225914001465
986 83.70735168457031 -16.188356399536133
987 83.83711242675781 -16.554216384887695
988 83.93865203857422 -16.855113983154297
989 84.54515075683594 -17.333507537841797
990 84.66636657714844 -17.441835403442383
991 84.8653564453125 -17.68770980834961
992 87.62004852294922 -22.92563247680664
993 87.65021514892578 -23.021970748901367
994 87.61756896972656 -23.08818817138672
995 86.54278564453125 -23.848302841186523
996 86.30665588378906 -23.94321632385254
997 85.52897644042969 -24.044689178466797
998 85.4307632446289 -24.007225036621094
999 85.35212707519531 -23.938495635986328
