0 7.600996017456055 -12.818449020385742
1 7.7607808113098145 -12.884552001953125
2 8.117297172546387 -13.063748359680176
3 8.4544095993042 -13.207025527954102
4 8.660261154174805 -13.193636894226074
5 9.266703605651855 -13.004570007324219
6 9.925069808959961 -12.768782615661621
7 10.329418182373047 -12.691228866577148
8 10.655845642089844 -12.694677352905273
9 10.961326599121094 -12.695329666137695
10 11.197339057922363 -12.675764083862305
11 11.532894134521484 -12.570591926574707
12 11.965645790100098 -12.45078182220459
13 12.306988716125488 -12.364880561828613
14 12.783636093139648 -12.264446258544922
15 13.25864028930664 -12.202479362487793
16 13.860788345336914 -12.180030822753906
17 14.586043357849121 -12.181520462036133
18 14.951811790466309 -12.215575218200684
19 15.363517761230469 -12.245695114135742
20 15.757255554199219 -12.24296760559082
21 16.182527542114258 -12.181924819946289
22 16.567806243896484 -12.051016807556152
23 16.95392608642578 -11.861099243164062
24 17.251832962036133 -11.654558181762695
25 17.536697387695312 -11.368342399597168
26 17.809419631958008 -11.003405570983887
27 18.809946060180664 -9.768525123596191
28 19.09729766845703 -9.540793418884277
29 19.27685546875 -9.420334815979004
30 19.65100860595703 -9.140445709228516
31 20.048526763916016 -8.824943542480469
32 20.424911499023438 -8.550566673278809
33 20.959529876708984 -8.227005958557129
34 21.22330093383789 -8.029086112976074
35 21.444482803344727 -7.682429790496826
36 21.59421730041504 -7.370572566986084
37 21.714521408081055 -6.9961700439453125
38 21.85957908630371 -6.572751522064209
39 21.939809799194336 -6.260003089904785
40 21.980188369750977 -5.87806510925293
41 21.83785057067871 -5.572003364562988
42 21.587963104248047 -5.155574798583984
43 21.386539459228516 -4.861489772796631
44 21.30535888671875 -4.660728454589844
45 21.16736602783203 -4.334198474884033
46 21.073104858398438 -3.93298602104187
47 21.260744094848633 -3.6975483894348145
48 21.680522918701172 -3.3952908515930176
49 22.201051712036133 -3.1599178314208984
50 22.596145629882812 -3.02789306640625
51 23.066898345947266 -2.865851640701294
52 23.389957427978516 -2.6834006309509277
53 23.662866592407227 -2.4982852935791016
54 23.93101692199707 -2.3324787616729736
55 24.31221580505371 -2.099774122238159
56 24.8494873046875 -1.7423721551895142
57 25.07227897644043 -1.5678561925888062
58 25.41483497619629 -1.3018567562103271
59 25.75756072998047 -1.087903618812561
60 26.059526443481445 -1.0094256401062012
61 26.295045852661133 -1.0266398191452026
62 26.727827072143555 -1.199271321296692
63 27.395862579345703 -1.6272038221359253
64 27.563291549682617 -1.775956392288208
65 27.526859283447266 -2.0191216468811035
66 27.433351516723633 -2.6223905086517334
67 27.39111328125 -3.0329208374023438
68 27.22028350830078 -3.416027784347534
69 26.990182876586914 -3.716155529022217
70 26.63222885131836 -4.112463474273682
71 26.451007843017578 -4.275495529174805
72 26.156034469604492 -4.425592422485352
73 25.81537437438965 -4.5771355628967285
74 25.52316665649414 -4.760072708129883
75 25.192567825317383 -5.0698065757751465
76 25.00564956665039 -5.409959316253662
77 24.66569709777832 -6.277931213378906
78 24.488540649414062 -6.878376007080078
79 24.444433212280273 -7.223224639892578
80 24.475013732910156 -7.592519760131836
81 24.608684539794922 -8.010909080505371
82 24.769987106323242 -8.164690971374512
83 25.102489471435547 -8.406635284423828
84 25.560331344604492 -8.512333869934082
85 26.029619216918945 -8.496594429016113
86 26.373815536499023 -8.416081428527832
87 26.647113800048828 -8.434340476989746
88 26.856853485107422 -8.430132865905762
89 27.330242156982422 -8.022857666015625
90 27.72559356689453 -7.690135478973389
91 28.168548583984375 -7.257486820220947
92 28.671785354614258 -6.9394965171813965
93 29.052204132080078 -6.74657678604126
94 29.362003326416016 -6.551751613616943
95 29.75281524658203 -6.145928859710693
96 30.135128021240234 -5.655941963195801
97 30.370298385620117 -5.2751569747924805
98 30.52909278869629 -4.9107232093811035
99 30.62109375 -4.578151702880859
100 30.67373275756836 -4.185147762298584
101 30.677114486694336 -3.5666744709014893
102 30.627159118652344 -3.158456563949585
103 30.502065658569336 -2.90578556060791
104 30.28461456298828 -2.6070690155029297
105 30.061182022094727 -2.2436764240264893
106 26.43328857421875 10.161428451538086
107 26.327543258666992 10.309410095214844
108 26.08113670349121 10.446761131286621
109 25.910539627075195 10.50768756866455
110 25.727270126342773 10.57169246673584
111 25.54706382751465 10.696672439575195
112 24.937545776367188 11.113011360168457
113 24.488021850585938 11.50574016571045
114 24.34393882751465 11.704938888549805
115 24.06557273864746 12.15013313293457
116 23.82974624633789 12.440059661865234
117 23.478435516357422 12.902941703796387
118 23.25072479248047 13.186066627502441
119 23.137245178222656 13.384963035583496
120 22.97716522216797 13.636704444885254
121 22.769075393676758 13.924137115478516
122 22.468616485595703 14.226358413696289
123 22.221900939941406 14.494003295898438
124 22.04698371887207 14.543872833251953
125 21.908023834228516 14.580992698669434
126 5.95506477355957 18.9371280670166
127 5.8199687004089355 18.939924240112305
128 5.50898551940918 18.936031341552734
129 5.170299053192139 18.913650512695312
130 4.964428424835205 19.001815795898438
131 4.806414604187012 19.02426528930664
132 4.6489386558532715 19.018342971801758
133 4.3705034255981445 18.99471092224121
134 3.9748964309692383 18.964603424072266
135 3.594719648361206 18.968120574951172
136 3.057739496231079 19.028188705444336
137 2.572721481323242 19.078275680541992
138 2.089224338531494 18.992443084716797
139 1.8487581014633179 18.904640197753906
140 -0.7155807614326477 15.20897388458252
141 -0.8039004802703857 14.838720321655273
142 -0.8555781245231628 14.537651062011719
143 -0.7630634307861328 14.206473350524902
144 -0.5374828577041626 13.847304344177246
145 -0.3016284108161926 13.525825500488281
146 -0.1260443478822708 13.49917984008789
147 0.27641555666923523 13.744227409362793
148 0.6535812616348267 14.07422161102295
149 0.8081349730491638 14.226022720336914
150 0.9880077242851257 14.405908584594727
151 1.7234680652618408 14.88971996307373
152 1.9954354763031006 15.05555248260498
153 2.1829562187194824 15.116451263427734
154 2.445709705352783 15.281824111938477
155 2.6845040321350098 15.460576057434082
156 3.2455642223358154 15.83635425567627
157 3.8029134273529053 16.187602996826172
158 3.966557025909424 16.44267463684082
159 3.836615800857544 16.9261531829834
160 3.6318163871765137 17.18974494934082
161 3.058281183242798 17.40338134765625
162 2.5280990600585938 17.50351905822754
163 2.115684747695923 17.525455474853516
164 1.9042859077453613 17.537153244018555
165 1.6988370418548584 17.42584800720215
166 1.4552500247955322 17.1702880859375
167 1.2650725841522217 16.8592529296875
168 1.0939747095108032 16.480337142944336
169 0.9088979363441467 16.336393356323242
170 0.6793001890182495 16.41313934326172
171 0.49069473147392273 16.478221893310547
172 -0.3034042716026306 16.88730239868164
173 -0.5490731000900269 17.092121124267578
174 -0.7256073355674744 17.422693252563477
175 -0.7175192832946777 17.654678344726562
176 -0.5866338610649109 18.03392791748047
177 -0.48035866022109985 18.299226760864258
178 -0.36345112323760986 18.658626556396484
179 -0.3723626732826233 18.894060134887695
180 -0.512086808681488 19.354341506958008
181 -0.7431426644325256 19.573787689208984
182 -1.0235552787780762 19.651721954345703
183 -1.460300087928772 19.476892471313477
184 -1.7332189083099365 19.313987731933594
185 -1.9871134757995605 19.059293746948242
186 -2.5781710147857666 18.239782333374023
187 -2.76534366607666 17.745906829833984
188 -2.940059185028076 17.28635597229004
189 -3.051791191101074 16.999338150024414
190 -3.073056221008301 16.72750473022461
191 -3.1988840103149414 16.166574478149414
192 -3.2243518829345703 15.680981636047363
193 -3.1607539653778076 15.29042911529541
194 -3.038079023361206 14.902225494384766
195 -3.0539743900299072 14.68015193939209
196 -3.079416513442993 14.312280654907227
197 -3.1466033458709717 13.63126277923584
198 -3.172880172729492 13.344949722290039
199 -3.1665453910827637 13.147222518920898
200 -3.0046329498291016 12.980964660644531
201 7.442765235900879 8.807318687438965
202 7.473083972930908 8.966443061828613
203 7.5254225730896 9.235840797424316
204 7.415324687957764 9.381757736206055
205 6.945054054260254 9.768641471862793
206 6.621407985687256 10.19599723815918
207 6.591446876525879 10.65590763092041
208 6.6553955078125 11.07573413848877
209 6.663668632507324 11.347116470336914
210 6.615437984466553 11.724934577941895
211 6.582514762878418 11.893260955810547
212 6.645910263061523 12.33166790008545
213 6.823519706726074 12.443079948425293
214 7.1044721603393555 12.537501335144043
215 7.547703266143799 12.686779975891113
216 7.780331611633301 12.724874496459961
217 8.159335136413574 12.787123680114746
218 8.642956733703613 12.900461196899414
219 9.280671119689941 12.950484275817871
220 9.59349536895752 12.89228630065918
221 10.71938419342041 -4.936104774475098
222 10.65273666381836 -5.260517597198486
223 10.573820114135742 -5.633064270019531
224 10.57374382019043 -5.851191997528076
225 10.677997589111328 -6.113419055938721
226 10.930845260620117 -6.436349391937256
227 11.411330223083496 -6.824347496032715
228 11.793109893798828 -6.926151275634766
229 12.320390701293945 -6.835341930389404
230 12.875661849975586 -6.576086521148682
231 13.164972305297852 -6.30276346206665
232 13.41120433807373 -6.068548679351807
233 13.677433013916016 -5.760422229766846
234 13.756515502929688 -5.5018181800842285
235 13.720051765441895 -5.102047920227051
236 13.529632568359375 -4.765254497528076
237 13.273187637329102 -4.4792022705078125
238 12.917855262756348 -3.7895519733428955
239 12.987296104431152 -3.6886472702026367
240 13.237969398498535 -3.5282626152038574
241 13.695699691772461 -3.432427167892456
242 13.91877269744873 -3.408844470977783
243 14.350582122802734 -3.298021078109741
244 14.699222564697266 -3.132802963256836
245 15.003329277038574 -2.9823203086853027
246 15.247340202331543 -2.8372132778167725
247 11.403350830078125 17.21010398864746
248 11.426810264587402 17.490463256835938
249 11.45486831665039 17.634965896606445
250 11.600038528442383 17.70954704284668
251 11.873649597167969 17.77461814880371
252 12.166712760925293 17.842540740966797
253 12.503449440002441 17.62647247314453
254 12.799857139587402 17.43515968322754
255 12.941272735595703 17.293283462524414
256 13.125996589660645 17.059598922729492
257 12.87105655670166 0.3121950924396515
258 12.905091285705566 0.01961173675954342
259 12.802823066711426 -0.37349697947502136
260 12.594681739807129 -0.8557733297348022
261 12.41553020477295 -1.3330554962158203
262 12.326733589172363 -1.509952425956726
263 12.166489601135254 -1.6436984539031982
264 11.78454875946045 -1.9754528999328613
265 11.3172025680542 -2.3552770614624023
266 11.041708946228027 -2.3491594791412354
267 10.8147554397583 -2.2502105236053467
268 10.656208038330078 -1.9354146718978882
269 10.589156150817871 -1.6435320377349854
270 10.536896705627441 -1.2075785398483276
271 10.49974536895752 -0.8817402124404907
272 10.49467658996582 -0.5698819756507874
273 10.557575225830078 -0.10222834348678589
274 10.530179977416992 0.3453176021575928
275 10.407552719116211 0.8025066256523132
276 10.325752258300781 1.1829932928085327
277 10.217547416687012 1.681142807006836
278 10.033720016479492 2.3400018215179443
279 9.856523513793945 2.914430856704712
280 9.490195274353027 3.558519124984741
281 9.278024673461914 3.7760422229766846
282 8.842674255371094 3.9146220684051514
283 8.443860054016113 3.903771162033081
284 7.9731340408325195 3.8225841522216797
285 7.713839530944824 3.7623419761657715
286 7.146709442138672 3.555445909500122
287 6.855473518371582 3.419095516204834
288 6.1676926612854 3.2221224308013916
289 5.962937355041504 3.1659605503082275
290 5.604092597961426 3.2931768894195557
291 5.340588569641113 3.5297000408172607
292 5.138205528259277 3.918731689453125
293 5.206289768218994 4.0402913093566895
294 5.31227970123291 4.2503228187561035
295 5.674739837646484 4.527491569519043
296 6.654337406158447 4.911708354949951
297 6.895474433898926 5.024742126464844
298 7.298116683959961 5.1649627685546875
299 7.420956134796143 5.200355052947998
300 25.817319869995117 14.770973205566406
301 25.811195373535156 14.895305633544922
302 25.822826385498047 15.176369667053223
303 25.77342987060547 15.560925483703613
304 25.559423446655273 16.34145736694336
305 25.40021324157715 16.799335479736328
306 25.285337448120117 17.09969139099121
307 25.058650970458984 17.5433406829834
308 24.929811477661133 17.729206085205078
309 24.710187911987305 18.0190372467041
310 24.435434341430664 18.366884231567383
311 24.121623992919922 18.741769790649414
312 24.054662704467773 18.812414169311523
313 23.915054321289062 18.9339656829834
314 5.885735988616943 -10.055999755859375
315 5.691476821899414 -10.018624305725098
316 5.43118953704834 -9.898852348327637
317 5.020096778869629 -9.636026382446289
318 4.7303996086120605 -9.443660736083984
319 4.511355400085449 -9.310772895812988
320 4.256820201873779 -9.062907218933105
321 3.9022252559661865 -8.776103973388672
322 3.861487865447998 -8.52439022064209
323 4.035704135894775 -8.103208541870117
324 4.1767473220825195 -7.847599983215332
325 4.378997802734375 -7.580610752105713
326 4.501071929931641 -7.387742042541504
327 9.651419639587402 7.702266693115234
328 9.710402488708496 7.828610420227051
329 9.78203296661377 7.870814323425293
330 10.426461219787598 8.260406494140625
331 10.762085914611816 8.488323211669922
332 10.950323104858398 8.659234046936035
333 11.301806449890137 8.842320442199707
334 11.480412483215332 9.003973007202148
335 11.610191345214844 9.285008430480957
336 11.700879096984863 9.462796211242676
337 12.07615852355957 9.66749095916748
338 12.448545455932617 9.92625904083252
339 12.672998428344727 10.094301223754883
340 12.919183731079102 10.25977897644043
341 13.225350379943848 10.48427963256836
342 13.575493812561035 10.885147094726562
343 13.708467483520508 11.068265914916992
344 13.846722602844238 11.346988677978516
345 14.07673454284668 11.761120796203613
346 14.259482383728027 11.995808601379395
347 14.369028091430664 12.181842803955078
348 14.613343238830566 13.026510238647461
349 14.74683666229248 13.27387809753418
350 14.891732215881348 13.456806182861328
351 16.17547607421875 17.008609771728516
352 16.207441329956055 17.353439331054688
353 16.13268280029297 17.61722183227539
354 15.68345832824707 18.22764778137207
355 15.346882820129395 18.606487274169922
356 15.036531448364258 18.998632431030273
357 14.871728897094727 19.2567081451416
358 14.663578987121582 19.457414627075195
359 14.411751747131348 19.568225860595703
360 14.134074211120605 19.79120635986328
361 13.756107330322266 20.25874137878418
362 13.506123542785645 20.518169403076172
363 13.24158763885498 20.773351669311523
364 12.906785011291504 20.944963455200195
365 12.612282752990723 20.949604034423828
366 12.314512252807617 20.802526473999023
367 11.827556610107422 20.388051986694336
368 11.457892417907715 20.031354904174805
369 11.27400016784668 19.761110305786133
370 11.069137573242188 19.429920196533203
371 11.022262573242188 19.375282287597656
372 10.8966064453125 19.31572151184082
373 4.455794334411621 14.910784721374512
374 4.392613887786865 14.69133472442627
375 4.420424938201904 14.456103324890137
376 4.464540958404541 14.222769737243652
377 4.606872081756592 13.933294296264648
378 4.821471214294434 13.752253532409668
379 4.883761405944824 13.600611686706543
380 4.9364542961120605 13.379349708557129
381 4.921948432922363 13.152883529663086
382 4.604202747344971 12.246424674987793
383 4.503116130828857 11.979453086853027
384 4.413877964019775 11.700139999389648
385 4.425256252288818 11.473834991455078
386 4.736600875854492 10.860808372497559
387 4.972168445587158 10.497267723083496
388 4.97786283493042 10.368500709533691
389 6.348836421966553 -1.447939395904541
390 6.442432403564453 -1.6270182132720947
391 6.778029918670654 -2.1686651706695557
392 7.088772296905518 -2.6682746410369873
393 7.2449235916137695 -2.858226776123047
394 7.720310211181641 -3.15037202835083
395 7.984280586242676 -3.24210786819458
396 8.177273750305176 -3.1529440879821777
397 8.369396209716797 -2.906942129135132
398 8.456315994262695 -2.5503785610198975
399 8.481780052185059 -2.1500918865203857
400 8.332006454467773 -1.1503552198410034
401 8.346224784851074 -0.9677953124046326
402 8.362622261047363 -0.8400810360908508
403 8.478838920593262 -0.7829562425613403
404 14.628301620483398 -0.775884747505188
405 14.816423416137695 -0.71409010887146
406 14.879302024841309 -0.551159143447876
407 14.923530578613281 -0.30166396498680115
408 14.897377967834473 0.10824857652187347
409 14.816508293151855 0.442614883184433
410 14.631348609924316 0.9660529494285583
411 14.441404342651367 1.317957878112793
412 14.300539016723633 1.4783837795257568
413 14.118721961975098 1.5981746912002563
414 13.530078887939453 1.911719560623169
415 13.069842338562012 2.2652320861816406
416 12.779260635375977 2.473930597305298
417 12.658143997192383 2.5804443359375
418 12.453225135803223 2.8640804290771484
419 12.389339447021484 3.0523722171783447
420 12.299483299255371 3.3455886840820312
421 12.130658149719238 3.711994171142578
422 11.880048751831055 3.940655469894409
423 11.583136558532715 4.217260837554932
424 11.35041618347168 4.598320007324219
425 11.194082260131836 4.965611457824707
426 11.023592948913574 5.291268825531006
427 10.88437271118164 5.59472131729126
428 9.307437896728516 9.641135215759277
429 9.293444633483887 9.83403491973877
430 9.270001411437988 10.321059226989746
431 9.250855445861816 10.601310729980469
432 9.230145454406738 11.032003402709961
433 9.312020301818848 11.517020225524902
434 9.394412994384766 11.789044380187988
435 9.128756523132324 13.977029800415039
436 9.04078197479248 14.300661087036133
437 9.040579795837402 14.545754432678223
438 9.15999984741211 14.87645149230957
439 9.492181777954102 15.6506929397583
440 9.553648948669434 15.939705848693848
441 9.50389289855957 16.24146842956543
442 9.323616981506348 16.556482315063477
443 9.059233665466309 16.72726821899414
444 8.788025856018066 16.88218116760254
445 8.446723937988281 17.133405685424805
446 8.255385398864746 17.415016174316406
447 8.200079917907715 17.809370040893555
448 8.256681442260742 18.421546936035156
449 8.243992805480957 18.663257598876953
450 8.20497989654541 18.839757919311523
451 8.260098457336426 19.196828842163086
452 8.418719291687012 19.443336486816406
453 8.557943344116211 19.578969955444336
454 8.866798400878906 19.864452362060547
455 9.031447410583496 20.009138107299805
456 9.298922538757324 20.319751739501953
457 9.54686450958252 20.714929580688477
458 9.857851028442383 21.322298049926758
459 9.839807510375977 21.49032974243164
460 9.713449478149414 21.61554527282715
461 9.406064987182617 21.828800201416016
462 8.985624313354492 22.010034561157227
463 8.64863109588623 22.157672882080078
464 8.285909652709961 22.27987289428711
465 7.921828746795654 22.398170471191406
466 7.686311721801758 22.375295639038086
467 7.458905220031738 22.257240295410156
468 6.969428539276123 21.98409652709961
469 6.556025505065918 21.70557403564453
470 6.293661594390869 21.63768196105957
471 6.157181262969971 21.56499481201172
472 5.867356300354004 21.5350341796875
473 5.3796796798706055 21.583839416503906
474 5.0431389808654785 21.484195709228516
475 4.6657538414001465 21.34172248840332
476 4.291704177856445 21.315038681030273
477 3.9127414226531982 21.27985954284668
478 3.656346559524536 21.440000534057617
479 3.588179111480713 21.653589248657227
480 3.562532901763916 22.115449905395508
481 3.4219913482666016 22.740339279174805
482 3.2651212215423584 23.293926239013672
483 3.068215847015381 23.654335021972656
484 2.7984299659729004 23.86030387878418
485 2.4835424423217773 24.073036193847656
486 2.13885235786438 24.246753692626953
487 1.8538540601730347 24.342636108398438
488 1.5439095497131348 24.109872817993164
489 1.1945886611938477 23.619823455810547
490 1.067243218421936 23.238418579101562
491 1.0223512649536133 22.875892639160156
492 1.1813504695892334 22.17049789428711
493 1.2081278562545776 21.885738372802734
494 1.2694051265716553 21.497573852539062
495 1.368810772895813 21.0731258392334
496 1.5307176113128662 21.032316207885742
497 1.853438138961792 21.13204574584961
498 2.192023992538452 21.31485939025879
499 5.043176174163818 23.846446990966797
500 5.189145565032959 24.022382736206055
501 5.330327033996582 24.236276626586914
502 5.659450054168701 24.93073272705078
503 5.869296550750732 25.29542350769043
504 6.021312713623047 25.425600051879883
505 6.360457420349121 25.685388565063477
506 6.740515232086182 25.916242599487305
507 6.957873344421387 25.888132095336914
508 7.580965042114258 25.707210540771484
509 7.968010902404785 25.570241928100586
510 8.359302520751953 25.533790588378906
511 8.87062931060791 25.6039981842041
512 9.341202735900879 25.672340393066406
513 9.850807189941406 25.698457717895508
514 10.254179954528809 25.657379150390625
515 10.692787170410156 25.661121368408203
516 11.067180633544922 25.680376052856445
517 11.446020126342773 25.702316284179688
518 12.302974700927734 25.620765686035156
519 12.497661590576172 25.5640926361084
520 12.864190101623535 25.435096740722656
521 13.196158409118652 25.317590713500977
522 13.569613456726074 25.115360260009766
523 13.822757720947266 24.930410385131836
524 14.083756446838379 24.715246200561523
525 14.388592720031738 24.413549423217773
526 14.686034202575684 24.02820587158203
527 14.949843406677246 23.654769897460938
528 15.158699989318848 23.445310592651367
529 15.714646339416504 23.03931999206543
530 16.282140731811523 22.737972259521484
531 16.591796875 22.519309997558594
532 17.010135650634766 22.20262336730957
533 17.494245529174805 21.790233612060547
534 17.78725242614746 21.496397018432617
535 18.15610694885254 21.077951431274414
536 18.408716201782227 20.582643508911133
537 18.7005672454834 19.95206069946289
538 18.887935638427734 19.576662063598633
539 19.18694305419922 18.833351135253906
540 19.334598541259766 18.30052947998047
541 19.40144920349121 17.86063575744629
542 19.39768409729004 17.20441246032715
543 19.450389862060547 16.781278610229492
544 19.503076553344727 16.467313766479492
545 19.501941680908203 16.22739601135254
546 19.420791625976562 15.930843353271484
547 19.28169822692871 15.623383522033691
548 17.152008056640625 12.20549201965332
549 17.08608055114746 11.999921798706055
550 17.027894973754883 11.906427383422852
551 2.102112293243408 10.354473114013672
552 1.9697086811065674 10.065993309020996
553 1.972180962562561 9.862041473388672
554 2.120262861251831 9.65919303894043
555 2.545412063598633 9.5031156539917
556 3.1113996505737305 9.509044647216797
557 3.3145172595977783 9.473209381103516
558 3.6670963764190674 9.363443374633789
559 3.91387677192688 9.30906867980957
560 4.244772434234619 9.199740409851074
561 5.0553998947143555 8.823217391967773
562 5.1839752197265625 8.732481956481934
563 5.428624629974365 8.552497863769531
564 5.704519748687744 8.361272811889648
565 6.441200256347656 7.7960124015808105
566 6.706863880157471 7.66247034072876
567 7.593986988067627 7.231434345245361
568 7.91522216796875 6.982961654663086
569 8.1423978805542 6.753627300262451
570 8.520505905151367 6.469954013824463
571 8.778196334838867 6.234914779663086
572 8.882233619689941 6.092922210693359
573 27.774131774902344 2.2294561862945557
574 27.765668869018555 2.3665990829467773
575 27.68566131591797 2.732225179672241
576 27.555891036987305 3.108649253845215
577 27.373689651489258 3.3933446407318115
578 27.07389259338379 3.7011265754699707
579 26.457075119018555 4.115081787109375
580 26.195484161376953 4.246439456939697
581 25.67455291748047 4.401559829711914
582 25.001338958740234 4.492057800292969
583 24.640188217163086 4.44005012512207
584 24.25038719177246 4.194255828857422
585 24.068679809570312 4.000818252563477
586 23.96790313720703 3.60111927986145
587 24.041603088378906 2.993229866027832
588 24.093374252319336 2.8877251148223877
589 24.1856689453125 2.548595666885376
590 24.457876205444336 1.9916712045669556
591 24.6267032623291 1.5637723207473755
592 24.553220748901367 1.3785017728805542
593 24.411771774291992 1.2508854866027832
594 23.87836456298828 1.3427186012268066
595 23.474803924560547 1.488716959953308
596 22.81444549560547 1.7165634632110596
597 22.63286590576172 1.6575411558151245
598 22.469587326049805 1.1351135969161987
599 22.29764175415039 0.681148886680603
600 22.201684951782227 0.45506301522254944
601 22.129390716552734 0.1350383758544922
602 21.999784469604492 -0.14729027450084686
603 21.742263793945312 -0.40868380665779114
604 21.363645553588867 -0.8255840539932251
605 20.99118995666504 -1.066429615020752
606 20.854785919189453 -1.0182160139083862
607 20.603839874267578 -0.8310716152191162
608 20.475568771362305 -0.547311007976532
609 20.269445419311523 0.16549260914325714
610 20.129735946655273 0.538293182849884
611 20.089492797851562 0.6918091177940369
612 19.953065872192383 1.214580774307251
613 19.782073974609375 1.7721779346466064
614 19.70148468017578 2.152106523513794
615 19.71221160888672 2.4918529987335205
616 19.713342666625977 2.8471553325653076
617 19.702199935913086 3.132188320159912
618 19.741085052490234 3.4857337474823
619 19.92943572998047 3.7366902828216553
620 20.085010528564453 3.866251230239868
621 20.36590003967285 4.020763874053955
622 20.660350799560547 4.079081058502197
623 20.745159149169922 4.181766033172607
624 0.37787574529647827 4.560520648956299
625 0.2699488699436188 4.845372200012207
626 0.20747870206832886 4.9187517166137695
627 0.1475440263748169 5.297495365142822
628 0.005085492040961981 5.813665866851807
629 -0.04632248729467392 6.107077598571777
630 -0.08366145193576813 6.452491760253906
631 -0.193884938955307 6.839219093322754
632 -0.4943096935749054 7.225619792938232
633 -1.0492244958877563 7.465078830718994
634 -1.2504216432571411 7.39345121383667
635 -1.6922798156738281 7.017320156097412
636 -2.031019449234009 6.758427143096924
637 -2.310075521469116 6.432427406311035
638 -2.366729974746704 6.185909271240234
639 -2.4532735347747803 5.7235941886901855
640 -2.5508294105529785 5.125816345214844
641 -2.621638536453247 4.553004741668701
642 -2.7225680351257324 4.276670932769775
643 -2.9061832427978516 4.010254383087158
644 -3.558147430419922 3.587174892425537
645 -3.9477903842926025 3.562354564666748
646 -4.268060207366943 3.61457896232605
647 -4.582380294799805 3.794687032699585
648 -4.7677130699157715 3.9543046951293945
649 -4.946262836456299 4.418643951416016
650 -5.150156021118164 4.7830610275268555
651 -5.317414283752441 5.0701704025268555
652 -5.563995838165283 5.444860935211182
653 -5.6914873123168945 5.694660663604736
654 -5.735196590423584 5.897390365600586
655 6.744776248931885 14.484966278076172
656 6.75771427154541 14.659076690673828
657 6.870950222015381 15.039905548095703
658 6.8909430503845215 15.271410942077637
659 6.725808620452881 15.480836868286133
660 6.478836536407471 15.820582389831543
661 6.298772811889648 16.137813568115234
662 6.198428153991699 16.34058380126953
663 6.034097671508789 16.45391845703125
664 5.888108253479004 16.504270553588867
665 2.8872718811035156 13.320878982543945
666 2.6749298572540283 13.09024429321289
667 2.5321168899536133 12.953001022338867
668 2.248760223388672 12.588262557983398
669 2.0296664237976074 12.339771270751953
670 1.8317068815231323 11.995226860046387
671 1.6728554964065552 11.677107810974121
672 1.8192776441574097 6.106466293334961
673 1.9836958646774292 5.829379558563232
674 2.210508108139038 5.598783016204834
675 2.4092369079589844 5.1999430656433105
676 2.445018768310547 5.000607013702393
677 2.4231984615325928 4.626345157623291
678 2.4116578102111816 4.3580708503723145
679 2.4994990825653076 4.167690753936768
680 3.1072168350219727 3.5234339237213135
681 3.046050548553467 3.3166778087615967
682 2.9257729053497314 3.0872790813446045
683 2.440054178237915 2.892116069793701
684 2.0736021995544434 2.8211381435394287
685 1.8101975917816162 2.691331148147583
686 1.4160012006759644 2.4987993240356445
687 1.1454591751098633 2.2840652465820312
688 1.0588726997375488 2.1449177265167236
689 0.9702435731887817 1.96539306640625
690 -0.7823251485824585 -3.414069175720215
691 -0.9734628796577454 -3.9648892879486084
692 -1.0929152965545654 -4.430295944213867
693 -1.1785130500793457 -4.814344882965088
694 -1.2649286985397339 -5.11656379699707
695 -1.272192358970642 -5.3484601974487305
696 -1.292564034461975 -5.6131134033203125
697 -1.2912726402282715 -5.864790916442871
698 -1.2419267892837524 -6.02688455581665
699 16.877534866333008 -0.9728900790214539
700 17.019453048706055 -0.9626039266586304
701 17.40083885192871 -0.8719187378883362
702 17.5737247467041 -0.8476213216781616
703 17.795804977416992 -1.0007429122924805
704 18.338449478149414 -1.5816541910171509
705 18.428735733032227 -1.886508584022522
706 18.46540069580078 -2.1817574501037598
707 18.353334426879883 -2.9909965991973877
708 18.16481590270996 -3.152439832687378
709 17.533832550048828 -3.5131566524505615
710 17.137815475463867 -3.8046319484710693
711 16.90195655822754 -4.057924747467041
712 16.657514572143555 -4.444915771484375
713 16.435842514038086 -4.81606388092041
714 16.135639190673828 -5.436645030975342
715 16.076519012451172 -5.859748363494873
716 16.199134826660156 -6.249401092529297
717 16.440690994262695 -6.530594348907471
718 17.026872634887695 -6.858932018280029
719 17.338294982910156 -6.9778666496276855
720 17.651044845581055 -7.013174533843994
721 18.050899505615234 -6.886754035949707
722 18.403104782104492 -6.770288944244385
723 18.68807601928711 -6.3007659912109375
724 18.82265853881836 -6.107421398162842
725 18.885087966918945 -5.843142986297607
726 18.797828674316406 -5.375651836395264
727 18.647247314453125 -5.150239944458008
728 18.488235473632812 -5.118296146392822
729 15.534416198730469 -8.650490760803223
730 15.341856956481934 -8.870529174804688
731 15.116552352905273 -8.976482391357422
732 14.819015502929688 -9.075392723083496
733 14.446242332458496 -9.205306053161621
734 14.177200317382812 -9.230178833007812
735 15.103570938110352 3.295546531677246
736 15.136948585510254 3.4696154594421387
737 15.143086433410645 3.793328046798706
738 14.91341495513916 4.128722667694092
739 14.631102561950684 4.417071342468262
740 14.515338897705078 4.5802202224731445
741 14.384576797485352 4.777210235595703
742 14.346199989318848 4.973709583282471
743 14.543368339538574 5.3183417320251465
744 22.12220573425293 5.799742221832275
745 22.289989471435547 5.836999893188477
746 22.705183029174805 5.997652053833008
747 22.990341186523438 6.181398391723633
748 23.403440475463867 6.546953201293945
749 23.580215454101562 6.778099060058594
750 23.675498962402344 7.04214334487915
751 23.96634292602539 7.273166656494141
752 24.455158233642578 7.352797985076904
753 24.896028518676758 7.3752923011779785
754 25.281179428100586 7.4164886474609375
755 25.485977172851562 7.410321235656738
756 25.69671058654785 7.398096084594727
757 26.121686935424805 7.332423686981201
758 26.526351928710938 7.188511371612549
759 26.86026382446289 7.048262596130371
760 27.154491424560547 6.926783084869385
761 27.502717971801758 6.810774326324463
762 28.051807403564453 6.668862819671631
763 28.560129165649414 6.53815221786499
764 29.27582359313965 6.349767208099365
765 29.58159065246582 6.291454792022705
766 30.060823440551758 6.2016167640686035
767 30.347558975219727 6.124448299407959
768 30.542728424072266 6.017899036407471
769 30.92560386657715 5.680430889129639
770 31.11738395690918 5.323927402496338
771 31.093515396118164 5.027180194854736
772 31.013687133789062 4.646268844604492
773 31.043771743774414 4.2634477615356445
774 31.144956588745117 3.7219791412353516
775 31.278106689453125 3.4823875427246094
776 31.407743453979492 3.2757577896118164
777 31.587182998657227 2.5920751094818115
778 31.653240203857422 2.2892940044403076
779 31.638629913330078 2.1319074630737305
780 31.58158302307129 2.0258970260620117
781 5.348700523376465 -4.396526336669922
782 5.152552604675293 -4.510867118835449
783 4.799013137817383 -4.730447292327881
784 4.368061065673828 -4.888745307922363
785 4.059622764587402 -4.942268371582031
786 3.8398849964141846 -4.90219259262085
787 3.3817954063415527 -4.626273155212402
788 2.932692527770996 -4.257443904876709
789 2.8757991790771484 -4.100958347320557
790 2.963329792022705 -3.931922674179077
791 3.0755696296691895 -3.650064706802368
792 3.243971109390259 -3.417158603668213
793 3.6419754028320312 -2.8445351123809814
794 3.8245081901550293 -2.6509079933166504
795 4.1163716316223145 -2.424874782562256
796 4.410678386688232 -2.2222702503204346
797 17.905195236206055 8.06866455078125
798 17.998027801513672 8.16991138458252
799 18.154388427734375 8.408304214477539
800 18.321849822998047 8.61913776397705
801 18.625154495239258 9.06096363067627
802 18.865806579589844 9.473908424377441
803 18.88018798828125 9.787775039672852
804 18.76532554626465 10.106524467468262
805 18.56463623046875 10.321940422058105
806 18.39479637145996 10.418877601623535
807 18.107284545898438 10.599061012268066
808 13.527141571044922 14.839903831481934
809 13.512333869934082 14.978263854980469
810 13.669833183288574 15.124414443969727
811 14.109569549560547 15.292129516601562
812 14.564827919006348 15.5242280960083
813 14.677118301391602 15.606669425964355
814 14.894782066345215 15.578452110290527
815 15.736349105834961 15.427214622497559
816 16.022666931152344 15.330073356628418
817 16.19747543334961 15.212273597717285
818 16.477371215820312 14.944302558898926
819 16.623044967651367 14.713134765625
820 16.838172912597656 14.528996467590332
821 16.97734832763672 14.482393264770508
822 17.27973747253418 14.441841125488281
823 17.57194709777832 14.361334800720215
824 17.963035583496094 14.254118919372559
825 18.220531463623047 14.031155586242676
826 18.736892700195312 13.465025901794434
827 18.932846069335938 13.212628364562988
828 19.3525333404541 12.731061935424805
829 19.55157470703125 12.474516868591309
830 19.966773986816406 12.097394943237305
831 20.209890365600586 11.842331886291504
832 20.4122257232666 11.601917266845703
833 20.79006004333496 11.221170425415039
834 21.031505584716797 10.910308837890625
835 21.161436080932617 10.570413589477539
836 21.272884368896484 10.03244686126709
837 21.323591232299805 9.691227912902832
838 21.364788055419922 9.004631996154785
839 21.295032501220703 8.745267868041992
840 21.137435913085938 8.24300765991211
841 20.909019470214844 7.884111404418945
842 20.63306427001953 7.546361446380615
843 20.428861618041992 7.236666202545166
844 20.176136016845703 6.944972515106201
845 19.909151077270508 6.630786418914795
846 19.628633499145508 6.374122142791748
847 19.304927825927734 6.206928730010986
848 18.965892791748047 6.131051540374756
849 18.523704528808594 6.154145240783691
850 18.426084518432617 6.113715648651123
851 13.502949714660645 6.197775840759277
852 13.015022277832031 6.358508586883545
853 12.843067169189453 6.496807098388672
854 12.741228103637695 6.790505409240723
855 12.84602165222168 7.209746837615967
856 13.146446228027344 7.657629489898682
857 13.542240142822266 8.054508209228516
858 13.841541290283203 8.266778945922852
859 14.327059745788574 8.599806785583496
860 14.61805534362793 8.757647514343262
861 14.95702838897705 8.963610649108887
862 15.119537353515625 9.095934867858887
863 15.267820358276367 9.261551856994629
864 15.331122398376465 9.44140911102295
865 15.464970588684082 9.78823471069336
866 15.750197410583496 10.241872787475586
867 15.749608039855957 10.392144203186035
868 15.576289176940918 10.457956314086914
869 -6.775678634643555 14.03355884552002
870 -6.788247108459473 13.958405494689941
871 -6.7625908851623535 13.80200481414795
872 -6.668328762054443 13.488471031188965
873 -6.4558539390563965 12.866894721984863
874 -6.378049850463867 12.641890525817871
875 -6.279707431793213 12.338478088378906
876 -6.205885887145996 12.101332664489746
877 -6.178079128265381 11.854928016662598
878 3.6940507888793945 1.5343736410140991
879 3.835782766342163 1.3950252532958984
880 3.9754855632781982 1.2838690280914307
881 4.408016681671143 0.9976917505264282
882 4.661474704742432 0.766952395439148
883 4.641059398651123 0.4857911467552185
884 4.513310432434082 0.1456914246082306
885 4.342126846313477 -0.008932959288358688
886 3.970975637435913 -0.10645303130149841
887 3.5156056880950928 -0.15829557180404663
888 3.2191174030303955 -0.1350191831588745
889 2.6656320095062256 -0.08049601316452026
890 2.3258931636810303 -0.19588260352611542
891 2.1137990951538086 -0.3862892687320709
892 1.9638891220092773 -0.595460832118988
893 1.8241883516311646 -0.8771778345108032
894 1.5994220972061157 -1.2397403717041016
895 1.4007363319396973 -1.2988829612731934
896 0.7535364627838135 -1.0883234739303589
897 0.06005127727985382 -0.9877863526344299
898 -0.3122752904891968 -0.8946248888969421
899 -0.6292809844017029 -0.841864824295044
900 -0.7476981282234192 -0.6678051352500916
901 -0.9055783748626709 -0.29803311824798584
902 -1.1903162002563477 0.09299290925264359
903 -1.4893637895584106 0.4198935627937317
904 -1.6445300579071045 0.6903263330459595
905 -1.748756766319275 1.0118995904922485
906 -1.6884804964065552 1.380313754081726
907 -1.655595064163208 1.6333258152008057
908 -1.6687239408493042 1.9523522853851318
909 -1.706351637840271 2.156989812850952
910 -3.9783549308776855 8.389455795288086
911 -3.987790107727051 8.755678176879883
912 -3.928558349609375 9.233076095581055
913 -3.827686071395874 9.72154426574707
914 -3.7237565517425537 10.211576461791992
915 -3.6505684852600098 10.429204940795898
916 -3.430783748626709 10.652887344360352
917 -3.2220654487609863 10.8197021484375
918 -2.948657989501953 10.798151969909668
919 -2.554779291152954 10.800829887390137
920 -1.9930213689804077 10.762788772583008
921 -1.7630130052566528 10.680400848388672
922 -1.35420560836792 10.321969032287598
923 -1.1325178146362305 10.097341537475586
924 -0.7600665092468262 9.892956733703613
925 -0.3646012842655182 9.834900856018066
926 -0.21183227002620697 9.975602149963379
927 -0.08202498406171799 10.414578437805176
928 -0.022193217650055885 10.897650718688965
929 0.08267568051815033 11.074576377868652
930 11.073431968688965 15.226449966430664
931 11.194418907165527 15.177006721496582
932 11.268743515014648 14.876729011535645
933 11.261481285095215 14.276477813720703
934 11.339517593383789 14.02362060546875
935 11.522500038146973 13.794161796569824
936 11.750626564025879 13.518332481384277
937 12.049039840698242 13.15811824798584
938 12.145142555236816 12.919845581054688
939 12.12806510925293 12.680094718933105
940 12.090478897094727 12.175177574157715
941 12.0630521774292 12.008489608764648
942 10.053686141967773 -9.219776153564453
943 9.831271171569824 -9.255072593688965
944 9.505627632141113 -9.252681732177734
945 9.276131629943848 -9.231973648071289
946 8.97952651977539 -9.107710838317871
947 8.788755416870117 -8.976496696472168
948 8.61178207397461 -8.749478340148926
949 7.607740879058838 -6.7190375328063965
950 7.500658988952637 -6.427005290985107
951 7.494344711303711 -6.232646465301514
952 7.63564395904541 -5.907033920288086
953 7.897692680358887 -5.638242721557617
954 8.367862701416016 -5.229026794433594
955 8.566408157348633 -5.039422988891602
956 16.717004776000977 1.412310004234314
957 16.877016067504883 1.5436813831329346
958 17.037349700927734 1.7865790128707886
959 17.114334106445312 2.3173491954803467
960 17.331594467163086 3.12518572807312
961 17.411680221557617 3.401510000228882
962 17.412885665893555 3.6748063564300537
963 17.29901885986328 4.010812759399414
964 17.1942138671875 4.380936622619629
965 17.098690032958984 4.814915180206299
966 17.0324649810791 5.240236759185791
967 16.769187927246094 5.8249616622924805
968 16.617773056030273 6.12504768371582
969 16.411699295043945 6.43629264831543
970 16.053285598754883 6.787062644958496
971 15.862936973571777 6.942176818847656
972 15.68484878540039 7.062317371368408
973 1.2147917747497559 8.237881660461426
974 1.3280330896377563 8.062298774719238
975 1.5103079080581665 7.914074420928955
976 1.7161509990692139 7.829773426055908
977 2.2164223194122314 7.742457866668701
978 3.0261008739471436 7.645267963409424
979 3.268784523010254 7.564509868621826
980 3.3480312824249268 7.144989490509033
981 3.479940176010132 6.979825973510742
982 3.877861499786377 6.821896553039551
983 4.266197204589844 6.760239124298096
984 4.547346115112305 6.6985554695129395
985 4.942346096038818 6.648631572723389
986 5.062976360321045 6.5427327156066895
987 5.101810455322266 6.264107704162598
988 5.193612575531006 5.9325737953186035
989 5.320639133453369 5.626855373382568
990 6.701720237731934 1.4354523420333862
991 6.898439407348633 1.2058918476104736
992 7.306560516357422 0.9909607172012329
993 7.485319137573242 0.859015703201294
994 7.751929759979248 0.9225455522537231
995 7.9647369384765625 1.1197254657745361
996 8.170673370361328 1.7728781700134277
997 8.23190975189209 1.91538667678833
998 8.329031944274902 2.0086848735809326
999 8.38194751739502 2.0068891048431396
