0 67.73489379882812 161.7659149169922
1 75.22831726074219 154.84915161132812
2 83.92256927490234 146.38497924804688
3 88.61259460449219 137.02000427246094
4 -103.07813262939453 139.2102813720703
5 126.8287353515625 90.8844223022461
6 140.18185424804688 82.01463317871094
7 152.30047607421875 81.08587646484375
8 162.86273193359375 76.66239166259766
9 171.22500610351562 74.12560272216797
10 70.9843978881836 165.72373962402344
11 78.5191650390625 158.6278839111328
12 88.22032165527344 149.2339630126953
13 93.22303771972656 139.2748260498047
14 94.37683868408203 126.64187622070312
15 129.37875366210938 95.13129425048828
16 142.53585815429688 86.43212127685547
17 150.12405395507812 76.49174499511719
18 161.08978271484375 71.66773223876953
19 169.5550537109375 69.08145904541016
