0 -47.6307487487793 18.38382339477539
0 -47.629825592041016 18.383838653564453
1 -47.904727935791016 18.361841201782227
1 -47.90472412109375 18.361875534057617
2 -48.290836334228516 18.314834594726562
2 -48.292335510253906 18.315338134765625
3 -48.693031311035156 18.130420684814453
3 -48.694881439208984 18.130979537963867
4 -49.05804443359375 18.020898818969727
4 -49.05812454223633 18.020889282226562
5 -49.448848724365234 17.685848236083984
5 -49.450103759765625 17.684677124023438
6 -49.541709899902344 17.211990356445312
6 -49.541690826416016 17.211841583251953
7 -49.63448715209961 16.8103084564209
7 -49.63419723510742 16.81019401550293
8 -49.98440933227539 16.527528762817383
8 -49.983642578125 16.527576446533203
9 -50.141265869140625 16.2753849029541
9 -50.1408576965332 16.275951385498047
10 -49.922367095947266 15.956929206848145
11 -49.57980728149414 15.139928817749023
12 -49.298797607421875 14.714340209960938
13 -49.043731689453125 14.568093299865723
14 -48.723392486572266 14.690857887268066
15 -48.1575927734375 15.153690338134766
16 -47.98180389404297 15.329781532287598
17 -47.86996841430664 15.462701797485352
18 -47.785133361816406 15.589835166931152
19 -24.792266845703125 27.24155044555664
20 -24.88611602783203 27.32445526123047
21 -25.010177612304688 27.438751220703125
22 -25.210086822509766 27.567720413208008
23 -25.65078353881836 27.762258529663086
24 -25.93694305419922 27.89160919189453
25 -26.248580932617188 28.059368133544922
26 -26.605209350585938 28.321102142333984
27 -26.809833526611328 28.48741340637207
28 -26.984331130981445 28.588064193725586
29 -27.19231605529785 28.51947593688965
30 -27.572124481201172 28.417129516601562
31 -27.771854400634766 28.4846248626709
32 -28.30775260925293 28.727130889892578
33 -28.517793655395508 28.783361434936523
34 -28.72765350341797 28.69784164428711
35 -28.946557998657227 28.64266014099121
36 -29.30997657775879 28.425460815429688
37 -29.811683654785156 28.226356506347656
38 -29.848777770996094 28.080808639526367
39 -29.861391067504883 27.624820709228516
40 -29.826021194458008 27.257999420166016
41 -29.814231872558594 27.023466110229492
42 -29.694108963012695 26.80919647216797
43 -29.509456634521484 26.456153869628906
44 -29.36821174621582 26.198345184326172
45 -29.17835807800293 25.937484741210938
46 -28.938257217407227 25.38589096069336
47 -28.862468719482422 25.171127319335938
48 -28.805044174194336 24.9201717376709
49 -28.744457244873047 24.586088180541992
50 -28.720701217651367 24.374324798583984
51 -28.67049217224121 24.115222930908203
52 -28.556209564208984 23.793834686279297
53 -28.47736167907715 23.625049591064453
54 -28.65329360961914 23.382518768310547
55 -28.906841278076172 23.011028289794922
56 -29.02644920349121 22.797054290771484
57 -29.172147750854492 22.662700653076172
58 -29.422649383544922 22.545167922973633
59 -29.74020767211914 22.41960906982422
60 -29.97488784790039 22.205524444580078
61 -30.245847702026367 21.72045135498047
62 -30.397756576538086 21.403762817382812
63 -30.5864200592041 21.19882583618164
64 -30.796485900878906 21.046682357788086
65 -31.051708221435547 21.05782699584961
66 -31.477174758911133 21.13020133972168
67 -31.94788932800293 21.243284225463867
68 -32.18230438232422 21.431560516357422
69 -32.37179183959961 21.636978149414062
70 -32.5107421875 21.933713912963867
71 -32.56076431274414 22.29381561279297
72 -32.66523742675781 22.71200942993164
73 -32.678829193115234 23.04367446899414
74 -32.69167709350586 23.458940505981445
75 -32.723819732666016 23.719959259033203
76 -32.69624328613281 24.008956909179688
77 -32.59812927246094 24.437406539916992
78 -32.52216720581055 24.646583557128906
79 -32.58775329589844 24.84096908569336
80 -32.81052780151367 25.381065368652344
81 -32.91958236694336 25.723691940307617
82 -32.979610443115234 26.080875396728516
83 -32.98066329956055 26.291175842285156
84 -33.02753448486328 26.643835067749023
85 -33.11460876464844 27.809236526489258
86 -33.19485855102539 27.958921432495117
87 -33.256832122802734 28.189727783203125
88 -33.37199020385742 28.371660232543945
89 -43.012115478515625 31.04408073425293
90 -43.24442672729492 31.142995834350586
91 -43.59879684448242 31.312950134277344
92 -43.954620361328125 31.50387191772461
93 -44.363670349121094 31.613920211791992
94 -44.916255950927734 31.609519958496094
95 -45.12553405761719 31.513248443603516
96 -45.30097579956055 31.32089614868164
97 -45.461856842041016 31.090059280395508
98 -45.54094314575195 30.909666061401367
99 -45.81675720214844 30.34947967529297
100 -45.93746566772461 30.105934143066406
101 -45.979007720947266 29.783302307128906
102 -46.127784729003906 29.422285079956055
103 -46.28977966308594 29.19700813293457
104 -46.41551208496094 29.04389762878418
105 -46.592376708984375 29.03495979309082
106 -47.12520217895508 29.187950134277344
107 -47.666812896728516 29.245193481445312
108 -47.943946838378906 29.34133529663086
109 -48.242103576660156 29.476825714111328
110 -48.47977828979492 29.574552536010742
111 -48.774967193603516 29.731765747070312
112 -49.14875411987305 30.14661407470703
113 -49.18510055541992 30.36042594909668
114 -49.089988708496094 30.67020034790039
115 -48.87405776977539 31.041187286376953
116 -48.67564392089844 31.274873733520508
117 -48.28831100463867 31.596864700317383
118 -48.0435791015625 31.78446388244629
119 -47.78329086303711 31.956741333007812
120 -47.571556091308594 32.140228271484375
121 -47.488059997558594 32.2435302734375
122 -47.35602951049805 32.41460418701172
123 -45.880149841308594 40.156166076660156
124 -45.88344192504883 40.449066162109375
125 -45.93390655517578 40.999507904052734
126 -46.00661087036133 41.38103103637695
127 -46.089378356933594 41.70998001098633
128 -46.201637268066406 42.03279113769531
129 -46.32154083251953 42.41908264160156
130 -46.37849044799805 42.64836883544922
131 -46.35419464111328 42.941009521484375
132 -46.164039611816406 43.61381912231445
133 -46.097572326660156 43.77860641479492
134 -46.00332260131836 44.01224899291992
135 -45.605926513671875 44.532386779785156
136 -45.24416732788086 45.06514358520508
137 -45.01513671875 45.47513961791992
138 -44.83561706542969 45.8320198059082
139 -44.704925537109375 46.03436279296875
140 -44.53656005859375 46.3079719543457
141 -44.22768783569336 46.771385192871094
142 -44.00575637817383 47.17441940307617
143 -43.92276382446289 47.33340835571289
144 -43.69609451293945 47.48649215698242
145 -43.47140884399414 47.60765075683594
146 -42.90251922607422 47.543453216552734
147 -42.68143081665039 47.56080627441406
148 -42.55747604370117 47.60670471191406
149 -42.46482467651367 47.54597473144531
150 -27.640377044677734 34.17185974121094
151 -27.497058868408203 33.9707145690918
152 -27.287446975708008 33.58993148803711
153 -27.189254760742188 33.33982467651367
154 -27.237817764282227 33.068851470947266
155 -27.400808334350586 32.82734680175781
156 -27.68980598449707 32.59634017944336
157 -28.59630584716797 32.18882751464844
158 -28.849393844604492 32.0955696105957
159 -29.13780403137207 32.0962028503418
160 -29.59294891357422 32.135231018066406
161 -29.898611068725586 32.16564178466797
162 -30.179353713989258 32.218101501464844
163 -36.32292175292969 36.993953704833984
164 -36.455596923828125 37.17113494873047
165 -36.62189483642578 37.447200775146484
166 -36.736351013183594 37.787986755371094
167 -36.8410758972168 38.041664123535156
168 -36.8611946105957 38.102386474609375
169 -36.91545104980469 38.32130813598633
170 -37.009857177734375 38.69204330444336
171 -37.13924789428711 39.24192428588867
172 -37.21086120605469 39.48067855834961
173 -37.30253982543945 39.61804962158203
174 -37.420345306396484 39.809749603271484
175 -37.53569793701172 40.02699279785156
176 -37.59984588623047 40.024932861328125
177 -53.2133903503418 38.88645553588867
178 -53.336647033691406 38.85226058959961
179 -53.56757736206055 38.74517059326172
180 -53.95663833618164 38.48686981201172
181 -54.188419342041016 38.30560302734375
182 -54.497840881347656 38.03744125366211
183 -54.74638748168945 37.73165512084961
184 -54.836063385009766 37.479148864746094
185 -54.939693450927734 37.1615104675293
186 -55.12765884399414 36.86846160888672
187 -55.30086135864258 36.57411575317383
188 -55.441978454589844 36.21745681762695
189 -55.560638427734375 36.12641906738281
190 -56.37564468383789 35.82518768310547
191 -56.522377014160156 35.78947067260742
192 -56.82189178466797 35.63362503051758
193 -57.01826858520508 35.526092529296875
194 -57.181095123291016 35.40217971801758
195 -57.40956115722656 35.233314514160156
196 -57.71018981933594 35.02272415161133
197 -64.29214477539062 30.39105224609375
198 -64.01409912109375 30.193872451782227
199 -63.73992919921875 30.17987632751465
200 -63.56037139892578 30.191822052001953
201 -63.23174285888672 30.41488265991211
202 -62.85807800292969 30.73497772216797
203 -62.596168518066406 30.989013671875
204 -62.40297317504883 31.31868553161621
205 -62.311676025390625 31.6971378326416
206 -62.17011642456055 32.00518798828125
207 -61.9939079284668 32.4128303527832
208 -61.82391357421875 32.815975189208984
209 -61.64781188964844 33.247928619384766
210 -61.554141998291016 33.480499267578125
211 -61.467952728271484 33.643157958984375
212 -61.293880462646484 33.86379623413086
213 -61.00770568847656 34.2269401550293
214 -60.63835906982422 34.77301025390625
215 -60.57537078857422 34.86261749267578
216 -60.34027862548828 35.28384780883789
217 -60.10963821411133 36.003841400146484
218 -60.03973388671875 36.28840637207031
219 -59.98778533935547 36.64598846435547
220 -59.97797775268555 36.88938903808594
221 -60.032596588134766 37.224578857421875
222 -60.112159729003906 37.5273551940918
223 -60.20112609863281 37.87499237060547
224 -60.232521057128906 38.17599105834961
225 -60.250728607177734 38.51340866088867
226 -60.24625015258789 38.780792236328125
227 -60.218021392822266 38.9783821105957
228 -60.17900085449219 39.163360595703125
229 -38.94395446777344 14.94650936126709
230 -38.917259216308594 14.700581550598145
231 -38.859779357910156 14.538065910339355
232 -38.94562911987305 14.294820785522461
233 -39.13890075683594 13.962718963623047
234 -39.44154739379883 13.271428108215332
235 -39.61803436279297 13.139426231384277
236 -39.784854888916016 13.13226318359375
237 -40.30060577392578 13.19084358215332
238 -40.649776458740234 13.153219223022461
239 -40.80738830566406 13.139215469360352
240 -41.20405197143555 13.192337036132812
241 -41.404842376708984 13.234030723571777
242 -41.75706481933594 13.332854270935059
243 -53.601959228515625 26.787939071655273
244 -53.5602912902832 26.898216247558594
245 -53.47323226928711 27.104995727539062
246 -53.15692901611328 27.79633331298828
247 -53.12821960449219 28.070640563964844
248 -53.16075134277344 28.330995559692383
249 -53.40647506713867 28.60153579711914
250 -53.652061462402344 28.8008975982666
251 -53.85547637939453 29.00922203063965
252 -54.039127349853516 29.21925163269043
253 -54.548583984375 29.532827377319336
254 -54.744258880615234 29.640697479248047
255 -54.923004150390625 29.768606185913086
256 -55.15865707397461 30.03364372253418
257 -55.69800567626953 30.747034072875977
258 -55.9284782409668 31.07672119140625
259 -56.11377716064453 31.29310417175293
260 -56.324981689453125 31.45619773864746
261 -56.655399322509766 31.743040084838867
262 -56.84489059448242 31.894763946533203
263 -57.04051971435547 31.937225341796875
264 -57.26203536987305 31.974809646606445
265 -57.509212493896484 31.984901428222656
266 -57.715999603271484 31.94268798828125
267 -58.01715850830078 31.777053833007812
268 -58.23577117919922 31.60258674621582
269 -58.44123077392578 31.392080307006836
270 -58.64480972290039 31.139904022216797
271 -58.79195785522461 30.775362014770508
272 -58.89873123168945 30.41547393798828
273 -58.94435119628906 30.109516143798828
274 -58.94411849975586 29.77203941345215
275 -58.86639404296875 29.62987518310547
276 -58.65713882446289 29.32455825805664
277 -58.4563102722168 29.09316635131836
278 -58.03866958618164 28.74420928955078
279 -57.377159118652344 28.08907699584961
280 -57.239845275878906 27.856033325195312
281 -57.288673400878906 27.684814453125
282 -57.39165115356445 27.457754135131836
283 -57.67903518676758 27.27034568786621
284 -58.178688049316406 27.189863204956055
285 -58.560184478759766 27.247726440429688
286 -58.73379135131836 27.247974395751953
287 -59.00264358520508 27.338897705078125
288 -59.37790298461914 27.470468521118164
289 -59.781341552734375 27.55963134765625
290 -60.13866424560547 27.59218406677246
291 -60.6507568359375 27.57944679260254
292 -60.906105041503906 27.570072174072266
293 -61.0732536315918 27.45302391052246
294 -61.278846740722656 27.215473175048828
295 -61.25889205932617 26.905332565307617
296 -60.98443603515625 26.63924789428711
297 -60.655174255371094 26.353681564331055
298 -60.421749114990234 26.094398498535156
299 -60.125221252441406 25.848064422607422
300 -59.82051467895508 25.600770950317383
301 -59.304359436035156 25.318204879760742
302 -59.00699996948242 25.184785842895508
303 -58.67015075683594 25.12302589416504
304 -58.14678192138672 25.005950927734375
305 -57.8370475769043 24.959495544433594
306 -57.54157257080078 25.02461051940918
307 -57.04817581176758 25.260433197021484
308 -56.61485290527344 25.46604347229004
309 -56.45045852661133 25.507770538330078
310 -56.258331298828125 25.553627014160156
311 -56.0599250793457 25.5588436126709
312 -41.095436096191406 24.437580108642578
313 -40.837547302246094 24.463167190551758
314 -40.600730895996094 24.449216842651367
315 -40.31787109375 24.31671714782715
316 -40.192989349365234 24.192352294921875
317 -40.09600830078125 24.06946563720703
318 -40.06401824951172 23.767955780029297
319 -40.02846908569336 23.46247673034668
320 -40.03281021118164 23.0767765045166
321 -40.07317352294922 22.701173782348633
322 -40.0855598449707 22.60455322265625
323 -40.2315673828125 22.47494888305664
324 -40.420589447021484 22.29918098449707
325 -40.84221267700195 21.7265567779541
326 -41.015262603759766 21.459230422973633
327 -41.14733123779297 21.257551193237305
328 -41.3908576965332 20.967525482177734
329 -51.875980377197266 13.733431816101074
330 -52.00071334838867 13.606029510498047
331 -52.4189453125 13.141138076782227
332 -52.616485595703125 12.987156867980957
333 -52.688438415527344 12.806268692016602
334 -52.74680709838867 12.541749000549316
335 -52.812477111816406 12.229104995727539
336 -52.86739730834961 11.895861625671387
337 -52.832794189453125 11.689695358276367
338 -52.6920280456543 11.441866874694824
339 -52.53102493286133 11.21015453338623
340 -52.34364700317383 11.006312370300293
341 -52.183834075927734 10.804082870483398
342 -52.010196685791016 10.69784927368164
343 -51.646297454833984 10.600757598876953
344 -51.182838439941406 10.574807167053223
345 -50.974830627441406 10.608308792114258
346 -50.68511199951172 10.768970489501953
347 -42.471012115478516 32.848087310791016
348 -42.495330810546875 32.90267562866211
349 -42.459136962890625 33.029762268066406
350 -42.3660888671875 33.35132598876953
351 -42.185638427734375 33.652252197265625
352 -41.939674377441406 33.767250061035156
353 -41.3353157043457 34.06951904296875
354 -40.9623908996582 34.23476028442383
355 -40.7785758972168 34.36001968383789
356 -40.3688850402832 34.5389289855957
357 -39.8889045715332 34.694610595703125
358 -39.63198471069336 34.821346282958984
359 -39.394447326660156 35.00357437133789
360 -39.24220657348633 35.19875717163086
361 -39.1807861328125 35.306880950927734
362 -39.03392028808594 35.65702819824219
363 -39.00541305541992 35.86819076538086
364 -39.01875305175781 36.16486740112305
365 -39.15135955810547 36.630340576171875
366 -39.25728225708008 36.817989349365234
367 -39.64928436279297 36.976585388183594
368 -40.09253692626953 36.8420524597168
369 -40.337162017822266 36.79476547241211
370 -40.56509017944336 36.757957458496094
371 -40.98456954956055 36.604896545410156
372 -41.15336990356445 36.54872512817383
373 -41.4895133972168 36.49925994873047
374 -41.706024169921875 36.46757125854492
375 -41.84663391113281 36.51219940185547
376 -42.08575439453125 36.582618713378906
377 -42.52328872680664 36.88077926635742
378 -42.771827697753906 37.12314987182617
379 -43.10857391357422 37.275272369384766
380 -43.55828094482422 37.44636917114258
381 -43.838134765625 37.50621795654297
382 -44.056800842285156 37.51182174682617
383 -44.132991790771484 37.09066390991211
384 -44.21936798095703 36.59403991699219
385 -44.262420654296875 36.05630874633789
386 -44.286197662353516 35.8447151184082
387 -44.375545501708984 35.53639602661133
388 -44.43861389160156 35.30418395996094
389 -44.56314468383789 35.21000671386719
390 -44.97975158691406 34.99672317504883
391 -45.557762145996094 34.8580436706543
392 -45.94282150268555 34.832908630371094
393 -46.3322639465332 34.901371002197266
394 -46.789405822753906 35.07773208618164
395 -46.9476432800293 35.20539093017578
396 -46.9891357421875 35.34239959716797
397 -46.89310836791992 35.52931594848633
398 -46.72017288208008 35.78763961791992
399 -30.715776443481445 36.32325744628906
400 -30.5146484375 36.31693649291992
401 -30.34943962097168 36.370731353759766
402 -29.994365692138672 36.4516487121582
403 -29.74488639831543 36.62021255493164
404 -29.55466079711914 36.831729888916016
405 -29.4538631439209 37.02346420288086
406 -29.364965438842773 37.41832733154297
407 -29.251300811767578 37.79329299926758
408 -29.219379425048828 38.067718505859375
409 -29.20119857788086 38.34271240234375
410 -29.159427642822266 38.66506576538086
411 -29.083253860473633 39.01335144042969
412 -28.846654891967773 39.39072799682617
413 -28.658145904541016 39.6683464050293
414 -28.331783294677734 39.97587966918945
415 -28.129335403442383 40.167579650878906
416 -28.0336971282959 40.39204788208008
417 -27.90862464904785 40.7310676574707
418 -27.885372161865234 40.87055206298828
419 -27.937171936035156 41.06175231933594
420 -28.296117782592773 41.50755310058594
421 -28.385408401489258 41.588134765625
422 -28.585309982299805 41.79941177368164
423 -28.689279556274414 41.99367141723633
424 -28.855388641357422 42.25899887084961
425 -29.03886604309082 42.51495361328125
426 -33.61870193481445 45.61688995361328
427 -33.75379180908203 45.70955276489258
428 -33.92921829223633 45.87099075317383
429 -34.285911560058594 46.220767974853516
430 -35.096046447753906 46.87873458862305
431 -35.33487319946289 47.053672790527344
432 -35.67318344116211 47.15643310546875
433 -35.865013122558594 47.18143081665039
434 -36.27388000488281 47.23683547973633
435 -36.69697189331055 47.259281158447266
436 -36.935340881347656 47.26467514038086
437 -37.257469177246094 47.41965103149414
438 -37.39946746826172 47.48545837402344
439 -37.666927337646484 47.327205657958984
440 -37.90423583984375 47.12616729736328
441 -38.20196533203125 47.00986099243164
442 -38.47100830078125 46.955562591552734
443 -38.879737854003906 46.85731506347656
444 -39.40145492553711 46.611026763916016
445 -39.517581939697266 46.46574401855469
446 -39.557945251464844 46.31169509887695
447 -39.33990478515625 45.99069595336914
448 -39.17327880859375 45.67559051513672
449 -39.05328369140625 45.26399230957031
450 -39.078548431396484 45.00669479370117
451 -39.079681396484375 44.77301788330078
452 -38.90309143066406 44.39608383178711
453 -38.69159698486328 44.12410354614258
454 -38.548919677734375 43.94050979614258
455 -38.4539680480957 43.77081298828125
456 -38.193511962890625 43.4748649597168
457 -38.001800537109375 43.06840896606445
458 -38.12963104248047 42.79589080810547
459 -38.45023727416992 42.609989166259766
460 -38.68366241455078 42.4673957824707
461 -38.90604782104492 42.47734069824219
462 -39.23014831542969 42.53315353393555
463 -39.388492584228516 42.52445983886719
464 -39.49906539916992 42.24625015258789
465 -39.6561279296875 41.961788177490234
466 -39.7050895690918 41.72959899902344
467 -39.724365234375 41.5378532409668
468 -39.802513122558594 41.314212799072266
469 -39.851593017578125 40.89752197265625
470 -39.883331298828125 40.639442443847656
471 -39.96272659301758 40.52444076538086
472 -40.13319778442383 40.33224868774414
473 -40.43196487426758 40.057804107666016
474 -40.696746826171875 39.91886901855469
475 -41.10590362548828 39.76932907104492
476 -41.36637496948242 39.71641540527344
477 -42.154563903808594 39.93115234375
478 -42.63887405395508 40.11342239379883
479 -42.83066177368164 40.22007751464844
480 -43.08620834350586 40.49439239501953
481 -43.26307678222656 40.72589111328125
482 -43.4394645690918 41.06111526489258
483 -43.47782897949219 41.37163162231445
484 -43.48569107055664 41.82666778564453
485 -43.444454193115234 42.1450309753418
486 -43.32102584838867 42.47917556762695
487 -43.20072937011719 42.748260498046875
488 -42.9400634765625 43.17385482788086
489 -42.802886962890625 43.4304313659668
490 -42.711585998535156 43.64997482299805
491 -42.32271194458008 43.66756820678711
492 -41.972293853759766 43.78803253173828
493 -41.647335052490234 43.717041015625
494 -41.39345932006836 43.62360382080078
495 -41.05276107788086 43.550716400146484
496 -40.90067672729492 43.60041809082031
497 -36.54757308959961 43.82654571533203
498 -36.06654357910156 43.782039642333984
499 -35.89090347290039 43.73723602294922
500 -35.68516540527344 43.7108039855957
501 -35.513824462890625 43.67226028442383
502 -35.34984588623047 43.6088981628418
503 -34.99308776855469 43.368812561035156
504 -34.719886779785156 43.216773986816406
505 -34.75152587890625 42.932029724121094
506 -34.78928756713867 42.507144927978516
507 -34.78130340576172 42.147560119628906
508 -34.74885177612305 41.88013458251953
509 -34.718719482421875 41.5755615234375
510 -34.67776107788086 41.37879180908203
511 -34.67155075073242 41.24703598022461
512 -34.49271774291992 40.77470016479492
513 -34.39778137207031 40.54345703125
514 -34.193485260009766 40.151634216308594
515 -33.87840270996094 39.74601745605469
516 -33.6016731262207 39.44853591918945
517 -33.41523742675781 39.1976318359375
518 -33.27617263793945 38.98335647583008
519 -33.10002136230469 38.79444122314453
520 -32.99486541748047 38.55418395996094
521 -32.8732795715332 38.176414489746094
522 -32.749488830566406 37.944400787353516
523 -32.77621078491211 37.851253509521484
524 -33.19802474975586 37.853580474853516
525 -33.76288986206055 37.84846496582031
526 -34.047061920166016 37.812950134277344
527 -34.26008224487305 37.77442932128906
528 -48.48076629638672 26.792373657226562
529 -48.66516876220703 26.785192489624023
530 -48.922950744628906 26.79173469543457
531 -49.368125915527344 26.8358211517334
532 -49.67844772338867 26.801664352416992
533 -49.84436798095703 26.683259963989258
534 -49.94477462768555 26.517423629760742
535 -49.99222946166992 26.248016357421875
536 -50.06268310546875 25.968143463134766
537 -50.22221374511719 25.810304641723633
538 -50.713111877441406 25.592958450317383
539 -51.070735931396484 25.440391540527344
540 -51.30769729614258 25.35759735107422
541 -51.87855911254883 25.14042854309082
542 -52.117740631103516 25.084463119506836
543 -52.33779525756836 24.999799728393555
544 -52.65465545654297 24.855880737304688
545 -52.96863555908203 24.661956787109375
546 -53.38431167602539 24.39626693725586
547 -53.73915100097656 24.145469665527344
548 -54.03958511352539 24.024290084838867
549 -54.24818801879883 23.96223258972168
550 -54.48561096191406 23.84341049194336
551 -54.67081832885742 23.79056739807129
552 -55.09403610229492 23.493328094482422
553 -55.43510055541992 23.337350845336914
554 -55.68635559082031 23.14808464050293
555 -55.9500732421875 22.925785064697266
556 -56.32041931152344 22.626455307006836
557 -56.684959411621094 22.32174301147461
558 -56.914737701416016 22.120397567749023
559 -57.08934020996094 22.064451217651367
560 -57.393272399902344 22.064884185791016
561 -57.65937042236328 22.046716690063477
562 -58.1581916809082 21.967823028564453
563 -58.553890228271484 21.835479736328125
564 -58.736690521240234 21.72382164001465
565 -58.89940643310547 21.65860939025879
566 -59.18218994140625 21.480798721313477
567 -59.40095901489258 21.39238166809082
568 -59.650489807128906 21.429222106933594
569 -60.0327033996582 21.46086311340332
570 -60.13685607910156 21.459407806396484
571 -60.29848098754883 21.282075881958008
572 -60.47654342651367 21.08051872253418
573 -60.90805435180664 20.62594223022461
574 -61.20039367675781 20.287887573242188
575 -61.31899642944336 19.851051330566406
576 -61.350547790527344 19.545867919921875
577 -61.326438903808594 19.29149627685547
578 -61.19403076171875 19.08913230895996
579 -60.856197357177734 18.79115867614746
580 -60.58945083618164 18.51927375793457
581 -60.355525970458984 18.260955810546875
582 -60.12282943725586 18.168088912963867
583 -59.77155685424805 18.155048370361328
584 -59.30411911010742 18.298011779785156
585 -58.748802185058594 18.408178329467773
586 -58.545841217041016 18.483989715576172
587 -58.097312927246094 18.658945083618164
588 -57.801490783691406 18.784603118896484
589 -57.6762809753418 18.926851272583008
590 -57.53483963012695 19.138198852539062
591 -57.31484603881836 19.381343841552734
592 -56.99193572998047 19.630891799926758
593 -56.6831169128418 19.83783531188965
594 -48.3492317199707 36.91988754272461
595 -48.362674713134766 37.100467681884766
596 -48.34897994995117 37.60399627685547
597 -48.392574310302734 37.8029670715332
598 -48.3380012512207 38.022926330566406
599 -48.2148551940918 38.22539520263672
600 -48.04752731323242 38.48459243774414
601 -47.896514892578125 38.78338623046875
602 -47.97068405151367 39.005348205566406
603 -48.138702392578125 39.26963806152344
604 -48.65223693847656 39.67915725708008
605 -48.973243713378906 40.083683013916016
606 -49.395118713378906 40.71295928955078
607 -49.63715744018555 41.10921859741211
608 -49.79905700683594 41.418434143066406
609 -49.9848518371582 41.82727813720703
610 -50.177490234375 42.20920944213867
611 -50.25368881225586 42.50486755371094
612 -50.282928466796875 42.78436279296875
613 -50.297447204589844 43.473453521728516
614 -50.28572463989258 43.73762893676758
615 -50.26890563964844 43.85535430908203
616 -50.21886444091797 44.11962890625
617 -50.161434173583984 44.516788482666016
618 -50.08279037475586 44.885101318359375
619 -50.0229377746582 45.0672721862793
620 -50.01548767089844 45.404808044433594
621 -50.14228057861328 45.778900146484375
622 -50.39924621582031 46.11421585083008
623 -50.795597076416016 46.58831787109375
624 -50.94331741333008 46.7807502746582
625 -51.0762825012207 46.774940490722656
626 -51.508460998535156 46.71940994262695
627 -51.943382263183594 46.6999397277832
628 -52.243186950683594 46.670166015625
629 -52.47165298461914 46.53689956665039
630 -52.760257720947266 46.307891845703125
631 -52.98855209350586 46.11444854736328
632 -53.250858306884766 45.905006408691406
633 -53.5052375793457 45.74972915649414
634 -53.74482727050781 45.63676452636719
635 -54.00618362426758 45.481834411621094
636 -54.269134521484375 45.35274124145508
637 -54.73186111450195 45.11210632324219
638 -54.95516586303711 45.00783920288086
639 -55.269500732421875 44.88043212890625
640 -55.60312271118164 44.749202728271484
641 -55.83731460571289 44.655006408691406
642 -56.1195068359375 44.50111389160156
643 -56.292869567871094 44.24385070800781
644 -56.622467041015625 43.955528259277344
645 -56.679752349853516 43.83945083618164
646 -56.78911590576172 43.69188690185547
647 -56.99864959716797 43.368534088134766
648 -57.16904067993164 43.034481048583984
649 -57.33284378051758 42.77383804321289
650 -57.503135681152344 42.51148986816406
651 -57.59785079956055 42.373573303222656
652 -60.32838821411133 14.947783470153809
653 -60.265472412109375 14.845620155334473
654 -59.942684173583984 14.704730987548828
655 -59.528480529785156 14.539838790893555
656 -58.81289291381836 14.280789375305176
657 -58.681278228759766 14.195174217224121
658 -58.34988784790039 14.109858512878418
659 -58.09185028076172 14.084677696228027
660 -57.91278076171875 14.104642868041992
661 -57.60353469848633 14.133469581604004
662 -57.105224609375 14.175930976867676
663 -56.83827209472656 14.238444328308105
664 -56.508480072021484 14.306087493896484
665 -56.276824951171875 14.325013160705566
666 -56.136802673339844 14.269420623779297
667 -56.03963088989258 14.55551528930664
668 -55.862571716308594 14.87961483001709
669 -55.7147331237793 15.045448303222656
670 -55.55296325683594 15.137800216674805
671 -55.339637756347656 15.236210823059082
672 -54.910526275634766 15.441784858703613
673 -54.46849060058594 15.679698944091797
674 -53.9318962097168 15.939443588256836
675 -53.69260787963867 16.048051834106445
676 -53.501930236816406 16.162551879882812
677 -53.34031295776367 16.33407211303711
678 -53.127262115478516 16.56220245361328
679 -52.9949951171875 16.83652687072754
680 -52.79075622558594 17.242774963378906
681 -52.7641487121582 17.285484313964844
682 -52.5993766784668 17.646297454833984
683 -52.285430908203125 17.989749908447266
684 -52.02824401855469 18.265100479125977
685 -51.89399719238281 18.374357223510742
686 -51.58673858642578 18.88535499572754
687 -51.55312728881836 19.168987274169922
688 -51.74247741699219 19.31570053100586
689 -52.075138092041016 19.338708877563477
690 -52.41948318481445 19.244327545166016
691 -53.37715530395508 18.879600524902344
692 -53.67359924316406 18.85800552368164
693 -53.94743347167969 19.06833839416504
694 -54.06630325317383 19.305654525756836
695 -54.09375 19.6601505279541
696 -54.08213806152344 19.864763259887695
697 -54.017215728759766 19.99506950378418
698 -53.63039016723633 20.190486907958984
699 -53.252197265625 20.43606948852539
700 -53.0528450012207 20.462114334106445
701 -52.81021499633789 20.512699127197266
702 -52.58656311035156 20.724803924560547
703 -52.45408248901367 21.017921447753906
704 -52.447410583496094 21.341007232666016
705 -52.5250129699707 21.657798767089844
706 -52.460113525390625 22.08163833618164
707 -52.334754943847656 22.281578063964844
708 -52.16823196411133 22.391889572143555
709 -51.81147384643555 22.196683883666992
710 -51.29298782348633 21.99944305419922
711 -50.8856315612793 22.024063110351562
712 -50.493900299072266 22.138959884643555
713 -50.0009651184082 22.450565338134766
714 -49.70856857299805 22.573762893676758
715 -49.65618896484375 22.400897979736328
716 -49.64236068725586 22.0921573638916
717 -49.656490325927734 21.377660751342773
718 -49.42766571044922 20.867998123168945
719 -49.17616653442383 20.832313537597656
720 -48.946102142333984 20.90716552734375
721 -48.48740005493164 21.087093353271484
722 -48.20278549194336 21.224990844726562
723 -48.00447082519531 21.39027214050293
724 -47.748958587646484 21.615520477294922
725 -47.54356384277344 21.683555603027344
726 -47.29806137084961 21.827123641967773
727 -46.85419464111328 22.109243392944336
728 -46.647178649902344 22.250478744506836
729 -46.408355712890625 22.421939849853516
730 -43.735496520996094 24.94268035888672
731 -43.51815414428711 25.338939666748047
732 -43.3985710144043 25.67387580871582
733 -43.4625358581543 25.832942962646484
734 -43.62729263305664 26.057024002075195
735 -43.86489486694336 26.272933959960938
736 -44.20486831665039 26.493017196655273
737 -44.46746826171875 26.597917556762695
738 -45.04224395751953 26.703025817871094
739 -45.296653747558594 26.645858764648438
740 -45.64494705200195 26.391050338745117
741 -45.85629653930664 26.124006271362305
742 -46.02570343017578 25.906024932861328
743 -46.262901306152344 25.653417587280273
744 -46.495567321777344 25.394033432006836
745 -46.645782470703125 25.238618850708008
746 -46.783607482910156 25.018543243408203
747 -46.77913284301758 24.763246536254883
748 -46.528350830078125 24.447031021118164
749 -46.22880172729492 24.22114372253418
750 -45.990264892578125 24.08138084411621
751 -45.62689208984375 23.923398971557617
752 -45.288055419921875 23.639196395874023
753 -45.0386848449707 23.425081253051758
754 -44.82529830932617 23.302433013916016
755 -44.47970962524414 23.334148406982422
756 -43.87949752807617 23.28417205810547
757 -43.52299118041992 23.1501407623291
758 -43.43119430541992 22.956811904907227
759 -43.33210372924805 22.515987396240234
760 -43.292030334472656 22.219829559326172
761 -43.44648361206055 21.55096435546875
762 -43.61994171142578 21.147804260253906
763 -43.765785217285156 20.95860481262207
764 -43.95219039916992 20.779035568237305
765 -44.15885925292969 20.607316970825195
766 -44.35805130004883 20.427181243896484
767 -44.85813903808594 19.892484664916992
768 -45.313804626464844 19.31089973449707
769 -45.40645217895508 19.033931732177734
770 -45.447776794433594 18.65985107421875
771 -45.480743408203125 18.31809425354004
772 -45.43867492675781 18.001447677612305
773 -45.372703552246094 17.66796112060547
774 -45.304115295410156 17.324214935302734
775 -45.230438232421875 16.893901824951172
776 -45.20240783691406 16.63655662536621
777 -45.245445251464844 16.269290924072266
778 -45.33916091918945 15.745694160461426
779 -45.387630462646484 15.334197044372559
780 -45.420372009277344 15.05965518951416
781 -45.4636344909668 14.601259231567383
782 -45.49934768676758 14.334867477416992
783 -45.498992919921875 14.055035591125488
784 -45.52540969848633 13.795178413391113
785 -45.56052017211914 13.47411823272705
786 -45.61332321166992 13.018726348876953
787 -45.6226692199707 12.899540901184082
788 -45.76258850097656 12.52022933959961
789 -45.803985595703125 12.270858764648438
790 -45.99776077270508 11.994767189025879
791 -46.29313659667969 11.421144485473633
792 -46.449615478515625 11.246529579162598
793 -46.64158248901367 11.16706371307373
794 -47.026702880859375 11.1273775100708
795 -47.36592102050781 11.155145645141602
796 -47.617244720458984 11.26518726348877
797 -47.77286911010742 11.368086814880371
798 -47.89509582519531 11.515264511108398
799 -41.806854248046875 17.90396499633789
800 -41.656211853027344 17.979299545288086
801 -41.264404296875 18.119945526123047
802 -40.88698196411133 18.231115341186523
803 -40.63383865356445 18.317218780517578
804 -40.334110260009766 18.464075088500977
805 -39.93653869628906 18.68467140197754
806 -39.67099380493164 18.865001678466797
807 -39.39385986328125 19.10140037536621
808 -39.19266128540039 19.19691276550293
809 -38.83738327026367 19.21959114074707
810 -38.704036712646484 19.149578094482422
811 -38.36385726928711 18.9481201171875
812 -37.839839935302734 18.636348724365234
813 -37.618873596191406 18.42350196838379
814 -37.4185791015625 18.488218307495117
815 -37.092830657958984 18.55698585510254
816 -36.862361907958984 18.553041458129883
817 -36.75349044799805 18.68716812133789
818 -36.55640411376953 18.790996551513672
819 -36.265403747558594 18.983779907226562
820 -35.89881896972656 19.242033004760742
821 -35.68146514892578 19.58639907836914
822 -35.70344161987305 19.907363891601562
823 -35.90918731689453 20.245716094970703
824 -36.210758209228516 20.73775863647461
825 -36.39196014404297 21.29119300842285
826 -36.465675354003906 21.677156448364258
827 -36.56646728515625 22.150585174560547
828 -36.694725036621094 22.48589515686035
829 -36.81565856933594 22.727474212646484
830 -36.90427780151367 22.831676483154297
831 -36.98433303833008 23.078079223632812
832 -37.065818786621094 23.60213851928711
833 -37.060001373291016 23.824453353881836
834 -36.98264694213867 24.11053466796875
835 -36.70003890991211 24.893461227416992
836 -36.58418655395508 25.203697204589844
837 -36.52927780151367 25.33353614807129
838 -36.45546340942383 25.576881408691406
839 -36.408531188964844 25.837764739990234
840 -36.3873176574707 26.041549682617188
841 -36.39426040649414 26.341838836669922
842 -36.42342758178711 26.737499237060547
843 -36.37085723876953 27.152389526367188
844 -36.31807327270508 27.409671783447266
845 -36.21074295043945 27.69715118408203
846 -36.25513458251953 27.876028060913086
847 -36.44059753417969 28.124008178710938
848 -36.682403564453125 28.251096725463867
849 -36.998207092285156 28.40662956237793
850 -37.30265808105469 28.694091796875
851 -37.6864013671875 29.053586959838867
852 -37.769866943359375 29.205045700073242
853 -37.965087890625 29.538562774658203
854 -38.05804443359375 29.6550350189209
855 -38.230377197265625 29.73307991027832
856 -38.64491271972656 29.912662506103516
857 -51.99416732788086 31.74867057800293
858 -52.10211181640625 31.871807098388672
859 -52.203365325927734 32.12642288208008
860 -52.24480056762695 32.33153533935547
861 -52.31696319580078 32.64020919799805
862 -52.34423828125 33.127105712890625
863 -52.38335418701172 33.5435905456543
864 -52.44486618041992 33.82135009765625
865 -52.50468063354492 34.04448699951172
866 -52.51908874511719 34.21553039550781
867 -52.45762634277344 34.93328857421875
868 -52.47255325317383 35.14036560058594
869 -52.49266052246094 35.38933563232422
870 -52.53087615966797 35.58860397338867
871 -52.4106330871582 35.790714263916016
872 -52.28060531616211 35.9171142578125
873 -52.028961181640625 36.156951904296875
874 -51.76028823852539 36.46905517578125
875 -51.57450866699219 36.71036148071289
876 -51.38865661621094 36.8907356262207
877 -51.18708801269531 36.9708137512207
878 -50.84623336791992 37.07821273803711
879 -50.47230529785156 36.99478530883789
880 -50.28070068359375 36.758750915527344
881 -50.10430908203125 36.33668518066406
882 -49.84203338623047 35.981475830078125
883 -49.48666000366211 35.48598861694336
884 -49.295005798339844 35.256710052490234
885 -36.32221221923828 31.6936092376709
886 -35.9792594909668 31.500402450561523
887 -35.78288650512695 31.3471736907959
888 -35.633792877197266 31.132314682006836
889 -35.51927185058594 30.98229217529297
890 -35.410709381103516 30.872417449951172
891 -35.20427322387695 30.878700256347656
892 -34.9492301940918 30.99930191040039
893 -34.751487731933594 31.10616111755371
894 -34.52747344970703 31.144296646118164
895 -34.31359100341797 31.473344802856445
896 -33.90164566040039 31.910337448120117
897 -33.69366455078125 32.11962127685547
898 -33.57902526855469 32.22315979003906
899 -33.233951568603516 32.3618049621582
900 -33.018348693847656 32.5014762878418
901 -32.75593185424805 32.738014221191406
902 -32.574684143066406 33.13628005981445
903 -32.45576477050781 33.74668884277344
904 -32.472354888916016 33.97772979736328
905 -32.41356658935547 34.11398696899414
906 -32.485137939453125 34.309814453125
907 -33.131656646728516 34.66726303100586
908 -33.36962127685547 34.87371826171875
909 -33.63849639892578 35.23979949951172
910 -33.805824279785156 35.463924407958984
911 -34.081722259521484 35.565608978271484
912 -34.351463317871094 35.63687515258789
913 -34.59507751464844 35.664344787597656
914 -34.88677978515625 35.65764236450195
915 -35.15016174316406 35.49984359741211
916 -35.483428955078125 35.191734313964844
917 -35.6701545715332 35.030052185058594
918 -35.8786506652832 34.949466705322266
919 -36.087730407714844 34.757659912109375
920 -36.35960006713867 34.48634719848633
921 -36.71731185913086 34.039798736572266
922 -37.23662185668945 33.7148323059082
923 -37.45213317871094 33.58584213256836
924 -37.58824920654297 33.47314453125
925 -37.832767486572266 33.254539489746094
926 -37.97796630859375 33.133323669433594
927 -38.18547439575195 32.94578170776367
928 -38.51081085205078 32.73042678833008
929 -39.01864242553711 32.41881561279297
930 -39.596527099609375 32.11760330200195
931 -40.05125427246094 31.9141845703125
932 -40.277095794677734 31.827112197875977
933 -40.512664794921875 31.61140251159668
934 -40.6535758972168 31.427268981933594
935 -40.87686538696289 30.923547744750977
936 -40.96781921386719 30.604127883911133
937 -41.011409759521484 30.44812774658203
938 -41.10490036010742 30.08184814453125
939 -41.23851776123047 29.833847045898438
940 -41.380645751953125 29.659568786621094
941 -41.55116653442383 29.42378807067871
942 -41.73826599121094 29.15290641784668
943 -41.91727828979492 28.787879943847656
944 -41.94941711425781 28.450931549072266
945 -41.73814392089844 28.12535285949707
946 -41.433475494384766 27.951488494873047
947 -41.18929672241211 27.779525756835938
948 -41.000404357910156 27.689245223999023
949 -40.79152297973633 27.615327835083008
950 -40.448036193847656 27.53396987915039
951 -40.23143005371094 27.433198928833008
952 -39.952884674072266 27.281147003173828
953 -39.692108154296875 27.137983322143555
954 -39.48794937133789 27.105464935302734
955 -39.27861404418945 27.15068244934082
956 -38.9863395690918 27.304248809814453
957 -31.82308006286621 40.9332160949707
958 -31.81508445739746 41.178504943847656
959 -31.81688690185547 41.53233337402344
960 -31.793907165527344 41.67610168457031
961 -31.703258514404297 41.87415313720703
962 -31.552610397338867 42.179542541503906
963 -31.448108673095703 42.40358352661133
964 -31.385438919067383 42.52333450317383
965 -31.20401954650879 42.88882064819336
966 -31.075756072998047 43.33612060546875
967 -30.981889724731445 43.66853713989258
968 -30.856985092163086 44.04596710205078
969 -30.621410369873047 44.643585205078125
970 -30.519071578979492 44.85259246826172
971 -30.496227264404297 44.91669464111328
972 -30.46409034729004 45.072166442871094
973 -30.422683715820312 45.3599853515625
974 -30.336181640625 45.88184356689453
975 -30.184999465942383 46.50463104248047
976 -30.205671310424805 46.760520935058594
977 -30.324464797973633 46.94188690185547
978 -30.818727493286133 47.2337646484375
979 -31.130455017089844 47.400115966796875
980 -31.368986129760742 47.470672607421875
981 -31.687576293945312 47.52467346191406
982 -31.855337142944336 47.58330154418945
983 -32.0474967956543 47.697105407714844
984 -32.33711242675781 47.96467971801758
985 -32.764503479003906 48.52742004394531
986 -33.000370025634766 48.88166427612305
987 -33.386383056640625 49.492794036865234
988 -33.41659164428711 49.573604583740234
989 -33.54816818237305 49.76647186279297
990 -34.04825973510742 50.31071090698242
991 -34.32248306274414 50.556175231933594
992 -34.41260528564453 50.63058853149414
993 -34.450782775878906 50.68589401245117
994 -34.59712600708008 50.88197708129883
995 -35.02373504638672 51.40118408203125
996 -35.21686553955078 51.639854431152344
997 -35.392024993896484 51.81233596801758
998 -35.51340103149414 51.89081573486328
999 -35.61737823486328 51.973533630371094
