0 -62.93185806274414 -12.978866577148438
1 -62.955684661865234 -13.03156566619873
2 -63.0530891418457 -13.154043197631836
3 -63.25143051147461 -13.33991813659668
4 -63.44231033325195 -13.570098876953125
5 -63.573875427246094 -13.816174507141113
6 -63.853736877441406 -14.104806900024414
7 -64.03189849853516 -14.228011131286621
8 -64.15349578857422 -14.393479347229004
9 -64.32643127441406 -14.683101654052734
10 -64.6436767578125 -15.559863090515137
11 -64.78916931152344 -15.883118629455566
12 -64.94629669189453 -16.219661712646484
13 -65.14928436279297 -16.631092071533203
14 -65.28246307373047 -16.867218017578125
15 -65.37244415283203 -17.105857849121094
16 -65.54583740234375 -17.569957733154297
17 -65.72074890136719 -18.09426498413086
18 -65.91600036621094 -18.59280014038086
19 -66.17717742919922 -19.070171356201172
20 -66.37556457519531 -19.590856552124023
21 -66.44273376464844 -19.938467025756836
22 -66.51499938964844 -20.37799072265625
23 -66.6182861328125 -20.666988372802734
24 -66.76759338378906 -20.984739303588867
25 -66.89169311523438 -21.237016677856445
26 -67.06488800048828 -21.48639488220215
27 -67.34143829345703 -21.853092193603516
28 -67.56065368652344 -22.178327560424805
29 -67.693359375 -22.343761444091797
30 -67.9140396118164 -22.55234718322754
31 -68.428466796875 -22.87393569946289
32 -68.76448822021484 -23.02753448486328
33 -69.05107116699219 -23.088319778442383
34 -69.32024383544922 -23.256023406982422
35 -69.37248992919922 -23.439430236816406
36 -69.34098815917969 -24.259675979614258
37 -69.35047149658203 -24.936660766601562
38 -69.4416732788086 -25.231979370117188
39 -69.5978775024414 -25.567081451416016
40 -69.76998901367188 -25.76561164855957
41 -70.05805206298828 -25.83114242553711
42 -70.31511688232422 -25.839433670043945
43 -70.50550842285156 -25.641315460205078
44 -70.84707641601562 -24.967334747314453
45 -71.03773498535156 -24.642770767211914
46 -71.1587142944336 -24.38970184326172
47 -71.22848510742188 -24.13890838623047
48 -71.31802368164062 -23.644515991210938
49 -72.5997543334961 -17.061973571777344
50 -72.44458770751953 -16.75568962097168
51 -72.14417266845703 -16.62952423095703
52 -71.94666290283203 -16.56582260131836
53 -71.71907043457031 -16.565584182739258
54 -71.3797836303711 -16.660058975219727
55 -71.18984985351562 -16.726320266723633
56 -71.12725830078125 -17.13636589050293
57 -70.96527099609375 -17.672882080078125
58 -70.81880187988281 -17.890451431274414
59 -70.55049896240234 -18.07040786743164
60 -70.02780151367188 -18.30573272705078
61 -69.56936645507812 -18.557228088378906
62 -69.1219482421875 -18.76042366027832
63 -68.98038482666016 -18.73557472229004
64 -68.78372192382812 -18.745622634887695
65 -68.53865814208984 -18.483999252319336
66 -68.2774429321289 -18.036266326904297
67 -68.06282043457031 -17.547990798950195
68 -67.8833236694336 -17.22051429748535
69 -67.77899169921875 -16.97181510925293
70 -67.83979797363281 -16.771717071533203
71 -67.92091369628906 -16.49268341064453
72 -67.94208526611328 -16.22212791442871
73 -67.89167785644531 -15.970443725585938
74 -67.85958862304688 -15.582934379577637
75 -67.89057159423828 -15.298044204711914
76 -68.10950469970703 -15.008675575256348
77 -68.29637145996094 -14.853822708129883
78 -68.39663696289062 -14.718289375305176
79 -68.5255126953125 -14.605372428894043
80 -68.85671997070312 -14.569835662841797
81 -69.10884857177734 -14.465497016906738
82 -69.29629516601562 -14.441576957702637
83 -69.48953247070312 -14.46953296661377
84 -69.62351989746094 -14.553396224975586
85 -69.87989807128906 -14.60470962524414
86 -70.232666015625 -14.467440605163574
87 -70.49856567382812 -14.340080261230469
88 -70.82273864746094 -14.102949142456055
89 -71.24929809570312 -13.804086685180664
90 -71.4798583984375 -13.733386993408203
91 -71.65838623046875 -13.702763557434082
92 -71.78428649902344 -13.663253784179688
93 -84.16929626464844 -1.830258846282959
94 -84.26248931884766 -1.6157490015029907
95 -84.4722671508789 -1.2393213510513306
96 -84.71829223632812 -0.8270173668861389
97 -84.78349304199219 -0.5691347122192383
98 -84.7608413696289 -0.381238728761673
99 -84.84796142578125 -0.1622709184885025
100 -85.1004867553711 0.2301848828792572
101 -85.21858215332031 0.3831925690174103
102 -85.42072296142578 0.3590144217014313
103 -85.79686737060547 0.27279308438301086
104 -86.54136657714844 0.18795758485794067
105 -87.09978485107422 0.13383829593658447
106 -87.4813461303711 0.09803439676761627
107 -87.89677429199219 0.04967647045850754
108 -88.12922668457031 0.013003659434616566
109 -88.3173828125 -0.0077916341833770275
110 -88.83281707763672 -0.0971042588353157
111 -89.2685317993164 -0.1770077645778656
112 -89.58979034423828 -0.2559756934642792
113 -89.97764587402344 -0.40304332971572876
114 -90.57836151123047 -0.6562355160713196
115 -90.87555694580078 -0.7844715118408203
116 -91.2131118774414 -0.9646875858306885
117 -91.45003509521484 -1.1923800706863403
118 -91.72286987304688 -1.4875962734222412
119 -91.876953125 -1.7821686267852783
120 -91.9381332397461 -2.0402145385742188
121 -92.06378173828125 -2.4264612197875977
122 -92.13538360595703 -2.6404924392700195
123 -92.13362884521484 -3.0050137042999268
124 -91.9854965209961 -3.3860161304473877
125 -91.70223236083984 -3.6309523582458496
126 -91.38398742675781 -3.83711576461792
127 -91.10140228271484 -3.928647994995117
128 -90.61640930175781 -3.986614465713501
129 -90.27044677734375 -3.913473606109619
130 -90.00056457519531 -3.826432704925537
131 -89.65872955322266 -3.7732741832733154
132 -89.30130767822266 -3.723736524581909
133 -88.95388793945312 -3.649648427963257
134 -88.7164535522461 -3.5928306579589844
135 -88.47305297851562 -3.6031665802001953
136 -88.2299575805664 -3.6684024333953857
137 -88.00716400146484 -3.74320912361145
138 -87.76022338867188 -3.8642663955688477
139 -87.03414916992188 -4.17731237411499
140 -86.82351684570312 -4.211565971374512
141 -86.72431182861328 -4.194300174713135
142 -68.33444213867188 3.32725191116333
143 -68.38874053955078 3.2875373363494873
144 -68.4593505859375 3.2267682552337646
145 -68.62967681884766 3.095310688018799
146 -69.01598358154297 2.8353705406188965
147 -69.47817993164062 2.5394320487976074
148 -69.91356658935547 2.276203155517578
149 -70.2293472290039 2.1663668155670166
150 -70.69171142578125 2.081916332244873
151 -71.086669921875 2.1221401691436768
152 -71.50477600097656 2.147918701171875
153 -71.88961791992188 2.1472132205963135
154 -72.09716796875 2.201648235321045
155 -72.33670043945312 2.156399965286255
156 -72.59740447998047 2.0545010566711426
157 -72.86332702636719 1.9320478439331055
158 -73.21542358398438 1.8537205457687378
159 -73.9943618774414 1.7365275621414185
160 -74.39479064941406 1.7238237857818604
161 -74.74646759033203 1.8260939121246338
162 -75.36324310302734 2.182046890258789
163 -75.69097900390625 2.3753550052642822
164 -75.85407257080078 2.503593921661377
165 -75.9505386352539 2.7431716918945312
166 -76.03624725341797 2.9910032749176025
167 -76.0234375 3.257601737976074
168 -75.8810806274414 3.7941293716430664
169 -75.78472137451172 4.102789402008057
170 -75.70136260986328 4.419127464294434
171 -75.6497802734375 4.62178373336792
172 -75.49081420898438 4.834280014038086
173 -75.2308578491211 5.1348443031311035
174 -75.02869415283203 5.28704833984375
175 -74.86153411865234 5.458906650543213
176 -74.70228576660156 5.726130962371826
177 -74.46566772460938 6.2139081954956055
178 -74.27721405029297 6.531620502471924
179 -74.20745849609375 6.9629621505737305
180 -74.25370025634766 7.1939496994018555
181 -74.56255340576172 7.383722305297852
182 -74.84343719482422 7.621914863586426
183 -75.19483184814453 7.802204608917236
184 -75.41178894042969 7.950311183929443
185 -75.48258972167969 8.059314727783203
186 -75.51263427734375 8.31838321685791
187 -75.55313873291016 8.74193286895752
188 -75.63067626953125 8.979345321655273
189 -75.58160400390625 9.279058456420898
190 -75.50040435791016 9.456905364990234
191 -75.41107177734375 9.891095161437988
192 -75.33267974853516 10.01695728302002
193 -75.27787017822266 10.085515975952148
194 -75.18876647949219 10.377927780151367
195 -75.03173065185547 10.553740501403809
196 -74.88697052001953 10.617159843444824
197 -74.65546417236328 10.636280059814453
198 -74.27904510498047 10.436875343322754
199 -73.8669662475586 10.288991928100586
200 -73.1760025024414 10.239991188049316
201 -72.9405288696289 10.156338691711426
202 -72.57678985595703 9.857732772827148
203 -72.43140411376953 9.772866249084473
204 -72.20494079589844 9.591499328613281
205 -71.86763763427734 9.251083374023438
206 -71.59225463867188 9.030370712280273
207 -71.45808410644531 8.810262680053711
208 -71.30364227294922 8.462555885314941
209 -71.13197326660156 8.241768836975098
210 -70.98650360107422 8.120002746582031
211 -70.7103500366211 7.901863098144531
212 -70.50762939453125 7.729954242706299
213 -70.1591796875 7.478915214538574
214 -69.82545471191406 7.302609443664551
215 -69.47845458984375 7.077763557434082
216 -69.13917541503906 6.969794273376465
217 -68.76969909667969 6.895350456237793
218 -68.34938049316406 6.911695957183838
219 -68.13764190673828 6.910197734832764
220 -68.0030517578125 6.831761360168457
221 -67.77435302734375 6.634085655212402
222 -67.58003997802734 6.419408321380615
223 -67.40129089355469 6.210891246795654
224 -67.18683624267578 5.971985816955566
225 -66.99385833740234 5.73468017578125
226 -66.72493743896484 5.402204990386963
227 -66.47396087646484 5.2064924240112305
228 -66.28599548339844 5.1000142097473145
229 -55.168304443359375 -12.738530158996582
230 -55.376861572265625 -12.761103630065918
231 -55.58898162841797 -12.765542984008789
232 -55.843379974365234 -12.694585800170898
233 -55.975032806396484 -12.637046813964844
234 -56.12031173706055 -12.552748680114746
235 -56.34464645385742 -12.377532005310059
236 -56.777217864990234 -12.094058990478516
237 -57.08055114746094 -11.833803176879883
238 -57.23891830444336 -11.640534400939941
239 -57.7348518371582 -10.927734375
240 -57.86141586303711 -10.686302185058594
241 -57.910736083984375 -10.514517784118652
242 -57.93076705932617 -10.146437644958496
243 -57.9320182800293 -9.734971046447754
244 -57.970909118652344 -8.881918907165527
245 -58.00861358642578 -8.364603996276855
246 -58.01705551147461 -8.10305404663086
247 -58.094974517822266 -7.846726894378662
248 -58.226402282714844 -7.479346752166748
249 -58.302207946777344 -7.093759536743164
250 -58.368324279785156 -6.858994007110596
251 -58.52419662475586 -6.586076259613037
252 -58.84419631958008 -6.126959323883057
253 -58.998741149902344 -5.98162841796875
254 -59.21398162841797 -5.804905891418457
255 -59.401527404785156 -5.554233074188232
256 -59.56267547607422 -5.01456880569458
257 -59.54765319824219 -4.7977166175842285
258 -59.468360900878906 -4.44540548324585
259 -59.143245697021484 -3.556438446044922
260 -59.06886291503906 -3.2063443660736084
261 -59.04970932006836 -2.8691694736480713
262 -59.06300735473633 -2.6064932346343994
263 -59.137516021728516 -2.4396684169769287
264 -59.327083587646484 -2.2060670852661133
265 -59.505126953125 -2.033254861831665
266 -75.9135971069336 -1.1317086219787598
267 -75.8022689819336 -1.1943992376327515
268 -75.62360382080078 -1.177507996559143
269 -75.41947937011719 -1.237787127494812
270 -75.18692016601562 -1.435418725013733
271 -74.98360443115234 -1.6207164525985718
272 -74.7132797241211 -1.9081000089645386
273 -74.56478118896484 -2.0808606147766113
274 -74.47566986083984 -2.2616729736328125
275 -74.35720825195312 -2.5335171222686768
276 -74.23878479003906 -2.800440788269043
277 -74.0987777709961 -3.1824328899383545
278 -74.07630157470703 -3.391798734664917
279 -74.0193099975586 -4.467649936676025
280 -73.95337677001953 -4.737213134765625
281 -73.80877685546875 -5.014133930206299
282 -73.6535415649414 -5.206423759460449
283 -73.44630432128906 -5.491257667541504
284 -73.32855224609375 -5.789370059967041
285 -73.18788146972656 -6.138833045959473
286 -73.00211334228516 -6.488217830657959
287 -72.7693099975586 -6.807325839996338
288 -72.55833435058594 -7.027695655822754
289 -72.35540771484375 -7.314206600189209
290 -72.19618225097656 -7.605187892913818
291 -72.02093505859375 -7.896442413330078
292 -69.56070709228516 -12.002038955688477
293 -69.28533935546875 -12.181408882141113
294 -69.01066589355469 -12.306489944458008
295 -68.76930236816406 -12.348732948303223
296 -68.0700912475586 -12.506007194519043
297 -67.61111450195312 -12.6971435546875
298 -67.21410369873047 -12.920462608337402
299 -66.92240905761719 -13.042021751403809
300 -66.66236114501953 -13.054316520690918
301 -66.3689193725586 -12.98913288116455
302 -66.06340026855469 -12.769400596618652
303 -65.78727722167969 -12.398378372192383
304 -65.4970932006836 -11.961438179016113
305 -65.3585205078125 -11.601320266723633
306 -65.36650085449219 -11.295661926269531
307 -65.42578887939453 -11.069581985473633
308 -65.5994873046875 -10.855971336364746
309 -65.85398864746094 -10.666250228881836
310 -66.08949279785156 -10.495643615722656
311 -66.35529327392578 -10.407556533813477
312 -66.58847045898438 -10.35555362701416
313 -66.83446502685547 -10.315211296081543
314 -67.20890808105469 -10.140116691589355
315 -67.4787826538086 -10.04332160949707
316 -67.80081939697266 -9.983297348022461
317 -68.02640533447266 -9.932287216186523
318 -68.44570922851562 -10.016857147216797
319 -68.78113555908203 -10.147735595703125
320 -69.36860656738281 -10.32754898071289
321 -69.75376892089844 -10.39746379852295
322 -69.96569061279297 -10.38137149810791
323 -70.11117553710938 -10.255999565124512
324 -70.08770751953125 -9.948003768920898
325 -70.0551528930664 -9.513218879699707
326 -69.98408508300781 -9.240243911743164
327 -69.90552520751953 -8.95958423614502
328 -69.8199234008789 -8.614175796508789
329 -69.70542907714844 -8.239965438842773
330 -69.6286849975586 -8.06338119506836
331 -69.52970123291016 -7.895798206329346
332 -69.41764068603516 -7.721529960632324
333 -65.60442352294922 0.6964659094810486
334 -65.36344909667969 1.0934659242630005
335 -65.19896697998047 1.3638237714767456
336 -64.99410247802734 1.6992130279541016
337 -64.86475372314453 1.9119035005569458
338 -64.62552642822266 2.092496395111084
339 -64.3692855834961 2.1317203044891357
340 -64.17240905761719 2.0323472023010254
341 -63.97433090209961 1.842634677886963
342 -63.66532897949219 1.6129469871520996
343 -63.370994567871094 1.215487003326416
344 -63.18149185180664 0.8582111597061157
345 -63.010353088378906 0.4832201302051544
346 -62.9612922668457 0.1766815483570099
347 -62.87482452392578 -0.047533705830574036
348 -62.8322868347168 -0.21118758618831635
349 -62.84495544433594 -0.41390281915664673
350 -62.91339874267578 -0.7378044128417969
351 -63.10483169555664 -1.1543447971343994
352 -63.256900787353516 -1.4297962188720703
353 -63.62413024902344 -1.9647685289382935
354 -63.83951187133789 -2.2247025966644287
355 -64.05730438232422 -2.485180616378784
356 -64.27894592285156 -2.685128927230835
357 -64.5152816772461 -2.815687656402588
358 -64.84126281738281 -2.976168394088745
359 -65.10504150390625 -3.1191446781158447
360 -65.2027816772461 -3.1742591857910156
361 -65.42481994628906 -3.3254899978637695
362 -79.08563232421875 -11.654966354370117
363 -79.31069946289062 -11.99566650390625
364 -79.40204620361328 -12.237698554992676
365 -79.32105255126953 -12.380477905273438
366 -79.07142639160156 -12.65502643585205
367 -78.91779327392578 -12.823653221130371
368 -78.71097564697266 -12.900430679321289
369 -78.37709045410156 -12.856563568115234
370 -78.1183853149414 -12.775821685791016
371 -77.86190795898438 -12.76109504699707
372 -77.57160949707031 -12.868561744689941
373 -77.3829345703125 -12.977715492248535
374 -76.97505187988281 -13.217873573303223
375 -76.75720977783203 -13.307270050048828
376 -73.84366607666016 -14.8211669921875
377 -73.70491027832031 -14.872391700744629
378 -73.55712890625 -14.91443157196045
379 -73.35112762451172 -14.970760345458984
380 -63.14419937133789 -17.3483829498291
381 -63.07743835449219 -17.559459686279297
382 -63.029869079589844 -17.729724884033203
383 -62.965171813964844 -18.00393295288086
384 -62.878562927246094 -18.36094856262207
385 -62.87737274169922 -18.636825561523438
386 -62.89860916137695 -19.1624813079834
387 -62.946327209472656 -19.54267692565918
388 -62.94103240966797 -19.83180046081543
389 -62.92167663574219 -20.280826568603516
390 -62.88996124267578 -20.714866638183594
391 -62.841678619384766 -21.01886749267578
392 -62.65839385986328 -21.538915634155273
393 -62.45122528076172 -21.88874053955078
394 -62.21364974975586 -22.05331802368164
395 -62.01795959472656 -22.008316040039062
396 -61.49119567871094 -21.731416702270508
397 -61.17231369018555 -21.623920440673828
398 -61.00759506225586 -21.526750564575195
399 -60.614749908447266 -21.257936477661133
400 -60.401241302490234 -21.00728416442871
401 -60.25092315673828 -20.854982376098633
402 -60.031471252441406 -20.66225814819336
403 -59.70280075073242 -20.324525833129883
404 -59.50127029418945 -20.076492309570312
405 -59.24223327636719 -19.72109031677246
406 -59.150169372558594 -19.545352935791016
407 -59.16682052612305 -19.31576919555664
408 -59.210548400878906 -18.915760040283203
409 -59.4187126159668 -18.062206268310547
410 -59.59064483642578 -17.585412979125977
411 -59.74337387084961 -17.275409698486328
412 -59.88399887084961 -17.03966522216797
413 -60.14516830444336 -16.714752197265625
414 -60.31418991088867 -16.4704647064209
415 -60.41841506958008 -16.24406623840332
416 -60.40058898925781 -15.938262939453125
417 -60.33750534057617 -15.669020652770996
418 -60.28514862060547 -15.43790054321289
419 -60.23576354980469 -15.251169204711914
420 -60.21266555786133 -14.90964412689209
421 -78.32282257080078 -2.3756661415100098
422 -78.39683532714844 -2.5581610202789307
423 -78.45390319824219 -2.638465404510498
424 -78.56333923339844 -2.7369883060455322
425 -79.07003021240234 -2.970625162124634
426 -82.43630981445312 -4.021307945251465
427 -82.6805419921875 -4.084934711456299
428 -82.93364715576172 -4.176398754119873
429 -83.30075073242188 -4.232364654541016
430 -83.62688446044922 -4.277897834777832
431 -83.92807006835938 -4.391732692718506
432 -84.27288055419922 -4.970973491668701
433 -84.35933685302734 -5.297975063323975
434 -84.39961242675781 -5.505815505981445
435 -84.41458129882812 -5.90435266494751
436 -84.44921875 -6.198235034942627
437 -84.54651641845703 -6.5190510749816895
438 -84.64945220947266 -6.721416473388672
439 -84.82996368408203 -7.045493125915527
440 -84.93524932861328 -7.231288909912109
441 -85.23675537109375 -7.4964599609375
442 -85.48540496826172 -7.714572906494141
443 -85.65595245361328 -7.909013271331787
444 -85.70398712158203 -8.193713188171387
445 -85.71949768066406 -8.343903541564941
446 -85.76618957519531 -8.502792358398438
447 -85.95331573486328 -8.771315574645996
448 -86.03961181640625 -8.980810165405273
449 -86.07732391357422 -9.305344581604004
450 -86.16414642333984 -9.757692337036133
451 -86.35509490966797 -10.366153717041016
452 -86.40689849853516 -10.809734344482422
453 -86.45225524902344 -11.289729118347168
454 -86.50909423828125 -11.689414024353027
455 -86.50406646728516 -11.898439407348633
456 -86.03729248046875 -12.432748794555664
457 -85.84969329833984 -12.665580749511719
458 -85.71392059326172 -12.743947982788086
459 -85.29413604736328 -12.78779411315918
460 -85.08736419677734 -12.809873580932617
461 -84.92813110351562 -12.848186492919922
462 -76.177490234375 -11.602640151977539
463 -75.9385986328125 -11.637362480163574
464 -75.61995697021484 -11.656102180480957
465 -75.30070495605469 -11.68116283416748
466 -74.50838470458984 -11.673911094665527
467 -74.16648864746094 -11.690078735351562
468 -73.9735107421875 -11.864283561706543
469 -73.8516845703125 -12.24975872039795
470 -73.93936157226562 -12.558328628540039
471 -74.04255676269531 -12.81518268585205
472 -74.21672821044922 -13.048080444335938
473 -74.54769897460938 -13.39905834197998
474 -74.7633285522461 -13.561546325683594
475 -75.0577392578125 -13.841975212097168
476 -75.27934265136719 -14.025233268737793
477 -75.45791625976562 -14.23105239868164
478 -75.89427947998047 -14.718084335327148
479 -76.00906372070312 -14.945520401000977
480 -76.10314178466797 -15.049260139465332
481 -76.30266571044922 -15.20153522491455
482 -76.4891128540039 -15.379342079162598
483 -76.7724838256836 -15.629298210144043
484 -77.02033233642578 -15.809849739074707
485 -77.1176986694336 -15.929696083068848
486 -77.35906982421875 -16.401887893676758
487 -77.49658203125 -16.55438804626465
488 -77.73810577392578 -16.774232864379883
489 -78.0480728149414 -17.034650802612305
490 -78.26893615722656 -17.26829719543457
491 -78.4600830078125 -17.566274642944336
492 -78.51277160644531 -17.643503189086914
493 -78.70761108398438 -17.776350021362305
494 -79.14458465576172 -18.066402435302734
495 -79.26213073730469 -18.145524978637695
496 -79.7464599609375 -18.166419982910156
497 -80.18994140625 -18.180133819580078
498 -80.4309310913086 -18.172882080078125
499 -80.64656829833984 -18.135272979736328
500 -80.82640075683594 -17.945619583129883
501 -81.07059478759766 -17.762449264526367
502 -81.40695190429688 -17.580232620239258
503 -81.6079330444336 -17.439510345458984
504 -81.81253814697266 -17.305925369262695
505 -82.04082489013672 -17.142026901245117
506 -82.26372528076172 -17.048826217651367
507 -82.48486328125 -16.975690841674805
508 -82.72201538085938 -16.878713607788086
509 -83.12887573242188 -16.64325714111328
510 -83.39656066894531 -16.451393127441406
511 -83.70063018798828 -16.238506317138672
512 -83.96817016601562 -15.988975524902344
513 -84.1935043334961 -15.799208641052246
514 -84.42640686035156 -15.68958568572998
515 -84.91386413574219 -15.604958534240723
516 -85.30457305908203 -15.531539916992188
517 -85.65997314453125 -15.618131637573242
518 -86.00557708740234 -15.698103904724121
519 -86.1585693359375 -15.771702766418457
520 -86.30609893798828 -15.88552188873291
521 -86.5086898803711 -16.091304779052734
522 -86.79454040527344 -16.3773193359375
523 -87.0440902709961 -16.66095733642578
524 -87.09005737304688 -16.99119758605957
525 -87.03868103027344 -17.296031951904297
526 -86.92625427246094 -17.695709228515625
527 -86.77652740478516 -17.946680068969727
528 -86.63516235351562 -18.136903762817383
529 -86.47611999511719 -18.321956634521484
530 -86.36222839355469 -18.522462844848633
531 -86.15998077392578 -18.607250213623047
532 -85.80744934082031 -18.654172897338867
533 -85.44613647460938 -18.80141830444336
534 -85.18305969238281 -18.900480270385742
535 -84.9117202758789 -19.00425910949707
536 -84.60938262939453 -19.148597717285156
537 -83.9928207397461 -19.402463912963867
538 -83.8025131225586 -19.505712509155273
539 -83.4121322631836 -19.760019302368164
540 -83.12637329101562 -19.968624114990234
541 -83.11697387695312 -20.1249942779541
542 -82.9959945678711 -20.34378433227539
543 -82.93095397949219 -20.626461029052734
544 -82.85823059082031 -20.9637508392334
545 -82.80288696289062 -21.202585220336914
546 -82.73408508300781 -21.370986938476562
547 -82.50297546386719 -21.57889747619629
548 -82.2684326171875 -21.7401180267334
549 -81.99292755126953 -21.870519638061523
550 -81.68717193603516 -21.989364624023438
551 -81.37413787841797 -21.98485565185547
552 -81.08618927001953 -21.82779312133789
553 -80.87252807617188 -21.674072265625
554 -80.74797058105469 -21.515371322631836
555 -80.66795349121094 -21.224895477294922
556 -80.5923843383789 -20.935529708862305
557 -71.13587188720703 -5.046682834625244
558 -71.07772064208984 -4.717197418212891
559 -71.05691528320312 -4.46186637878418
560 -71.08208465576172 -4.241041660308838
561 -71.25527954101562 -3.97861909866333
562 -71.48869323730469 -3.71386981010437
563 -71.83088684082031 -3.4793646335601807
564 -71.97911071777344 -3.212100028991699
565 -72.02046203613281 -2.966352939605713
566 -72.04275512695312 -2.5821871757507324
567 -72.1260757446289 -2.2621355056762695
568 -72.23866271972656 -2.044485330581665
569 -72.37335968017578 -1.787416696548462
570 -72.45257568359375 -1.5598294734954834
571 -72.54863739013672 -1.3493125438690186
572 -72.6176986694336 -1.1510260105133057
573 -72.56873321533203 -0.9282418489456177
574 -72.45484924316406 -0.6983572244644165
575 -72.24107360839844 -0.6671055555343628
576 -71.98685455322266 -0.6954481601715088
577 -71.65227508544922 -0.7062322497367859
578 -71.22720336914062 -0.8024232983589172
579 -71.06331634521484 -0.8874192237854004
580 -70.71215057373047 -1.2216559648513794
581 -70.30400848388672 -1.6238770484924316
582 -70.1103286743164 -1.8030458688735962
583 -69.95716857910156 -1.9321337938308716
584 -69.66352844238281 -1.927146553993225
585 -69.1259994506836 -1.8482787609100342
586 -68.64729309082031 -1.780920147895813
587 -68.2823257446289 -1.7098973989486694
588 -67.8480453491211 -1.609696388244629
589 -67.62718200683594 -1.458962321281433
590 -67.53067779541016 -1.284501075744629
591 -67.50182342529297 -1.072130799293518
592 -67.57743072509766 -0.763009786605835
593 -67.72633361816406 -0.4735918343067169
594 -67.94830322265625 -0.11905282735824585
595 -68.2928237915039 -0.03537823259830475
596 -68.6050796508789 -0.009182162582874298
597 -76.2317123413086 -3.8206536769866943
598 -76.51824951171875 -4.026856899261475
599 -76.62371063232422 -4.164894104003906
600 -76.98870086669922 -4.470347881317139
601 -78.69148254394531 -6.948166370391846
602 -78.7722396850586 -7.215551853179932
603 -78.73491668701172 -7.466579914093018
604 -78.60123443603516 -7.771686553955078
605 -78.45450592041016 -8.039661407470703
606 -78.33777618408203 -8.259733200073242
607 -78.2924575805664 -8.439332962036133
608 -78.22500610351562 -8.735199928283691
609 -78.23230743408203 -9.122722625732422
610 -78.21482849121094 -9.546331405639648
611 -78.09742736816406 -9.73709487915039
612 -77.5855484008789 -10.059455871582031
613 -77.4583511352539 -10.146645545959473
614 -77.28976440429688 -10.231086730957031
615 -77.03001403808594 -10.227922439575195
616 -76.44557189941406 -10.084457397460938
617 -75.82357025146484 -9.920504570007324
618 -74.58405303955078 -9.516898155212402
619 -74.23824310302734 -9.498822212219238
620 -73.73787689208984 -9.50988483428955
621 -73.33566284179688 -9.64722728729248
622 -72.98236846923828 -9.884085655212402
623 -72.62608337402344 -10.094303131103516
624 -72.36791229248047 -10.298137664794922
625 -72.30751037597656 -10.405884742736816
626 -72.1424331665039 -10.627860069274902
627 -72.04525756835938 -10.837946891784668
628 -71.96802520751953 -10.979318618774414
629 -71.97306823730469 -11.143768310546875
630 -71.99105072021484 -11.316487312316895
631 -74.54139709472656 -16.88726806640625
632 -74.6845932006836 -17.300174713134766
633 -74.7617416381836 -17.527019500732422
634 -74.87394714355469 -17.742650985717773
635 -74.99894714355469 -17.90966796875
636 -75.24899291992188 -18.18062400817871
637 -75.51139068603516 -18.44890594482422
638 -75.6422119140625 -18.595989227294922
639 -75.9111099243164 -18.89458656311035
640 -76.1788330078125 -19.16360092163086
641 -76.31819915771484 -19.29819107055664
642 -76.47825622558594 -19.461851119995117
643 -76.58759307861328 -19.5908203125
644 -76.8141098022461 -19.846046447753906
645 -77.07242584228516 -20.09480094909668
646 -77.45124816894531 -20.352222442626953
647 -77.79711151123047 -20.53428077697754
648 -78.11175537109375 -20.7773494720459
649 -78.2784194946289 -20.959671020507812
650 -78.26818084716797 -21.146137237548828
651 -78.21995544433594 -21.527591705322266
652 -78.1466293334961 -21.811695098876953
653 -78.00731658935547 -22.301118850708008
654 -77.84844970703125 -22.762203216552734
655 -77.74219512939453 -23.008426666259766
656 -77.62141418457031 -23.279598236083984
657 -77.52667236328125 -23.587581634521484
658 -77.35869598388672 -23.882591247558594
659 -77.29641723632812 -24.064857482910156
660 -77.14204406738281 -24.19977378845215
661 -76.98663330078125 -24.398975372314453
662 -76.66272735595703 -24.559175491333008
663 -76.07328033447266 -24.740203857421875
664 -75.74797058105469 -24.74725341796875
665 -75.57487487792969 -24.716238021850586
666 -75.3598403930664 -24.676469802856445
667 -75.19615173339844 -24.456520080566406
668 -74.90792083740234 -24.051523208618164
669 -74.7536849975586 -23.766263961791992
670 -74.62003326416016 -23.51009750366211
671 -74.56356048583984 -23.277326583862305
672 -74.56864929199219 -23.02817153930664
673 -74.70045471191406 -22.66950225830078
674 -74.8987808227539 -22.2331485748291
675 -74.8623275756836 -21.985851287841797
676 -74.7726058959961 -21.73890495300293
677 -74.49706268310547 -21.6323299407959
678 -73.58769226074219 -21.381711959838867
679 -73.33008575439453 -21.29607391357422
680 -72.73782348632812 -21.063142776489258
681 -72.16481018066406 -20.941146850585938
682 -71.86305236816406 -20.877853393554688
683 -71.67578887939453 -20.682636260986328
684 -71.45555877685547 -20.46636390686035
685 -71.40126037597656 -20.264911651611328
686 -71.52037811279297 -20.023147583007812
687 -71.73561096191406 -19.81011390686035
688 -71.99292755126953 -19.569252014160156
689 -72.35070037841797 -19.357952117919922
690 -72.70157623291016 -19.180952072143555
691 -73.08814239501953 -19.049583435058594
692 -73.2716064453125 -19.071657180786133
693 -73.69287109375 -19.152057647705078
694 -74.026611328125 -19.183048248291016
695 -79.02606964111328 -15.443013191223145
696 -79.13195037841797 -15.336770057678223
697 -79.44835662841797 -15.17873764038086
698 -79.6930923461914 -15.049912452697754
699 -80.11111450195312 -14.800850868225098
700 -80.37510681152344 -14.580235481262207
701 -80.59327697753906 -14.585001945495605
702 -80.74153137207031 -14.640949249267578
703 -80.95631408691406 -14.79200267791748
704 -81.2260971069336 -14.84656047821045
705 -81.50587463378906 -14.812173843383789
706 -81.76166534423828 -14.68392562866211
707 -82.03553009033203 -14.40471076965332
708 -82.14179229736328 -14.16256046295166
709 -82.1363525390625 -13.957002639770508
710 -82.0189437866211 -13.560500144958496
711 -82.02397155761719 -13.303252220153809
712 -81.8860092163086 -12.860782623291016
713 -81.83116912841797 -12.671485900878906
714 -81.98748016357422 -12.322303771972656
715 -82.08457946777344 -12.016146659851074
716 -82.16870880126953 -11.800544738769531
717 -82.35012817382812 -11.639815330505371
718 -82.5628433227539 -11.504311561584473
719 -82.90865325927734 -11.44221019744873
720 -83.2332534790039 -11.300081253051758
721 -83.3366928100586 -11.199201583862305
722 -83.52812957763672 -10.97607421875
723 -83.72967529296875 -10.718262672424316
724 -83.68050384521484 -10.512260437011719
725 -83.56088256835938 -10.1928071975708
726 -83.3399887084961 -9.79931354522705
727 -82.93126678466797 -9.169327735900879
728 -82.75000762939453 -8.750720977783203
729 -82.66617584228516 -8.362133026123047
730 -82.59403991699219 -8.131210327148438
731 -82.47299194335938 -7.849293231964111
732 -82.3497314453125 -7.644704818725586
733 -82.03910827636719 -7.313534736633301
734 -81.71910095214844 -7.083631992340088
735 -81.55863952636719 -6.997687816619873
736 -81.42906951904297 -7.021893501281738
737 -81.33904266357422 -7.1913161277771
738 -81.17646026611328 -7.5694661140441895
739 -81.096923828125 -8.072237014770508
740 -80.95756530761719 -8.73173713684082
741 -80.84962463378906 -8.99789047241211
742 -80.68812561035156 -9.184049606323242
743 -80.56036376953125 -9.439434051513672
744 -80.39405059814453 -9.676653861999512
745 -80.29212188720703 -9.899786949157715
746 -66.49089813232422 -27.180810928344727
747 -66.36087036132812 -27.223905563354492
748 -66.2066879272461 -27.18717384338379
749 -65.99198150634766 -27.080467224121094
750 -65.763671875 -26.91322135925293
751 -65.40837097167969 -26.593137741088867
752 -65.1053237915039 -26.37029266357422
753 -64.99343872070312 -26.170530319213867
754 -65.05718994140625 -25.934720993041992
755 -65.02870178222656 -25.593727111816406
756 -65.1427230834961 -25.255990982055664
757 -65.23355865478516 -25.073732376098633
758 -65.33094787597656 -24.831207275390625
759 -65.4513931274414 -24.559932708740234
760 -65.62745666503906 -24.262704849243164
761 -65.75981140136719 -23.983375549316406
762 -65.83049774169922 -23.889253616333008
763 -76.15849304199219 -8.623128890991211
764 -76.11524200439453 -8.48299789428711
765 -76.02444458007812 -8.391840934753418
766 -75.02302551269531 -7.923038005828857
767 -74.8778305053711 -7.786551475524902
768 -74.77129364013672 -7.554094314575195
769 -74.88037872314453 -7.326230525970459
770 -75.0317611694336 -7.120646953582764
771 -75.39634704589844 -6.932122230529785
772 -75.66632843017578 -6.7728590965271
773 -76.01808166503906 -6.497314453125
774 -76.66865539550781 -6.162649631500244
775 -77.00581359863281 -6.032882213592529
776 -77.25138854980469 -5.9363532066345215
777 -77.50275421142578 -5.838327407836914
778 -77.80047607421875 -5.7561774253845215
779 -78.20404052734375 -5.631047248840332
780 -78.69195556640625 -5.526829719543457
781 -78.94380187988281 -5.430141448974609
782 -79.23912811279297 -5.385311126708984
783 -79.4840087890625 -5.35023832321167
784 -79.92012786865234 -5.259834289550781
785 -80.1890869140625 -5.114156246185303
786 -80.41895294189453 -4.936675071716309
787 -80.60892486572266 -4.689755439758301
788 -80.78582763671875 -4.36482572555542
789 -80.88874816894531 -4.013718605041504
790 -80.92585754394531 -3.778165578842163
791 -80.95716857910156 -3.53831148147583
792 -80.9454345703125 -3.3049001693725586
793 -80.92777252197266 -2.8728368282318115
794 -80.9670639038086 -2.3802490234375
795 -81.00153350830078 -2.0973124504089355
796 -81.03517150878906 -1.5950859785079956
797 -80.94888305664062 -0.8672400116920471
798 -80.8171615600586 -0.3649549186229706
799 -80.75267028808594 -0.10658545792102814
800 -80.71228790283203 0.17520973086357117
801 -80.64337921142578 0.491802841424942
802 -80.45867156982422 0.9794510006904602
803 -80.37368774414062 1.231863021850586
804 -80.28083801269531 1.5978797674179077
805 -80.23176574707031 1.9417955875396729
806 -80.29462432861328 2.4729466438293457
807 -80.35240173339844 2.674860715866089
808 -80.52986145019531 2.8123531341552734
809 -80.80309295654297 3.0049147605895996
810 -81.0905532836914 3.3464560508728027
811 -81.25357055664062 3.5613999366760254
812 -81.42939758300781 3.8206961154937744
813 -81.51031494140625 4.010432243347168
814 -81.63994598388672 4.381471157073975
815 -81.77851867675781 4.760161876678467
816 -81.8476791381836 4.929788112640381
817 -81.97135162353516 5.231303691864014
818 -82.10230255126953 5.500988960266113
819 -82.29722595214844 5.58906888961792
820 -82.72986602783203 5.664576053619385
821 -83.11272430419922 5.7669572830200195
822 -83.35464477539062 5.80433988571167
823 -83.54215240478516 5.782412052154541
824 -83.70243072509766 5.527364253997803
825 -83.88702392578125 5.123733043670654
826 -84.16124725341797 4.714119911193848
827 -84.40326690673828 4.527100563049316
828 -84.67315673828125 4.49958610534668
829 -85.04444885253906 4.681005954742432
830 -85.33114624023438 4.9196624755859375
831 -85.52411651611328 5.135596752166748
832 -85.72925567626953 5.270833969116211
833 -85.93904876708984 5.306293964385986
834 -86.317138671875 5.26747465133667
835 -86.60647583007812 5.2180657386779785
836 -86.9125747680664 5.23279333114624
837 -87.12529754638672 5.222102642059326
838 -87.48399353027344 5.211160659790039
839 -87.92131042480469 5.154360771179199
840 -88.10581970214844 5.1260480880737305
841 -88.1843032836914 4.939462184906006
842 -88.3978500366211 4.530011177062988
843 -88.630859375 4.106390953063965
844 -88.72848510742188 3.799271583557129
845 -88.73043823242188 3.621736764907837
846 -69.41555786132812 -5.6973724365234375
847 -69.30785369873047 -5.57763671875
848 -69.16078186035156 -5.40365743637085
849 -68.94792938232422 -5.058532238006592
850 -68.76171875 -4.826819896697998
851 -68.4089584350586 -4.682784080505371
852 -68.05119323730469 -4.62296199798584
853 -67.83088684082031 -4.767482280731201
854 -67.5534896850586 -5.002140522003174
855 -67.32511138916016 -5.172125339508057
856 -67.13379669189453 -5.453022003173828
857 -67.06777954101562 -5.588241100311279
858 -67.0829086303711 -5.8321614265441895
859 -67.09918975830078 -6.082061290740967
860 -66.88160705566406 -6.659614562988281
861 -66.50334930419922 -6.969109058380127
862 -66.23538208007812 -7.077010631561279
863 -65.88248443603516 -7.063927173614502
864 -65.6322021484375 -6.985827922821045
865 -65.07962799072266 -6.411050319671631
866 -64.74491119384766 -6.169891357421875
867 -64.37227630615234 -6.001585960388184
868 -64.0677261352539 -5.954845905303955
869 -63.75263595581055 -5.986709117889404
870 -63.556148529052734 -6.013626575469971
871 -63.40737533569336 -6.104496002197266
872 -63.1775016784668 -6.283785820007324
873 -63.135929107666016 -6.823606014251709
874 -62.98788070678711 -7.216358661651611
875 -62.86788558959961 -7.473359107971191
876 -62.587825775146484 -8.0003080368042
877 -62.44918441772461 -8.35231876373291
878 -62.380069732666016 -8.674811363220215
879 -62.3199348449707 -8.928899765014648
880 -62.356605529785156 -9.187369346618652
881 -62.426795959472656 -9.50122356414795
882 -62.45097351074219 -9.745505332946777
883 -62.44648742675781 -10.087355613708496
884 -62.46470642089844 -10.236946105957031
885 -80.44876098632812 -26.268840789794922
886 -80.64099884033203 -26.05376625061035
887 -80.98360443115234 -25.53314971923828
888 -81.11494445800781 -25.272315979003906
889 -81.21318817138672 -25.08439064025879
890 -81.35507202148438 -24.881702423095703
891 -81.57737731933594 -24.64221954345703
892 -82.05010223388672 -24.242782592773438
893 -82.32899475097656 -24.2667179107666
894 -82.75108337402344 -24.65971565246582
895 -82.933349609375 -24.9249324798584
896 -82.9840087890625 -25.173643112182617
897 -82.99259185791016 -25.728504180908203
898 -83.01423645019531 -26.465187072753906
899 -82.9999008178711 -26.882431030273438
900 -83.1218490600586 -27.251850128173828
901 -83.28425598144531 -27.43134307861328
902 -83.4336166381836 -27.616525650024414
903 -83.6871337890625 -27.812620162963867
904 -84.00292205810547 -27.937686920166016
905 -84.28958892822266 -28.01322364807129
906 -84.59201049804688 -28.04070281982422
907 -84.82572937011719 -27.905075073242188
908 -84.96215057373047 -27.735164642333984
909 -85.15714263916016 -27.560577392578125
910 -85.40444946289062 -27.407346725463867
911 -85.5563735961914 -27.25054359436035
912 -85.68142700195312 -26.934703826904297
913 -85.86000061035156 -26.552295684814453
914 -86.02279663085938 -26.21446990966797
915 -86.0601806640625 -25.956897735595703
916 -85.95716857910156 -25.683320999145508
917 -85.79659271240234 -25.469589233398438
918 -85.20967102050781 -24.81454849243164
919 -84.99446105957031 -24.584177017211914
920 -85.02709197998047 -24.4240779876709
921 -85.12225341796875 -24.181140899658203
922 -85.3205337524414 -23.815387725830078
923 -85.67097473144531 -23.223066329956055
924 -85.91673278808594 -22.971845626831055
925 -86.21885681152344 -22.729219436645508
926 -86.44738006591797 -22.598377227783203
927 -86.5765380859375 -22.513574600219727
928 -86.6856460571289 -22.255502700805664
929 -86.8324966430664 -21.76990509033203
930 -86.90180969238281 -21.49786376953125
931 -87.09233093261719 -21.12970542907715
932 -87.39144897460938 -20.782468795776367
933 -87.61185455322266 -20.509607315063477
934 -87.76990509033203 -20.28060531616211
935 -87.97318267822266 -20.203266143798828
936 -88.32329559326172 -20.042665481567383
937 -88.47865295410156 -19.95623207092285
938 -88.7339859008789 -19.966917037963867
939 -88.92208862304688 -19.977697372436523
940 -89.2765884399414 -20.05295181274414
941 -89.7132797241211 -20.158029556274414
942 -90.14153289794922 -20.303482055664062
943 -90.44747924804688 -20.398780822753906
944 -90.62360382080078 -20.397905349731445
945 -90.91719818115234 -20.28094482421875
946 -91.21641540527344 -20.10283660888672
947 -91.30233764648438 -19.851009368896484
948 -91.32257843017578 -19.544628143310547
949 -91.3626937866211 -19.287946701049805
950 -91.34295654296875 -19.03774070739746
951 -91.22003936767578 -18.540205001831055
952 -91.22152709960938 -17.944639205932617
953 -91.17975616455078 -17.58894157409668
954 -91.11202239990234 -17.210575103759766
955 -90.98857879638672 -16.834156036376953
956 -90.88717651367188 -16.392478942871094
957 -90.78112030029297 -16.011781692504883
958 -90.68846130371094 -15.70215892791748
959 -90.6335220336914 -15.48192024230957
960 -90.54353332519531 -15.197283744812012
961 -90.3292007446289 -14.733205795288086
962 -90.15054321289062 -14.45323657989502
963 -90.0450210571289 -14.188211441040039
964 -89.89726257324219 -13.737714767456055
965 -89.80964660644531 -13.271872520446777
966 -89.76680755615234 -12.874210357666016
967 -89.74772644042969 -12.576455116271973
968 -89.8356704711914 -12.110114097595215
969 -89.98994445800781 -11.637578010559082
970 -90.3886489868164 -10.677935600280762
971 -90.50889587402344 -10.417411804199219
972 -90.6751480102539 -10.16589641571045
973 -90.86444091796875 -9.89648723602295
974 -90.98481750488281 -9.769389152526855
975 -91.26386260986328 -9.508623123168945
976 -91.49838256835938 -9.3231840133667
977 -91.80337524414062 -9.182806015014648
978 -92.0655288696289 -9.091257095336914
979 -92.36843872070312 -9.120415687561035
980 -92.67414093017578 -9.328479766845703
981 -92.85381317138672 -9.509174346923828
982 -92.98310852050781 -9.642980575561523
983 -93.3440170288086 -10.16661548614502
984 -93.67049407958984 -10.709449768066406
985 -93.76724243164062 -10.9483003616333
986 -93.8490219116211 -11.219975471496582
987 -93.9328384399414 -11.545663833618164
988 -94.09659576416016 -11.934804916381836
989 -94.19196319580078 -12.23681926727295
990 -94.26172637939453 -12.574219703674316
991 -94.2397689819336 -12.951456069946289
992 -94.16363525390625 -13.38271427154541
993 -94.14765167236328 -13.468994140625
994 -94.08155822753906 -13.676359176635742
995 -93.9521713256836 -14.146402359008789
996 -93.87844848632812 -14.393681526184082
997 -93.73905181884766 -14.626212120056152
998 -93.652099609375 -14.809139251708984
999 -93.6233901977539 -14.907382011413574
