0 -61.31657409667969 -60.84502029418945
1 -61.30889129638672 -60.936275482177734
2 -61.2739143371582 -61.06354522705078
3 -61.19407653808594 -61.29756546020508
4 -61.08137893676758 -61.614498138427734
5 -60.95978546142578 -62.061954498291016
6 -60.871788024902344 -62.60462188720703
7 -60.85295104980469 -63.00869369506836
8 -60.85966491699219 -63.620723724365234
9 -60.79619216918945 -63.82825469970703
10 -60.759918212890625 -64.0949478149414
11 -60.70242691040039 -64.28263092041016
12 -60.51886749267578 -64.42517852783203
13 -60.21202850341797 -64.44412231445312
14 -59.898704528808594 -64.43937683105469
15 -59.48416519165039 -64.40806579589844
16 -48.73261260986328 -57.121341705322266
17 -48.37055969238281 -56.97247314453125
18 -48.07603454589844 -56.865177154541016
19 -47.71384811401367 -56.84518051147461
20 -46.94917297363281 -56.94945526123047
21 -46.65015411376953 -56.97899627685547
22 -46.462764739990234 -56.9100341796875
23 -46.20044708251953 -56.795345306396484
24 -45.969669342041016 -56.69955062866211
25 -45.70566177368164 -56.307682037353516
26 -45.451087951660156 -55.962196350097656
27 -45.24282455444336 -55.6153450012207
28 -44.831565856933594 -55.12635040283203
29 -44.70541000366211 -54.82512283325195
30 -44.62530517578125 -54.52191925048828
31 -44.784393310546875 -54.29167175292969
32 -45.047237396240234 -54.049564361572266
33 -45.19008255004883 -53.9205436706543
34 -45.472652435302734 -53.71966552734375
35 -45.584228515625 -53.59147262573242
36 -49.93040466308594 -44.73888397216797
37 -50.03247833251953 -44.57965087890625
38 -50.15034103393555 -44.354736328125
39 -50.34555435180664 -43.8244514465332
40 -50.516700744628906 -43.30160903930664
41 -50.63897705078125 -43.1796875
42 -51.00730514526367 -43.091392517089844
43 -51.532588958740234 -43.06244659423828
44 -51.6450309753418 -43.07925033569336
45 -51.86891555786133 -43.060848236083984
46 -52.257442474365234 -43.014766693115234
47 -52.53911209106445 -42.978546142578125
48 -52.880615234375 -42.96781539916992
49 -53.218109130859375 -42.89567947387695
50 -53.314231872558594 -42.752685546875
51 -53.24077224731445 -42.45356369018555
52 -53.14302062988281 -42.0893669128418
53 -53.03810501098633 -41.75656509399414
54 -52.94044494628906 -41.334678649902344
55 -52.935367584228516 -41.17978286743164
56 -52.94960021972656 -40.89531707763672
57 -52.984500885009766 -40.5637092590332
58 -53.01064682006836 -40.381263732910156
59 -53.03164291381836 -39.89401626586914
60 -53.0068473815918 -39.55825424194336
61 -52.7332649230957 -39.317630767822266
62 -52.451683044433594 -39.229217529296875
63 -52.106266021728516 -39.28365707397461
64 -51.62614059448242 -39.45834732055664
65 -51.28223419189453 -39.520652770996094
66 -51.04286193847656 -39.50973129272461
67 -50.901187896728516 -39.43773651123047
68 -50.718238830566406 -39.281707763671875
69 -50.50535202026367 -39.024173736572266
70 -50.39639663696289 -38.79629898071289
71 -50.416324615478516 -37.987159729003906
72 -50.37971496582031 -37.699832916259766
73 -50.2188720703125 -37.22435760498047
74 -50.09542465209961 -36.82636260986328
75 -50.01972198486328 -36.2971305847168
76 -49.986083984375 -35.81179428100586
77 -49.991844177246094 -35.26197814941406
78 -50.17369842529297 -35.12459945678711
79 -50.84276580810547 -34.89545822143555
80 -51.45043182373047 -34.80031204223633
81 -51.68467330932617 -34.805938720703125
82 -51.92329025268555 -34.847999572753906
83 -52.15816116333008 -34.98942565917969
84 -52.477481842041016 -35.20610809326172
85 -52.88113784790039 -35.52572250366211
86 -53.14063262939453 -35.807769775390625
87 -53.31184005737305 -36.02646255493164
88 -53.42809295654297 -36.24452209472656
89 -53.495697021484375 -36.45247268676758
90 -53.4200439453125 -36.63432312011719
91 -53.32779312133789 -36.857574462890625
92 -30.88802719116211 -46.286678314208984
93 -30.82623863220215 -46.21249008178711
94 -30.621912002563477 -46.01506805419922
95 -30.558349609375 -45.93259048461914
96 -30.43986701965332 -45.469852447509766
97 -30.389631271362305 -45.108028411865234
98 -30.372386932373047 -44.92951202392578
99 -30.5120849609375 -44.56140899658203
100 -30.552167892456055 -44.38160705566406
101 -30.316810607910156 -43.956424713134766
102 -30.100767135620117 -43.5803108215332
103 -29.936527252197266 -43.33686828613281
104 -29.81545066833496 -43.06940460205078
105 -29.606830596923828 -42.612606048583984
106 -29.455585479736328 -42.34200668334961
107 -29.358686447143555 -41.98395919799805
108 -29.32321548461914 -41.74479293823242
109 -29.394582748413086 -41.3293571472168
110 -29.40607452392578 -41.05051803588867
111 -29.444751739501953 -40.63243103027344
112 -29.56351089477539 -40.2910270690918
113 -29.721603393554688 -40.09686279296875
114 -29.980318069458008 -39.92652893066406
115 -30.36056137084961 -39.784034729003906
116 -30.712268829345703 -39.661128997802734
117 -38.88968276977539 -37.96084976196289
118 -39.177467346191406 -37.87821578979492
119 -39.32223129272461 -37.758304595947266
120 -39.44617462158203 -37.68931579589844
121 -39.86270523071289 -37.876182556152344
122 -40.18756866455078 -38.12757110595703
123 -40.293243408203125 -38.35496139526367
124 -40.45021057128906 -38.650394439697266
125 -40.49201965332031 -38.86686325073242
126 -40.498817443847656 -39.27568435668945
127 -40.46315002441406 -39.816322326660156
128 -40.40932846069336 -40.202232360839844
129 -40.386436462402344 -40.431495666503906
130 -40.47332763671875 -40.57662582397461
131 -47.78280258178711 -46.630271911621094
132 -47.946189880371094 -46.755859375
133 -48.12004470825195 -46.87632751464844
134 -48.26275634765625 -46.99599075317383
135 -48.496559143066406 -47.2982063293457
136 -48.644981384277344 -47.508872985839844
137 -49.11220932006836 -47.885581970214844
138 -49.368064880371094 -48.0191535949707
139 -49.66189193725586 -47.975582122802734
140 -49.922935485839844 -47.822792053222656
141 -50.128238677978516 -47.649070739746094
142 -50.26645278930664 -47.32447814941406
143 -50.46556091308594 -46.96227264404297
144 -50.687259674072266 -46.72782897949219
145 -51.02655792236328 -46.46650314331055
146 -51.50789260864258 -46.19955062866211
147 -51.867393493652344 -45.997859954833984
148 -52.06684112548828 -45.88203811645508
149 -52.22926330566406 -45.91631317138672
150 -52.72278594970703 -46.187477111816406
151 -52.94504165649414 -46.24197006225586
152 -53.28205490112305 -46.22044372558594
153 -53.88359832763672 -46.22806930541992
154 -54.206058502197266 -46.24256896972656
155 -54.57133483886719 -46.23159408569336
156 -54.94456100463867 -46.24932098388672
157 -55.649169921875 -46.25029373168945
158 -55.93492126464844 -46.1833381652832
159 -55.991615295410156 -46.04458999633789
160 -56.03559112548828 -45.80033874511719
161 -55.93534469604492 -45.38486099243164
162 -55.69768142700195 -45.10516357421875
163 -55.48904037475586 -44.97486114501953
164 -55.3227653503418 -44.85426712036133
165 -36.59943771362305 -42.19786071777344
166 -36.4033203125 -41.88631820678711
167 -36.2637939453125 -41.60467529296875
168 -36.189659118652344 -41.22871780395508
169 -36.20915603637695 -40.96616744995117
170 -36.36997604370117 -40.729164123535156
171 -36.668392181396484 -40.493282318115234
172 -36.964630126953125 -40.3117790222168
173 -37.310482025146484 -40.32243347167969
174 -37.60654830932617 -40.48965835571289
175 -37.92908477783203 -40.56515121459961
176 -38.273719787597656 -40.554283142089844
177 -38.45627212524414 -40.561126708984375
178 -38.7444953918457 -40.637298583984375
179 -58.19118118286133 -47.58143997192383
180 -58.38313293457031 -47.918556213378906
181 -58.44841384887695 -48.10712814331055
182 -58.373897552490234 -48.351768493652344
183 -58.12889099121094 -48.963401794433594
184 -57.99951171875 -49.2075309753418
185 -57.89265441894531 -49.322547912597656
186 -57.71017837524414 -49.51727294921875
187 -51.97091293334961 -54.23197555541992
188 -51.86674499511719 -54.2819709777832
189 -30.21723747253418 -51.85813522338867
190 -29.999937057495117 -51.84687805175781
191 -29.68313217163086 -51.790645599365234
192 -29.424945831298828 -51.76404571533203
193 -29.159652709960938 -51.8006477355957
194 -28.807504653930664 -51.93885040283203
195 -28.5675106048584 -52.09159469604492
196 -28.37548065185547 -52.225772857666016
197 -28.17599105834961 -52.385963439941406
198 -27.992141723632812 -52.4808464050293
199 -27.65296745300293 -52.600685119628906
200 -27.211820602416992 -52.67364501953125
201 -26.598241806030273 -52.79512023925781
202 -26.228343963623047 -52.805362701416016
203 -25.854650497436523 -52.730525970458984
204 -25.719253540039062 -52.5828971862793
205 -25.66014289855957 -52.38837432861328
206 -25.546894073486328 -52.09846115112305
207 -25.424808502197266 -51.620750427246094
208 -25.48895263671875 -51.24030685424805
209 -25.5924129486084 -50.854454040527344
210 -25.656513214111328 -50.496917724609375
211 -25.73966407775879 -50.282440185546875
212 -25.932769775390625 -49.848907470703125
213 -25.94748306274414 -49.544471740722656
214 -25.85903549194336 -48.998722076416016
215 -25.749361038208008 -48.199249267578125
216 -25.601242065429688 -47.51459884643555
217 -25.397075653076172 -46.900596618652344
218 -25.35584831237793 -46.65445327758789
219 -25.516162872314453 -46.54530334472656
220 -25.83243179321289 -46.4187126159668
221 -26.30047035217285 -46.407936096191406
222 -26.535205841064453 -46.44388198852539
223 -27.083005905151367 -46.514522552490234
224 -27.332809448242188 -46.52924346923828
225 -27.515579223632812 -46.50656509399414
226 -51.954139709472656 -49.06129455566406
227 -52.242618560791016 -49.161224365234375
228 -52.49607467651367 -49.20255661010742
229 -52.8747673034668 -49.31428909301758
230 -53.40673065185547 -49.46304702758789
231 -53.64332580566406 -49.472007751464844
232 -53.879783630371094 -49.63204574584961
233 -53.97483825683594 -49.73863983154297
234 -54.10710144042969 -50.004150390625
235 -54.17695236206055 -50.195030212402344
236 -54.2556037902832 -50.39140319824219
237 -54.19420623779297 -50.99210739135742
238 -54.14498519897461 -51.29034423828125
239 -53.95725631713867 -51.58757019042969
240 -53.814266204833984 -51.74688720703125
241 -53.54498291015625 -52.08265686035156
242 -53.45790100097656 -52.41302490234375
243 -53.494956970214844 -52.62514114379883
244 -53.638893127441406 -52.903114318847656
245 -53.88682556152344 -53.241661071777344
246 -54.250606536865234 -53.487098693847656
247 -54.591495513916016 -53.67435836791992
248 -54.942710876464844 -53.84661865234375
249 -55.32047653198242 -54.07536315917969
250 -55.66962432861328 -54.412506103515625
251 -56.00031280517578 -54.65876770019531
252 -56.19334030151367 -54.72237777709961
253 -56.399681091308594 -54.73341369628906
254 -56.76689529418945 -54.6525764465332
255 -57.25814437866211 -54.33985900878906
256 -57.53800582885742 -54.06550979614258
257 -57.712860107421875 -53.93126678466797
258 -57.857513427734375 -53.84475326538086
259 -58.12104034423828 -53.76498031616211
260 -58.51673889160156 -53.64447021484375
261 -59.41141128540039 -53.3679313659668
262 -59.6200065612793 -53.331180572509766
263 -60.10145568847656 -53.238609313964844
264 -60.344947814941406 -53.20045471191406
265 -60.64311599731445 -53.22462844848633
266 -61.0220947265625 -53.28298568725586
267 -61.11121368408203 -53.4762077331543
268 -61.27354431152344 -54.10400390625
269 -61.28779983520508 -54.5533332824707
270 -61.203731536865234 -54.90873336791992
271 -61.05575180053711 -55.27834701538086
272 -60.82658767700195 -55.59331130981445
273 -60.46531295776367 -55.923213958740234
274 -60.27164840698242 -56.07970428466797
275 -60.12061309814453 -56.32969665527344
276 -60.00969314575195 -56.60710525512695
277 -59.858341217041016 -57.0135612487793
278 -59.73041534423828 -57.21099853515625
279 -59.5300178527832 -57.43830871582031
280 -59.35353469848633 -57.51991271972656
281 -59.11863708496094 -57.575496673583984
282 -58.58352279663086 -57.71674728393555
283 -58.38482666015625 -57.968482971191406
284 -58.11205291748047 -58.23362350463867
285 -55.127891540527344 -60.2949104309082
286 -54.74184799194336 -60.52947998046875
287 -54.689605712890625 -60.6501350402832
288 -54.579681396484375 -61.084957122802734
289 -54.4039192199707 -61.430484771728516
290 -54.26211929321289 -61.69648361206055
291 -54.09718322753906 -61.92338943481445
292 -53.77753448486328 -62.269229888916016
293 -53.624839782714844 -62.439208984375
294 -53.31136703491211 -62.87318801879883
295 -53.069984436035156 -63.24540328979492
296 -53.02206802368164 -63.4372673034668
297 -53.11268615722656 -63.631893157958984
298 -53.27586364746094 -63.8453483581543
299 -53.77812194824219 -64.49629974365234
300 -54.020843505859375 -64.7486801147461
301 -54.266963958740234 -64.98709106445312
302 -54.62957763671875 -65.05480194091797
303 -54.996185302734375 -65.10177612304688
304 -55.40686798095703 -65.12125396728516
305 -55.68499755859375 -65.06287384033203
306 -56.03148651123047 -64.92121887207031
307 -56.45734786987305 -64.78453063964844
308 -56.655418395996094 -64.69705963134766
309 -56.845550537109375 -64.52082824707031
310 -56.92504119873047 -64.31378936767578
311 -56.95558547973633 -64.04066467285156
312 -56.95314025878906 -63.66081619262695
313 -56.9296760559082 -63.303524017333984
314 -56.910240173339844 -62.88236999511719
315 -56.79118347167969 -61.881710052490234
316 -56.825111389160156 -61.57959747314453
317 -56.84995651245117 -61.331199645996094
318 -56.95212936401367 -61.086185455322266
319 -57.09907531738281 -60.92736053466797
320 -57.747215270996094 -60.73712158203125
321 -58.0371208190918 -60.64461898803711
322 -58.065242767333984 -60.48711013793945
323 -57.85307312011719 -60.20853042602539
324 -57.449405670166016 -59.820796966552734
325 -56.99012756347656 -59.51049041748047
326 -56.78053283691406 -59.36357879638672
327 -56.671905517578125 -59.26927185058594
328 -56.511070251464844 -59.05087661743164
329 -56.29494857788086 -58.602333068847656
330 -56.13237762451172 -58.3774528503418
331 -55.9326057434082 -58.2254638671875
332 -55.65866470336914 -58.11550521850586
333 -55.390411376953125 -58.008056640625
334 -55.18980407714844 -57.83457946777344
335 -55.07103729248047 -57.6837043762207
336 -54.95954895019531 -57.567405700683594
337 -26.660091400146484 -36.82795333862305
338 -26.766633987426758 -36.71012496948242
339 -26.855039596557617 -36.628536224365234
340 -27.241411209106445 -36.47185134887695
341 -27.873584747314453 -36.36448669433594
342 -28.16566276550293 -36.35821533203125
343 -28.532442092895508 -36.3922119140625
344 -29.334138870239258 -36.491180419921875
345 -29.79979133605957 -36.56081008911133
346 -30.214136123657227 -36.621498107910156
347 -30.469945907592773 -36.73784255981445
348 -30.755001068115234 -36.845977783203125
349 -31.003273010253906 -36.89737319946289
350 -31.267818450927734 -36.85781478881836
351 -31.575641632080078 -36.72734069824219
352 -31.636062622070312 -36.63534164428711
353 -32.00303649902344 -36.30914306640625
354 -32.33661651611328 -36.023868560791016
355 -32.50187301635742 -35.739768981933594
356 -32.69514465332031 -35.385353088378906
357 -32.87820053100586 -35.07627487182617
358 -33.1695442199707 -34.68040084838867
359 -33.542781829833984 -34.34782409667969
360 -34.11663055419922 -34.11568069458008
361 -34.60383605957031 -34.09827423095703
362 -35.34626007080078 -34.11030960083008
363 -35.639530181884766 -34.22248458862305
364 -35.878170013427734 -34.423255920410156
365 -36.23324203491211 -34.620079040527344
366 -36.478553771972656 -34.85360336303711
367 -36.684600830078125 -35.215843200683594
368 -36.73415756225586 -35.38057327270508
369 -36.62964630126953 -35.66658020019531
370 -36.55252456665039 -35.92675018310547
371 -36.46596908569336 -36.200138092041016
372 -36.30633544921875 -36.92012405395508
373 -36.279151916503906 -37.093345642089844
374 -36.11652755737305 -37.37569808959961
375 -35.87653732299805 -37.70473098754883
376 -35.45747756958008 -37.74473190307617
377 -35.22792434692383 -37.745277404785156
378 -34.90582275390625 -37.770057678222656
379 -34.580074310302734 -37.78777313232422
380 -33.98283004760742 -37.986942291259766
381 -33.896018981933594 -38.102020263671875
382 -33.98830032348633 -38.24785614013672
383 -34.25456237792969 -38.888553619384766
384 -34.2797737121582 -39.191749572753906
385 -34.2724609375 -39.669979095458984
386 -34.204402923583984 -39.972347259521484
387 -34.05970001220703 -40.29467010498047
388 -33.61932373046875 -40.877140045166016
389 -33.46500778198242 -41.10398483276367
390 -33.39073944091797 -41.427059173583984
391 -33.38509750366211 -41.90443801879883
392 -33.5345458984375 -42.243553161621094
393 -33.6085205078125 -42.39619827270508
394 -33.76087951660156 -42.57560729980469
395 -33.90404510498047 -42.660804748535156
396 -44.11013412475586 -46.470603942871094
397 -44.38151168823242 -46.50083541870117
398 -44.60613250732422 -46.49335479736328
399 -45.032066345214844 -46.439170837402344
400 -45.49386978149414 -46.36069107055664
401 -45.6036491394043 -46.39685821533203
402 -45.64331817626953 -46.499759674072266
403 -45.6027946472168 -46.969966888427734
404 -45.51937484741211 -47.40938949584961
405 -45.57422637939453 -47.772945404052734
406 -45.66421890258789 -47.99024200439453
407 -45.86360549926758 -48.2008056640625
408 -46.16965103149414 -48.46337890625
409 -46.46849822998047 -48.6899299621582
410 -46.67625045776367 -48.89216995239258
411 -51.60182571411133 -56.15668869018555
412 -51.717430114746094 -56.29872512817383
413 -51.974769592285156 -56.67012023925781
414 -52.08998107910156 -56.86503219604492
415 -52.26353073120117 -57.259849548339844
416 -52.390098571777344 -57.62837219238281
417 -52.519371032714844 -57.95199966430664
418 -52.52571487426758 -58.1058235168457
419 -52.453155517578125 -58.31620407104492
420 -52.30891036987305 -58.546634674072266
421 -52.071311950683594 -58.688533782958984
422 -51.786006927490234 -58.80866241455078
423 -51.29841613769531 -58.872833251953125
424 -50.73643112182617 -58.9501838684082
425 -50.36848449707031 -59.02243423461914
426 -50.03794479370117 -59.102542877197266
427 -49.745697021484375 -59.16163635253906
428 -49.0075569152832 -59.335391998291016
429 -48.72576904296875 -59.361297607421875
430 -48.485530853271484 -59.44180679321289
431 -48.131710052490234 -59.483829498291016
432 -47.743717193603516 -59.5186767578125
433 -47.44544982910156 -59.547786712646484
434 -47.07665252685547 -59.65422058105469
435 -46.81118392944336 -59.7745246887207
436 -46.535072326660156 -59.99998092651367
437 -46.40107727050781 -60.38426208496094
438 -46.30460739135742 -60.8796501159668
439 -46.30417251586914 -61.1819953918457
440 -46.309085845947266 -61.580848693847656
441 -46.34497833251953 -62.17774200439453
442 -46.37303924560547 -62.47093963623047
443 -46.352046966552734 -62.763092041015625
444 -46.30810546875 -63.19133758544922
445 -46.26157760620117 -63.50201416015625
446 -46.12688446044922 -63.82514572143555
447 -46.08503341674805 -64.01508331298828
448 -46.11156463623047 -64.3794937133789
449 -46.193946838378906 -64.58782958984375
450 -46.4606819152832 -64.78895568847656
451 -46.81536865234375 -65.06771087646484
452 -47.10702133178711 -65.08063507080078
453 -47.34874725341797 -65.05265045166016
454 -47.90361022949219 -64.86624908447266
455 -48.226436614990234 -64.7769775390625
456 -48.51070022583008 -64.65911865234375
457 -48.70821762084961 -64.42662048339844
458 -48.90505599975586 -64.093994140625
459 -49.10654830932617 -63.889015197753906
460 -49.22893524169922 -63.64411926269531
461 -49.32514572143555 -63.34210205078125
462 -49.379638671875 -62.885284423828125
463 -49.378639221191406 -62.59068298339844
464 -49.364166259765625 -62.274295806884766
465 -49.193267822265625 -62.05744552612305
466 -44.07231903076172 -60.92180252075195
467 -43.8255615234375 -61.0771484375
468 -43.46785354614258 -61.391746520996094
469 -43.152984619140625 -61.782867431640625
470 -42.98908233642578 -61.98216247558594
471 -42.788421630859375 -62.25075149536133
472 -42.48558044433594 -62.56167221069336
473 -42.35630798339844 -62.72154235839844
474 -42.29163360595703 -62.90251541137695
475 -42.32567596435547 -63.15322494506836
476 -42.39630126953125 -63.672882080078125
477 -42.421607971191406 -63.80757522583008
478 -42.459678649902344 -64.10517883300781
479 -48.55905532836914 -40.5271110534668
480 -48.24808120727539 -40.33950424194336
481 -47.90549850463867 -40.17436599731445
482 -47.63737106323242 -40.04916763305664
483 -47.523948669433594 -40.08519744873047
484 -47.17550277709961 -40.249446868896484
485 -46.88624954223633 -40.48733901977539
486 -46.720333099365234 -40.69749450683594
487 -45.382869720458984 -50.046958923339844
488 -45.34743118286133 -50.1956787109375
489 -45.28848648071289 -50.43349838256836
490 -45.181007385253906 -50.79170227050781
491 -45.070899963378906 -51.02888870239258
492 -44.89680099487305 -51.16884994506836
493 -44.68836975097656 -51.436588287353516
494 -44.56325912475586 -51.54774856567383
495 -44.29011535644531 -51.82587814331055
496 -43.901390075683594 -52.06357955932617
497 -43.65348434448242 -52.21322250366211
498 -43.448577880859375 -52.2114143371582
499 -43.240203857421875 -51.95103073120117
500 -42.92325210571289 -51.60835266113281
501 -42.756370544433594 -51.46559524536133
502 -42.55125045776367 -51.388179779052734
503 -42.34561538696289 -51.507423400878906
504 -41.96180725097656 -51.777557373046875
505 -41.63332748413086 -52.09752655029297
506 -41.58574295043945 -52.28654098510742
507 -41.55489730834961 -52.57655715942383
508 -41.59750747680664 -53.10422897338867
509 -41.626190185546875 -53.29713821411133
510 -41.70961380004883 -53.63483428955078
511 -41.90492248535156 -53.905433654785156
512 -42.14869689941406 -54.141441345214844
513 -42.388614654541016 -54.373878479003906
514 -42.516937255859375 -54.624473571777344
515 -42.57086181640625 -54.85554504394531
516 -42.49525451660156 -55.091697692871094
517 -42.34197998046875 -55.38578796386719
518 -42.32249069213867 -55.61955642700195
519 -42.29638671875 -55.9796257019043
520 -42.32230758666992 -56.138023376464844
521 -42.55290985107422 -56.41360855102539
522 -42.84218215942383 -56.67273712158203
523 -43.016048431396484 -56.9700813293457
524 -43.19853973388672 -57.357330322265625
525 -43.24940490722656 -57.631263732910156
526 -43.22085952758789 -57.90293884277344
527 -43.228660583496094 -58.26578903198242
528 -43.204341888427734 -58.548927307128906
529 -38.89799499511719 -65.52632141113281
530 -38.78337478637695 -65.6795654296875
531 -38.64258575439453 -65.9076919555664
532 -38.4267692565918 -66.1903076171875
533 -38.184410095214844 -66.45512390136719
534 -37.9024543762207 -66.86009979248047
535 -37.76368713378906 -67.1014633178711
536 -37.71215057373047 -67.42872619628906
537 -37.72584915161133 -67.66743469238281
538 -37.716068267822266 -67.94161224365234
539 -37.56300354003906 -68.0987777709961
540 -37.441707611083984 -68.17860412597656
541 -37.13022994995117 -68.35222625732422
542 -36.88969802856445 -68.45668029785156
543 -36.6914176940918 -68.32901763916016
544 -36.3945198059082 -68.19156646728516
545 -36.15071105957031 -68.10100555419922
546 -35.916996002197266 -67.9623794555664
547 -35.747066497802734 -67.91259765625
548 -35.536556243896484 -67.78164672851562
549 -35.459327697753906 -67.70520782470703
550 -35.04841995239258 -67.4551773071289
551 -34.68311309814453 -67.25963592529297
552 -34.42498779296875 -67.12639617919922
553 -34.051448822021484 -66.91122436523438
554 -33.75333786010742 -66.78425598144531
555 -33.11966323852539 -66.51741790771484
556 -32.7625617980957 -66.34699249267578
557 -32.53872299194336 -66.22881317138672
558 -32.287044525146484 -66.09228515625
559 -32.07870101928711 -65.95439147949219
560 -31.813339233398438 -65.72667694091797
561 -31.571887969970703 -65.50334930419922
562 -31.39885139465332 -65.35469818115234
563 -31.140941619873047 -65.14835357666016
564 -30.994714736938477 -65.0302963256836
565 -30.863422393798828 -64.8887710571289
566 -30.679214477539062 -64.65934753417969
567 -30.38796615600586 -64.30215454101562
568 -30.210418701171875 -64.07854461669922
569 -30.11196517944336 -63.89161682128906
570 -30.08429527282715 -63.64737319946289
571 -30.106956481933594 -63.18846893310547
572 -30.139196395874023 -62.66752624511719
573 -30.12209129333496 -62.37005615234375
574 -30.024110794067383 -61.889869689941406
575 -29.892292022705078 -61.54439926147461
576 -29.778568267822266 -61.33185577392578
577 -29.67507553100586 -61.09514617919922
578 -29.600914001464844 -60.93056106567383
579 -29.473098754882812 -60.70640182495117
580 -29.24514389038086 -60.29096984863281
581 -28.677947998046875 -59.735721588134766
582 -28.531282424926758 -59.58878707885742
583 -28.26215362548828 -59.627357482910156
584 -28.040891647338867 -59.69224166870117
585 -27.78936004638672 -59.8063850402832
586 -27.430240631103516 -59.91908264160156
587 -27.117671966552734 -59.965484619140625
588 -26.90909194946289 -59.96173858642578
589 -26.754314422607422 -59.89012145996094
590 -26.394981384277344 -59.659324645996094
591 -26.08550453186035 -59.392059326171875
592 -25.914997100830078 -59.089752197265625
593 -25.66877555847168 -58.61347579956055
594 -25.601097106933594 -58.20122146606445
595 -25.68146324157715 -57.83079528808594
596 -25.856914520263672 -57.5934944152832
597 -26.242942810058594 -57.32044219970703
598 -26.547061920166016 -57.126102447509766
599 -26.847915649414062 -56.93227005004883
600 -27.10686492919922 -56.86085510253906
601 -27.5903263092041 -56.734527587890625
602 -27.81304359436035 -56.60104751586914
603 -38.2767448425293 -48.705875396728516
604 -38.35820388793945 -48.669734954833984
605 -38.53839111328125 -48.74378967285156
606 -38.788963317871094 -48.94436264038086
607 -39.04087448120117 -49.2015266418457
608 -39.236228942871094 -49.37317657470703
609 -39.51811599731445 -49.53486251831055
610 -39.77927780151367 -49.585689544677734
611 -40.25033187866211 -49.56232452392578
612 -40.5987663269043 -49.538272857666016
613 -40.98392105102539 -49.46473693847656
614 -41.46139144897461 -49.37000274658203
615 -41.71610641479492 -49.32304382324219
616 -42.00526809692383 -49.23368453979492
617 -42.50003433227539 -49.17072677612305
618 -42.80508804321289 -49.12016677856445
619 -43.12592697143555 -48.969276428222656
620 -43.38859176635742 -48.787681579589844
621 -43.45729446411133 -48.573551177978516
622 -43.429161071777344 -48.293701171875
623 -43.29707717895508 -48.112022399902344
624 -43.013301849365234 -47.93157196044922
625 -42.399410247802734 -47.5843505859375
626 -42.033138275146484 -47.364776611328125
627 -41.68495178222656 -47.06678009033203
628 -41.507789611816406 -46.943416595458984
629 -41.26670837402344 -46.864776611328125
630 -40.7695198059082 -46.86351776123047
631 -40.46516418457031 -46.834869384765625
632 -40.16828536987305 -46.760128021240234
633 -39.95388412475586 -46.68854522705078
634 -39.80141067504883 -46.67394256591797
635 -39.47890853881836 -46.68790054321289
636 -39.237422943115234 -46.67556381225586
637 -38.939781188964844 -46.62548065185547
638 -38.688724517822266 -46.58538055419922
639 -38.38544845581055 -46.60152816772461
640 -38.04088592529297 -46.60580062866211
641 -37.717681884765625 -46.641334533691406
642 -37.44825744628906 -46.68779754638672
643 -37.196128845214844 -46.725372314453125
644 -36.82977294921875 -46.818931579589844
645 -36.53804397583008 -46.90547180175781
646 -35.80886459350586 -47.19514846801758
647 -35.53233337402344 -47.31367874145508
648 -35.22702407836914 -47.386688232421875
649 -34.678096771240234 -47.492244720458984
650 -34.20122528076172 -47.533897399902344
651 -34.04191207885742 -47.43425750732422
652 -33.74770736694336 -47.184268951416016
653 -33.55305862426758 -46.79525375366211
654 -33.34983825683594 -46.3916015625
655 -33.318450927734375 -46.17204666137695
656 -33.45957565307617 -45.87744903564453
657 -33.6809196472168 -45.5826301574707
658 -33.8708610534668 -45.39835739135742
659 -34.209747314453125 -45.2834587097168
660 -34.61833190917969 -45.0777473449707
661 -34.905948638916016 -44.963016510009766
662 -35.20113754272461 -44.97439193725586
663 -35.46158218383789 -44.966976165771484
664 -35.74140167236328 -44.98810958862305
665 -36.04503631591797 -44.9659309387207
666 -36.72134780883789 -44.804012298583984
667 -37.24203872680664 -44.52641296386719
668 -37.46711730957031 -44.29769515991211
669 -37.70634460449219 -44.14804458618164
670 -37.8638801574707 -43.99286651611328
671 -38.225059509277344 -43.87263107299805
672 -38.49661636352539 -43.64641571044922
673 -38.73129653930664 -43.151268005371094
674 -38.80476760864258 -42.903297424316406
675 -38.881385803222656 -42.835636138916016
676 -39.11726760864258 -42.80161666870117
677 -39.49248123168945 -42.73533248901367
678 -39.8723030090332 -42.71797180175781
679 -40.190799713134766 -42.659420013427734
680 -40.63050079345703 -42.61577606201172
681 -40.905845642089844 -42.78274917602539
682 -40.9826774597168 -43.11624526977539
683 -40.92144012451172 -43.44657516479492
684 -40.77824401855469 -43.807613372802734
685 -40.70388412475586 -44.09851837158203
686 -40.742034912109375 -44.43925476074219
687 -41.033973693847656 -44.59014892578125
688 -41.53828430175781 -44.79241943359375
689 -41.815513610839844 -44.812381744384766
690 -42.30184555053711 -44.811073303222656
691 -42.64516067504883 -44.813262939453125
692 -42.91460418701172 -44.788692474365234
693 -43.150245666503906 -44.675376892089844
694 -43.45123291015625 -44.51883316040039
695 -43.75015640258789 -44.427101135253906
696 -43.9710807800293 -44.36445617675781
697 -44.471435546875 -44.421539306640625
698 -44.71646499633789 -44.49768829345703
699 -50.209327697753906 -50.59788513183594
700 -50.40737533569336 -50.92097091674805
701 -50.52710723876953 -51.12934494018555
702 -50.610530853271484 -51.3841438293457
703 -50.62965774536133 -51.663307189941406
704 -50.625633239746094 -52.07041549682617
705 -50.4472770690918 -52.50033187866211
706 -50.225250244140625 -52.74643325805664
707 -50.136531829833984 -52.9388542175293
708 -49.92177963256836 -53.516300201416016
709 -49.79457473754883 -53.90220260620117
710 -49.67032241821289 -54.121028900146484
711 -49.52830505371094 -54.35456085205078
712 -49.24016571044922 -54.68134307861328
713 -49.0760383605957 -54.81369400024414
714 -48.760616302490234 -54.79338455200195
715 -48.19110870361328 -54.614959716796875
716 -47.948265075683594 -54.500423431396484
717 -47.83366394042969 -54.24549865722656
718 -47.722434997558594 -53.93952178955078
719 -47.5599365234375 -53.437721252441406
720 -47.60069274902344 -53.017398834228516
721 -47.67023849487305 -52.697364807128906
722 -47.738990783691406 -52.43498992919922
723 -47.69682312011719 -51.642513275146484
724 -47.68234634399414 -51.40983963012695
725 -47.76177215576172 -51.21841812133789
726 -47.85398864746094 -50.844783782958984
727 -47.990962982177734 -50.59713363647461
728 -48.112918853759766 -50.38347244262695
729 -48.494510650634766 -50.11225128173828
730 -48.62753677368164 -49.98273849487305
731 -48.790794372558594 -49.87129211425781
732 -60.19873046875 -45.26981735229492
733 -60.37322235107422 -45.05419921875
734 -60.4621696472168 -44.923648834228516
735 -60.60745620727539 -44.671085357666016
736 -60.7939567565918 -44.219791412353516
737 -61.035118103027344 -43.73261642456055
738 -61.09853744506836 -43.541072845458984
739 -61.120365142822266 -43.32298278808594
740 -61.027469635009766 -42.97872543334961
741 -60.981998443603516 -42.64607238769531
742 -60.8006591796875 -42.380950927734375
743 -60.43868637084961 -42.12222671508789
744 -60.135093688964844 -41.96876907348633
745 -59.74600601196289 -41.80672073364258
746 -59.47263717651367 -41.75898361206055
747 -58.98192596435547 -41.744163513183594
748 -58.78453063964844 -41.6878776550293
749 -58.63355255126953 -41.61873245239258
750 -58.23264694213867 -41.37578582763672
751 -58.10584259033203 -41.19947814941406
752 -58.0938835144043 -40.905155181884766
753 -57.998172760009766 -40.590301513671875
754 -57.899269104003906 -40.276920318603516
755 -57.72541427612305 -40.04539108276367
756 -57.56589889526367 -39.819610595703125
757 -57.268863677978516 -39.549461364746094
758 -57.017494201660156 -39.41952133178711
759 -56.80183792114258 -39.3587532043457
760 -56.49248123168945 -39.32450485229492
761 -56.26405715942383 -39.35499572753906
762 -56.01803207397461 -39.39030838012695
763 -55.73019027709961 -39.53001022338867
764 -48.38874435424805 -42.98628234863281
765 -48.19877624511719 -43.179466247558594
766 -47.956993103027344 -43.39109420776367
767 -47.67898941040039 -43.57539749145508
768 -47.45013427734375 -43.62788009643555
769 -47.17134475708008 -43.68617630004883
770 -46.82451248168945 -43.6963005065918
771 -46.36671829223633 -43.58763122558594
772 -46.02302932739258 -43.34435272216797
773 -45.77333450317383 -43.09339904785156
774 -45.557674407958984 -42.743629455566406
775 -45.41961669921875 -42.45561599731445
776 -45.32344436645508 -42.29521560668945
777 -45.174739837646484 -42.148834228515625
778 -44.713680267333984 -41.80672073364258
779 -44.47748565673828 -41.718544006347656
780 -44.10366439819336 -41.58317565917969
781 -43.49283218383789 -41.43936538696289
782 -43.03195571899414 -41.332618713378906
783 -42.80891418457031 -41.1434440612793
784 -42.699581146240234 -40.89374923706055
785 -42.625648498535156 -40.5441780090332
786 -42.75001907348633 -40.26876449584961
787 -42.86405563354492 -39.59389877319336
788 -42.96120071411133 -39.28450393676758
789 -43.05659484863281 -39.150489807128906
790 -43.171531677246094 -39.06581115722656
791 -43.526432037353516 -38.97697448730469
792 -44.04571533203125 -38.997642517089844
793 -44.32765197753906 -39.0019645690918
794 -44.790557861328125 -38.828182220458984
795 -45.02299499511719 -38.68930435180664
796 -45.37269973754883 -38.39535140991211
797 -45.63821792602539 -38.08147048950195
798 -45.98929977416992 -37.75839614868164
799 -46.1694221496582 -37.563453674316406
800 -46.247352600097656 -37.30824661254883
801 -46.30946350097656 -36.96234130859375
802 -46.28936767578125 -36.775421142578125
803 -46.18396759033203 -36.52375411987305
804 -45.91626739501953 -36.26991653442383
805 -45.55891418457031 -35.99003219604492
806 -45.14870834350586 -35.74995422363281
807 -44.90666961669922 -35.627498626708984
808 -44.630714416503906 -35.525089263916016
809 -44.27320098876953 -35.54798889160156
810 -44.10588073730469 -35.59043502807617
811 -43.937713623046875 -35.69099807739258
812 -43.62892150878906 -35.82283401489258
813 -43.15059280395508 -35.9767951965332
814 -42.87398147583008 -35.959999084472656
815 -42.60569763183594 -35.85809326171875
816 -42.343177795410156 -35.71579360961914
817 -42.21546173095703 -35.52225875854492
818 -42.08256149291992 -35.37294006347656
819 -41.867401123046875 -35.08058547973633
820 -41.861114501953125 -34.81776809692383
821 -41.82512664794922 -34.38542556762695
822 -41.84931945800781 -33.65838623046875
823 -41.82204818725586 -33.39663314819336
824 -41.81401443481445 -32.917964935302734
825 -41.85712814331055 -32.601924896240234
826 -41.89970779418945 -32.24001693725586
827 -41.993896484375 -31.98101234436035
828 -42.20319747924805 -31.71084976196289
829 -42.56681823730469 -31.552061080932617
830 -42.86140060424805 -31.527427673339844
831 -43.308841705322266 -31.55908203125
832 -43.505184173583984 -31.531116485595703
833 -43.86700439453125 -31.4782772064209
834 -44.13603591918945 -31.454774856567383
835 -44.618160247802734 -31.428110122680664
836 -44.910552978515625 -31.335519790649414
837 -45.12894821166992 -31.322582244873047
838 -45.55097579956055 -31.37449073791504
839 -45.9177131652832 -31.41899299621582
840 -46.247615814208984 -31.501602172851562
841 -46.473388671875 -31.569183349609375
842 -46.9765739440918 -31.7738037109375
843 -47.28445816040039 -31.8489933013916
844 -47.497314453125 -31.89873504638672
845 -47.78432846069336 -31.971466064453125
846 -48.02482986450195 -31.95083236694336
847 -48.32553482055664 -31.93280601501465
848 -48.510414123535156 -31.925739288330078
849 -48.73374938964844 -31.91333770751953
850 -48.922019958496094 -31.89243507385254
851 -32.603721618652344 -52.78713607788086
852 -32.5849723815918 -52.890342712402344
853 -32.64744567871094 -53.10886764526367
854 -32.746707916259766 -53.450462341308594
855 -32.691749572753906 -53.7115592956543
856 -32.513938903808594 -53.920379638671875
857 -32.16205596923828 -54.130165100097656
858 -31.91560173034668 -54.286346435546875
859 -31.4930419921875 -54.446189880371094
860 -31.22076416015625 -54.51923370361328
861 -30.88804054260254 -54.722599029541016
862 -30.673368453979492 -54.862613677978516
863 -30.4407901763916 -55.0687370300293
864 -30.3630428314209 -55.368690490722656
865 -30.326847076416016 -55.75810241699219
866 -30.408199310302734 -56.06290817260742
867 -30.53858757019043 -56.23691177368164
868 -30.69196319580078 -56.376136779785156
869 -31.21167755126953 -56.59001159667969
870 -31.607559204101562 -56.68733215332031
871 -31.799020767211914 -56.69297790527344
872 -32.121517181396484 -56.671173095703125
873 -32.7714958190918 -56.58528518676758
874 -33.03474044799805 -56.604888916015625
875 -33.250972747802734 -56.79174041748047
876 -33.30854797363281 -57.123619079589844
877 -33.26438903808594 -57.45709991455078
878 -33.107845306396484 -57.97502136230469
879 -33.15555191040039 -58.455101013183594
880 -33.30254364013672 -58.59949493408203
881 -33.497703552246094 -58.65656280517578
882 -33.86307144165039 -58.60623550415039
883 -34.26565170288086 -58.44106674194336
884 -34.61127853393555 -58.2698974609375
885 -35.014739990234375 -58.11137771606445
886 -35.22829818725586 -58.1415901184082
887 -35.462890625 -58.42639923095703
888 -35.649620056152344 -58.72185516357422
889 -35.740142822265625 -59.13737487792969
890 -35.769264221191406 -59.28342056274414
891 -35.691131591796875 -59.560638427734375
892 -35.58279037475586 -59.78170394897461
893 -35.55604553222656 -59.95478057861328
894 -35.48816680908203 -60.197418212890625
895 -35.40923309326172 -60.57651138305664
896 -35.30396270751953 -60.89244842529297
897 -35.28032302856445 -61.074466705322266
898 -35.255584716796875 -61.42112350463867
899 -35.28819274902344 -61.66814422607422
900 -35.48446273803711 -62.04908752441406
901 -35.78124237060547 -62.3074836730957
902 -36.14104080200195 -62.417232513427734
903 -36.545982360839844 -62.48088836669922
904 -36.8455810546875 -62.39371871948242
905 -37.151126861572266 -62.2458381652832
906 -37.40054702758789 -61.943687438964844
907 -37.74424743652344 -61.81779479980469
908 -38.1137580871582 -61.7199592590332
909 -38.666717529296875 -61.53022003173828
910 -38.9777946472168 -61.37153625488281
911 -39.15559768676758 -61.1860237121582
912 -39.43175506591797 -60.820701599121094
913 -39.63412857055664 -60.43484878540039
914 -39.816776275634766 -60.08711624145508
915 -39.982662200927734 -59.72869110107422
916 -40.08089828491211 -59.4296760559082
917 -40.08266067504883 -58.88136291503906
918 -39.97931671142578 -58.397647857666016
919 -39.92188262939453 -58.20353698730469
920 -39.75636672973633 -57.877235412597656
921 -39.629425048828125 -57.624149322509766
922 -39.42852020263672 -57.340152740478516
923 -39.14426040649414 -57.031822204589844
924 -38.96870803833008 -56.8565673828125
925 -38.77754592895508 -56.754852294921875
926 -38.56953048706055 -56.70912170410156
927 -37.926658630371094 -56.70122146606445
928 -37.44371795654297 -56.87644577026367
929 -37.243526458740234 -56.976356506347656
930 -37.112525939941406 -56.93605041503906
931 -36.866153717041016 -56.820133209228516
932 -36.73209762573242 -56.67498779296875
933 -36.6289176940918 -56.48035430908203
934 -36.52827453613281 -56.28493118286133
935 -36.390464782714844 -55.97153854370117
936 -36.296607971191406 -55.62425994873047
937 -36.1602897644043 -55.47428894042969
938 -36.10121154785156 -55.361083984375
939 -36.03863525390625 -55.0716667175293
940 -35.960784912109375 -54.89178466796875
941 -36.008636474609375 -54.523128509521484
942 -36.13118362426758 -54.21903991699219
943 -36.136619567871094 -53.99490737915039
944 -35.96809387207031 -53.6178092956543
945 -35.63360595703125 -53.306549072265625
946 -35.340518951416016 -53.22649002075195
947 -35.065731048583984 -53.2492790222168
948 -34.786251068115234 -53.0638542175293
949 -34.591712951660156 -52.73780822753906
950 -34.42512893676758 -52.438926696777344
951 -34.40183639526367 -52.12254333496094
952 -34.52906036376953 -51.65607833862305
953 -34.74258041381836 -51.552974700927734
954 -35.13862609863281 -51.576499938964844
955 -35.5881233215332 -51.72431945800781
956 -36.02163314819336 -51.90690994262695
957 -38.658958435058594 -54.278564453125
958 -38.80154800415039 -54.31745910644531
959 -38.9521484375 -54.19853973388672
960 -39.08883285522461 -53.952369689941406
961 -39.18424987792969 -53.4688606262207
962 -39.23236083984375 -53.128787994384766
963 -39.287967681884766 -52.963523864746094
964 -39.272682189941406 -52.753211975097656
965 -39.1301383972168 -52.63590621948242
966 -38.79008865356445 -52.55765151977539
967 -38.53173065185547 -52.473907470703125
968 -38.372283935546875 -52.30915451049805
969 -38.2596549987793 -52.08282470703125
970 -38.12644577026367 -51.77846145629883
971 -37.889060974121094 -51.46586227416992
972 -37.70210647583008 -51.12931823730469
973 -37.55318832397461 -50.75883865356445
974 -37.3540153503418 -50.40249252319336
975 -37.0921516418457 -49.94380187988281
976 -36.82738494873047 -49.54927062988281
977 -36.6495361328125 -49.405147552490234
978 -36.28167724609375 -49.368080139160156
979 -35.93592834472656 -49.38454818725586
980 -35.72332000732422 -49.36370849609375
981 -35.37057113647461 -49.4089469909668
982 -34.972286224365234 -49.39155578613281
983 -34.47000503540039 -49.427162170410156
984 -34.02573013305664 -49.63744354248047
985 -33.62838363647461 -49.91549301147461
986 -33.300697326660156 -50.07606506347656
987 -32.988563537597656 -50.13587951660156
988 -32.72840881347656 -50.148189544677734
989 -32.4681396484375 -49.86899185180664
990 -32.281341552734375 -49.56856155395508
991 -32.085479736328125 -49.4816780090332
992 -31.843839645385742 -49.34512710571289
993 -31.55614471435547 -49.203697204589844
994 -31.12662124633789 -49.19023895263672
995 -30.846277236938477 -49.15601348876953
996 -30.49803352355957 -49.13722610473633
997 -30.216203689575195 -49.131019592285156
998 -30.012046813964844 -49.122718811035156
999 -29.913488388061523 -49.12675094604492
