0 -21.503068923950195 -25.57144546508789
1 -21.69696044921875 -25.645498275756836
2 -22.097692489624023 -25.91726303100586
3 -22.308244705200195 -26.002105712890625
4 -22.837987899780273 -26.118181228637695
5 -23.501934051513672 -26.27975082397461
6 -23.883634567260742 -26.38407325744629
7 -24.113384246826172 -26.3248233795166
8 -24.327184677124023 -26.251277923583984
9 -24.532245635986328 -26.07335090637207
10 -24.502193450927734 -25.725709915161133
11 -24.460010528564453 -25.242963790893555
12 -24.430551528930664 -24.96391487121582
13 -24.593791961669922 -24.78326988220215
14 -24.738372802734375 -24.550386428833008
15 -24.73357582092285 -24.35455894470215
16 -24.461795806884766 -24.18450355529785
17 -23.731008529663086 -23.85851287841797
18 -23.62792205810547 -23.83600425720215
19 -23.320192337036133 -23.584857940673828
20 -23.02506446838379 -23.344675064086914
21 -22.781780242919922 -23.207616806030273
22 -22.5574893951416 -23.10057830810547
23 -22.287582397460938 -23.07231903076172
24 -21.796417236328125 -23.075057983398438
25 -21.548715591430664 -23.07205581665039
26 -20.69546127319336 -23.29216766357422
27 -20.295726776123047 -23.38022804260254
28 -19.764371871948242 -23.464195251464844
29 -19.009004592895508 -23.577159881591797
30 -18.64785385131836 -23.545103073120117
31 -18.24982452392578 -23.47315216064453
32 -17.60356330871582 -23.353485107421875
33 -17.379762649536133 -23.322298049926758
34 -17.063735961914062 -23.23158836364746
35 -16.466583251953125 -23.218263626098633
36 -16.163347244262695 -23.214780807495117
37 -15.870866775512695 -23.168624877929688
38 -15.441436767578125 -23.121004104614258
39 -14.92296028137207 -23.005878448486328
40 -14.636598587036133 -22.98395538330078
41 -14.36039924621582 -23.060070037841797
42 -13.949981689453125 -23.196176528930664
43 -13.370781898498535 -23.319738388061523
44 -13.124628067016602 -23.37799644470215
45 -12.840054512023926 -23.517961502075195
46 -12.55339241027832 -23.649782180786133
47 -12.138372421264648 -23.78951644897461
48 -11.863783836364746 -23.737228393554688
49 -11.562172889709473 -23.654146194458008
50 -5.194794178009033 -16.082664489746094
51 -5.1205267906188965 -15.806689262390137
52 -5.1441216468811035 -15.557735443115234
53 -5.203058242797852 -15.200065612792969
54 -5.306694984436035 -14.917133331298828
55 -5.553442001342773 -14.52186107635498
56 -5.851893901824951 -14.287799835205078
57 -6.084937572479248 -14.040644645690918
58 -6.04331636428833 -13.828364372253418
59 -5.926937103271484 -13.505022048950195
60 -5.785717487335205 -13.031293869018555
61 -5.577315330505371 -12.840495109558105
62 -5.228133678436279 -12.571571350097656
63 -5.039010524749756 -12.369658470153809
64 -4.971192359924316 -12.06503963470459
65 -4.911011219024658 -11.785808563232422
66 -4.814481735229492 -11.391605377197266
67 -4.76706075668335 -11.077842712402344
68 -4.523951053619385 -10.311999320983887
69 -4.5299906730651855 -10.000706672668457
70 -4.68541955947876 -9.408403396606445
71 -4.874861240386963 -9.384321212768555
72 -5.058922290802002 -9.44509506225586
73 -6.1982741355896 -9.966079711914062
74 -6.461016654968262 -10.175796508789062
75 -6.819000244140625 -10.789549827575684
76 -6.844449520111084 -10.964767456054688
77 -6.703362941741943 -11.071332931518555
78 -3.326364278793335 -11.17794132232666
79 -2.9199066162109375 -11.171672821044922
80 -2.6660656929016113 -11.129373550415039
81 -1.9404451847076416 -11.106592178344727
82 -1.7949786186218262 -11.090927124023438
83 -1.6079199314117432 -11.142447471618652
84 -1.2722792625427246 -11.31553840637207
85 -1.1260626316070557 -11.584431648254395
86 -1.1053887605667114 -12.026430130004883
87 -1.1047205924987793 -12.441298484802246
88 -1.2321192026138306 -12.883251190185547
89 -1.3839242458343506 -13.262696266174316
90 -1.4790701866149902 -13.536290168762207
91 -1.4580367803573608 -13.66906452178955
92 -1.3690707683563232 -13.893513679504395
93 -1.267386794090271 -14.241188049316406
94 -1.2945688962936401 -14.509807586669922
95 -1.3871310949325562 -14.7681245803833
96 -1.6448593139648438 -15.258427619934082
97 -1.7156850099563599 -15.385091781616211
98 -1.8603465557098389 -15.650225639343262
99 -2.05165433883667 -16.06984519958496
100 -2.2468221187591553 -16.479379653930664
101 -2.449373960494995 -16.781076431274414
102 -3.0247318744659424 -17.233657836914062
103 -3.257514715194702 -17.44379997253418
104 -3.3140859603881836 -17.5168514251709
105 -2.969325065612793 -17.774423599243164
106 -2.703944683074951 -18.074214935302734
107 -2.306718349456787 -18.479440689086914
108 -2.0812995433807373 -18.607088088989258
109 -1.8714029788970947 -18.519487380981445
110 -1.665311574935913 -18.44977378845215
111 -1.545543909072876 -18.276689529418945
112 -1.129684329032898 -17.98110580444336
113 -0.7713752388954163 -17.758705139160156
114 -0.26491808891296387 -17.25504493713379
115 0.43535855412483215 -16.569438934326172
116 0.7650886178016663 -16.16499900817871
117 1.0472813844680786 -15.974275588989258
118 1.445055365562439 -15.716299057006836
119 1.6706820726394653 -15.782083511352539
120 2.0616331100463867 -16.101314544677734
121 2.121318817138672 -16.286724090576172
122 1.8782687187194824 -17.053077697753906
123 1.7247322797775269 -17.729196548461914
124 1.739780068397522 -18.154037475585938
125 1.6896787881851196 -18.325233459472656
126 1.667029857635498 -18.83578872680664
127 1.7243958711624146 -19.177391052246094
128 1.885887861251831 -19.57349395751953
129 1.950079083442688 -19.89558219909668
130 1.9313608407974243 -20.131683349609375
131 1.7093274593353271 -20.257858276367188
132 0.9764455556869507 -20.222267150878906
133 0.6022867560386658 -20.18045425415039
134 0.3377208113670349 -20.1479549407959
135 -0.159815713763237 -20.143390655517578
136 -0.6996086835861206 -20.300010681152344
137 -0.8591522574424744 -20.340940475463867
138 -1.177449345588684 -20.6054744720459
139 -3.74216365814209 -23.209991455078125
140 -3.7921745777130127 -23.43523597717285
141 -3.8686306476593018 -23.671606063842773
142 -3.915379762649536 -23.836458206176758
143 -3.8854846954345703 -24.06168556213379
144 -3.732722043991089 -24.344398498535156
145 -3.3939225673675537 -24.633033752441406
146 -3.0369083881378174 -25.073139190673828
147 -2.779500722885132 -25.520212173461914
148 -2.5534141063690186 -25.816120147705078
149 -2.3086342811584473 -26.026126861572266
150 -2.159881114959717 -26.01799201965332
151 -1.8119324445724487 -25.814464569091797
152 -1.532584309577942 -25.636913299560547
153 -1.0583463907241821 -25.549028396606445
154 -0.7096767425537109 -25.446653366088867
155 -0.33523157238960266 -25.2425479888916
156 0.047661226242780685 -24.980539321899414
157 0.40284669399261475 -24.69330596923828
158 0.7134625911712646 -24.43511962890625
159 0.9509704113006592 -24.177383422851562
160 1.4446853399276733 -23.245798110961914
161 1.6439653635025024 -22.814085006713867
162 1.5812028646469116 -22.584299087524414
163 1.2693660259246826 -22.433441162109375
164 0.9585645198822021 -22.3736629486084
165 0.6631030440330505 -22.405513763427734
166 0.44105011224746704 -22.468992233276367
167 0.20729519426822662 -22.553281784057617
168 -0.2942059636116028 -22.74277114868164
169 -0.5620655417442322 -22.800567626953125
170 -0.8454732894897461 -22.871231079101562
171 -1.3807750940322876 -23.131502151489258
172 -1.6147698163986206 -23.13547706604004
173 -1.8346319198608398 -22.968669891357422
174 -2.048914909362793 -22.742284774780273
175 -2.2706708908081055 -22.366357803344727
176 -2.3585944175720215 -22.34803581237793
177 -2.4049060344696045 -22.250965118408203
178 -2.4687795639038086 -21.926128387451172
179 -2.537510871887207 -21.654722213745117
180 -2.985875129699707 -20.883390426635742
181 -3.1895751953125 -20.793996810913086
182 -3.5173826217651367 -20.718585968017578
183 -3.8993141651153564 -20.7403507232666
184 -4.250173568725586 -20.68061637878418
185 -4.372642517089844 -20.759916305541992
186 -4.451412677764893 -20.986892700195312
187 -4.640419960021973 -21.356447219848633
188 -4.868526935577393 -21.652847290039062
189 -5.069222450256348 -22.00790786743164
190 -5.188538074493408 -22.325876235961914
191 -5.43687105178833 -25.26304054260254
192 -5.405284404754639 -26.23554229736328
193 -5.404394149780273 -26.671630859375
194 -5.455225944519043 -27.162694931030273
195 -5.667311191558838 -27.838529586791992
196 -5.83662748336792 -28.067115783691406
197 -6.0936689376831055 -28.19237518310547
198 -6.3405561447143555 -28.121618270874023
199 -6.718533515930176 -27.922048568725586
200 -7.2518415451049805 -27.620817184448242
201 -7.449714660644531 -27.43642807006836
202 -7.590789794921875 -27.318347930908203
203 -7.8600993156433105 -26.928741455078125
204 -7.985566139221191 -26.678163528442383
205 -6.617790222167969 -19.893096923828125
206 -6.551973342895508 -19.677799224853516
207 -6.46660041809082 -19.19245719909668
208 -6.4785847663879395 -18.980457305908203
209 -6.730030536651611 -18.671470642089844
210 -6.999706268310547 -18.373186111450195
211 -7.139256477355957 -18.137319564819336
212 -7.391564846038818 -17.56694221496582
213 -7.607418537139893 -17.21113395690918
214 -7.742441654205322 -17.000085830688477
215 -8.000041961669922 -16.821346282958984
216 -8.264087677001953 -16.590606689453125
217 -8.537778854370117 -16.247241973876953
218 -8.62972640991211 -16.011184692382812
219 -8.924810409545898 -15.93828296661377
220 -9.293558120727539 -15.974786758422852
221 -9.469337463378906 -16.135116577148438
222 -9.717992782592773 -16.32248306274414
223 -10.077756881713867 -16.470348358154297
224 -10.62321949005127 -16.78323745727539
225 -10.972786903381348 -16.913970947265625
226 -11.704964637756348 -17.12908363342285
227 -11.867826461791992 -17.197690963745117
228 -12.102167129516602 -17.392086029052734
229 -12.452378273010254 -17.668212890625
230 -12.637351989746094 -17.857330322265625
231 -12.800111770629883 -18.055400848388672
232 -12.932080268859863 -18.245515823364258
233 -13.00934886932373 -18.435970306396484
234 -13.270211219787598 -18.8901424407959
235 -13.556015968322754 -19.46774673461914
236 -13.549932479858398 -19.662790298461914
237 -13.2276029586792 -19.87577247619629
238 -12.46914005279541 -20.072065353393555
239 -11.651298522949219 -20.282169342041016
240 -11.204507827758789 -20.428890228271484
241 -10.882627487182617 -20.491477966308594
242 -10.240962028503418 -20.565942764282227
243 -10.037694931030273 -20.512914657592773
244 -9.913640022277832 -20.08631134033203
245 -9.877055168151855 -19.40199851989746
246 -9.827238082885742 -18.969459533691406
247 -9.771180152893066 -18.74810028076172
248 -9.940323829650879 -14.126952171325684
249 -10.052918434143066 -13.8750581741333
250 -10.24971866607666 -13.825224876403809
251 -11.172163009643555 -14.011540412902832
252 -11.450274467468262 -14.160374641418457
253 -15.911375999450684 -19.209163665771484
254 -16.10633659362793 -19.290422439575195
255 -16.32660484313965 -19.141576766967773
256 -16.574277877807617 -18.93219757080078
257 -16.662439346313477 -18.623945236206055
258 -16.80659294128418 -18.221546173095703
259 -17.33070945739746 -17.85527992248535
260 -17.645580291748047 -17.839418411254883
261 -17.979618072509766 -17.865205764770508
262 -18.890727996826172 -18.038633346557617
263 -19.188507080078125 -18.2055721282959
264 -19.392751693725586 -18.565277099609375
265 -19.27631378173828 -19.03291130065918
266 -19.113691329956055 -19.26605224609375
267 -18.932069778442383 -19.542724609375
268 -18.843000411987305 -19.67783546447754
269 -18.539966583251953 -20.358909606933594
270 -18.4028263092041 -20.61882781982422
271 -14.487161636352539 -26.759450912475586
272 -14.49760913848877 -26.903148651123047
273 -14.756560325622559 -27.22929573059082
274 -15.077220916748047 -27.31629753112793
275 -15.68435001373291 -27.053672790527344
276 -15.939722061157227 -26.87665557861328
277 -16.14537239074707 -26.673768997192383
278 -20.89948844909668 -20.879297256469727
279 -21.098684310913086 -20.804624557495117
280 -21.378875732421875 -20.73824691772461
281 -21.733007431030273 -20.625839233398438
282 -22.275386810302734 -20.474496841430664
283 -22.82386016845703 -20.382511138916016
284 -23.343812942504883 -20.246723175048828
285 -23.865018844604492 -20.151268005371094
286 -24.226938247680664 -20.12643051147461
287 -24.694759368896484 -20.15447998046875
288 -25.55308723449707 -19.836345672607422
289 -25.770694732666016 -19.577056884765625
290 -25.72713279724121 -19.282838821411133
291 -25.358118057250977 -18.40262222290039
292 -25.231313705444336 -18.050180435180664
293 -25.122699737548828 -17.651113510131836
294 -25.025657653808594 -17.229726791381836
295 -25.012676239013672 -16.83561897277832
296 -25.055540084838867 -16.60631561279297
297 -25.1783447265625 -16.465608596801758
298 -25.881372451782227 -16.290023803710938
299 -26.328943252563477 -16.26498794555664
300 -26.636680603027344 -16.280136108398438
301 -27.02906036376953 -16.296894073486328
302 -27.537567138671875 -16.13826560974121
303 -27.702627182006836 -15.919459342956543
304 -27.67483139038086 -15.567693710327148
305 -27.633113861083984 -15.244219779968262
306 -27.6207275390625 -15.06719970703125
307 -27.430770874023438 -14.815613746643066
308 -27.01186752319336 -14.543726921081543
309 -26.758419036865234 -14.374418258666992
310 -26.58119010925293 -14.207070350646973
311 -26.380578994750977 -13.769753456115723
312 -26.270917892456055 -13.428836822509766
313 -26.08122444152832 -13.048237800598145
314 -25.84400177001953 -12.878314971923828
315 -25.608997344970703 -12.825102806091309
316 -25.41499137878418 -12.737824440002441
317 -25.016618728637695 -12.509535789489746
318 -24.430919647216797 -12.303183555603027
319 -24.05107307434082 -12.214700698852539
320 -23.728229522705078 -12.208104133605957
321 -23.493160247802734 -12.232467651367188
322 -23.38765525817871 -12.46931266784668
323 -23.291959762573242 -12.67695426940918
324 -23.187646865844727 -13.042954444885254
325 -23.01311683654785 -13.39342975616455
326 -22.895545959472656 -13.673232078552246
327 -22.403417587280273 -14.317285537719727
328 -22.184803009033203 -14.545090675354004
329 -22.116432189941406 -14.706525802612305
330 -22.134502410888672 -14.863347053527832
331 -22.299072265625 -15.484111785888672
332 -22.448471069335938 -15.81502914428711
333 -22.63382339477539 -16.651628494262695
334 -22.601390838623047 -16.973834991455078
335 -22.40241050720215 -17.326772689819336
336 -21.979949951171875 -17.7670955657959
337 -21.934112548828125 -17.784503936767578
338 -21.774259567260742 -17.844026565551758
339 -20.6837100982666 0.12329833954572678
340 -20.68522071838379 0.3252834379673004
341 -20.67373275756836 0.6437196731567383
342 -20.631723403930664 1.006710410118103
343 -20.594511032104492 1.3254321813583374
344 -20.6184024810791 1.6100342273712158
345 -20.59452247619629 1.735222578048706
346 -20.511734008789062 2.3120529651641846
347 -20.416601181030273 2.380478620529175
348 -19.987272262573242 2.5148561000823975
349 -19.41765785217285 2.7920029163360596
350 -18.8257999420166 3.0258121490478516
351 -18.462797164916992 3.025325298309326
352 -18.184646606445312 2.7873427867889404
353 -18.013139724731445 2.5865745544433594
354 -17.9836368560791 2.3274974822998047
355 -18.17063331604004 1.16538667678833
356 -18.15964126586914 0.867475152015686
357 -18.197025299072266 0.4905552268028259
358 -18.076627731323242 -11.401886940002441
359 -18.048158645629883 -11.615378379821777
360 -17.915149688720703 -12.015641212463379
361 -17.783830642700195 -12.551164627075195
362 -17.828630447387695 -12.799129486083984
363 -17.927942276000977 -13.01799201965332
364 -18.11432647705078 -13.375996589660645
365 -18.351823806762695 -13.636611938476562
366 -18.706275939941406 -13.927908897399902
367 -19.01670265197754 -14.236268997192383
368 -19.205461502075195 -14.597890853881836
369 -19.29888153076172 -15.16914176940918
370 -19.313785552978516 -15.506909370422363
371 -19.177841186523438 -15.690892219543457
372 -18.99124526977539 -15.706727027893066
373 -18.41298484802246 -15.623297691345215
374 -17.984481811523438 -15.515876770019531
375 -17.605112075805664 -15.498442649841309
376 -17.25090789794922 -15.638750076293945
377 -16.66518211364746 -15.954117774963379
378 -16.349897384643555 -16.039470672607422
379 -16.093673706054688 -15.961967468261719
380 -15.706639289855957 -15.68077564239502
381 -15.42037296295166 -15.325018882751465
382 -15.231833457946777 -14.694522857666016
383 -15.251049041748047 -14.412267684936523
384 -15.356212615966797 -14.191261291503906
385 -15.580458641052246 -14.030635833740234
386 -15.799169540405273 -13.843550682067871
387 -16.22674560546875 -13.607501029968262
388 -19.620128631591797 -12.596048355102539
389 -19.824987411499023 -12.544329643249512
390 -20.007741928100586 -12.424132347106934
391 -20.30437660217285 -12.074597358703613
392 -20.598299026489258 -11.679658889770508
393 -20.822160720825195 -11.396622657775879
394 -20.97212028503418 -11.104231834411621
395 -21.022846221923828 -10.898714065551758
396 -21.06096076965332 -10.713056564331055
397 -21.20769691467285 -10.395496368408203
398 -21.15153694152832 -10.243124961853027
399 -8.530651092529297 -2.3701064586639404
400 -8.292665481567383 -2.3189377784729004
401 -8.170615196228027 -2.3364248275756836
402 -7.900722503662109 -2.519082546234131
403 -7.608028411865234 -2.8852996826171875
404 -7.34253454208374 -3.228905200958252
405 -7.197179317474365 -3.562795639038086
406 -6.981202602386475 -3.9979288578033447
407 -6.794986248016357 -4.196691036224365
408 -6.752682209014893 -4.395013809204102
409 -6.615235805511475 -4.81525182723999
410 -6.569432735443115 -5.257909774780273
411 -6.630368709564209 -5.554220199584961
412 -6.829426288604736 -5.985469818115234
413 -6.893228530883789 -6.0980634689331055
414 -7.028596878051758 -6.30862283706665
415 -7.243009567260742 -6.593886852264404
416 -7.470335006713867 -6.77167272567749
417 -7.881574630737305 -7.030572891235352
418 -8.008872032165527 -7.143495559692383
419 -17.206228256225586 -8.959131240844727
420 -17.497459411621094 -8.930426597595215
421 -18.126819610595703 -8.881277084350586
422 -18.30291175842285 -8.792333602905273
423 -18.499492645263672 -8.614482879638672
424 -18.598583221435547 -8.373652458190918
425 -18.813493728637695 -7.912574291229248
426 -18.941490173339844 -7.621063709259033
427 -18.921619415283203 -7.442187309265137
428 -18.72624969482422 -6.969363689422607
429 -18.645109176635742 -6.6851935386657715
430 -18.587797164916992 -6.425952434539795
431 -18.308486938476562 -6.170801162719727
432 -18.042680740356445 -6.014464378356934
433 -17.858661651611328 -5.938788414001465
434 -17.58772850036621 -6.048870086669922
435 -16.93246078491211 -6.258518695831299
436 -16.73699378967285 -6.369393348693848
437 -16.63568687438965 -6.55709981918335
438 -16.386314392089844 -6.734356880187988
439 -16.03069305419922 -6.849575996398926
440 -15.847877502441406 -6.831766605377197
441 -15.269308090209961 -6.753824710845947
442 -14.6974458694458 -6.73492431640625
443 -14.348154067993164 -6.778035640716553
444 -13.89381217956543 -6.886229038238525
445 -13.685140609741211 -7.091885089874268
446 -13.620871543884277 -7.31690788269043
447 -13.362849235534668 -7.936511039733887
448 -13.137893676757812 -8.213593482971191
449 -12.937320709228516 -8.497288703918457
450 -12.759757995605469 -8.527885437011719
451 -12.325753211975098 -8.597270011901855
452 -11.847615242004395 -8.63856315612793
453 -11.496213912963867 -8.653589248657227
454 -11.213912010192871 -8.675714492797852
455 -10.687971115112305 -8.601700782775879
456 -10.182077407836914 -8.634846687316895
457 -9.936339378356934 -8.831839561462402
458 -9.935121536254883 -9.233083724975586
459 -10.242880821228027 -9.678488731384277
460 -10.419759750366211 -9.866170883178711
461 -10.511398315429688 -9.995194435119629
462 -10.660398483276367 -10.282768249511719
463 -10.957904815673828 -10.47142505645752
464 -11.210509300231934 -10.691322326660156
465 -11.455265045166016 -10.760442733764648
466 -12.015095710754395 -10.82650375366211
467 -12.154080390930176 -10.88213062286377
468 -12.187129974365234 -10.917967796325684
469 -12.4447603225708 -11.047338485717773
470 -12.834050178527832 -11.325504302978516
471 -13.184680938720703 -11.541549682617188
472 -13.545164108276367 -11.905513763427734
473 -13.767151832580566 -11.927462577819824
474 -14.13748550415039 -11.828109741210938
475 -14.431982040405273 -11.619744300842285
476 -14.766081809997559 -11.401508331298828
477 -14.918107032775879 -11.300284385681152
478 -15.186199188232422 -10.95966625213623
479 -15.438573837280273 -10.692890167236328
480 -15.72281551361084 -10.383537292480469
481 -15.74279499053955 -10.090453147888184
482 -15.58677864074707 -9.714892387390137
483 -15.275373458862305 -9.399454116821289
484 -15.02711009979248 -9.211045265197754
485 -14.819478988647461 -9.068620681762695
486 -14.550353050231934 -8.864190101623535
487 -11.759416580200195 -6.650203227996826
488 -11.45044994354248 -6.459290504455566
489 -11.113554954528809 -6.2364420890808105
490 -10.969420433044434 -6.12464714050293
491 -10.98272705078125 -5.893906593322754
492 -11.011346817016602 -5.5032243728637695
493 -11.080758094787598 -5.040094375610352
494 -11.23294448852539 -4.793737411499023
495 -11.456021308898926 -4.5634765625
496 -11.63336181640625 -4.383176803588867
497 -11.789596557617188 -4.243127822875977
498 -12.195756912231445 -3.9498438835144043
499 -12.592531204223633 -3.8384604454040527
500 -13.03870964050293 -3.820263147354126
501 -13.417043685913086 -3.8605897426605225
502 -13.740447044372559 -3.9152278900146484
503 -13.953828811645508 -3.9026458263397217
504 -14.148466110229492 -3.873025417327881
505 -14.485011100769043 -3.7406554222106934
506 -14.778868675231934 -3.6442832946777344
507 -15.114825248718262 -3.3988735675811768
508 -15.22760009765625 -3.1125636100769043
509 -15.238003730773926 -2.903682231903076
510 -15.170365333557129 -2.5795769691467285
511 -14.988436698913574 -2.1566035747528076
512 -14.793468475341797 -1.9677708148956299
513 -14.168330192565918 -1.6802003383636475
514 -13.749483108520508 -1.511802315711975
515 -13.301446914672852 -1.3518263101577759
516 -13.044872283935547 -1.2210091352462769
517 -12.601017951965332 -0.8515341877937317
518 -12.452066421508789 -0.662513256072998
519 -12.350380897521973 -0.42038682103157043
520 -12.357294082641602 0.06719651818275452
521 -12.515168190002441 0.5533187389373779
522 -12.617315292358398 0.7833011746406555
523 -12.699165344238281 0.9070429801940918
524 -12.959671974182129 1.0717179775238037
525 -13.490561485290527 1.2891898155212402
526 -13.982503890991211 1.378469467163086
527 -14.332147598266602 1.2848221063613892
528 -14.608489990234375 1.2037075757980347
529 -14.875839233398438 0.9947607517242432
530 -15.122918128967285 0.7918188571929932
531 -15.38373851776123 0.5410094857215881
532 -15.704551696777344 0.17535579204559326
533 -16.245630264282227 -0.31725600361824036
534 -16.971614837646484 -0.9116968512535095
535 -17.459877014160156 -1.3312950134277344
536 -17.873323440551758 -1.7088311910629272
537 -18.066556930541992 -1.8733279705047607
538 -18.369157791137695 -2.169995069503784
539 -18.951629638671875 -2.7883057594299316
540 -19.35040283203125 -3.135401725769043
541 -19.68960189819336 -3.2518692016601562
542 -19.866798400878906 -3.228811264038086
543 -20.291343688964844 -3.0629489421844482
544 -20.491762161254883 -2.9943790435791016
545 -20.682178497314453 -3.0367724895477295
546 -21.201738357543945 -3.106764554977417
547 -21.59634017944336 -3.2116167545318604
548 -21.750089645385742 -3.387535810470581
549 -21.937217712402344 -3.7716894149780273
550 -22.126968383789062 -4.227721691131592
551 -22.438344955444336 -4.704501152038574
552 -22.360441207885742 -4.836508274078369
553 -21.960973739624023 -4.988121509552002
554 -21.71977424621582 -5.142431259155273
555 -21.24190330505371 -5.336516380310059
556 -20.934585571289062 -5.503242015838623
557 -21.0064640045166 -5.62713098526001
558 -21.820831298828125 -6.523141384124756
559 -22.300737380981445 -6.718530654907227
560 -22.355491638183594 -6.770203113555908
561 -22.42093276977539 -6.984109401702881
562 -22.48505210876465 -7.283138275146484
563 -22.644189834594727 -7.6072773933410645
564 -22.920995712280273 -7.876415729522705
565 -23.05265235900879 -8.066448211669922
566 -23.198244094848633 -8.286596298217773
567 -23.420618057250977 -8.47634220123291
568 -23.64771270751953 -8.511091232299805
569 -24.021961212158203 -8.520252227783203
570 -24.270875930786133 -8.551141738891602
571 -24.463245391845703 -8.63106918334961
572 -24.758975982666016 -8.972723960876465
573 -24.976539611816406 -9.07828140258789
574 -25.23939323425293 -9.017848014831543
575 -25.48818016052246 -8.813007354736328
576 -25.7448673248291 -8.493672370910645
577 -25.951345443725586 -8.409258842468262
578 -26.186704635620117 -8.295809745788574
579 -26.438810348510742 -8.242777824401855
580 -26.83930015563965 -8.187909126281738
581 -27.072172164916992 -8.172309875488281
582 -27.439647674560547 -8.205011367797852
583 -27.68412208557129 -8.182263374328613
584 -27.960617065429688 -8.111272811889648
585 -28.328784942626953 -7.902717590332031
586 -28.61285400390625 -7.7294745445251465
587 -28.756383895874023 -7.64750862121582
588 -29.182401657104492 -7.43900203704834
589 -29.49679946899414 -7.309322834014893
590 -29.759183883666992 -7.326768398284912
591 -30.26146125793457 -7.499906539916992
592 -30.6505126953125 -7.687252998352051
593 -30.87351417541504 -7.797205924987793
594 -31.148387908935547 -7.969631671905518
595 -31.361495971679688 -8.127267837524414
596 -31.529678344726562 -8.204917907714844
597 -32.29243469238281 -8.309415817260742
598 -32.50055694580078 -8.35204792022705
599 -32.718727111816406 -8.357377052307129
600 -33.13172912597656 -8.266592025756836
601 -33.55105209350586 -8.139528274536133
602 -33.78010177612305 -8.037482261657715
603 -34.14094924926758 -7.900509834289551
604 -34.65068435668945 -7.754413604736328
605 -34.93241882324219 -7.704585552215576
606 -35.23533248901367 -7.700687885284424
607 -35.63047409057617 -7.746247291564941
608 -35.824520111083984 -7.813013553619385
609 -36.08060073852539 -7.859860897064209
610 -36.44462203979492 -8.064214706420898
611 -36.66866683959961 -8.226183891296387
612 -36.95730972290039 -8.532461166381836
613 -37.264400482177734 -8.780444145202637
614 -37.48725891113281 -8.837047576904297
615 -38.01918029785156 -8.959417343139648
616 -38.5573844909668 -9.088146209716797
617 -38.82421112060547 -9.211311340332031
618 -38.98537826538086 -9.353017807006836
619 -39.27967071533203 -9.647072792053223
620 -39.38679885864258 -9.87550163269043
621 -39.605255126953125 -10.293862342834473
622 -39.70449447631836 -10.631462097167969
623 -39.782814025878906 -10.96878719329834
624 -39.820411682128906 -11.332253456115723
625 -39.674217224121094 -12.035200119018555
626 -39.583946228027344 -12.288671493530273
627 -39.509517669677734 -12.510915756225586
628 -39.39284133911133 -12.666078567504883
629 -39.209537506103516 -13.047199249267578
630 -39.0998649597168 -13.351653099060059
631 -39.06242752075195 -13.540159225463867
632 -38.88922882080078 -13.896600723266602
633 -38.79029846191406 -14.148262977600098
634 -38.750614166259766 -14.438257217407227
635 -38.70994186401367 -14.8633394241333
636 -38.695011138916016 -15.197725296020508
637 -38.64089584350586 -15.476617813110352
638 -38.5156364440918 -15.870750427246094
639 -38.4635124206543 -16.203969955444336
640 -38.29206085205078 -16.775697708129883
641 -38.24418258666992 -16.981353759765625
642 -38.14714813232422 -17.16974639892578
643 -37.997745513916016 -17.30894660949707
644 -37.77339553833008 -17.69339942932129
645 -37.51270294189453 -18.107572555541992
646 -37.05990982055664 -18.81010627746582
647 -36.90069580078125 -19.02094841003418
648 -36.67598342895508 -19.197566986083984
649 -36.379032135009766 -19.330774307250977
650 -35.98941421508789 -19.401792526245117
651 -35.48320388793945 -19.418994903564453
652 -34.3203239440918 -19.432693481445312
653 -33.81080627441406 -19.468896865844727
654 -33.36613082885742 -19.503488540649414
655 -32.76438522338867 -19.542888641357422
656 -32.57550811767578 -19.569822311401367
657 -32.370330810546875 -19.473669052124023
658 -31.802635192871094 -19.266155242919922
659 -31.620586395263672 -19.198972702026367
660 -31.265090942382812 -19.081480026245117
661 -30.953296661376953 -18.96192169189453
662 -30.546001434326172 -18.794069290161133
663 -30.31321907043457 -18.65801239013672
664 -30.111549377441406 -18.48831558227539
665 -29.95693016052246 -18.32209587097168
666 -29.822851181030273 -17.97537612915039
667 -29.753870010375977 -17.73443031311035
668 -31.39375877380371 -5.861325740814209
669 -31.329965591430664 -5.674288749694824
670 -31.252408981323242 -5.364150524139404
671 -31.288898468017578 -4.905511856079102
672 -31.296707153320312 -4.6652727127075195
673 -31.254371643066406 -4.191678047180176
674 -31.16104507446289 -3.720559597015381
675 -31.165945053100586 -3.3625948429107666
676 -31.50406265258789 -2.8912265300750732
677 -31.951534271240234 -2.4406299591064453
678 -32.225074768066406 -2.2809371948242188
679 -32.41946029663086 -2.196906566619873
680 -32.704742431640625 -2.1829562187194824
681 -32.911033630371094 -2.321223735809326
682 -33.091800689697266 -2.584571123123169
683 -33.21134948730469 -2.9053151607513428
684 -33.408058166503906 -3.5141801834106445
685 -33.56010437011719 -4.115825653076172
686 -33.56285858154297 -4.291413307189941
687 -33.339359283447266 -4.4120306968688965
688 -33.03592300415039 -4.478898525238037
689 -32.470924377441406 -4.429261207580566
690 -30.065961837768555 -4.142119884490967
691 -29.848979949951172 -4.162928104400635
692 -29.710494995117188 -4.310281753540039
693 -29.181848526000977 -4.718282222747803
694 -28.95254135131836 -4.92324686050415
695 -28.76171875 -4.919343948364258
696 -28.60042953491211 -4.860565185546875
697 -28.40110969543457 -4.836152076721191
698 -28.178422927856445 -4.708650588989258
699 -27.843076705932617 -4.314180374145508
700 -27.66463279724121 -3.947725534439087
701 -27.691057205200195 -3.7688937187194824
702 -27.8143253326416 -3.4826178550720215
703 -27.969802856445312 -3.283647298812866
704 -28.193389892578125 -3.035764217376709
705 -28.5079345703125 -2.8319661617279053
706 -28.716161727905273 -2.758636951446533
707 -29.035526275634766 -2.689934730529785
708 -29.493831634521484 -2.4443671703338623
709 -29.74047088623047 -2.2159526348114014
710 -29.8255615234375 -2.0718560218811035
711 -29.621925354003906 -1.8413362503051758
712 -29.381288528442383 -1.6192424297332764
713 -28.958568572998047 -1.3568066358566284
714 -28.617267608642578 -1.2396823167800903
715 -28.20351219177246 -1.176939606666565
716 -27.832368850708008 -1.2433770895004272
717 -27.432510375976562 -1.3144760131835938
718 -27.143695831298828 -1.3292056322097778
719 -26.86507797241211 -1.3683708906173706
720 -26.40151023864746 -1.4690998792648315
721 -25.949386596679688 -1.5836293697357178
722 -25.640275955200195 -1.658243179321289
723 -25.292966842651367 -1.698796272277832
724 -25.06100082397461 -1.7356880903244019
725 -24.757091522216797 -1.7481563091278076
726 -24.379972457885742 -1.714950680732727
727 -24.11408805847168 -1.599141001701355
728 -23.687824249267578 -1.2987847328186035
729 -23.162689208984375 -0.914277195930481
730 -22.986501693725586 -0.7502162456512451
731 -22.844831466674805 -0.5354132056236267
732 -18.72092628479004 5.752892971038818
733 -18.45781707763672 5.898182392120361
734 -18.123016357421875 6.022334098815918
735 -17.578758239746094 6.123624801635742
736 -17.110319137573242 6.173228740692139
737 -16.684602737426758 6.1472601890563965
738 -16.214387893676758 6.081659317016602
739 -15.909102439880371 5.7911882400512695
740 -15.64706039428711 5.374904632568359
741 -15.62595272064209 4.9380083084106445
742 -15.68191146850586 4.655577659606934
743 -15.924044609069824 4.455709934234619
744 -16.1341495513916 4.256036281585693
745 -16.237186431884766 4.179858207702637
746 -24.81346893310547 -3.6556754112243652
747 -24.949783325195312 -3.7641212940216064
748 -24.994604110717773 -3.8449466228485107
749 -25.11979866027832 -3.994964838027954
750 -25.308382034301758 -4.272789478302002
751 -25.491491317749023 -4.620004177093506
752 -25.58547019958496 -4.932125091552734
753 -25.847545623779297 -5.264834403991699
754 -26.039527893066406 -5.44009256362915
755 -26.37155532836914 -5.631346702575684
756 -26.679840087890625 -5.761699199676514
757 -26.902990341186523 -5.7950568199157715
758 -27.088943481445312 -5.827338218688965
759 -30.35873031616211 4.287761211395264
760 -30.522518157958984 4.329261302947998
761 -30.613956451416016 4.21653938293457
762 -30.82073974609375 3.497837543487549
763 -30.977750778198242 2.876919746398926
764 -31.095821380615234 2.5449445247650146
765 -31.225894927978516 2.2458572387695312
766 -31.339805603027344 2.056473731994629
767 -31.54424476623535 1.6951242685317993
768 -31.634010314941406 1.517318606376648
769 -31.84444236755371 0.8364021182060242
770 -31.834529876708984 0.3899344801902771
771 -31.71697998046875 0.19643501937389374
772 -31.549646377563477 0.15184611082077026
773 -30.828393936157227 0.06884998828172684
774 -30.42819595336914 0.15291905403137207
775 -30.05916404724121 0.32745203375816345
776 -29.82854461669922 0.453140527009964
777 -29.5738468170166 0.5434178709983826
778 -29.312694549560547 0.613070547580719
779 -28.848257064819336 0.6472663879394531
780 -28.4791259765625 0.6059079766273499
781 -28.095338821411133 0.49193257093429565
782 -27.80025291442871 0.46326276659965515
783 -27.564823150634766 0.4390881061553955
784 -27.264877319335938 0.45314115285873413
785 -26.699703216552734 0.47513967752456665
786 -26.359752655029297 0.46307066082954407
787 -26.055206298828125 0.4202573895454407
788 -25.86260414123535 0.4096009433269501
789 -25.45598030090332 0.5316166877746582
790 -25.05156135559082 0.760923445224762
791 -24.68543243408203 1.0331096649169922
792 -24.504262924194336 1.1736594438552856
793 -24.20020294189453 1.508582592010498
794 -24.099170684814453 1.7576003074645996
795 -24.03424835205078 2.154136896133423
796 -23.93238067626953 2.4786088466644287
797 -23.967872619628906 2.693223476409912
798 -24.19202423095703 3.1302385330200195
799 -24.374223709106445 3.368861198425293
800 -24.808704376220703 3.494170665740967
801 -25.17575454711914 3.449147939682007
802 -25.578933715820312 3.294605255126953
803 -26.074893951416016 3.1403133869171143
804 -26.364091873168945 3.063011884689331
805 -26.72808074951172 2.9823286533355713
806 -27.11260223388672 2.960026979446411
807 -27.534809112548828 2.93137788772583
808 -27.721052169799805 2.932547092437744
809 -28.077083587646484 3.0750672817230225
810 -28.42755889892578 3.5755085945129395
811 -28.481416702270508 3.89990496635437
812 -28.322355270385742 4.99374532699585
813 -28.221342086791992 5.714317798614502
814 -28.20856285095215 6.181262493133545
815 -28.31645965576172 6.518771171569824
816 -28.494333267211914 6.707587718963623
817 -29.041757583618164 6.972007751464844
818 -29.37178611755371 7.0864715576171875
819 -29.5968074798584 7.374963283538818
820 -29.67668914794922 7.600489139556885
821 -29.73513412475586 7.996145248413086
822 -29.8665828704834 8.345373153686523
823 -30.091421127319336 8.84916877746582
824 -30.334657669067383 9.291977882385254
825 -30.829326629638672 9.920289993286133
826 -30.88812255859375 10.055537223815918
827 -30.937103271484375 10.426189422607422
828 -30.986492156982422 10.906972885131836
829 -31.0368709564209 11.208290100097656
830 -31.095975875854492 11.536681175231934
831 -31.143800735473633 11.88286018371582
832 -31.21756362915039 12.288997650146484
833 -31.227876663208008 12.74952507019043
834 -31.19783592224121 13.10275936126709
835 -31.101076126098633 13.287053108215332
836 -30.85922622680664 13.559646606445312
837 -30.586711883544922 13.783103942871094
838 -30.289691925048828 14.042375564575195
839 -30.00480842590332 14.240371704101562
840 -29.669193267822266 14.400394439697266
841 -29.369752883911133 14.526277542114258
842 -28.930635452270508 14.651598930358887
843 -28.588733673095703 14.778690338134766
844 -28.119142532348633 14.819463729858398
845 -27.719951629638672 14.787052154541016
846 -27.296592712402344 14.685121536254883
847 -27.00606346130371 14.626709938049316
848 -26.570161819458008 14.429511070251465
849 -26.252906799316406 14.231884002685547
850 -26.100399017333984 14.021020889282227
851 -25.815519332885742 13.564738273620605
852 -25.588993072509766 12.98916244506836
853 -25.491682052612305 12.729541778564453
854 -25.240259170532227 11.967723846435547
855 -25.18170166015625 11.689743041992188
856 -25.108259201049805 11.265296936035156
857 -24.97345733642578 10.804988861083984
858 -24.831268310546875 10.535815238952637
859 -24.640777587890625 10.227836608886719
860 -24.480802536010742 9.995880126953125
861 -24.242929458618164 9.704560279846191
862 -24.075136184692383 9.542546272277832
863 -23.837867736816406 9.34410285949707
864 -23.658992767333984 9.213171005249023
865 -23.322423934936523 8.99321460723877
866 -22.841331481933594 8.676055908203125
867 -22.568416595458984 8.497749328613281
868 -22.41242790222168 8.429656982421875
869 -22.057470321655273 8.27495288848877
870 -21.873027801513672 8.169753074645996
871 -21.658700942993164 8.016013145446777
872 -21.561824798583984 7.820092678070068
873 -21.554231643676758 7.62139892578125
874 -35.26856231689453 -3.0466878414154053
875 -35.35580825805664 -3.138857841491699
876 -35.538265228271484 -3.2576966285705566
877 -35.95077896118164 -3.558347463607788
878 -36.265174865722656 -3.8867642879486084
879 -36.344749450683594 -4.039597988128662
880 -36.629390716552734 -4.2347917556762695
881 -37.3852653503418 -4.418435096740723
882 -37.78333282470703 -4.458612442016602
883 -37.96510696411133 -4.424042701721191
884 -38.175262451171875 -4.4004974365234375
885 -38.41282653808594 -4.3248291015625
886 -38.7564697265625 -4.1885271072387695
887 -39.105743408203125 -4.087778091430664
888 -39.35387420654297 -3.7673428058624268
889 -39.40871810913086 -3.3893637657165527
890 -39.333805084228516 -2.997622489929199
891 -39.29022979736328 -2.6982920169830322
892 -39.20503616333008 -2.2651476860046387
893 -39.039405822753906 -1.987197756767273
894 -38.69574737548828 -1.6033443212509155
895 -38.40559387207031 -1.3985507488250732
896 -37.51294708251953 -0.9661851525306702
897 -37.19063949584961 -0.8251564502716064
898 -36.863407135009766 -0.7258082032203674
899 -36.72117233276367 -0.6838518977165222
900 -36.45297622680664 -0.5856972932815552
901 -35.812076568603516 -0.4243691861629486
902 -35.58550262451172 -0.32624927163124084
903 -35.239532470703125 -0.11046922206878662
904 -34.83757400512695 0.18570439517498016
905 -34.692630767822266 0.3883797526359558
906 -34.63300323486328 0.682988166809082
907 -34.784393310546875 1.1392947435379028
908 -35.00057601928711 1.6073797941207886
909 -35.17917251586914 1.8166782855987549
910 -35.68181610107422 2.1519174575805664
911 -35.9873046875 2.347402572631836
912 -36.47969436645508 2.7195518016815186
913 -36.84125900268555 2.992105722427368
914 -37.044822692871094 3.315345525741577
915 -37.11358642578125 3.547133445739746
916 -37.07151412963867 3.828110456466675
917 -37.00275421142578 4.056857585906982
918 -36.75899887084961 4.296144008636475
919 -36.376155853271484 4.54904842376709
920 -35.994972229003906 4.830984592437744
921 -35.65425109863281 5.005011558532715
922 -35.39213943481445 5.090580463409424
923 -35.30927658081055 5.204317092895508
924 -35.116207122802734 5.647694110870361
925 -34.9080810546875 5.877995491027832
926 -34.72835159301758 5.949535846710205
927 -34.18181610107422 6.153853893280029
928 -33.83910369873047 6.187034606933594
929 -33.53982162475586 5.840372085571289
930 -33.390132904052734 5.366489887237549
931 -33.369140625 5.1237263679504395
932 -33.39292526245117 4.856496810913086
933 -33.486106872558594 4.267882823944092
934 -33.50297164916992 3.958045482635498
935 -35.162879943847656 -11.078171730041504
936 -35.34046173095703 -11.33995246887207
937 -35.4339599609375 -11.578550338745117
938 -35.52333450317383 -11.952784538269043
939 -35.55110168457031 -12.3114013671875
940 -35.52235794067383 -12.666796684265137
941 -35.634342193603516 -12.960738182067871
942 -35.53375244140625 -13.07361125946045
943 -34.87528991699219 -13.648006439208984
944 -34.58546829223633 -13.96406364440918
945 -34.33913040161133 -14.259584426879883
946 -34.09745407104492 -14.5380220413208
947 -33.80194091796875 -14.825292587280273
948 -33.544925689697266 -15.121381759643555
949 -33.35123062133789 -15.394173622131348
950 -32.978240966796875 -15.624222755432129
951 -32.777870178222656 -15.72140884399414
952 -32.42494201660156 -15.766474723815918
953 -31.98082160949707 -15.751775741577148
954 -31.87531852722168 -15.669243812561035
955 -31.612516403198242 -15.034072875976562
956 -31.475940704345703 -14.699139595031738
957 -31.374553680419922 -14.347017288208008
958 -31.437397003173828 -14.105146408081055
959 -31.649080276489258 -13.641288757324219
960 -31.811067581176758 -13.391446113586426
961 -31.823091506958008 -13.184027671813965
962 -31.789012908935547 -12.953758239746094
963 -31.642822265625 -12.546316146850586
964 -31.531599044799805 -12.156176567077637
965 -31.490095138549805 -11.951949119567871
966 -31.44870376586914 -11.729025840759277
967 -31.346242904663086 -11.393783569335938
968 -31.176599502563477 -10.892965316772461
969 -31.08279037475586 -10.547401428222656
970 -31.02187156677246 -10.479206085205078
971 -30.85542106628418 -10.508440017700195
972 -30.564687728881836 -10.437389373779297
973 -30.00495147705078 -10.207452774047852
974 -29.656360626220703 -10.135323524475098
975 -28.682964324951172 -10.146162986755371
976 -28.40308952331543 -10.256488800048828
977 -28.25374984741211 -10.624197006225586
978 -28.254066467285156 -11.107608795166016
979 -28.391014099121094 -11.583040237426758
980 -28.51122283935547 -11.991189956665039
981 -28.879581451416016 -12.711331367492676
982 -29.05718994140625 -13.143464088439941
983 -29.141681671142578 -13.356583595275879
984 -32.896060943603516 -23.575979232788086
985 -33.15968704223633 -23.957157135009766
986 -33.26958084106445 -24.098268508911133
987 -33.4033088684082 -24.335018157958984
988 -33.50563049316406 -24.552433013916016
989 -33.57468795776367 -24.717042922973633
990 -33.83417892456055 -25.218212127685547
991 -33.98953628540039 -25.49473762512207
992 -34.21101760864258 -25.880037307739258
993 -34.3794059753418 -26.17234230041504
994 -34.46149444580078 -26.324928283691406
995 -34.72877883911133 -26.809307098388672
996 -34.898101806640625 -27.10354232788086
997 -35.04008483886719 -27.336124420166016
998 -35.14773941040039 -27.498863220214844
999 -35.19549560546875 -27.567106246948242
