0 19.13974380493164 -73.63066864013672
1 19.119117736816406 -73.51080322265625
2 18.986804962158203 -73.28390502929688
3 18.32070541381836 -72.41608428955078
4 18.13405418395996 -72.23873901367188
5 17.205467224121094 -71.67819213867188
6 16.890644073486328 -71.4655990600586
7 16.54417610168457 -71.23310852050781
8 16.13637351989746 -71.00243377685547
9 15.372445106506348 -70.36804962158203
10 15.180624961853027 -70.25677490234375
11 14.902390480041504 -70.16443634033203
12 14.68659782409668 -70.07843017578125
13 14.516592979431152 -70.00623321533203
14 5.767916679382324 -66.13412475585938
15 5.538721561431885 -66.054443359375
16 5.279159069061279 -65.9666519165039
17 5.049241542816162 -65.8677749633789
18 4.642270565032959 -65.78604125976562
19 4.049930095672607 -65.77629852294922
20 3.702235698699951 -65.73567199707031
21 3.489701271057129 -65.62107849121094
22 3.3237698078155518 -65.49170684814453
23 2.8483636379241943 -65.38390350341797
24 2.6846117973327637 -65.35897827148438
25 2.2971837520599365 -65.21197509765625
26 2.018836736679077 -65.01385498046875
27 -7.388949871063232 -59.340476989746094
28 -7.558743000030518 -59.232662200927734
29 -7.929765701293945 -59.024505615234375
30 -8.476175308227539 -58.6471061706543
31 -8.740557670593262 -58.430721282958984
32 -8.888222694396973 -58.180755615234375
33 -8.977339744567871 -57.84397506713867
34 -9.094264030456543 -57.42533874511719
35 -9.122404098510742 -57.167335510253906
36 -9.122201919555664 -56.98520278930664
37 21.495746612548828 -79.44265747070312
38 21.517759323120117 -79.6740493774414
39 21.603912353515625 -80.1904525756836
40 21.602678298950195 -80.48126983642578
41 21.46140480041504 -80.86468505859375
42 21.195219039916992 -81.20735931396484
43 20.968841552734375 -81.45257568359375
44 20.5623722076416 -81.55294036865234
45 20.34467887878418 -81.49009704589844
46 20.235319137573242 -81.41448974609375
47 24.45227813720703 -68.0474624633789
48 24.572471618652344 -67.91946411132812
49 24.81639862060547 -67.78723907470703
50 25.188915252685547 -67.66534423828125
51 25.61418342590332 -67.63616180419922
52 26.179290771484375 -67.72248840332031
53 26.764347076416016 -68.03553009033203
54 27.041996002197266 -68.21570587158203
55 27.371915817260742 -68.68922424316406
56 27.414411544799805 -68.9189682006836
57 27.304460525512695 -69.12821960449219
58 27.0479679107666 -69.42393493652344
59 26.722719192504883 -69.73497009277344
60 23.84099769592285 -71.86486053466797
61 23.52018165588379 -72.0319595336914
62 23.230152130126953 -72.09794616699219
63 22.780166625976562 -72.08773803710938
64 22.504314422607422 -71.99065399169922
65 22.052000045776367 -71.71759796142578
66 21.782045364379883 -71.51510620117188
67 21.48951530456543 -71.28321075439453
68 21.13951873779297 -71.02835845947266
69 20.639835357666016 -70.73804473876953
70 20.26904296875 -70.60691833496094
71 19.99537467956543 -70.61583709716797
72 19.74869155883789 -70.70454406738281
73 19.607357025146484 -70.7956314086914
74 12.03634262084961 -81.02130126953125
75 11.744162559509277 -81.09358978271484
76 11.531122207641602 -81.16120147705078
77 11.258899688720703 -81.14649963378906
78 10.912989616394043 -81.0118637084961
79 10.53122329711914 -80.849609375
80 10.007112503051758 -80.71170806884766
81 9.738779067993164 -80.71235656738281
82 9.122950553894043 -80.82089233398438
83 8.69725513458252 -80.89414978027344
84 8.337333679199219 -80.82828521728516
85 8.094420433044434 -80.69062805175781
86 7.782758712768555 -80.45957946777344
87 7.201479434967041 -80.19723510742188
88 6.609832286834717 -80.12654113769531
89 6.374495506286621 -80.08522033691406
90 5.953419208526611 -79.88740539550781
91 5.614090919494629 -79.71941375732422
92 5.135222434997559 -79.4423599243164
93 4.769171714782715 -79.309326171875
94 4.540528297424316 -79.22993469238281
95 4.097517490386963 -79.0672378540039
96 3.808119297027588 -78.97196197509766
97 3.2474024295806885 -78.84061431884766
98 2.93601393699646 -78.81903076171875
99 2.516761064529419 -78.62381744384766
100 2.1529693603515625 -78.5384521484375
101 1.7387253046035767 -78.48762512207031
102 1.4353126287460327 -78.53981018066406
103 0.9533433318138123 -78.86906433105469
104 0.70505291223526 -79.266357421875
105 0.5963478088378906 -79.66280364990234
106 0.6677049994468689 -79.87503051757812
107 0.8848163485527039 -80.03421020507812
108 1.1343886852264404 -80.21002960205078
109 1.5037777423858643 -80.406494140625
110 1.763625144958496 -80.67977905273438
111 1.9067778587341309 -80.7653579711914
112 22.974414825439453 -56.87017822265625
113 22.728742599487305 -56.899986267089844
114 22.512351989746094 -56.99725341796875
115 22.208627700805664 -57.141845703125
116 21.94550132751465 -57.2752685546875
117 21.151409149169922 -57.92003631591797
118 21.073881149291992 -58.05922317504883
119 21.05873680114746 -58.59981155395508
120 21.06068229675293 -58.875450134277344
121 21.110082626342773 -59.3900032043457
122 21.233978271484375 -60.15782165527344
123 21.23971176147461 -60.40770721435547
124 21.006851196289062 -60.7674674987793
125 20.66750717163086 -61.16918182373047
126 20.443187713623047 -61.39544677734375
127 20.320602416992188 -61.52671813964844
128 20.150365829467773 -61.87349319458008
129 19.79603385925293 -62.381614685058594
130 19.447498321533203 -62.83829879760742
131 19.194164276123047 -63.06857681274414
132 18.90913963317871 -63.35201644897461
133 18.662364959716797 -63.556278228759766
134 18.30788803100586 -63.72113800048828
135 17.97843360900879 -63.7875862121582
136 17.63214111328125 -63.715904235839844
137 17.077726364135742 -63.57550811767578
138 16.705245971679688 -63.49678039550781
139 16.227622985839844 -63.391944885253906
140 15.938955307006836 -63.3823127746582
141 -3.837026357650757 -64.55683135986328
142 -3.893054723739624 -64.54887390136719
143 -3.8897974491119385 -64.54051971435547
144 9.329687118530273 -46.82366943359375
145 9.363211631774902 -46.87754821777344
146 9.383530616760254 -46.970863342285156
147 7.173272609710693 -59.19076919555664
148 7.143338680267334 -58.97465896606445
149 7.052401065826416 -58.62508010864258
150 6.988090515136719 -58.355796813964844
151 6.826745510101318 -57.915470123291016
152 6.743017196655273 -57.60090255737305
153 6.690706253051758 -57.45810317993164
154 6.5923590660095215 -57.00084686279297
155 6.227141380310059 -56.08756637573242
156 6.013695240020752 -55.936988830566406
157 5.464691638946533 -56.161197662353516
158 5.229071140289307 -56.384559631347656
159 5.161848068237305 -56.49551010131836
160 5.136868000030518 -56.68486022949219
161 5.134436130523682 -56.84687805175781
162 15.22146987915039 -53.20438766479492
163 15.325313568115234 -52.9396858215332
164 15.434652328491211 -52.63764190673828
165 15.360218048095703 -52.37770080566406
166 15.078803062438965 -52.00415802001953
167 14.831766128540039 -51.87390899658203
168 14.545242309570312 -51.85584259033203
169 14.123139381408691 -52.01891326904297
170 13.25629997253418 -52.63438034057617
171 12.615331649780273 -53.24592208862305
172 12.220735549926758 -53.75697708129883
173 11.993176460266113 -54.10443878173828
174 11.795417785644531 -54.46188735961914
175 11.617498397827148 -54.83209991455078
176 11.502706527709961 -55.19593048095703
177 11.410984992980957 -55.39753341674805
178 11.415938377380371 -55.65529251098633
179 11.647377967834473 -55.98273468017578
180 11.840718269348145 -56.6480712890625
181 11.876677513122559 -56.98673629760742
182 12.00447940826416 -57.55009460449219
183 12.18561840057373 -57.84242630004883
184 12.323068618774414 -58.035255432128906
185 12.310013771057129 -58.22937774658203
186 12.17885971069336 -58.67985153198242
187 12.012125968933105 -59.06154251098633
188 11.844561576843262 -59.17852020263672
189 11.393438339233398 -59.07856369018555
190 10.599077224731445 -58.55765914916992
191 10.383151054382324 -58.427799224853516
192 10.272250175476074 -58.23386764526367
193 10.151260375976562 -57.87468338012695
194 10.078065872192383 -57.72977066040039
195 9.951199531555176 -57.39594650268555
196 9.821473121643066 -57.02582931518555
197 9.636459350585938 -56.25735855102539
198 9.344376564025879 -56.05006408691406
199 8.785056114196777 -55.694461822509766
200 8.542037963867188 -55.716522216796875
201 8.359158515930176 -55.954776763916016
202 8.334024429321289 -56.426700592041016
203 8.395988464355469 -56.7962646484375
204 8.457318305969238 -57.08794403076172
205 8.611018180847168 -58.14929962158203
206 8.696870803833008 -58.740291595458984
207 8.706727027893066 -59.36404037475586
208 8.51403522491455 -59.925601959228516
209 8.405410766601562 -60.15542221069336
210 8.300766944885254 -60.30661392211914
211 7.978907108306885 -60.76850891113281
212 7.833077907562256 -61.20310592651367
213 7.577603340148926 -61.90811538696289
214 7.490126132965088 -62.032615661621094
215 7.243163108825684 -62.38154220581055
216 5.7815470695495605 -63.63907241821289
217 5.485900402069092 -63.6964111328125
218 5.046030521392822 -63.753211975097656
219 4.8368353843688965 -63.774044036865234
220 4.3141937255859375 -63.69894790649414
221 4.043490409851074 -63.55265808105469
222 3.9594173431396484 -63.23308181762695
223 3.9797372817993164 -62.871063232421875
224 4.2762532234191895 -54.978031158447266
225 4.3478498458862305 -54.72681427001953
226 4.4470930099487305 -54.444358825683594
227 4.611462116241455 -54.27065658569336
228 4.9257988929748535 -54.16281509399414
229 5.516342639923096 -54.15494155883789
230 5.761240005493164 -54.19081497192383
231 6.053636074066162 -54.18100357055664
232 6.438336372375488 -54.0059814453125
233 6.753969669342041 -53.82747268676758
234 7.045358657836914 -53.69037628173828
235 7.354630470275879 -53.59684371948242
236 7.594362258911133 -53.60224151611328
237 7.893214702606201 -53.35795211791992
238 8.022433280944824 -53.1784782409668
239 8.166958808898926 -53.28339385986328
240 8.677786827087402 -53.49135208129883
241 8.930180549621582 -53.40633010864258
242 9.233804702758789 -53.210025787353516
243 9.529746055603027 -52.868019104003906
244 9.749144554138184 -52.644649505615234
245 10.127604484558105 -52.267921447753906
246 10.535605430603027 -51.89663314819336
247 10.747580528259277 -51.649044036865234
248 11.025897979736328 -51.12744140625
249 11.150581359863281 -50.67873001098633
250 11.085469245910645 -50.2656135559082
251 11.048559188842773 -49.96465301513672
252 10.7205171585083 -49.925045013427734
253 10.283784866333008 -49.96794891357422
254 9.586377143859863 -50.14766311645508
255 9.10460090637207 -50.408023834228516
256 8.703479766845703 -50.65130615234375
257 5.866088390350342 -51.765682220458984
258 5.492288589477539 -51.84950637817383
259 4.993138313293457 -51.92836380004883
260 4.518459796905518 -52.039920806884766
261 4.183851718902588 -52.00474548339844
262 3.7092738151550293 -51.885684967041016
263 3.1812963485717773 -51.69736862182617
264 2.6122024059295654 -51.5680046081543
265 2.210763692855835 -51.576202392578125
266 1.912858009338379 -51.88414001464844
267 1.8123900890350342 -52.162574768066406
268 1.8565114736557007 -52.493934631347656
269 1.9562305212020874 -52.90346145629883
270 2.001438617706299 -53.08802795410156
271 1.9587993621826172 -53.2933464050293
272 1.9260035753250122 -53.52320098876953
273 1.6687836647033691 -54.12118911743164
274 1.359885573387146 -54.51796340942383
275 1.0792046785354614 -54.86847686767578
276 0.9405853748321533 -55.08877944946289
277 0.2722843885421753 -63.763187408447266
278 0.22437795996665955 -63.97779846191406
279 -0.055157370865345 -64.52958679199219
280 -0.1831205040216446 -64.82939910888672
281 -0.29597365856170654 -65.01529693603516
282 -0.441530704498291 -65.3047866821289
283 -0.6674089431762695 -65.76679229736328
284 -0.6805316209793091 -66.09823608398438
285 -0.6383969783782959 -66.20333099365234
286 -0.5043811798095703 -66.3974380493164
287 -0.3069344460964203 -66.81800079345703
288 -0.058812450617551804 -67.28761291503906
289 0.05367123335599899 -67.55148315429688
290 5.472463130950928 -76.6717300415039
291 5.538291931152344 -76.77593231201172
292 5.686237335205078 -77.04522705078125
293 5.998030662536621 -77.34149932861328
294 6.232675075531006 -77.53077697753906
295 6.598393440246582 -77.64753723144531
296 6.90781831741333 -77.76237487792969
297 7.067600727081299 -77.51111602783203
298 7.128683090209961 -77.34843444824219
299 7.436675071716309 -76.6944351196289
300 7.558401107788086 -76.40734100341797
301 7.565387725830078 -75.90666961669922
302 7.4344305992126465 -75.65171813964844
303 7.209399223327637 -75.41981506347656
304 6.9064249992370605 -75.27230072021484
305 6.433925628662109 -75.12358093261719
306 6.32509708404541 -75.03294372558594
307 6.207706451416016 -74.8792724609375
308 6.141021251678467 -74.59081268310547
309 6.212503910064697 -74.23841857910156
310 6.4869866371154785 -73.98046112060547
311 6.811225414276123 -73.54777526855469
312 6.9134602546691895 -73.2442398071289
313 3.3730382919311523 -57.99641036987305
314 3.229748010635376 -57.840911865234375
315 2.9409024715423584 -57.69186019897461
316 2.4732041358947754 -57.44093704223633
317 2.0230300426483154 -57.11812973022461
318 1.6993472576141357 -56.774986267089844
319 1.6618703603744507 -56.53418731689453
320 1.8327158689498901 -56.340633392333984
321 2.3617124557495117 -56.19892883300781
322 2.8087475299835205 -56.142574310302734
323 3.0513617992401123 -56.19744873046875
324 5.271489143371582 -60.2093620300293
325 5.386416435241699 -60.438175201416016
326 5.599830150604248 -60.808738708496094
327 5.691884517669678 -61.05535125732422
328 5.7661261558532715 -61.352169036865234
329 5.79288387298584 -61.74425506591797
330 5.826075553894043 -61.984588623046875
331 5.938562870025635 -62.24728775024414
332 6.322019100189209 -62.916786193847656
333 6.670845985412598 -63.426361083984375
334 6.87982177734375 -63.821372985839844
335 7.100882530212402 -64.09219360351562
336 7.306079864501953 -64.31039428710938
337 7.605219841003418 -64.77375793457031
338 7.811437606811523 -65.137451171875
339 8.048301696777344 -65.37702178955078
340 8.396223068237305 -65.58190155029297
341 8.811655044555664 -65.89019012451172
342 9.175531387329102 -66.38352966308594
343 9.369649887084961 -66.796630859375
344 9.466264724731445 -67.10299682617188
345 10.237311363220215 -71.06035614013672
346 10.25475788116455 -71.3044662475586
347 10.172994613647461 -71.86503601074219
348 9.986238479614258 -72.27257537841797
349 9.785566329956055 -72.52657318115234
350 9.407025337219238 -72.79351806640625
351 8.762925148010254 -73.25162506103516
352 8.596991539001465 -73.49523162841797
353 8.591324806213379 -73.77428436279297
354 8.847687721252441 -73.8825454711914
355 9.117870330810547 -73.90251922607422
356 9.546966552734375 -73.85396575927734
357 10.071887016296387 -73.85856628417969
358 10.214020729064941 -73.98788452148438
359 10.446547508239746 -74.2372055053711
360 10.510342597961426 -74.44906616210938
361 10.58133602142334 -74.71599578857422
362 10.690967559814453 -75.03690338134766
363 10.878860473632812 -75.27690124511719
364 11.040838241577148 -75.45452117919922
365 11.347322463989258 -75.79537963867188
366 11.901446342468262 -76.1290283203125
367 12.16385269165039 -76.19181060791016
368 12.300006866455078 -76.17467498779297
369 12.490626335144043 -76.1082763671875
370 17.85434913635254 -66.6189956665039
371 17.836284637451172 -66.5919418334961
372 17.652711868286133 -66.65667724609375
373 17.423242568969727 -66.7618179321289
374 17.128416061401367 -66.9415512084961
375 16.826068878173828 -67.25942993164062
376 16.674667358398438 -67.50641632080078
377 16.540300369262695 -67.8568115234375
378 16.533424377441406 -68.39391326904297
379 16.666900634765625 -68.7597885131836
380 16.82577896118164 -69.04940032958984
381 17.25108528137207 -69.28960418701172
382 17.845809936523438 -69.34932708740234
383 18.102039337158203 -69.39480590820312
384 18.1218204498291 -69.4521484375
385 16.3001708984375 -75.9420394897461
386 16.278291702270508 -76.08285522460938
387 16.177013397216797 -76.35826110839844
388 15.995606422424316 -76.63941192626953
389 15.748355865478516 -76.89595794677734
390 15.502317428588867 -77.02214813232422
391 15.091288566589355 -77.13964080810547
392 14.784872055053711 -77.127197265625
393 14.511640548706055 -77.1046142578125
394 13.965768814086914 -77.11380004882812
395 10.111294746398926 -77.300048828125
396 9.912175178527832 -77.2543716430664
397 9.583183288574219 -76.9803237915039
398 9.327470779418945 -76.74437713623047
399 9.216300010681152 -76.54158020019531
400 9.406496047973633 -64.35641479492188
401 9.294355392456055 -64.09058380126953
402 9.186909675598145 -63.63405227661133
403 9.136847496032715 -63.00769805908203
404 9.227961540222168 -62.452152252197266
405 9.388164520263672 -62.06624221801758
406 9.690383911132812 -61.54044723510742
407 9.831493377685547 -61.34607696533203
408 10.026004791259766 -61.19160079956055
409 10.630912780761719 -60.84287643432617
410 11.04736042022705 -60.8191032409668
411 11.456572532653809 -60.861080169677734
412 11.632323265075684 -60.97137451171875
413 11.622313499450684 -61.25958251953125
414 11.657856941223145 -61.740875244140625
415 11.680798530578613 -62.0323371887207
416 11.57309627532959 -62.25758743286133
417 11.48394775390625 -62.62932205200195
418 11.322659492492676 -62.91553497314453
419 11.083349227905273 -63.34276580810547
420 11.018302917480469 -63.529747009277344
421 12.1660795211792 -69.70137786865234
422 12.1939115524292 -69.93963623046875
423 12.34285831451416 -70.10919189453125
424 12.435433387756348 -70.38570404052734
425 12.449563026428223 -70.67385864257812
426 12.3872652053833 -71.12390899658203
427 12.237377166748047 -71.50892639160156
428 12.073249816894531 -71.9233169555664
429 12.011848449707031 -72.21678161621094
430 11.99648380279541 -72.42835998535156
431 12.007792472839355 -72.6795425415039
432 12.425348281860352 -73.43115234375
433 12.550830841064453 -73.5992431640625
434 12.735528945922852 -73.59898376464844
435 13.0686674118042 -73.45550537109375
436 13.76307201385498 -72.9423599243164
437 14.03256607055664 -72.82020568847656
438 14.201390266418457 -72.91682434082031
439 14.300370216369629 -73.13470458984375
440 14.44810962677002 -73.6248779296875
441 14.579569816589355 -74.02691650390625
442 14.766088485717773 -74.27008056640625
443 15.209970474243164 -74.23513793945312
444 15.657137870788574 -74.0767822265625
445 16.053813934326172 -73.94615936279297
446 16.50437355041504 -73.74932861328125
447 16.722820281982422 -73.56874084472656
448 16.70986557006836 -73.4283447265625
449 11.187270164489746 -66.51554107666016
450 11.160066604614258 -66.34649658203125
451 11.174277305603027 -66.23680877685547
452 11.253389358520508 -65.78301239013672
453 11.321514129638672 -65.42109680175781
454 11.41379165649414 -65.18209075927734
455 11.705282211303711 -64.98467254638672
456 12.170357704162598 -64.76901245117188
457 12.526585578918457 -64.59715270996094
458 12.713309288024902 -64.44456481933594
459 17.24972915649414 -60.1492919921875
460 17.52197265625 -60.11642074584961
461 17.787874221801758 -60.15953826904297
462 18.104310989379883 -60.35222244262695
463 18.289819717407227 -60.55208969116211
464 18.467897415161133 -60.846126556396484
465 20.1568660736084 -65.23566436767578
466 20.245840072631836 -65.5291748046875
467 20.304332733154297 -65.9075698852539
468 20.29088592529297 -66.17385864257812
469 20.242725372314453 -66.62682342529297
470 20.239131927490234 -66.77364349365234
471 -4.712202072143555 -69.34669494628906
472 -4.8866353034973145 -69.57437133789062
473 -5.284986972808838 -70.01998138427734
474 -5.273642063140869 -70.1693344116211
475 -4.946690559387207 -70.30422973632812
476 -4.577103614807129 -70.56188201904297
477 -4.445734977722168 -70.97368621826172
478 -4.43864107131958 -71.57682037353516
479 -4.338370323181152 -71.8216552734375
480 -4.127528190612793 -71.86714935302734
481 -3.5476465225219727 -71.62966918945312
482 -3.3019814491271973 -71.47169494628906
483 -2.967524528503418 -71.04329681396484
484 -2.695692777633667 -70.74817657470703
485 -2.4928598403930664 -70.6333999633789
486 -2.1649272441864014 -70.5373306274414
487 -1.8513274192810059 -70.30813598632812
488 -1.0623129606246948 -69.45924377441406
489 -0.787098228931427 -69.31250762939453
490 -0.5882459878921509 -69.45787048339844
491 -0.5573328733444214 -69.75911712646484
492 -0.6123976707458496 -70.45402526855469
493 -0.7069796919822693 -71.01329803466797
494 -1.0543550252914429 -71.95423889160156
495 -1.2093313932418823 -72.23432922363281
496 -1.3410533666610718 -72.54594421386719
497 -1.3914293050765991 -72.82709503173828
498 -1.5782291889190674 -73.66230773925781
499 -1.6756625175476074 -73.98250579833984
500 -1.9170345067977905 -74.30733489990234
501 -2.1347157955169678 -74.603271484375
502 -2.2955682277679443 -74.65180206298828
503 -2.496262550354004 -74.5274429321289
504 -2.821915626525879 -74.14791107177734
505 -3.0648531913757324 -73.73011779785156
506 -3.0773911476135254 -73.47306823730469
507 -3.012018918991089 -73.23185729980469
508 -2.2162699699401855 -68.54905700683594
509 -2.24328351020813 -68.26763153076172
510 -2.312965154647827 -68.1307144165039
511 -2.5211398601531982 -67.83134460449219
512 -2.7371442317962646 -67.43960571289062
513 -2.865962266921997 -67.22217559814453
514 -3.0193068981170654 -67.09890747070312
515 -3.1811389923095703 -67.0316162109375
516 -3.6419906616210938 -67.06088256835938
517 -3.806600332260132 -67.07917022705078
518 -4.6004157066345215 -67.2306137084961
519 -4.938019275665283 -67.23812103271484
520 -5.237181186676025 -67.37203979492188
521 -5.406818866729736 -67.48565673828125
522 -5.516965389251709 -67.6788330078125
523 0.7710944414138794 -70.22119903564453
524 1.0348094701766968 -70.3720932006836
525 1.4044077396392822 -70.47232818603516
526 1.6123203039169312 -70.40546417236328
527 1.7374248504638672 -70.2890625
528 1.8717765808105469 -69.7911148071289
529 1.8836135864257812 -69.31336975097656
530 1.8446451425552368 -68.98973083496094
531 1.8851732015609741 -68.60834503173828
532 1.8438564538955688 -68.32887268066406
533 1.6242691278457642 -67.72278594970703
534 1.583480954170227 -67.5060806274414
535 1.6376745700836182 -67.12303161621094
536 1.6635191440582275 -66.82140350341797
537 1.623320460319519 -66.48783111572266
538 1.5426383018493652 -66.20352172851562
539 -2.4525957107543945 -51.93235778808594
540 -2.419924020767212 -51.794395446777344
541 -2.3481504917144775 -51.637969970703125
542 -2.172018527984619 -51.24414825439453
543 -2.009373188018799 -50.49378204345703
544 -1.9891210794448853 -50.01180648803711
545 -1.980847716331482 -49.465755462646484
546 -1.9519896507263184 -49.264408111572266
547 -1.9148201942443848 -49.0145378112793
548 5.584298133850098 -70.08667755126953
549 5.4516282081604 -70.21186828613281
550 5.127461910247803 -70.3963851928711
551 4.8071136474609375 -70.46072387695312
552 4.459270000457764 -70.36251831054688
553 4.092161655426025 -70.32716369628906
554 3.732083797454834 -70.43611907958984
555 3.4469356536865234 -70.69932556152344
556 3.0377039909362793 -71.20732116699219
557 2.9744465351104736 -71.18586730957031
558 2.909776210784912 -71.06266021728516
559 -3.7743513584136963 -62.233821868896484
560 -3.669102430343628 -61.97239685058594
561 -3.4868061542510986 -61.746986389160156
562 -3.148494243621826 -61.493629455566406
563 -2.8061530590057373 -61.17399215698242
564 -2.432969331741333 -60.962921142578125
565 -2.125917911529541 -60.95599365234375
566 -1.7265160083770752 -61.162864685058594
567 -1.5441004037857056 -61.363712310791016
568 -1.2663822174072266 -61.788883209228516
569 -1.0218000411987305 -62.242698669433594
570 -0.9879695177078247 -62.65937805175781
571 -1.1260457038879395 -62.991905212402344
572 -1.3288865089416504 -63.028953552246094
573 -4.690896987915039 -57.15931701660156
574 -4.831913471221924 -56.68562316894531
575 -4.884960174560547 -56.41951370239258
576 -4.611968040466309 -56.307708740234375
577 -4.300342082977295 -56.246341705322266
578 -3.836780071258545 -56.18807601928711
579 -3.2671165466308594 -56.11313247680664
580 -2.7554192543029785 -56.000892639160156
581 -2.354161262512207 -55.815673828125
582 -1.754135251045227 -55.32157897949219
583 -1.5701788663864136 -55.0981559753418
584 -1.3218557834625244 -54.807342529296875
585 -1.1885695457458496 -54.704959869384766
586 -2.4309744834899902 -82.70044708251953
587 -2.242708206176758 -82.86187744140625
588 -1.9766404628753662 -83.03236389160156
589 -1.721516489982605 -83.17762756347656
590 -1.3940471410751343 -83.3729019165039
591 -0.9609605073928833 -83.73983001708984
592 -0.6619572043418884 -84.11409759521484
593 -0.48781007528305054 -84.37178039550781
594 -0.25306326150894165 -84.61539459228516
595 0.06159619241952896 -84.82514190673828
596 0.4954295754432678 -84.99952697753906
597 1.316640019416809 -85.10992431640625
598 1.8367818593978882 -85.10997772216797
599 2.364847421646118 -85.05358123779297
600 2.6750102043151855 -84.94847106933594
601 2.9889283180236816 -84.7640609741211
602 3.407372236251831 -84.37884521484375
603 3.6377155780792236 -84.17478942871094
604 3.958893299102783 -83.9501953125
605 4.216502666473389 -83.72242736816406
606 4.444887161254883 -83.50288391113281
607 4.645694255828857 -83.28133392333984
608 8.368144035339355 -71.7176742553711
609 8.406609535217285 -71.4769515991211
610 8.336153030395508 -71.1850357055664
611 8.203770637512207 -70.91803741455078
612 7.98797607421875 -70.7761001586914
613 7.553460597991943 -70.55033874511719
614 7.415987968444824 -70.517578125
615 -2.272731304168701 -79.29012298583984
616 -2.290318489074707 -79.11848449707031
617 -2.287839651107788 -78.89740753173828
618 -2.222399950027466 -78.56793212890625
619 -1.989759087562561 -77.9086685180664
620 -1.8276056051254272 -77.46973419189453
621 -1.7210925817489624 -77.13682556152344
622 -1.7469836473464966 -76.96961975097656
623 -1.8501211404800415 -76.82093811035156
624 -3.436431884765625 -76.91403198242188
625 -3.739875078201294 -76.94869232177734
626 -4.12463903427124 -77.03323364257812
627 -4.329132080078125 -76.93991088867188
628 -4.723079204559326 -76.7071304321289
629 -4.985250473022461 -76.39201354980469
630 -5.529292583465576 -75.91632843017578
631 -5.897136688232422 -75.7582778930664
632 -6.248873710632324 -75.5216293334961
633 -6.501140117645264 -75.35488891601562
634 -6.795060157775879 -75.12718200683594
635 -7.141125202178955 -74.82899475097656
636 -7.378830432891846 -74.53826904296875
637 -7.5637288093566895 -74.23333740234375
638 -7.8324408531188965 -73.76487731933594
639 -7.989140510559082 -73.41558074951172
640 -8.312231063842773 -72.59770965576172
641 -8.462342262268066 -72.29029083251953
642 -8.671076774597168 -71.94676971435547
643 -8.81185531616211 -71.62754821777344
644 -9.105603218078613 -71.00881958007812
645 -9.21051025390625 -70.75079345703125
646 -9.318670272827148 -70.33885192871094
647 -9.37246036529541 -69.94232940673828
648 -9.341951370239258 -69.53923797607422
649 -9.205850601196289 -69.26870727539062
650 -8.950053215026855 -68.89765930175781
651 -8.83974838256836 -68.61976623535156
652 -8.746198654174805 -68.04449462890625
653 -8.76106071472168 -67.48258209228516
654 -8.774624824523926 -66.8362808227539
655 -8.742176055908203 -66.0807113647461
656 -8.67011547088623 -65.81427764892578
657 -8.544456481933594 -65.4872055053711
658 -8.366081237792969 -65.118896484375
659 -8.087587356567383 -64.53225708007812
660 -7.959778308868408 -64.25877380371094
661 -7.78713846206665 -63.962181091308594
662 -7.614681720733643 -63.78691482543945
663 -7.438689708709717 -63.61782455444336
664 -7.083890438079834 -63.06650161743164
665 -6.58894681930542 -62.262794494628906
666 -6.347588539123535 -61.95247268676758
667 -6.165449142456055 -61.737335205078125
668 -5.764023303985596 -61.21706008911133
669 -5.511153221130371 -60.88750076293945
670 -5.15957498550415 -60.450897216796875
671 -4.765475273132324 -59.88847732543945
672 -4.603338241577148 -59.689048767089844
673 -4.422801971435547 -59.54941177368164
674 -2.998757839202881 -58.6382942199707
675 -2.666673421859741 -58.44337844848633
676 -2.3841938972473145 -58.327449798583984
677 -2.0924270153045654 -58.31126022338867
678 -1.832637071609497 -58.343082427978516
679 3.239332914352417 -61.5088005065918
680 3.3385274410247803 -61.60183334350586
681 3.477900743484497 -61.56992721557617
682 7.503206253051758 -66.74622344970703
683 7.616578102111816 -66.97545623779297
684 7.722005367279053 -67.3001708984375
685 7.817334175109863 -67.7441177368164
686 7.881636619567871 -68.14659118652344
687 7.798369407653809 -68.57006072998047
688 7.6317524909973145 -68.56830596923828
689 6.645050525665283 -68.19790649414062
690 6.304972171783447 -68.09574890136719
691 6.04017972946167 -68.0417251586914
692 5.708243370056152 -68.04910278320312
693 5.517789363861084 -68.11790466308594
694 5.401416778564453 -68.10163879394531
695 4.862953186035156 -68.23576354980469
696 4.52009391784668 -68.4731216430664
697 4.230597972869873 -68.72360229492188
698 4.032780170440674 -68.77542114257812
699 3.83176326751709 -68.6401138305664
700 3.4476749897003174 -68.14656066894531
701 3.3946664333343506 -67.8416519165039
702 3.5020227432250977 -67.35302734375
703 3.6078267097473145 -67.23738098144531
704 13.6150541305542 -56.73572540283203
705 13.676084518432617 -56.42536544799805
706 13.711420059204102 -56.020538330078125
707 13.79875659942627 -55.8343391418457
708 14.384963989257812 -55.58415985107422
709 15.17172908782959 -55.352821350097656
710 15.490087509155273 -55.36325454711914
711 15.76915168762207 -55.39241409301758
712 15.907604217529297 -55.58754348754883
713 16.01032066345215 -55.84617614746094
714 16.021728515625 -56.2854118347168
715 15.914067268371582 -57.259037017822266
716 15.865352630615234 -57.76951599121094
717 15.822360038757324 -58.13258361816406
718 15.753500938415527 -58.51727294921875
719 15.634285926818848 -58.7303352355957
720 15.326658248901367 -58.96879959106445
721 15.013249397277832 -59.13816833496094
722 14.535886764526367 -59.22885513305664
723 14.39358901977539 -59.33003616333008
724 14.201515197753906 -59.43313980102539
725 13.883980751037598 -59.502288818359375
726 3.9637491703033447 -49.44136428833008
727 3.860058069229126 -49.358619689941406
728 3.700993061065674 -49.26377868652344
729 3.501887559890747 -49.0112419128418
730 3.3618524074554443 -48.67009735107422
731 3.233625888824463 -48.26141357421875
732 3.3700616359710693 -47.912593841552734
733 3.62202787399292 -47.675174713134766
734 3.9587810039520264 -47.424964904785156
735 4.488523483276367 -47.24605941772461
736 4.910399913787842 -47.18994903564453
737 5.336416721343994 -47.22893524169922
738 5.490572452545166 -47.296321868896484
739 5.779642581939697 -47.538761138916016
740 6.06628942489624 -47.95317840576172
741 6.2909064292907715 -48.31984329223633
742 6.452830791473389 -48.6168098449707
743 6.680849075317383 -49.05106735229492
744 6.784979343414307 -49.45658493041992
745 6.839661121368408 -49.941043853759766
746 6.919050216674805 -50.36469268798828
747 6.937841415405273 -50.60531997680664
748 5.2910614013671875 -58.65688705444336
749 5.230063438415527 -58.774139404296875
750 4.976836204528809 -58.98956298828125
751 4.561011791229248 -59.3070182800293
752 4.07697868347168 -59.602203369140625
753 3.58062481880188 -59.7570915222168
754 3.0665342807769775 -59.77986145019531
755 2.7714834213256836 -59.720035552978516
756 2.440673351287842 -59.66999053955078
757 2.139288902282715 -59.56305694580078
758 1.2459919452667236 -58.89361572265625
759 0.9169158339500427 -58.754512786865234
760 0.6539669632911682 -58.81781005859375
761 0.5340645909309387 -58.94095993041992
762 0.4448568522930145 -59.14069747924805
763 0.5184769034385681 -59.76991653442383
764 0.597385048866272 -60.31296920776367
765 0.6218059062957764 -60.5184440612793
766 0.6802683472633362 -60.771663665771484
767 0.8489015102386475 -61.23357391357422
768 1.0082464218139648 -61.5969123840332
769 1.1956437826156616 -61.930660247802734
770 1.405252456665039 -62.17131805419922
771 1.7582472562789917 -62.52247619628906
772 1.9303945302963257 -62.820552825927734
773 1.9971511363983154 -63.121726989746094
774 1.9996956586837769 -63.27157974243164
775 2.141052722930908 -72.74444580078125
776 2.0604989528656006 -73.1682357788086
777 1.9690543413162231 -73.6016845703125
778 1.8882406949996948 -73.92915344238281
779 1.6815462112426758 -74.56658935546875
780 1.5400738716125488 -74.8469009399414
781 1.2491124868392944 -75.29684448242188
782 0.6774923205375671 -75.91271209716797
783 0.5460328459739685 -75.98767852783203
784 0.37846797704696655 -75.8134765625
785 0.24199090898036957 -75.55461120605469
786 0.19444513320922852 -74.89608764648438
787 0.2075304538011551 -74.59066009521484
788 0.28536346554756165 -73.86125183105469
789 0.31612226366996765 -73.50414276123047
790 0.3916412889957428 -73.06770324707031
791 0.4809449017047882 -72.7923812866211
792 0.5612417459487915 -72.36600494384766
793 0.5872275829315186 -72.24821472167969
794 12.042444229125977 -85.19390106201172
795 12.142757415771484 -85.10118103027344
796 12.316926002502441 -84.87995910644531
797 12.656171798706055 -84.3921890258789
798 12.906132698059082 -84.06587982177734
799 13.16480541229248 -84.04572296142578
800 13.530685424804688 -84.3201904296875
801 13.803041458129883 -84.57476043701172
802 14.113533973693848 -84.86709594726562
803 14.406463623046875 -85.06117248535156
804 15.195262908935547 -85.46684265136719
805 15.57005786895752 -85.5247573852539
806 16.01311492919922 -85.45248413085938
807 16.286449432373047 -85.29837036132812
808 16.53908348083496 -84.94168853759766
809 16.642614364624023 -84.40557098388672
810 16.614221572875977 -83.82229614257812
811 16.53282356262207 -83.29875183105469
812 16.441875457763672 -82.98983764648438
813 16.311206817626953 -82.65876770019531
814 16.09202003479004 -82.40721130371094
815 15.820656776428223 -82.2144546508789
816 15.598849296569824 -82.03995513916016
817 15.324346542358398 -81.83779907226562
818 14.893470764160156 -81.47095489501953
819 14.586389541625977 -80.94515228271484
820 14.518115043640137 -80.6447982788086
821 14.396292686462402 -80.1739501953125
822 14.22647476196289 -79.85064697265625
823 14.020539283752441 -79.53260803222656
824 13.897355079650879 -79.39784240722656
825 13.715221405029297 -79.28981018066406
826 13.497447967529297 -79.247314453125
827 12.916510581970215 -78.91724395751953
828 12.568751335144043 -78.67234802246094
829 12.363412857055664 -78.5540771484375
830 11.956830978393555 -78.32652282714844
831 11.578423500061035 -78.21915435791016
832 11.41799545288086 -78.13809204101562
833 18.18621253967285 -57.250858306884766
834 18.21116828918457 -57.07819366455078
835 18.30192756652832 -56.592491149902344
836 18.41947364807129 -56.220855712890625
837 18.56541633605957 -55.912681579589844
838 18.700714111328125 -55.499393463134766
839 18.83615493774414 -54.845664978027344
840 18.834665298461914 -54.609493255615234
841 18.819931030273438 -54.53573226928711
842 2.159698009490967 -76.6880874633789
843 2.247614860534668 -76.76593780517578
844 2.3776049613952637 -76.8092041015625
845 2.9867680072784424 -76.79598236083984
846 3.1893413066864014 -76.62816619873047
847 3.3447952270507812 -76.31574249267578
848 3.393322467803955 -76.18988800048828
849 3.4612607955932617 -75.90764617919922
850 3.7061574459075928 -75.0158462524414
851 3.7513344287872314 -74.81378936767578
852 3.793255567550659 -74.55457305908203
853 3.79440975189209 -74.25492095947266
854 3.771825075149536 -74.00260925292969
855 3.8387532234191895 -73.31366729736328
856 3.892001152038574 -73.17613983154297
857 4.053103923797607 -72.880859375
858 4.290815353393555 -72.65611267089844
859 4.593333721160889 -72.5069351196289
860 4.98539400100708 -72.3023910522461
861 5.406418800354004 -72.1894760131836
862 5.943902969360352 -72.08628845214844
863 6.228992462158203 -71.9932632446289
864 6.463623046875 -71.9456558227539
865 6.580018043518066 -71.93978118896484
866 17.24343490600586 -79.61902618408203
867 17.526931762695312 -79.56069946289062
868 17.676956176757812 -79.48005676269531
869 17.950164794921875 -79.17601776123047
870 18.196592330932617 -78.79524993896484
871 18.565593719482422 -78.08800506591797
872 18.907089233398438 -77.54845428466797
873 19.238428115844727 -77.23635864257812
874 19.443063735961914 -77.04434967041016
875 19.537092208862305 -76.96215057373047
876 19.731231689453125 -76.6282730102539
877 19.9016056060791 -76.33619689941406
878 19.982446670532227 -76.11528778076172
879 20.178852081298828 -75.63076782226562
880 20.346342086791992 -75.08360290527344
881 20.423433303833008 -74.78597259521484
882 20.6782283782959 -74.38605499267578
883 21.184036254882812 -74.22103118896484
884 21.547460556030273 -74.29776000976562
885 21.798154830932617 -74.42399597167969
886 22.20900535583496 -74.68033599853516
887 22.668848037719727 -75.03634643554688
888 23.236764907836914 -75.478759765625
889 23.437400817871094 -75.62944793701172
890 23.877355575561523 -75.74470520019531
891 24.511226654052734 -75.93081665039062
892 24.726299285888672 -75.95661926269531
893 24.88072395324707 -75.92804718017578
894 25.173603057861328 -75.85743713378906
895 25.387643814086914 -75.79456329345703
896 26.074935913085938 -75.3458480834961
897 26.579591751098633 -74.99835205078125
898 26.883649826049805 -74.7624740600586
899 27.120445251464844 -74.50984191894531
900 27.151508331298828 -74.2951889038086
901 27.061187744140625 -73.98975372314453
902 26.859420776367188 -73.50484466552734
903 26.674339294433594 -73.09991455078125
904 26.59429359436035 -72.95499420166016
905 26.38042449951172 -72.66110229492188
906 26.065902709960938 -72.25262451171875
907 25.32305335998535 -71.26317596435547
908 25.1062068939209 -70.9671401977539
909 24.94822883605957 -70.70091247558594
910 24.70623016357422 -70.4402084350586
911 24.310319900512695 -70.19547271728516
912 23.311861038208008 -69.50296020507812
913 23.126075744628906 -69.3877182006836
914 22.827123641967773 -69.19961547851562
915 22.229103088378906 -68.85269927978516
916 21.616662979125977 -68.55117797851562
917 21.274885177612305 -68.40251159667969
918 21.011804580688477 -68.37022399902344
919 9.350381851196289 -78.60420227050781
920 9.263188362121582 -78.82951354980469
921 9.152853012084961 -78.97198486328125
922 8.885114669799805 -79.24886322021484
923 7.6143798828125 -82.13274383544922
924 7.526035785675049 -82.54600524902344
925 7.579469680786133 -82.82717895507812
926 7.6489715576171875 -83.03829193115234
927 7.898410320281982 -83.49425506591797
928 8.25544548034668 -83.93830871582031
929 8.657532691955566 -84.21503448486328
930 9.18879508972168 -84.44947052001953
931 9.479717254638672 -84.56688690185547
932 9.56266975402832 -84.55924224853516
933 15.404128074645996 -65.15345764160156
934 15.24394416809082 -65.2248764038086
935 14.976597785949707 -65.33062744140625
936 14.682191848754883 -65.5513687133789
937 14.242761611938477 -65.89340209960938
938 14.187865257263184 -66.04438018798828
939 14.167678833007812 -66.41303253173828
940 14.258355140686035 -66.8982162475586
941 14.380242347717285 -67.28015899658203
942 14.361381530761719 -67.4893569946289
943 14.128015518188477 -67.86801147460938
944 13.839116096496582 -68.03013610839844
945 13.394840240478516 -68.06038665771484
946 13.065543174743652 -68.05607604980469
947 12.898223876953125 -68.04674530029297
948 12.680596351623535 -68.13794708251953
949 12.384034156799316 -68.22908020019531
950 11.805536270141602 -68.2794418334961
951 11.272909164428711 -68.347412109375
952 10.650518417358398 -68.66045379638672
953 10.472288131713867 -68.78055572509766
954 10.294540405273438 -69.02751922607422
955 10.029509544372559 -69.33686065673828
956 9.815898895263672 -69.48271942138672
957 9.647664070129395 -69.50675964355469
958 9.476853370666504 -69.44062805175781
959 9.314690589904785 -69.3143310546875
960 13.4839506149292 -63.1456298828125
961 13.56164836883545 -62.875213623046875
962 13.623377799987793 -62.42890167236328
963 13.663971900939941 -62.055931091308594
964 13.860650062561035 -61.862060546875
965 14.061319351196289 -61.7540168762207
966 14.284931182861328 -61.67129135131836
967 14.723727226257324 -61.587398529052734
968 15.022027015686035 -61.52650833129883
969 15.211650848388672 -61.49839782714844
970 15.42397689819336 -61.4710693359375
971 15.620870590209961 -61.49482727050781
972 21.516521453857422 -63.87807083129883
973 21.66100311279297 -63.989990234375
974 21.90334701538086 -64.17622375488281
975 22.545610427856445 -64.60888671875
976 23.000688552856445 -64.81915283203125
977 23.251300811767578 -64.89897918701172
978 23.554683685302734 -64.92790985107422
979 24.065561294555664 -64.75897216796875
980 24.551956176757812 -64.63301086425781
981 25.008386611938477 -64.43096923828125
982 25.414247512817383 -64.20663452148438
983 25.55703353881836 -64.0551986694336
984 25.735780715942383 -63.629669189453125
985 25.768089294433594 -63.349822998046875
986 25.726198196411133 -63.095394134521484
987 25.479114532470703 -62.80205154418945
988 25.124277114868164 -62.51892852783203
989 24.797420501708984 -62.35389709472656
990 23.876405715942383 -61.970157623291016
991 23.788522720336914 -61.78239440917969
992 23.845067977905273 -61.509681701660156
993 23.848379135131836 -61.23540115356445
994 23.894710540771484 -60.99131393432617
995 24.30023956298828 -60.47481155395508
996 24.56382942199707 -60.170040130615234
997 24.96395492553711 -59.71907424926758
998 25.042856216430664 -59.54938507080078
999 25.109708786010742 -59.46271896362305
