0 -69.63450622558594 42.13413619995117
1 -79.51728820800781 44.92811965942383
2 -92.74272155761719 53.50408935546875
3 -98.5205307006836 62.25791931152344
4 -101.88951873779297 75.955322265625
5 -93.270263671875 85.70951843261719
6 -81.90599060058594 101.98484802246094
7 -68.0566177368164 106.95755004882812
8 -59.12001419067383 115.37625122070312
9 -48.9652099609375 117.41494750976562
10 -68.01258087158203 46.870418548583984
11 -77.62324523925781 49.51784896850586
12 -88.66947937011719 56.453243255615234
13 -93.98676300048828 64.56549072265625
14 -96.84942626953125 75.69993591308594
15 -98.07235717773438 86.89199829101562
16 -78.9943618774414 98.28583526611328
17 -70.02405548095703 111.55609893798828
18 -57.736026763916016 110.54147338867188
19 -47.7995491027832 112.59935760498047
