0 -37.91710662841797 -19.764448165893555
1 -37.99785614013672 -19.965261459350586
2 -38.251129150390625 -20.41284942626953
3 -38.35960006713867 -20.621688842773438
4 -38.573486328125 -21.10767364501953
5 -38.85008239746094 -21.75533103942871
6 -39.007904052734375 -22.131572723388672
7 -39.01277542114258 -22.392898559570312
8 -38.9956169128418 -22.644447326660156
9 -38.87237548828125 -22.957059860229492
10 -38.5816650390625 -23.11988067626953
11 -38.116397857666016 -23.36003303527832
12 -37.845767974853516 -23.452651977539062
13 -37.59590148925781 -23.454748153686523
14 -37.31222152709961 -23.453556060791016
15 -37.11085510253906 -23.402475357055664
16 -36.896793365478516 -23.254934310913086
17 -36.228118896484375 -22.79918670654297
18 -36.14389419555664 -22.709592819213867
19 -35.79392623901367 -22.544301986694336
20 -35.41374969482422 -22.32713508605957
21 -35.159873962402344 -22.162830352783203
22 -34.924495697021484 -22.0257568359375
23 -34.654293060302734 -21.927621841430664
24 -34.18777084350586 -21.84478759765625
25 -33.95344543457031 -21.80718421936035
26 -33.18391418457031 -21.955984115600586
27 -32.84718704223633 -22.01093864440918
28 -32.38734436035156 -22.059770584106445
29 -31.71724510192871 -22.13741683959961
30 -31.37601661682129 -22.13738441467285
31 -30.998945236206055 -22.152259826660156
32 -30.41510581970215 -22.17994499206543
33 -30.184917449951172 -22.199134826660156
34 -29.859092712402344 -22.232160568237305
35 -29.29431915283203 -22.30050277709961
36 -29.000640869140625 -22.339231491088867
37 -28.700580596923828 -22.383270263671875
38 -28.248977661132812 -22.44767951965332
39 -27.721052169799805 -22.53847312927246
40 -27.440643310546875 -22.612865447998047
41 -27.15035057067871 -22.736736297607422
42 -26.717979431152344 -22.930946350097656
43 -26.065492630004883 -23.143564224243164
44 -25.783687591552734 -23.214561462402344
45 -25.46684455871582 -23.31479263305664
46 -25.174898147583008 -23.38438606262207
47 -24.747621536254883 -23.457456588745117
48 -24.38077163696289 -23.43109893798828
49 -23.993789672851562 -23.395721435546875
50 -23.63885498046875 -23.323593139648438
51 -16.90350914001465 -18.624902725219727
52 -16.80330467224121 -18.43352508544922
53 -16.661409378051758 -18.132936477661133
54 -16.544818878173828 -17.816322326660156
55 -16.386140823364258 -17.3111515045166
56 -16.285818099975586 -16.9561767578125
57 -16.1660213470459 -16.621837615966797
58 -16.041793823242188 -16.406949996948242
59 -15.862969398498535 -16.100624084472656
60 -15.610745429992676 -15.607685089111328
61 -15.505858421325684 -15.303010940551758
62 -15.40866470336914 -14.873719215393066
63 -15.380722045898438 -14.53513240814209
64 -15.273493766784668 -14.21239948272705
65 -15.140361785888672 -13.954797744750977
66 -14.952927589416504 -13.598553657531738
67 -14.783015251159668 -13.338658332824707
68 -14.199377059936523 -12.930593490600586
69 -13.920757293701172 -12.830260276794434
70 -13.243905067443848 -12.756376266479492
71 -13.031600952148438 -12.935867309570312
72 -12.909503936767578 -13.12818431854248
73 -12.386006355285645 -14.113482475280762
74 -12.282182693481445 -14.43593978881836
75 -12.171611785888672 -15.283302307128906
76 -12.101329803466797 -15.59284496307373
77 -12.0333251953125 -15.991414070129395
78 -11.973427772521973 -16.50589942932129
79 -11.88756275177002 -17.04971694946289
80 -11.844640731811523 -17.342554092407227
81 -11.755231857299805 -18.162918090820312
82 -11.732394218444824 -18.29106330871582
83 -11.723645210266113 -18.499927520751953
84 -11.743717193603516 -18.89299201965332
85 -11.827642440795898 -19.234107971191406
86 -12.00214672088623 -19.684600830078125
87 -12.177184104919434 -20.127939224243164
88 -12.36748218536377 -20.568635940551758
89 -12.512614250183105 -20.972434997558594
90 -12.612235069274902 -21.283432006835938
91 -12.672327041625977 -21.447877883911133
92 -12.649724006652832 -21.743738174438477
93 -12.439499855041504 -22.186491012573242
94 -12.254229545593262 -22.514284133911133
95 -12.170679092407227 -22.80129051208496
96 -12.04560661315918 -23.42009162902832
97 -12.017739295959473 -23.602203369140625
98 -11.975178718566895 -24.002391815185547
99 -11.923872947692871 -24.557273864746094
100 -11.854452133178711 -25.085582733154297
101 -11.738874435424805 -25.490055084228516
102 -11.42153549194336 -26.140344619750977
103 -11.278533935546875 -26.41461753845215
104 -11.248918533325195 -26.512548446655273
105 -11.595232963562012 -26.8712100982666
106 -11.803339004516602 -27.236120223999023
107 -12.137652397155762 -27.810068130493164
108 -12.331496238708496 -28.01252555847168
109 -12.586780548095703 -28.01685905456543
110 -12.869803428649902 -28.0202693939209
111 -13.114276885986328 -27.90378189086914
112 -13.765804290771484 -27.718460083007812
113 -14.173811912536621 -27.59541130065918
114 -14.667486190795898 -27.25985336303711
115 -15.177420616149902 -26.82564353942871
116 -15.408407211303711 -26.559785842895508
117 -15.620692253112793 -26.38857650756836
118 -15.908696174621582 -26.137298583984375
119 -16.19780921936035 -26.10193634033203
120 -16.720157623291016 -26.224374771118164
121 -16.90773582458496 -26.345937728881836
122 -17.421831130981445 -26.863468170166016
123 -17.954654693603516 -27.35839080810547
124 -18.350072860717773 -27.66364097595215
125 -18.500001907348633 -27.79440689086914
126 -18.992549896240234 -28.15097999572754
127 -19.3660831451416 -28.357707977294922
128 -19.774810791015625 -28.5615177154541
129 -20.098560333251953 -28.7314395904541
130 -20.331323623657227 -28.881607055664062
131 -20.504438400268555 -29.10202980041504
132 -20.784460067749023 -29.638988494873047
133 -21.011362075805664 -29.976356506347656
134 -21.08341407775879 -30.264062881469727
135 -21.102800369262695 -30.796113967895508
136 -21.051837921142578 -31.454498291015625
137 -21.04163932800293 -31.642107009887695
138 -21.068552017211914 -32.27458190917969
139 -21.146350860595703 -33.076332092285156
140 -21.128984451293945 -33.439937591552734
141 -21.123382568359375 -33.7521858215332
142 -21.10381507873535 -33.99091720581055
143 -21.04775047302246 -34.301246643066406
144 -20.881914138793945 -34.7032356262207
145 -20.554609298706055 -35.152381896972656
146 -20.183326721191406 -35.728580474853516
147 -19.810108184814453 -36.28012466430664
148 -19.512386322021484 -36.52912139892578
149 -19.197858810424805 -36.66820526123047
150 -19.026430130004883 -36.616886138916016
151 -18.700246810913086 -36.27696228027344
152 -18.562448501586914 -35.93035125732422
153 -18.338773727416992 -35.52446365356445
154 -18.212350845336914 -35.16823196411133
155 -18.122098922729492 -34.71582794189453
156 -18.04014015197754 -34.18987274169922
157 -18.039873123168945 -33.665260314941406
158 -18.011005401611328 -33.22932052612305
159 -17.962709426879883 -32.85563278198242
160 -17.72984504699707 -31.78436851501465
161 -17.612674713134766 -31.353322982788086
162 -17.464496612548828 -31.17068862915039
163 -17.02533721923828 -31.08490753173828
164 -16.64915657043457 -31.102495193481445
165 -16.31130599975586 -31.259323120117188
166 -16.103261947631836 -31.49375343322754
167 -15.988625526428223 -31.755084991455078
168 -15.766276359558105 -32.36381912231445
169 -15.663787841796875 -32.64584732055664
170 -15.545821189880371 -32.94540023803711
171 -15.407849311828613 -33.771976470947266
172 -15.388072967529297 -34.10243225097656
173 -15.26324462890625 -34.39324951171875
174 -15.01209545135498 -34.6262092590332
175 -14.60971450805664 -34.859928131103516
176 -14.445469856262207 -34.90702438354492
177 -14.315847396850586 -34.81064987182617
178 -14.063401222229004 -34.406715393066406
179 -13.945127487182617 -34.054473876953125
180 -13.353404998779297 -32.773990631103516
181 -13.153288841247559 -32.631412506103516
182 -12.821321487426758 -32.44210433959961
183 -12.427861213684082 -32.34235382080078
184 -12.03214168548584 -32.197757720947266
185 -11.838451385498047 -32.25944137573242
186 -11.720833778381348 -32.49467468261719
187 -11.636326789855957 -32.962646484375
188 -11.484728813171387 -33.29294204711914
189 -11.3667573928833 -33.70818328857422
190 -11.26101016998291 -34.09712219238281
191 -11.088342666625977 -34.707489013671875
192 -10.837333679199219 -35.62778091430664
193 -10.731437683105469 -36.04206466674805
194 -10.646297454833984 -36.492095947265625
195 -10.596137046813965 -37.1839485168457
196 -10.625906944274902 -37.47367858886719
197 -10.751130104064941 -37.76390838623047
198 -10.961133003234863 -37.936702728271484
199 -11.330121040344238 -38.16676712036133
200 -11.856549263000488 -38.4759521484375
201 -12.080155372619629 -38.591976165771484
202 -12.238397598266602 -38.68598556518555
203 -12.650236129760742 -38.85959243774414
204 -12.847563743591309 -38.93233871459961
205 -16.86821174621582 -22.984804153442383
206 -16.941696166992188 -22.829195022583008
207 -17.122831344604492 -22.426803588867188
208 -17.266284942626953 -22.25037384033203
209 -17.635164260864258 -22.047470092773438
210 -17.982263565063477 -21.868330001831055
211 -18.195951461791992 -21.714927673339844
212 -18.665834426879883 -21.33026123046875
213 -19.061376571655273 -21.08139991760254
214 -19.275299072265625 -20.93077850341797
215 -19.520456314086914 -20.704994201660156
216 -19.807432174682617 -20.464569091796875
217 -20.159751892089844 -20.204492568969727
218 -20.329214096069336 -20.0974178314209
219 -20.626209259033203 -19.974641799926758
220 -20.93567657470703 -19.840599060058594
221 -21.10991096496582 -19.751060485839844
222 -21.35272216796875 -19.60948944091797
223 -21.680002212524414 -19.411460876464844
224 -22.246540069580078 -19.05158233642578
225 -22.591157913208008 -18.90300941467285
226 -23.359708786010742 -18.62415313720703
227 -23.558483123779297 -18.580766677856445
228 -23.86826515197754 -18.46177864074707
229 -24.28285026550293 -18.30113410949707
230 -24.48638343811035 -18.091529846191406
231 -24.69789695739746 -17.896326065063477
232 -24.74221420288086 -17.6265811920166
233 -24.660465240478516 -17.36092758178711
234 -24.46385383605957 -16.844633102416992
235 -24.240840911865234 -16.28133773803711
236 -24.06357192993164 -16.074481964111328
237 -23.610698699951172 -15.912812232971191
238 -22.75336456298828 -15.727875709533691
239 -21.91865348815918 -15.651566505432129
240 -21.462440490722656 -15.550872802734375
241 -21.18198585510254 -15.37940502166748
242 -20.710311889648438 -14.939563751220703
243 -20.57415771484375 -14.747138977050781
244 -20.579442977905273 -14.315808296203613
245 -20.720914840698242 -13.710418701171875
246 -20.87409782409668 -13.223855972290039
247 -20.996139526367188 -12.91576099395752
248 -21.449874877929688 -12.454645156860352
249 -21.86895179748535 -12.117362022399902
250 -22.10734748840332 -12.070945739746094
251 -23.125102996826172 -12.261920928955078
252 -23.59381103515625 -12.38880729675293
253 -24.607580184936523 -12.695463180541992
254 -25.023555755615234 -12.851454734802246
255 -25.404766082763672 -12.965043067932129
256 -25.815773010253906 -13.035429954528809
257 -26.13492202758789 -13.01246166229248
258 -26.48815155029297 -12.914655685424805
259 -27.43666648864746 -12.74846363067627
260 -27.774272918701172 -12.725526809692383
261 -28.10944366455078 -12.746207237243652
262 -28.960336685180664 -12.882218360900879
263 -29.320863723754883 -13.029338836669922
264 -29.62662696838379 -13.275452613830566
265 -29.74649429321289 -13.763298034667969
266 -29.745698928833008 -14.077668190002441
267 -29.735488891601562 -14.428085327148438
268 -29.750364303588867 -14.595881462097168
269 -29.877031326293945 -15.29749584197998
270 -29.992263793945312 -15.693114280700684
271 -30.238685607910156 -16.274686813354492
272 -30.36184310913086 -16.484100341796875
273 -30.75143051147461 -16.865201950073242
274 -31.120073318481445 -17.028594970703125
275 -31.761171340942383 -17.011829376220703
276 -32.09807205200195 -16.953414916992188
277 -32.4573974609375 -16.805097579956055
278 -33.26958465576172 -16.4446964263916
279 -33.58918380737305 -16.2835636138916
280 -33.924861907958984 -16.13383674621582
281 -34.26556396484375 -15.934356689453125
282 -34.73685836791992 -15.649673461914062
283 -35.18562316894531 -15.377180099487305
284 -35.58853530883789 -15.067301750183105
285 -35.98979568481445 -14.742591857910156
286 -36.2795524597168 -14.506159782409668
287 -36.60934066772461 -14.180436134338379
288 -37.14550018310547 -13.230856895446777
289 -37.29977035522461 -12.836024284362793
290 -37.341941833496094 -12.495620727539062
291 -37.41856384277344 -11.468017578125
292 -37.44865417480469 -11.0951566696167
293 -37.49723815917969 -10.672118186950684
294 -37.5560302734375 -10.228172302246094
295 -37.66437530517578 -9.761881828308105
296 -37.716270446777344 -9.459381103515625
297 -37.76425552368164 -9.236708641052246
298 -38.09062957763672 -8.48598861694336
299 -38.29518127441406 -8.049457550048828
300 -38.46098709106445 -7.769041538238525
301 -38.66728973388672 -7.466840744018555
302 -38.91179656982422 -7.007794380187988
303 -38.97115707397461 -6.705221652984619
304 -38.91475296020508 -6.3653364181518555
305 -38.839508056640625 -6.048718452453613
306 -38.78981018066406 -5.836522102355957
307 -38.63242721557617 -5.5697855949401855
308 -38.28445816040039 -5.170240879058838
309 -38.05386734008789 -4.923926830291748
310 -37.822410583496094 -4.7462663650512695
311 -37.32057189941406 -4.491754055023193
312 -36.967552185058594 -4.3077521324157715
313 -36.51139831542969 -4.211851596832275
314 -36.13530349731445 -4.1834492683410645
315 -35.80778884887695 -4.215548992156982
316 -35.54667282104492 -4.213192939758301
317 -34.92831802368164 -4.183716773986816
318 -34.11623001098633 -4.215880870819092
319 -33.685752868652344 -4.2701592445373535
320 -33.33602523803711 -4.375699043273926
321 -33.115726470947266 -4.5106377601623535
322 -33.024574279785156 -4.807461261749268
323 -32.96160888671875 -5.065282344818115
324 -32.93562698364258 -5.477869033813477
325 -32.890647888183594 -5.911759853363037
326 -32.89325714111328 -6.265295505523682
327 -32.88409423828125 -7.251956462860107
328 -32.86039352416992 -7.5669355392456055
329 -32.88055419921875 -7.7899556159973145
330 -32.94850540161133 -7.976349353790283
331 -33.199241638183594 -8.581727981567383
332 -33.343021392822266 -8.897954940795898
333 -33.579444885253906 -9.704133033752441
334 -33.58843994140625 -10.038700103759766
335 -33.44343948364258 -10.445942878723145
336 -33.10018539428711 -11.006168365478516
337 -33.044281005859375 -11.047898292541504
338 -32.86760711669922 -11.178017616271973
339 -25.4320125579834 11.291854858398438
340 -25.401504516601562 11.477911949157715
341 -25.325162887573242 11.807816505432129
342 -25.225019454956055 12.186372756958008
343 -25.140697479248047 12.527812004089355
344 -25.11898422241211 12.822105407714844
345 -25.116714477539062 12.953569412231445
346 -25.1649227142334 13.653759002685547
347 -25.092554092407227 13.784061431884766
348 -24.789688110351562 14.080317497253418
349 -24.41779899597168 14.531106948852539
350 -24.02094268798828 15.006572723388672
351 -23.70640754699707 15.219664573669434
352 -23.327884674072266 15.271535873413086
353 -23.05299949645996 15.271828651428223
354 -22.874052047729492 15.110052108764648
355 -22.51702117919922 14.4324369430542
356 -22.426313400268555 14.281766891479492
357 -27.893239974975586 -2.8458728790283203
358 -27.9310302734375 -3.2354042530059814
359 -27.97210121154785 -3.5441510677337646
360 -28.03849983215332 -4.030204772949219
361 -28.081239700317383 -4.605058670043945
362 -28.038433074951172 -4.876513481140137
363 -27.97723388671875 -5.134903907775879
364 -27.935365676879883 -5.596863746643066
365 -27.955455780029297 -5.976309776306152
366 -28.06513023376465 -6.457442283630371
367 -28.177223205566406 -6.903205394744873
368 -28.233078002929688 -7.3628010749816895
369 -28.194299697875977 -8.00501823425293
370 -28.10818099975586 -8.34223461151123
371 -27.889806747436523 -8.548726081848145
372 -27.678936004638672 -8.568756103515625
373 -27.06369972229004 -8.548418998718262
374 -26.5792179107666 -8.470805168151855
375 -26.14328956604004 -8.46848201751709
376 -25.74313735961914 -8.56606674194336
377 -25.07242774963379 -8.726005554199219
378 -24.740787506103516 -8.722121238708496
379 -24.467714309692383 -8.554560661315918
380 -24.067968368530273 -8.150622367858887
381 -23.7970027923584 -7.744880676269531
382 -23.58103370666504 -7.0301899909973145
383 -23.561328887939453 -6.735237121582031
384 -23.60474967956543 -6.457279682159424
385 -23.729366302490234 -6.2337470054626465
386 -23.88967514038086 -5.935301303863525
387 -24.232990264892578 -5.452241897583008
388 -24.598106384277344 -5.000232696533203
389 -24.760217666625977 -4.7711381912231445
390 -24.92476463317871 -4.479971885681152
391 -25.024188995361328 -3.933398723602295
392 -25.081205368041992 -3.3528826236724854
393 -25.070636749267578 -2.9496755599975586
394 -24.95168113708496 -2.5705621242523193
395 -24.817869186401367 -2.3280553817749023
396 -24.619657516479492 -2.1711785793304443
397 -24.290157318115234 -1.911849021911621
398 -23.95102310180664 -1.8520426750183105
399 -23.35620880126953 -1.867488145828247
400 -22.919795989990234 -1.8835407495498657
401 -22.764732360839844 -1.9437577724456787
402 -22.45728874206543 -2.1619040966033936
403 -22.02513313293457 -2.5266854763031006
404 -21.64057159423828 -2.861712694168091
405 -21.356578826904297 -3.198190689086914
406 -21.006803512573242 -3.6424195766448975
407 -20.81406593322754 -3.885234832763672
408 -20.670001983642578 -4.052298069000244
409 -20.336355209350586 -4.437320709228516
410 -19.93062973022461 -4.766504287719727
411 -19.62848663330078 -4.877699851989746
412 -19.096431732177734 -4.88076114654541
413 -18.927350997924805 -4.828368663787842
414 -18.683425903320312 -4.655045032501221
415 -18.40431785583496 -4.404576301574707
416 -18.29325294494629 -4.126168251037598
417 -18.15594482421875 -3.587578058242798
418 -18.0690860748291 -3.2821149826049805
419 -17.910539627075195 -2.2987804412841797
420 -17.842239379882812 -1.801356554031372
421 -17.778656005859375 -0.8554179072380066
422 -17.75644874572754 -0.6072409749031067
423 -17.714506149291992 -0.2091962993144989
424 -17.690601348876953 0.0885935127735138
425 -17.693374633789062 0.7097758650779724
426 -17.69455337524414 1.0769182443618774
427 -17.654523849487305 1.2910736799240112
428 -17.440887451171875 1.8912121057510376
429 -17.348371505737305 2.2589902877807617
430 -17.257009506225586 2.5632436275482178
431 -16.964378356933594 2.8539516925811768
432 -16.658849716186523 3.0239298343658447
433 -16.450454711914062 3.10526967048645
434 -16.163684844970703 3.03195858001709
435 -15.371308326721191 2.8307247161865234
436 -15.11777114868164 2.73891544342041
437 -14.933841705322266 2.594404935836792
438 -14.633180618286133 2.413193941116333
439 -14.187670707702637 2.2372965812683105
440 -13.98592472076416 2.1813535690307617
441 -13.353318214416504 2.021702289581299
442 -12.729802131652832 1.7760611772537231
443 -12.366443634033203 1.5999090671539307
444 -11.956737518310547 1.335193395614624
445 -11.723861694335938 1.1417454481124878
446 -11.580015182495117 1.0106265544891357
447 -11.081016540527344 0.7018570899963379
448 -10.757927894592285 0.5997457504272461
449 -10.381097793579102 0.5474795699119568
450 -10.203733444213867 0.5306860208511353
451 -9.764180183410645 0.46601465344429016
452 -9.315008163452148 0.3215738534927368
453 -9.000467300415039 0.1565924882888794
454 -8.741861343383789 -0.02276630513370037
455 -8.319624900817871 -0.2554300129413605
456 -7.996558666229248 -0.5331178307533264
457 -7.868030548095703 -0.8551099300384521
458 -8.00639533996582 -1.2733358144760132
459 -8.421506881713867 -1.6420522928237915
460 -8.63377857208252 -1.7928543090820312
461 -8.797785758972168 -1.9149624109268188
462 -9.0682954788208 -2.1791157722473145
463 -9.318839073181152 -2.3809473514556885
464 -9.566481590270996 -2.6246678829193115
465 -9.779239654541016 -2.7197864055633545
466 -10.325071334838867 -2.921708106994629
467 -10.487536430358887 -3.045229196548462
468 -10.559927940368652 -3.1642866134643555
469 -10.75224494934082 -3.4424550533294678
470 -11.07010555267334 -3.911519765853882
471 -11.322546005249023 -4.259411334991455
472 -11.5973539352417 -4.668630599975586
473 -11.837491989135742 -4.814806938171387
474 -12.322175025939941 -4.984981060028076
475 -12.72402572631836 -4.930438041687012
476 -13.123801231384277 -4.754835605621338
477 -13.288504600524902 -4.624603271484375
478 -13.695685386657715 -4.145476341247559
479 -13.929424285888672 -3.7767555713653564
480 -14.093955039978027 -3.3367271423339844
481 -14.100090980529785 -2.994097948074341
482 -14.090806007385254 -2.506578207015991
483 -14.008853912353516 -2.0086684226989746
484 -13.912583351135254 -1.608535647392273
485 -13.818829536437988 -1.3341257572174072
486 -13.691314697265625 -1.031240463256836
487 -10.833855628967285 4.016439914703369
488 -10.663101196289062 4.291736125946045
489 -10.456679344177246 4.619320392608643
490 -10.340506553649902 4.802937030792236
491 -10.300431251525879 5.040289878845215
492 -10.284666061401367 5.45371150970459
493 -10.313913345336914 5.959552764892578
494 -10.388812065124512 6.268693447113037
495 -10.5130033493042 6.580641269683838
496 -10.62748908996582 6.864491939544678
497 -10.724273681640625 7.081782341003418
498 -10.989906311035156 7.640628814697266
499 -11.222461700439453 8.064146995544434
500 -11.489631652832031 8.488259315490723
501 -11.73557186126709 8.795671463012695
502 -11.938261032104492 9.049723625183105
503 -12.096961975097656 9.2780122756958
504 -12.191125869750977 9.469714164733887
505 -12.342512130737305 9.857661247253418
506 -12.442922592163086 10.168127059936523
507 -12.378175735473633 10.570964813232422
508 -12.215723991394043 10.871222496032715
509 -12.078886032104492 11.082876205444336
510 -11.948332786560059 11.423840522766113
511 -11.919740676879883 11.920154571533203
512 -11.99028205871582 12.21220588684082
513 -12.277559280395508 12.776300430297852
514 -12.520567893981934 13.103206634521484
515 -12.784990310668945 13.434964179992676
516 -12.964554786682129 13.641138076782227
517 -13.448604583740234 14.039512634277344
518 -13.627751350402832 14.192298889160156
519 -13.869775772094727 14.346385955810547
520 -14.345638275146484 14.570980072021484
521 -14.857542037963867 14.74597454071045
522 -15.100808143615723 14.817777633666992
523 -15.248013496398926 14.855751991271973
524 -15.562009811401367 14.858244895935059
525 -16.122608184814453 14.815505981445312
526 -16.592504501342773 14.727642059326172
527 -16.884323120117188 14.565624237060547
528 -17.12543487548828 14.418251037597656
529 -17.34745979309082 14.171770095825195
530 -17.537872314453125 13.940601348876953
531 -17.71239471435547 13.662018775939941
532 -17.897661209106445 13.3308744430542
533 -18.221960067749023 12.895076751708984
534 -18.63420867919922 12.410209655761719
535 -18.991966247558594 12.011725425720215
536 -19.32391357421875 11.651886940002441
537 -19.511493682861328 11.47032356262207
538 -19.80790901184082 11.13382339477539
539 -20.214067459106445 10.484268188476562
540 -20.483348846435547 10.113129615783691
541 -20.66604995727539 9.810884475708008
542 -20.742103576660156 9.643031120300293
543 -20.60758399963379 9.15932846069336
544 -20.54389190673828 8.932134628295898
545 -20.49148941040039 8.742856979370117
546 -20.297101974487305 8.161800384521484
547 -20.218355178833008 7.714839458465576
548 -20.277441024780273 7.440492630004883
549 -20.477405548095703 6.945695400238037
550 -20.764511108398438 6.4591851234436035
551 -21.102317810058594 5.798069477081299
552 -21.24452018737793 5.759331703186035
553 -21.600177764892578 6.09377908706665
554 -21.909252166748047 6.3664422035217285
555 -22.307308197021484 6.880949020385742
556 -22.536386489868164 7.194782257080078
557 -22.69353675842285 7.237776279449463
558 -23.913999557495117 7.442080497741699
559 -24.426469802856445 7.498229503631592
560 -24.53567886352539 7.4356231689453125
561 -24.74922752380371 7.209322929382324
562 -24.913204193115234 6.891099452972412
563 -25.00320816040039 6.445585250854492
564 -25.062936782836914 5.972810745239258
565 -25.12680435180664 5.72114372253418
566 -25.202497482299805 5.44358491897583
567 -25.225305557250977 5.123208522796631
568 -25.21150016784668 4.8462982177734375
569 -25.237926483154297 4.437979698181152
570 -25.240842819213867 4.137767791748047
571 -25.364181518554688 3.938793897628784
572 -25.5711612701416 3.4907093048095703
573 -25.754852294921875 3.304826498031616
574 -26.047731399536133 3.1903250217437744
575 -26.36587905883789 3.1570053100585938
576 -26.92058753967285 3.126582384109497
577 -27.20404815673828 3.0801730155944824
578 -27.50166893005371 3.0330469608306885
579 -27.810270309448242 2.9663636684417725
580 -28.300146102905273 2.8742542266845703
581 -28.565521240234375 2.8141562938690186
582 -29.006996154785156 2.7102527618408203
583 -29.286043167114258 2.6963002681732178
584 -29.61925506591797 2.7559120655059814
585 -30.058202743530273 2.905008554458618
586 -30.406347274780273 3.0390422344207764
587 -30.586347579956055 3.102552652359009
588 -31.12092399597168 3.155272960662842
589 -31.470861434936523 3.1585476398468018
590 -31.715715408325195 3.018440008163452
591 -32.06714630126953 2.5979318618774414
592 -32.293819427490234 2.2392866611480713
593 -32.423927307128906 2.015362501144409
594 -32.59892654418945 1.732067346572876
595 -32.75322341918945 1.4957062005996704
596 -32.91745376586914 1.3853408098220825
597 -33.57954406738281 1.0961204767227173
598 -33.77592086791992 1.0214548110961914
599 -34.00818634033203 0.9644639492034912
600 -34.47051239013672 0.8922047019004822
601 -34.98402404785156 0.8210878372192383
602 -35.26713943481445 0.7965670824050903
603 -35.526126861572266 0.7888244390487671
604 -49.56432342529297 2.9816832542419434
605 -49.744625091552734 2.9714550971984863
606 -50.026832580566406 2.9620108604431152
607 -50.492916107177734 2.9267563819885254
608 -50.704227447509766 2.877427101135254
609 -50.97700881958008 2.8205034732818604
610 -51.30139923095703 2.6264686584472656
611 -51.508365631103516 2.4713618755340576
612 -51.81345748901367 2.2062981128692627
613 -52.13346481323242 1.9915745258331299
614 -52.35974884033203 1.9017606973648071
615 -52.84391403198242 1.7032724618911743
616 -53.340476989746094 1.5059475898742676
617 -53.5953254699707 1.3621505498886108
618 -53.758644104003906 1.2005815505981445
619 -54.04999542236328 0.8841345906257629
620 -54.1666374206543 0.6382863521575928
621 -54.326080322265625 0.21875262260437012
622 -54.38949203491211 -0.12891785800457
623 -54.40101623535156 -0.47432002425193787
624 -54.39907455444336 -0.8198300004005432
625 -54.2599983215332 -1.5502218008041382
626 -54.1930046081543 -1.8202407360076904
627 -54.1286735534668 -2.074622392654419
628 -54.0367317199707 -2.2586557865142822
629 -53.82170104980469 -2.6729283332824707
630 -53.64438247680664 -2.9688804149627686
631 -53.489524841308594 -3.114610195159912
632 -53.14189147949219 -3.3601086139678955
633 -52.886009216308594 -3.5155091285705566
634 -52.57876205444336 -3.638417959213257
635 -52.15409469604492 -3.786895751953125
636 -51.83034133911133 -3.8953657150268555
637 -51.57372283935547 -4.028589248657227
638 -51.22691345214844 -4.289167881011963
639 -50.97737503051758 -4.512832164764404
640 -50.50477600097656 -4.931008815765381
641 -50.34933090209961 -5.092357635498047
642 -50.26559066772461 -5.301110744476318
643 -50.217872619628906 -5.513566493988037
644 -50.069786071777344 -5.9706711769104
645 -49.87141418457031 -6.412725448608398
646 -49.497806549072266 -7.135085582733154
647 -49.35331344604492 -7.346503734588623
648 -49.15707778930664 -7.541444778442383
649 -48.88902282714844 -7.7267842292785645
650 -48.55948257446289 -7.899361610412598
651 -48.116676330566406 -8.096227645874023
652 -47.24161148071289 -8.44645881652832
653 -46.78759765625 -8.626152038574219
654 -46.408077239990234 -8.734527587890625
655 -45.84651184082031 -8.891335487365723
656 -45.65685272216797 -8.967081069946289
657 -45.464019775390625 -8.912015914916992
658 -44.88383483886719 -8.762642860412598
659 -44.7054557800293 -8.691288948059082
660 -44.35456085205078 -8.538522720336914
661 -44.06349182128906 -8.372178077697754
662 -43.675437927246094 -8.12346076965332
663 -43.45180892944336 -7.957995891571045
664 -43.26529312133789 -7.779323101043701
665 -43.150474548339844 -7.575017929077148
666 -43.04231262207031 -7.13053560256958
667 -42.97808837890625 -6.861230850219727
668 -41.1658821105957 5.873866558074951
669 -41.09585189819336 6.115966320037842
670 -41.02519607543945 6.481203079223633
671 -41.013946533203125 6.977007865905762
672 -41.01298141479492 7.234070301055908
673 -40.992820739746094 7.682257175445557
674 -40.97182083129883 8.170528411865234
675 -41.079681396484375 8.493575096130371
676 -41.55835723876953 8.874598503112793
677 -42.200927734375 9.247428894042969
678 -42.444000244140625 9.509265899658203
679 -42.51793670654297 9.81572437286377
680 -42.5963249206543 10.219169616699219
681 -42.5426025390625 10.51059627532959
682 -42.37153244018555 10.757356643676758
683 -42.12553787231445 10.960501670837402
684 -41.578208923339844 11.286881446838379
685 -41.006404876708984 11.444705963134766
686 -40.820987701416016 11.470300674438477
687 -40.50738525390625 11.341670036315918
688 -40.15279769897461 11.155162811279297
689 -39.523193359375 10.703505516052246
690 -38.91795349121094 10.313819885253906
691 -38.660858154296875 10.164345741271973
692 -38.47407150268555 9.972622871398926
693 -37.739280700683594 9.32266902923584
694 -37.45414352416992 9.099327087402344
695 -37.17367172241211 9.042563438415527
696 -36.92930221557617 9.063719749450684
697 -36.66303634643555 9.115397453308105
698 -36.39749526977539 9.295825958251953
699 -36.097286224365234 9.822423934936523
700 -35.98557662963867 10.262816429138184
701 -36.00259780883789 10.488807678222656
702 -36.106597900390625 10.872937202453613
703 -36.22148513793945 11.139111518859863
704 -36.423500061035156 11.504481315612793
705 -36.66752624511719 11.884720802307129
706 -36.866634368896484 12.087834358215332
707 -37.12733459472656 12.289204597473145
708 -37.5318717956543 12.681323051452637
709 -37.76219940185547 12.982102394104004
710 -37.84388732910156 13.194894790649414
711 -37.73758316040039 13.523650169372559
712 -37.61603927612305 13.859370231628418
713 -37.40071487426758 14.331436157226562
714 -37.20443344116211 14.700008392333984
715 -37.004547119140625 15.08759593963623
716 -36.76809310913086 15.299761772155762
717 -33.69178771972656 17.46380043029785
718 -33.437557220458984 17.62444496154785
719 -33.13810729980469 17.78443145751953
720 -32.68519973754883 18.03159523010254
721 -32.21681213378906 18.243688583374023
722 -31.91689109802246 18.337757110595703
723 -31.55810546875 18.418760299682617
724 -31.279035568237305 18.436534881591797
725 -30.921436309814453 18.466270446777344
726 -30.384082794189453 18.521635055541992
727 -30.07006072998047 18.593244552612305
728 -29.513736724853516 18.742212295532227
729 -28.745071411132812 18.926809310913086
730 -28.382362365722656 18.994916915893555
731 -28.004751205444336 19.061912536621094
732 -27.43001937866211 19.132354736328125
733 -27.016443252563477 19.158615112304688
734 -26.559303283691406 19.16217041015625
735 -25.9228515625 19.12896728515625
736 -25.427988052368164 19.0853328704834
737 -24.991607666015625 19.041948318481445
738 -24.544763565063477 19.038171768188477
739 -24.136737823486328 19.000858306884766
740 -23.65203094482422 18.943552017211914
741 -23.24210548400879 18.764671325683594
742 -22.99898338317871 18.59291648864746
743 -22.882427215576172 18.35757827758789
744 -22.763240814208984 18.145503997802734
745 -22.810169219970703 18.05219268798828
746 -30.892311096191406 7.9955244064331055
747 -31.036542892456055 7.89755916595459
748 -31.132570266723633 7.817356109619141
749 -31.359760284423828 7.737872123718262
750 -31.78736686706543 7.678382396697998
751 -32.34566116333008 7.680140018463135
752 -32.69914627075195 7.784932613372803
753 -33.01465606689453 8.154723167419434
754 -33.116573333740234 8.469234466552734
755 -33.09039306640625 8.967267990112305
756 -32.944671630859375 9.364039421081543
757 -32.63968276977539 9.664658546447754
758 -32.286376953125 9.894811630249023
759 -31.587261199951172 10.283329963684082
760 -30.870723724365234 10.712005615234375
761 -30.637836456298828 10.905657768249512
762 -30.218860626220703 11.50986099243164
763 -30.040485382080078 12.088150024414062
764 -30.058618545532227 12.458828926086426
765 -30.22502326965332 12.777789115905762
766 -30.40289306640625 12.93606948852539
767 -30.80792999267578 13.122365951538086
768 -31.017822265625 13.16848087310791
769 -31.816211700439453 13.09308910369873
770 -32.285457611083984 12.974273681640625
771 -32.57725524902344 12.994181632995605
772 -32.711490631103516 13.085914611816406
773 -33.31190872192383 13.705709457397461
774 -33.571414947509766 14.075872421264648
775 -33.8000602722168 14.44998550415039
776 -33.955101013183594 14.709900856018066
777 -34.13731002807617 14.95649242401123
778 -34.34624099731445 15.1738862991333
779 -34.74577331542969 15.534337997436523
780 -35.0469970703125 15.824420928955078
781 -35.33628463745117 16.122764587402344
782 -35.51890563964844 16.38876724243164
783 -35.65785598754883 16.656023025512695
784 -35.8757438659668 16.95085906982422
785 -36.10183334350586 17.48692512512207
786 -36.12076187133789 17.88455581665039
787 -36.08926010131836 18.225130081176758
788 -36.11967086791992 18.403705596923828
789 -36.2956657409668 18.79568099975586
790 -36.61004638671875 19.16641616821289
791 -37.002994537353516 19.5209903717041
792 -37.164485931396484 19.69608497619629
793 -37.55533218383789 20.075639724731445
794 -37.82222366333008 20.256990432739258
795 -38.29090118408203 20.489274978637695
796 -38.5783576965332 20.63524627685547
797 -38.831729888916016 20.650794982910156
798 -39.31542205810547 20.535680770874023
799 -39.59345245361328 20.424171447753906
800 -39.902870178222656 20.089977264404297
801 -40.07854080200195 19.74763298034668
802 -40.16517639160156 19.32597541809082
803 -40.22285079956055 18.75822639465332
804 -40.250728607177734 18.43365478515625
805 -40.27201461791992 18.0209903717041
806 -40.335655212402344 17.58244514465332
807 -40.3754997253418 17.059402465820312
808 -40.36885452270508 16.830883026123047
809 -40.24073791503906 16.31566047668457
810 -40.11192321777344 15.705117225646973
811 -40.058319091796875 15.590398788452148
812 -35.639835357666016 22.93781280517578
813 -35.411170959472656 23.212337493896484
814 -35.17552947998047 23.451065063476562
815 -34.911827087402344 23.644716262817383
816 -34.653594970703125 23.787378311157227
817 -34.0305290222168 24.120723724365234
818 -33.65841293334961 24.315582275390625
819 -33.44621276855469 24.60923194885254
820 -33.433902740478516 24.867902755737305
821 -33.59930419921875 25.24216079711914
822 -33.79280471801758 25.610214233398438
823 -34.02219009399414 26.135597229003906
824 -34.2148323059082 26.5467586517334
825 -34.64731216430664 27.236032485961914
826 -34.70811080932617 27.392900466918945
827 -34.77973556518555 27.724483489990234
828 -34.87941360473633 28.152429580688477
829 -34.9114875793457 28.434202194213867
830 -34.900123596191406 28.73631477355957
831 -34.851158142089844 29.072399139404297
832 -34.79916763305664 29.47085952758789
833 -34.710479736328125 29.950040817260742
834 -34.6068229675293 30.28447723388672
835 -34.46867752075195 30.435911178588867
836 -34.13347625732422 30.602983474731445
837 -33.7891845703125 30.690044403076172
838 -33.4163818359375 30.792898178100586
839 -33.07594299316406 30.87212371826172
840 -32.69245910644531 30.915584564208984
841 -32.36051559448242 30.945005416870117
842 -31.884765625 30.970252990722656
843 -31.520967483520508 30.979597091674805
844 -31.052738189697266 30.901613235473633
845 -30.663179397583008 30.801410675048828
846 -30.236337661743164 30.662202835083008
847 -29.95119857788086 30.561355590820312
848 -29.497989654541016 30.359712600708008
849 -29.142805099487305 30.178133010864258
850 -28.92599105834961 30.02819061279297
851 -28.495643615722656 29.7177791595459
852 -28.053754806518555 29.33397102355957
853 -27.856674194335938 29.158639907836914
854 -27.30504608154297 28.642690658569336
855 -27.109207153320312 28.446144104003906
856 -26.800621032714844 28.149091720581055
857 -26.42265510559082 27.813138961791992
858 -26.17450714111328 27.611831665039062
859 -25.86188507080078 27.374746322631836
860 -25.628007888793945 27.201496124267578
861 -25.29292106628418 26.960996627807617
862 -25.086551666259766 26.810922622680664
863 -24.816057205200195 26.6081485748291
864 -24.606834411621094 26.443052291870117
865 -24.2756404876709 26.162559509277344
866 -23.79722785949707 25.75509262084961
867 -23.519182205200195 25.511146545410156
868 -23.40818977355957 25.35856056213379
869 -23.186838150024414 24.998794555664062
870 -23.115816116333008 24.783737182617188
871 -23.04090690612793 24.523101806640625
872 -23.054454803466797 24.26829719543457
873 -23.104352951049805 24.077720642089844
874 -45.75601577758789 8.698981285095215
875 -45.89719772338867 8.682888984680176
876 -46.12624740600586 8.639265060424805
877 -46.631099700927734 8.55232048034668
878 -47.11294937133789 8.470091819763184
879 -47.29792404174805 8.424110412597656
880 -47.6558837890625 8.37445068359375
881 -48.45729446411133 8.343935012817383
882 -48.87067794799805 8.37673568725586
883 -49.06692123413086 8.443968772888184
884 -49.306068420410156 8.515828132629395
885 -49.53706359863281 8.658947944641113
886 -49.83258819580078 8.90155029296875
887 -50.12276840209961 9.114738464355469
888 -50.30126190185547 9.509501457214355
889 -50.294151306152344 9.92111587524414
890 -50.1707649230957 10.328397750854492
891 -50.048133850097656 10.625710487365723
892 -49.82154846191406 11.058233261108398
893 -49.6005859375 11.326732635498047
894 -49.18471145629883 11.72902774810791
895 -48.90140914916992 11.963534355163574
896 -47.92228317260742 12.643102645874023
897 -47.623226165771484 12.851598739624023
898 -47.31370162963867 13.049164772033691
899 -47.16164779663086 13.128292083740234
900 -46.93355178833008 13.315752029418945
901 -46.43966293334961 13.720362663269043
902 -46.24742126464844 13.910430908203125
903 -45.980247497558594 14.217117309570312
904 -45.67700958251953 14.599082946777344
905 -45.514503479003906 14.81898021697998
906 -45.28206253051758 15.138145446777344
907 -45.07648468017578 15.624796867370605
908 -44.898441314697266 16.153268814086914
909 -44.831966400146484 16.462574005126953
910 -44.798702239990234 17.102495193481445
911 -44.79865646362305 17.486291885375977
912 -44.900848388671875 18.18352699279785
913 -45.01596450805664 18.645713806152344
914 -45.17290496826172 19.03079605102539
915 -45.318363189697266 19.244281768798828
916 -45.56378936767578 19.44704246520996
917 -45.76749801635742 19.579933166503906
918 -46.12083053588867 19.65146827697754
919 -46.597373962402344 19.684473037719727
920 -47.10133361816406 19.697755813598633
921 -47.50759506225586 19.724559783935547
922 -47.87873077392578 19.747140884399414
923 -48.04658126831055 19.709596633911133
924 -48.39794921875 19.395435333251953
925 -48.63258743286133 19.13139533996582
926 -48.753517150878906 18.96486473083496
927 -49.13490676879883 18.595130920410156
928 -49.37968063354492 18.332189559936523
929 -49.54682159423828 17.90143394470215
930 -49.621124267578125 17.465835571289062
931 -49.641014099121094 17.229171752929688
932 -49.616886138916016 17.02783966064453
933 -49.515220642089844 16.637271881103516
934 -45.70858383178711 4.028295516967773
935 -45.69498825073242 3.721508741378784
936 -45.719844818115234 3.2954962253570557
937 -45.72884750366211 3.0020980834960938
938 -45.744712829589844 2.593759298324585
939 -45.754615783691406 2.2099416255950928
940 -45.74946594238281 1.8252347707748413
941 -45.79236602783203 1.5190706253051758
942 -45.74675369262695 1.3778728246688843
943 -45.41744613647461 0.4977389872074127
944 -45.257869720458984 0.03439365327358246
945 -45.087188720703125 -0.36848053336143494
946 -44.91522979736328 -0.7388620972633362
947 -44.68807601928711 -1.1544803380966187
948 -44.463783264160156 -1.5459729433059692
949 -44.270877838134766 -1.846890926361084
950 -43.8927001953125 -2.143040180206299
951 -43.704349517822266 -2.267242670059204
952 -43.36528396606445 -2.375702142715454
953 -42.92388916015625 -2.4620587825775146
954 -42.7873420715332 -2.4169554710388184
955 -42.271183013916016 -1.854634165763855
956 -42.0171012878418 -1.5827045440673828
957 -41.76185989379883 -1.3059102296829224
958 -41.655216217041016 -1.0536504983901978
959 -41.45575714111328 -0.553657054901123
960 -41.319297790527344 -0.28106921911239624
961 -41.10627746582031 -0.047493450343608856
962 -40.90391159057617 0.17132458090782166
963 -40.57209396362305 0.5426151156425476
964 -40.25727844238281 0.9233431816101074
965 -40.115379333496094 1.1253403425216675
966 -39.95793151855469 1.3628056049346924
967 -39.74259948730469 1.724057912826538
968 -39.42971420288086 2.258371114730835
969 -39.24197006225586 2.607887029647827
970 -39.16644287109375 2.772409200668335
971 -39.08848571777344 2.9081740379333496
972 -38.92711639404297 3.1503984928131104
973 -38.51217269897461 3.736147165298462
974 -38.25703811645508 4.029508113861084
975 -37.41769790649414 4.81580114364624
976 -37.12229919433594 5.063021183013916
977 -36.705963134765625 5.232881546020508
978 -36.28294372558594 5.370663642883301
979 -35.99279022216797 5.427163600921631
980 -35.81980514526367 5.430991172790527
981 -42.538970947265625 -13.623489379882812
982 -42.62900161743164 -13.795548439025879
983 -42.76755905151367 -14.044109344482422
984 -43.253021240234375 -14.792436599731445
985 -43.676475524902344 -15.39948558807373
986 -43.82599639892578 -15.587401390075684
987 -43.97495651245117 -15.814538955688477
988 -44.10016632080078 -16.029285430908203
989 -44.184234619140625 -16.190385818481445
990 -44.4555549621582 -16.704391479492188
991 -44.58287048339844 -16.996591567993164
992 -44.75617980957031 -17.41506576538086
993 -44.88446044921875 -17.726722717285156
994 -44.94295883178711 -17.891067504882812
995 -45.12145233154297 -18.421056747436523
996 -45.22794723510742 -18.73341941833496
997 -45.324283599853516 -19.014352798461914
998 -45.39445495605469 -19.21981430053711
999 -45.42435836791992 -19.30636978149414
