0 -42.616580963134766 12.654132843017578
1 -42.6700325012207 12.59963321685791
2 -42.72320556640625 12.497052192687988
3 -42.79832458496094 12.295953750610352
4 -42.86776351928711 12.149175643920898
5 -42.97385025024414 11.882439613342285
6 -42.95759201049805 11.65046215057373
7 -42.916343688964844 11.46604061126709
8 -42.95985794067383 11.341322898864746
9 -42.97471237182617 11.212076187133789
10 -42.83571243286133 11.083171844482422
11 -42.43207931518555 10.600500106811523
12 -42.1082878112793 10.39234733581543
13 -41.90165710449219 10.378898620605469
14 -41.71928787231445 10.60861873626709
15 -41.415000915527344 11.237183570861816
16 -41.32075881958008 11.434865951538086
17 -41.258872985839844 11.5493803024292
18 -41.21236801147461 11.669367790222168
19 -28.719511032104492 20.35102653503418
20 -28.770580291748047 20.436851501464844
21 -28.812915802001953 20.55106544494629
22 -28.964021682739258 20.690383911132812
23 -29.32395362854004 20.885839462280273
24 -29.555057525634766 21.022846221923828
25 -29.795869827270508 21.2061710357666
26 -30.0471134185791 21.473247528076172
27 -30.171138763427734 21.618833541870117
28 -30.284088134765625 21.700210571289062
29 -30.42576026916504 21.613006591796875
30 -30.714128494262695 21.472684860229492
31 -30.89329719543457 21.530820846557617
32 -31.322416305541992 21.689722061157227
33 -31.481098175048828 21.729520797729492
34 -31.62706756591797 21.62038230895996
35 -31.79286003112793 21.55239486694336
36 -32.078433990478516 21.314579010009766
37 -32.48785400390625 21.134918212890625
38 -32.51405715942383 21.03327178955078
39 -32.50639343261719 20.6688175201416
40 -32.4798698425293 20.352258682250977
41 -32.48469543457031 20.163684844970703
42 -32.380550384521484 20.021011352539062
43 -32.19771957397461 19.767982482910156
44 -32.04179763793945 19.58704948425293
45 -31.803457260131836 19.420177459716797
46 -31.474607467651367 19.040592193603516
47 -31.359689712524414 18.894197463989258
48 -31.236141204833984 18.741910934448242
49 -31.07666778564453 18.52960205078125
50 -30.967010498046875 18.433849334716797
51 -30.81173324584961 18.3271484375
52 -30.57682991027832 18.18761444091797
53 -30.42949676513672 18.143653869628906
54 -30.399169921875 17.907367706298828
55 -30.35291862487793 17.56488800048828
56 -30.310693740844727 17.36129379272461
57 -30.348583221435547 17.214380264282227
58 -30.502431869506836 17.045351028442383
59 -30.76028060913086 16.86548614501953
60 -30.875694274902344 16.62764549255371
61 -30.884441375732422 16.197864532470703
62 -30.821311950683594 15.905438423156738
63 -30.817344665527344 15.688394546508789
64 -30.833309173583984 15.481562614440918
65 -30.963397979736328 15.344890594482422
66 -31.232168197631836 15.08349609375
67 -31.55416488647461 14.77309513092041
68 -31.795116424560547 14.755389213562012
69 -32.00137710571289 14.755971908569336
70 -32.240238189697266 14.849884033203125
71 -32.422813415527344 15.032035827636719
72 -32.65991973876953 15.237607955932617
73 -32.766357421875 15.504715919494629
74 -32.856929779052734 15.78267765045166
75 -32.93275451660156 15.961673736572266
76 -32.97516632080078 16.21419334411621
77 -32.96026611328125 16.588754653930664
78 -32.91937255859375 16.77558708190918
79 -33.02102279663086 16.8862361907959
80 -33.32251739501953 17.18622589111328
81 -33.50811767578125 17.38755226135254
82 -33.63433074951172 17.621768951416016
83 -33.66278076171875 17.747543334960938
84 -33.787811279296875 17.878074645996094
85 -37.948707580566406 21.25774383544922
86 -38.060523986816406 21.290063858032227
87 -38.20905685424805 21.319429397583008
88 -38.37717056274414 21.33599090576172
89 -38.83859634399414 21.23821449279785
90 -39.19855880737305 21.239606857299805
91 -40.72199249267578 21.351608276367188
92 -41.12358474731445 21.444019317626953
93 -41.48176956176758 21.501062393188477
94 -41.96839904785156 21.520288467407227
95 -42.14436721801758 21.467668533325195
96 -42.263519287109375 21.31597137451172
97 -42.386592864990234 21.17889404296875
98 -42.44558334350586 21.064756393432617
99 -42.67577362060547 20.64862823486328
100 -42.78217697143555 20.452146530151367
101 -42.79887771606445 20.220462799072266
102 -42.92457580566406 19.982343673706055
103 -43.048583984375 19.813465118408203
104 -43.131019592285156 19.707250595092773
105 -43.24759292602539 19.685894012451172
106 -43.61942672729492 19.695417404174805
107 -44.06837463378906 19.646987915039062
108 -44.28826141357422 19.682252883911133
109 -44.506317138671875 19.753673553466797
110 -44.682518005371094 19.802101135253906
111 -44.924869537353516 19.8842716217041
112 -45.19297409057617 20.14988899230957
113 -45.215545654296875 20.308650970458984
114 -45.13777542114258 20.55935287475586
115 -44.96829605102539 20.85753631591797
116 -44.806644439697266 21.075593948364258
117 -44.52729797363281 21.360595703125
118 -44.35126495361328 21.524023056030273
119 -44.157474517822266 21.67740249633789
120 -44.01058578491211 21.850391387939453
121 -43.95188903808594 21.9610652923584
122 -43.850921630859375 22.15437126159668
123 -43.72529983520508 22.695777893066406
124 -43.12184524536133 26.545475006103516
125 -43.13302230834961 27.015470504760742
126 -43.16737365722656 27.290035247802734
127 -43.2171630859375 27.514846801757812
128 -43.339420318603516 27.718013763427734
129 -43.482643127441406 27.95956802368164
130 -43.568058013916016 28.108749389648438
131 -43.5794563293457 28.330018997192383
132 -43.485816955566406 28.8065242767334
133 -43.4528923034668 28.93634796142578
134 -43.419715881347656 29.105066299438477
135 -43.151241302490234 29.514467239379883
136 -42.907047271728516 29.994237899780273
137 -42.78153991699219 30.344226837158203
138 -42.6742057800293 30.652694702148438
139 -42.582191467285156 30.79509735107422
140 -42.45435333251953 31.031681060791016
141 -42.18293762207031 31.425443649291992
142 -42.03544616699219 31.732242584228516
143 -41.98876953125 31.84691047668457
144 -41.87598419189453 32.027732849121094
145 -41.76308059692383 32.21563720703125
146 -41.597755432128906 32.51034164428711
147 -41.58993911743164 32.70945358276367
148 -41.680667877197266 32.88657760620117
149 -41.77326583862305 32.947418212890625
150 -42.37143325805664 33.30438995361328
151 -42.58247756958008 33.50335693359375
152 -42.872127532958984 33.81394577026367
153 -43.03976821899414 34.00126647949219
154 -43.169898986816406 34.1388053894043
155 -43.24645233154297 34.205482482910156
156 -43.31979751586914 34.205928802490234
157 -34.416873931884766 9.268403053283691
158 -34.395423889160156 9.228456497192383
159 -34.4014778137207 9.289535522460938
160 -36.8221549987793 21.072843551635742
161 -36.8635368347168 21.16843032836914
162 -36.904850006103516 21.309789657592773
163 -39.537208557128906 25.60781478881836
164 -39.68519592285156 25.71987533569336
165 -39.89219284057617 25.90574073791504
166 -40.16881561279297 26.005760192871094
167 -40.36775588989258 26.090883255004883
168 -40.406211853027344 26.08707046508789
169 -40.5737419128418 26.13033103942871
170 -40.89351272583008 26.24618911743164
171 -41.32906723022461 26.455116271972656
172 -41.52870559692383 26.539243698120117
173 -41.588558197021484 26.526880264282227
174 -41.63355255126953 26.552268981933594
175 -41.78010940551758 26.591705322265625
176 -41.8896598815918 26.4996280670166
177 -46.1595344543457 23.5599308013916
178 -46.335418701171875 23.51020622253418
179 -46.51181411743164 23.50129508972168
180 -46.8193473815918 23.43829345703125
181 -47.03720474243164 23.3915958404541
182 -47.327945709228516 23.321870803833008
183 -47.54352951049805 23.166223526000977
184 -47.655784606933594 23.039276123046875
185 -47.782569885253906 22.868995666503906
186 -47.92533874511719 22.6539306640625
187 -48.03406524658203 22.38941192626953
188 -48.00620651245117 22.109479904174805
189 -47.94639205932617 21.998470306396484
190 -47.32545852661133 21.539134979248047
191 -47.227272033691406 21.487863540649414
192 -47.06908416748047 21.254201889038086
193 -47.023231506347656 21.097686767578125
194 -47.009063720703125 20.944217681884766
195 -46.9808349609375 20.728931427001953
196 -47.00236511230469 20.47675323486328
197 -52.19455337524414 3.122015953063965
198 -51.94062805175781 3.138378858566284
199 -51.7310676574707 3.2514936923980713
200 -51.617523193359375 3.3253564834594727
201 -51.51424026489258 3.5126874446868896
202 -51.394771575927734 3.7991697788238525
203 -48.53101348876953 17.42354965209961
204 -48.56063461303711 17.555391311645508
205 -48.60050582885742 17.805654525756836
206 -48.61558532714844 18.05851173400879
207 -48.56401062011719 18.364015579223633
208 -48.61109161376953 18.691051483154297
209 -48.702720642089844 19.02589225769043
210 -48.7805290222168 19.170696258544922
211 -48.82612228393555 19.296390533447266
212 -48.88236999511719 19.50370216369629
213 -48.97754669189453 19.866596221923828
214 -49.1331787109375 20.383516311645508
215 -49.16020965576172 20.45561981201172
216 -49.23316192626953 20.786090850830078
217 -49.55775833129883 21.303613662719727
218 -49.71991729736328 21.478269577026367
219 -49.884464263916016 21.694095611572266
220 -50.029457092285156 21.796926498413086
221 -50.2937126159668 21.917869567871094
222 -50.541316986083984 22.039358139038086
223 -50.85708236694336 22.125642776489258
224 -51.106605529785156 22.187877655029297
225 -51.40584182739258 22.221059799194336
226 -51.661170959472656 22.23602294921875
227 -51.89302444458008 22.21059799194336
228 -52.189666748046875 22.12314796447754
229 -52.59086608886719 21.92502784729004
230 -52.99559783935547 21.77286148071289
231 -53.26698684692383 21.664608001708984
232 -53.394630432128906 21.534238815307617
233 -53.43831253051758 21.37596893310547
234 -36.62973403930664 6.623980522155762
235 -36.63822937011719 6.7102885246276855
236 -36.66911697387695 6.84024715423584
237 -36.78181076049805 7.306717395782471
238 -36.84013748168945 7.541120529174805
239 -36.87944030761719 7.637651443481445
240 -37.08708953857422 7.858216762542725
241 -37.210182189941406 7.973990440368652
242 -37.49742126464844 8.135467529296875
243 -48.9541130065918 12.041339874267578
244 -49.024478912353516 12.094294548034668
245 -49.065101623535156 12.176567077636719
246 -50.6487922668457 18.35045623779297
247 -50.73943328857422 18.49843406677246
248 -50.843666076660156 18.626577377319336
249 -51.11043167114258 18.718610763549805
250 -51.32334899902344 18.763370513916016
251 -51.542076110839844 18.851478576660156
252 -51.80400085449219 18.963001251220703
253 -52.459285736083984 19.107210159301758
254 -52.67508316040039 19.12970733642578
255 -52.88117599487305 19.131311416625977
256 -53.137874603271484 18.987070083618164
257 -53.71001434326172 18.716588973999023
258 -54.01393127441406 18.581178665161133
259 -54.22400665283203 18.456188201904297
260 -54.439048767089844 18.275634765625
261 -54.86833953857422 17.935291290283203
262 -55.062278747558594 17.723493576049805
263 -55.07670593261719 17.526439666748047
264 -55.002525329589844 17.358903884887695
265 -54.858909606933594 17.18236541748047
266 -54.708187103271484 17.053524017333984
267 -54.396629333496094 16.901403427124023
268 -54.12655258178711 16.849994659423828
269 -53.84821701049805 16.806577682495117
270 -53.57079315185547 16.785015106201172
271 -53.23445129394531 16.782760620117188
272 -52.82598876953125 16.768922805786133
273 -52.584896087646484 16.72650718688965
274 -52.34234619140625 16.666711807250977
275 -52.178733825683594 16.653480529785156
276 -51.82155990600586 16.581148147583008
277 -51.50968551635742 16.515222549438477
278 -50.905147552490234 16.45566177368164
279 -50.02128982543945 16.225370407104492
280 -49.79811096191406 16.105833053588867
281 -49.78325653076172 15.977384567260742
282 -49.76237487792969 15.799935340881348
283 -49.88097381591797 15.579465866088867
284 -50.219139099121094 15.359560012817383
285 -50.54360580444336 15.289387702941895
286 -50.671714782714844 15.234639167785645
287 -50.90819549560547 15.209636688232422
288 -51.24546432495117 15.157939910888672
289 -51.5635986328125 15.058439254760742
290 -51.83015060424805 14.947537422180176
291 -52.18608093261719 14.752544403076172
292 -52.370330810546875 14.656323432922363
293 -52.46702575683594 14.566604614257812
294 -52.57421875 14.40256404876709
295 -52.47643280029297 14.266254425048828
296 -52.071163177490234 14.188210487365723
297 -51.588157653808594 14.147692680358887
298 -51.20043182373047 14.107377052307129
299 -50.718597412109375 14.074690818786621
300 -50.2623291015625 14.012789726257324
301 -49.71698760986328 13.954018592834473
302 -49.448490142822266 13.877245903015137
303 -49.177974700927734 13.84850788116455
304 -48.73945236206055 13.752827644348145
305 -48.51808166503906 13.65967845916748
306 -48.3475341796875 13.606656074523926
307 -41.32098388671875 13.23276138305664
308 -41.14732360839844 13.159830093383789
309 -41.077117919921875 13.111422538757324
310 -40.874244689941406 13.091322898864746
311 -40.517662048339844 13.0186767578125
312 -39.849403381347656 13.190126419067383
313 -39.472572326660156 13.321235656738281
314 -39.231834411621094 13.395033836364746
315 -38.9437255859375 13.579081535339355
316 -38.85723114013672 13.641288757324219
317 -38.8097038269043 13.72162914276123
318 -38.80845642089844 13.906530380249023
319 -38.81168746948242 14.131930351257324
320 -38.930789947509766 14.425482749938965
321 -39.085201263427734 14.652558326721191
322 -39.12028503417969 14.734269142150879
323 -39.30168151855469 14.816340446472168
324 -39.52552032470703 14.889445304870605
325 -40.1294059753418 14.905319213867188
326 -40.372920989990234 14.841599464416504
327 -40.546165466308594 14.718182563781738
328 -40.846595764160156 14.472260475158691
329 -43.74461364746094 9.742192268371582
330 -43.80781936645508 9.563889503479004
331 -43.99391555786133 8.986387252807617
332 -44.13483428955078 8.745461463928223
333 -44.11592483520508 8.588430404663086
334 -44.02907943725586 8.40074348449707
335 -43.912845611572266 8.201330184936523
336 -43.76622772216797 7.995418071746826
337 -43.619293212890625 7.9625067710876465
338 -43.39614486694336 7.962884902954102
339 -43.15940856933594 7.997345924377441
340 -42.98240280151367 8.037848472595215
341 -42.820926666259766 8.033129692077637
342 -42.67748260498047 8.086435317993164
343 -42.44468688964844 8.223990440368652
344 -42.19343566894531 8.474822998046875
345 -42.09455871582031 8.622518539428711
346 -41.97166061401367 8.963610649108887
347 -39.96142578125 21.902374267578125
348 -39.98088073730469 21.96536636352539
349 -39.9356689453125 22.048423767089844
350 -39.840057373046875 22.248361587524414
351 -39.68820571899414 22.41868782043457
352 -39.461700439453125 22.44293785095215
353 -38.85565185546875 22.583473205566406
354 -38.45213317871094 22.63979148864746
355 -38.26253890991211 22.709503173828125
356 -37.851898193359375 22.763992309570312
357 -37.40398406982422 22.771099090576172
358 -37.17399978637695 22.84348487854004
359 -36.96917724609375 22.979310989379883
360 -36.8357048034668 23.119102478027344
361 -36.78098678588867 23.206928253173828
362 -36.608280181884766 23.35755729675293
363 -36.5654296875 23.469587326049805
364 -36.60313415527344 23.662708282470703
365 -36.853431701660156 23.97395896911621
366 -36.9768180847168 24.083833694458008
367 -37.34597396850586 24.126739501953125
368 -37.70143508911133 24.002925872802734
369 -37.89812469482422 23.950767517089844
370 -38.09490203857422 23.96652603149414
371 -38.441932678222656 24.001779556274414
372 -38.573341369628906 24.025545120239258
373 -38.8355712890625 24.027448654174805
374 -39.008384704589844 24.003070831298828
375 -39.10224914550781 23.979341506958008
376 -39.28670883178711 23.972673416137695
377 -39.68266296386719 24.057050704956055
378 -39.90596008300781 24.1667423248291
379 -40.20030212402344 24.23082733154297
380 -40.5289421081543 24.31279754638672
381 -40.73948669433594 24.368896484375
382 -40.87296676635742 24.39923095703125
383 -40.905574798583984 24.124141693115234
384 -41.02764892578125 23.77812385559082
385 -41.203941345214844 23.42340087890625
386 -41.30384063720703 23.33356285095215
387 -41.51064682006836 23.27167510986328
388 -41.66912841796875 23.218080520629883
389 -41.772274017333984 23.22263526916504
390 -42.055110931396484 23.353673934936523
391 -42.45796585083008 23.606136322021484
392 -42.70171356201172 23.77489471435547
393 -42.894203186035156 23.996292114257812
394 -43.066463470458984 24.277685165405273
395 -43.09890365600586 24.392963409423828
396 -43.06929397583008 24.49534797668457
397 -42.92017364501953 24.645328521728516
398 -42.708457946777344 24.768882751464844
399 -31.335735321044922 24.566425323486328
400 -31.161115646362305 24.55764389038086
401 -31.027124404907227 24.610774993896484
402 -30.700565338134766 24.678773880004883
403 -30.54756736755371 24.85205078125
404 -30.425640106201172 25.072202682495117
405 -30.400686264038086 25.24410629272461
406 -30.47295570373535 25.58873748779297
407 -30.540109634399414 25.88265037536621
408 -30.636159896850586 26.091135025024414
409 -30.74704933166504 26.307544708251953
410 -30.838804244995117 26.565502166748047
411 -30.91250991821289 26.858989715576172
412 -30.880861282348633 27.201499938964844
413 -30.83313751220703 27.483232498168945
414 -30.689590454101562 27.795150756835938
415 -30.59588623046875 27.9981746673584
416 -30.600322723388672 28.19675636291504
417 -30.643184661865234 28.475540161132812
418 -30.667953491210938 28.574993133544922
419 -30.769878387451172 28.685932159423828
420 -31.242427825927734 28.898059844970703
421 -31.33399772644043 28.880006790161133
422 -31.59941864013672 29.00402069091797
423 -31.79463768005371 29.122365951538086
424 -32.10459899902344 29.2923583984375
425 -32.46295166015625 29.523818969726562
426 -32.854286193847656 29.83645248413086
427 -32.99761962890625 29.940650939941406
428 -33.166812896728516 30.10325813293457
429 -33.391258239746094 30.360755920410156
430 -36.70192337036133 33.219547271728516
431 -36.862220764160156 33.335411071777344
432 -37.10098648071289 33.37628936767578
433 -37.23871994018555 33.37504196166992
434 -37.56869888305664 33.4151611328125
435 -37.91001892089844 33.403900146484375
436 -38.07481384277344 33.36724853515625
437 -38.30704879760742 33.49046325683594
438 -38.41439437866211 33.548065185546875
439 -38.55915069580078 33.30669403076172
440 -38.648170471191406 33.04624938964844
441 -38.817440032958984 32.83077621459961
442 -38.98812484741211 32.69279098510742
443 -39.18309783935547 32.469844818115234
444 -39.34933090209961 32.08714294433594
445 -39.36138153076172 31.936885833740234
446 -39.33122634887695 31.81273651123047
447 -39.07307815551758 31.66088104248047
448 -38.78542709350586 31.524616241455078
449 -38.43147659301758 31.412282943725586
450 -38.27735900878906 31.30121612548828
451 -38.192909240722656 31.149797439575195
452 -38.08271408081055 30.823801040649414
453 -37.908172607421875 30.609180450439453
454 -37.78840637207031 30.462730407714844
455 -37.71226119995117 30.335397720336914
456 -37.477874755859375 30.133018493652344
457 -37.278717041015625 29.821809768676758
458 -37.35951614379883 29.616724014282227
459 -37.620967864990234 29.486923217773438
460 -37.818702697753906 29.356657028198242
461 -38.01857376098633 29.359024047851562
462 -38.259281158447266 29.37989616394043
463 -38.31914138793945 29.33756446838379
464 -38.329437255859375 29.097684860229492
465 -38.33022689819336 28.853351593017578
466 -38.285858154296875 28.665828704833984
467 -38.21512985229492 28.517988204956055
468 -38.19614791870117 28.345474243164062
469 -38.069923400878906 28.007780075073242
470 -38.016963958740234 27.8610782623291
471 -38.07772445678711 27.788576126098633
472 -38.215633392333984 27.628759384155273
473 -38.47651290893555 27.42348289489746
474 -38.686214447021484 27.353662490844727
475 -39.00996017456055 27.29344940185547
476 -39.20793151855469 27.284534454345703
477 -39.874595642089844 27.665809631347656
478 -40.24827194213867 27.88874053955078
479 -40.40882110595703 27.967069625854492
480 -40.64638137817383 28.123506546020508
481 -40.850399017333984 28.19194793701172
482 -41.12702560424805 28.352554321289062
483 -41.24270248413086 28.54026222229004
484 -41.362388610839844 28.872499465942383
485 -41.40210723876953 29.089609146118164
486 -41.30108642578125 29.315458297729492
487 -41.18596649169922 29.495037078857422
488 -40.92059326171875 29.77267074584961
489 -40.802528381347656 29.97394561767578
490 -40.74494171142578 30.15239143371582
491 -40.451969146728516 30.106748580932617
492 -40.195560455322266 30.183332443237305
493 -39.948970794677734 30.074241638183594
494 -39.76005172729492 29.980527877807617
495 -39.509315490722656 29.91913414001465
496 -39.38337707519531 29.981895446777344
497 -36.63984680175781 31.249513626098633
498 -36.20279312133789 31.42259407043457
499 -36.06894302368164 31.412277221679688
500 -35.929779052734375 31.40385627746582
501 -35.818546295166016 31.348432540893555
502 -35.690101623535156 31.301679611206055
503 -35.42765808105469 31.06684112548828
504 -35.2051887512207 30.889408111572266
505 -35.23763656616211 30.674705505371094
506 -35.2364501953125 30.414993286132812
507 -35.23537826538086 30.12667465209961
508 -35.23326110839844 29.9063777923584
509 -35.22383499145508 29.70496368408203
510 -35.217308044433594 29.552215576171875
511 -35.240570068359375 29.47212791442871
512 -35.20631790161133 29.09352684020996
513 -35.179840087890625 28.946409225463867
514 -35.12069320678711 28.617082595825195
515 -35.07123565673828 28.263839721679688
516 -35.113277435302734 28.010881423950195
517 -35.209896087646484 27.77252197265625
518 -35.28681182861328 27.579336166381836
519 -35.29497528076172 27.433210372924805
520 -35.360137939453125 27.24093246459961
521 -35.44679641723633 27.013835906982422
522 -35.4638557434082 26.932878494262695
523 -35.504905700683594 26.89099884033203
524 -35.768375396728516 27.004594802856445
525 -36.1263313293457 27.11135482788086
526 -36.32582092285156 27.13370132446289
527 -36.47684097290039 27.031953811645508
528 -44.57318878173828 18.148347854614258
529 -44.77400207519531 18.135236740112305
530 -45.03569793701172 18.14107322692871
531 -45.527587890625 18.16863441467285
532 -45.77486801147461 18.103422164916992
533 -45.82709884643555 18.009178161621094
534 -45.7972526550293 17.90719985961914
535 -45.63409423828125 17.693458557128906
536 -45.412925720214844 17.469942092895508
537 -45.379825592041016 17.30913734436035
538 -45.64128875732422 16.968883514404297
539 -45.883644104003906 16.759855270385742
540 -46.069984436035156 16.64706802368164
541 -46.49407958984375 16.513864517211914
542 -46.679359436035156 16.483762741088867
543 -46.829505920410156 16.40555191040039
544 -47.00502395629883 16.281757354736328
545 -47.160396575927734 16.073928833007812
546 -47.383880615234375 15.792074203491211
547 -47.5965690612793 15.560531616210938
548 -47.811702728271484 15.4263277053833
549 -47.92955017089844 15.43462085723877
550 -48.06312561035156 15.35390567779541
551 -48.21117401123047 15.306862831115723
552 -50.74873352050781 12.576183319091797
553 -51.10257339477539 12.440561294555664
554 -51.418888092041016 12.311173439025879
555 -51.770145416259766 12.15749740600586
556 -52.20613479614258 11.911578178405762
557 -52.65114212036133 11.618888854980469
558 -52.994075775146484 11.432149887084961
559 -53.064453125 11.291742324829102
560 -53.037132263183594 11.073670387268066
561 -52.990135192871094 10.869510650634766
562 -52.574462890625 10.597199440002441
563 -52.155155181884766 10.46403694152832
564 -51.91618347167969 10.442144393920898
565 -51.65532684326172 10.46969223022461
566 -51.222721099853516 10.464410781860352
567 -50.909603118896484 10.427929878234863
568 -50.74448013305664 10.375411033630371
569 -50.72261428833008 10.188372611999512
570 -50.75295639038086 10.128190040588379
571 -50.923133850097656 9.894122123718262
572 -51.11210250854492 9.66420841217041
573 -51.52707290649414 9.12112045288086
574 -51.76136779785156 8.714607238769531
575 -51.829200744628906 8.335142135620117
576 -51.81002426147461 8.092415809631348
577 -51.75003433227539 7.913023471832275
578 -51.59464645385742 7.819695949554443
579 -51.21957778930664 7.733996868133545
580 -50.9030647277832 7.643798828125
581 -50.640220642089844 7.548084735870361
582 -50.416561126708984 7.5856828689575195
583 -50.131134033203125 7.725398063659668
584 -49.80678939819336 8.047707557678223
585 -49.38779830932617 8.40734577178955
586 -49.247310638427734 8.56110954284668
587 -48.921607971191406 8.930110931396484
588 -48.71807098388672 9.184664726257324
589 -48.69826126098633 9.33249282836914
590 -48.695247650146484 9.548377990722656
591 -48.64794158935547 9.849723815917969
592 -48.52656555175781 10.215261459350586
593 -48.317989349365234 10.54809856414795
594 -44.60260009765625 24.209278106689453
595 -44.638431549072266 24.39897918701172
596 -44.66647720336914 24.85160255432129
597 -44.71452713012695 25.02537727355957
598 -44.696205139160156 25.216236114501953
599 -44.63874816894531 25.351511001586914
600 -44.53820037841797 25.570144653320312
601 -44.43470001220703 25.79688262939453
602 -44.496604919433594 25.978578567504883
603 -44.59808349609375 26.21044158935547
604 -45.02254104614258 26.57462501525879
605 -45.29056930541992 26.91701889038086
606 -45.66353225708008 27.414329528808594
607 -45.88828659057617 27.705970764160156
608 -46.0167121887207 27.941539764404297
609 -46.15580749511719 28.26132583618164
610 -46.30937957763672 28.546205520629883
611 -46.328399658203125 28.78645133972168
612 -46.283485412597656 29.002405166625977
613 -46.12942886352539 29.558212280273438
614 -46.0612678527832 29.768251419067383
615 -46.03123474121094 29.848052978515625
616 -45.93679428100586 30.04149627685547
617 -45.78242874145508 30.354326248168945
618 -45.58403015136719 30.636085510253906
619 -45.45989227294922 30.76019859313965
620 -45.329524993896484 31.040803909301758
621 -45.334228515625 31.375120162963867
622 -45.50596237182617 31.68816566467285
623 -45.808895111083984 32.0904426574707
624 -45.92336654663086 32.267452239990234
625 -46.02188491821289 32.245975494384766
626 -46.356346130371094 32.1710319519043
627 -46.71760559082031 32.13630676269531
628 -46.9963264465332 32.112735748291016
629 -47.204063415527344 31.980453491210938
630 -47.45272445678711 31.757596969604492
631 -47.650848388671875 31.59271812438965
632 -47.88922882080078 31.392789840698242
633 -48.11262512207031 31.216934204101562
634 -48.32402801513672 31.104965209960938
635 -48.52122497558594 30.91968536376953
636 -48.730690002441406 30.757644653320312
637 -49.09450912475586 30.43442153930664
638 -49.2518424987793 30.29886817932129
639 -49.50191116333008 30.14362335205078
640 -49.79861068725586 30.029001235961914
641 -50.004981994628906 29.939485549926758
642 -50.256996154785156 29.790428161621094
643 -50.386566162109375 29.5698184967041
644 -50.67289352416992 29.33842658996582
645 -50.70579528808594 29.234371185302734
646 -50.79849624633789 29.099308013916016
647 -50.98097610473633 28.814956665039062
648 -51.11274719238281 28.52107048034668
649 -51.26084518432617 28.310020446777344
650 -51.422508239746094 28.103496551513672
651 -51.526004791259766 27.991718292236328
652 -49.14975357055664 5.43646240234375
653 -49.0830192565918 5.352927207946777
654 -48.787452697753906 5.39268159866333
655 -48.38974380493164 5.448313236236572
656 -47.751976013183594 5.5254435539245605
657 -47.62175750732422 5.482311725616455
658 -47.35686111450195 5.5103302001953125
659 -47.163719177246094 5.580452919006348
660 -47.05164337158203 5.672534942626953
661 -46.870262145996094 5.807358741760254
662 -46.546817779541016 6.047641277313232
663 -46.411521911621094 6.244051456451416
664 -46.281471252441406 6.469271659851074
665 -46.19844436645508 6.608966827392578
666 -46.115848541259766 6.632286548614502
667 -46.22846221923828 6.864215850830078
668 -46.321510314941406 7.147074222564697
669 -46.348445892333984 7.323833465576172
670 -46.3364372253418 7.470358371734619
671 -46.33293533325195 7.626262664794922
672 -46.25792694091797 8.040755271911621
673 -46.17815017700195 8.504437446594238
674 -46.06305694580078 9.027606964111328
675 -45.99369430541992 9.249106407165527
676 -45.906410217285156 9.423392295837402
677 -45.84831619262695 9.594264030456543
678 -45.73193359375 9.818740844726562
679 -45.62521743774414 10.053722381591797
680 -45.434776306152344 10.43726634979248
681 -45.41562271118164 10.424897193908691
682 -45.28608322143555 10.701118469238281
683 -45.05247497558594 11.052190780639648
684 -44.882774353027344 11.328311920166016
685 -44.79192352294922 11.444744110107422
686 -44.654945373535156 11.930157661437988
687 -44.666358947753906 12.150690078735352
688 -44.82646942138672 12.184378623962402
689 -45.08757019042969 12.107871055603027
690 -45.37819290161133 11.91480827331543
691 -46.270973205566406 11.33697509765625
692 -46.52560043334961 11.262614250183105
693 -46.72990417480469 11.412425994873047
694 -46.79658889770508 11.602713584899902
695 -46.833099365234375 11.864306449890137
696 -46.8271369934082 11.999595642089844
697 -46.781593322753906 12.081985473632812
698 -46.4324836730957 12.279748916625977
699 -46.12562942504883 12.548774719238281
700 -45.974342346191406 12.636124610900879
701 -45.79503631591797 12.76137924194336
702 -45.712379455566406 12.98993968963623
703 -45.75763702392578 13.236580848693848
704 -45.964996337890625 13.419172286987305
705 -46.310333251953125 13.547560691833496
706 -46.6192626953125 13.778705596923828
707 -46.722991943359375 13.913517951965332
708 -46.738162994384766 14.032934188842773
709 -46.40367126464844 14.099916458129883
710 -45.87647247314453 14.2518310546875
711 -45.521575927734375 14.4451904296875
712 -45.181007385253906 14.627880096435547
713 -44.812469482421875 14.94816780090332
714 -44.657283782958984 15.060274124145508
715 -44.62993240356445 14.922561645507812
716 -44.55842971801758 14.69045639038086
717 -44.405513763427734 14.104439735412598
718 -44.12077713012695 13.756051063537598
719 -43.927825927734375 13.812076568603516
720 -43.7681999206543 13.950814247131348
721 -43.479454040527344 14.173626899719238
722 -43.28067398071289 14.34644603729248
723 -43.16432189941406 14.513965606689453
724 -42.99559020996094 14.71886920928955
725 -42.86207962036133 14.768606185913086
726 -42.689910888671875 14.869222640991211
727 -42.35512161254883 15.130627632141113
728 -42.188236236572266 15.274325370788574
729 -41.99155044555664 15.479887962341309
730 -41.75309371948242 15.835434913635254
731 -40.938724517822266 18.1175594329834
732 -40.90132522583008 18.377939224243164
733 -40.96478271484375 18.450111389160156
734 -41.0915641784668 18.522851943969727
735 -41.27173614501953 18.568754196166992
736 -41.54996871948242 18.585979461669922
737 -41.74464797973633 18.55812644958496
738 -42.18147659301758 18.477365493774414
739 -42.35609817504883 18.364641189575195
740 -42.544776916503906 18.13040542602539
741 -42.64964294433594 17.90467643737793
742 -42.76008605957031 17.709583282470703
743 -42.94340133666992 17.472644805908203
744 -43.09810256958008 17.2003173828125
745 -43.165550231933594 17.102005004882812
746 -43.227447509765625 16.95848846435547
747 -43.15180206298828 16.842010498046875
748 -42.83184814453125 16.739166259765625
749 -42.46867752075195 16.73737907409668
750 -42.197296142578125 16.772411346435547
751 -41.7841911315918 16.843294143676758
752 -41.42366027832031 16.741090774536133
753 -41.16371536254883 16.648757934570312
754 -40.966217041015625 16.620622634887695
755 -40.74623107910156 16.791412353515625
756 -40.333984375 17.11842918395996
757 -40.04988098144531 17.31865119934082
758 -39.89151382446289 17.342552185058594
759 -39.550201416015625 17.312864303588867
760 -39.31269454956055 17.312206268310547
761 -38.990169525146484 17.064712524414062
762 -38.87431716918945 16.87322425842285
763 -38.905731201171875 16.733747482299805
764 -39.01921463012695 16.580184936523438
765 -39.136680603027344 16.442811965942383
766 -39.2233772277832 16.307537078857422
767 -39.37601089477539 16.003040313720703
768 -40.04904556274414 11.147520065307617
769 -40.002010345458984 11.010767936706543
770 -39.921817779541016 10.777929306030273
771 -39.8986701965332 10.46645736694336
772 -39.826385498046875 10.181830406188965
773 -39.785343170166016 9.884276390075684
774 -39.785057067871094 9.60216999053955
775 -39.7792854309082 9.246809959411621
776 -39.78335189819336 9.048051834106445
777 -39.85858154296875 8.75389575958252
778 -39.969154357910156 8.361449241638184
779 -40.0496826171875 8.013946533203125
780 -40.109283447265625 7.782517433166504
781 -40.19383239746094 7.389770030975342
782 -40.244117736816406 7.162469387054443
783 -40.25537109375 6.915704727172852
784 -40.33543014526367 6.713061809539795
785 -40.44730758666992 6.45946741104126
786 -40.62628173828125 6.138827800750732
787 -40.68805694580078 6.069438934326172
788 -40.905426025390625 5.778594493865967
789 -41.014347076416016 5.595818519592285
790 -41.33766174316406 5.489859580993652
791 -41.868614196777344 5.2593793869018555
792 -42.07660675048828 5.221368789672852
793 -42.26732635498047 5.205533027648926
794 -42.602413177490234 5.209982395172119
795 -42.898563385009766 5.228252410888672
796 -43.09888458251953 5.293490409851074
797 -43.219181060791016 5.340658664703369
798 -43.327457427978516 5.487080097198486
799 -38.037899017333984 11.118268966674805
800 -37.91769027709961 11.193294525146484
801 -37.66208267211914 11.333796501159668
802 -37.409568786621094 11.470260620117188
803 -37.25849533081055 11.605180740356445
804 -37.13343048095703 11.846065521240234
805 -36.987213134765625 12.196915626525879
806 -36.88593673706055 12.459051132202148
807 -36.78752136230469 12.760132789611816
808 -36.67616653442383 12.87571907043457
809 -36.398319244384766 12.895676612854004
810 -36.291664123535156 12.828660011291504
811 -35.97664260864258 12.616705894470215
812 -35.5307502746582 12.297621726989746
813 -35.333045959472656 12.068095207214355
814 -35.17250061035156 12.134915351867676
815 -34.92013168334961 12.205452919006348
816 -34.742549896240234 12.194157600402832
817 -34.65856170654297 12.290907859802246
818 -34.475582122802734 12.34697437286377
819 -34.17790985107422 12.425729751586914
820 -33.78569793701172 12.538713455200195
821 -33.545082092285156 12.680113792419434
822 -33.54766082763672 12.9049654006958
823 -33.80784606933594 13.226685523986816
824 -34.26763916015625 13.690738677978516
825 -34.61437225341797 14.137982368469238
826 -34.79317855834961 14.422096252441406
827 -35.058189392089844 14.714685440063477
828 -35.30010223388672 14.879144668579102
829 -35.514652252197266 14.934866905212402
830 -35.64691162109375 14.85535717010498
831 -35.88447189331055 14.870993614196777
832 -36.33297348022461 14.878384590148926
833 -36.492984771728516 14.970157623291016
834 -36.59775924682617 15.181690216064453
835 -36.8479118347168 15.715315818786621
836 -36.91119384765625 15.9578857421875
837 -36.91261672973633 16.049837112426758
838 -36.83770751953125 16.201416015625
839 -36.68533706665039 16.329143524169922
840 -36.52916717529297 16.40599822998047
841 -36.28472900390625 16.523094177246094
842 -36.0709114074707 16.73691749572754
843 -35.8252067565918 17.02833366394043
844 -35.701045989990234 17.22199821472168
845 -35.58678436279297 17.39575958251953
846 -35.64176940917969 17.497821807861328
847 -35.83071517944336 17.652463912963867
848 -36.07110595703125 17.73580551147461
849 -36.36846923828125 17.84290313720703
850 -36.705726623535156 18.004343032836914
851 -37.102264404296875 18.137876510620117
852 -37.20604705810547 18.17078971862793
853 -37.45166015625 18.144052505493164
854 -37.53455352783203 18.189823150634766
855 -37.64524841308594 18.2893123626709
856 -37.95794677734375 18.436748504638672
857 -51.354217529296875 24.26688575744629
858 -51.33366012573242 24.335289001464844
859 -51.16474533081055 24.431949615478516
860 -51.00093078613281 24.509342193603516
861 -50.77357482910156 24.630767822265625
862 -50.405006408691406 24.8813533782959
863 -50.225406646728516 25.201818466186523
864 -50.108402252197266 25.406694412231445
865 -50.00481414794922 25.564477920532227
866 -49.85652160644531 25.606698989868164
867 -49.16970443725586 25.692296981811523
868 -48.978668212890625 25.726465225219727
869 -48.766380310058594 25.733386993408203
870 -48.69212341308594 25.5982608795166
871 -48.598899841308594 25.410860061645508
872 -48.49155044555664 25.322673797607422
873 -48.177486419677734 25.269332885742188
874 -47.80375671386719 25.350894927978516
875 -47.58315658569336 25.427968978881836
876 -47.381324768066406 25.520586013793945
877 -47.20405960083008 25.550369262695312
878 -46.89622497558594 25.59242820739746
879 -46.574981689453125 25.48969841003418
880 -46.428340911865234 25.291851043701172
881 -46.28628921508789 24.914779663085938
882 -45.9683952331543 24.544227600097656
883 -45.26383972167969 23.63652229309082
884 -45.050270080566406 23.417415618896484
885 -35.80207443237305 21.827354431152344
886 -35.47370529174805 21.753210067749023
887 -35.258338928222656 21.67596435546875
888 -35.05474853515625 21.595075607299805
889 -34.894073486328125 21.55144500732422
890 -34.7779426574707 21.543228149414062
891 -34.741859436035156 21.64910316467285
892 -34.7637939453125 21.84712791442871
893 -34.78715515136719 22.008588790893555
894 -34.74519348144531 22.12735939025879
895 -34.8329963684082 22.48051643371582
896 -34.766029357910156 22.983190536499023
897 -34.637550354003906 23.15225601196289
898 -34.51996994018555 23.21088981628418
899 -34.175655364990234 23.216978073120117
900 -33.932865142822266 23.193819046020508
901 -33.618038177490234 23.19888687133789
902 -33.3341064453125 23.42287826538086
903 -33.11959457397461 23.8148193359375
904 -33.11670684814453 23.97879409790039
905 -33.0330924987793 24.058616638183594
906 -33.068729400634766 24.223430633544922
907 -33.612552642822266 24.50647735595703
908 -33.8242073059082 24.685359954833984
909 -34.01838684082031 25.014034271240234
910 -34.12497329711914 25.20706558227539
911 -34.31359100341797 25.300142288208008
912 -34.47593307495117 25.416175842285156
913 -34.63053512573242 25.464370727539062
914 -34.83646774291992 25.49324607849121
915 -35.056236267089844 25.40337562561035
916 -35.381439208984375 25.261070251464844
917 -35.55925750732422 25.210363388061523
918 -35.75788879394531 25.252281188964844
919 -35.9765739440918 25.280086517333984
920 -36.293975830078125 25.33989906311035
921 -36.708621978759766 25.385501861572266
922 -37.26860809326172 25.514602661132812
923 -37.500335693359375 25.59540557861328
924 -37.63329315185547 25.6073055267334
925 -37.82305145263672 25.62235450744629
926 -37.92061996459961 25.60072898864746
927 -38.01874923706055 25.502355575561523
928 -38.144981384277344 25.336109161376953
929 -39.95580291748047 20.78993034362793
930 -40.127437591552734 20.484973907470703
931 -40.25796890258789 20.23602294921875
932 -40.22117233276367 20.151031494140625
933 -40.039337158203125 19.974620819091797
934 -39.881874084472656 19.833715438842773
935 -39.424217224121094 19.619802474975586
936 -39.1201057434082 19.51104736328125
937 -38.9765625 19.527299880981445
938 -38.613487243652344 19.57762336730957
939 -38.342594146728516 19.686914443969727
940 -38.12864685058594 19.789093017578125
941 -37.87046432495117 19.84494972229004
942 -37.576839447021484 19.87019157409668
943 -37.27853012084961 19.80548095703125
944 -37.031856536865234 19.71832275390625
945 -36.7485466003418 19.64914321899414
946 -36.42830276489258 19.698238372802734
947 -36.15558624267578 19.716630935668945
948 -35.98134994506836 19.70005226135254
949 -35.778228759765625 19.693572998046875
950 -35.46928024291992 19.590587615966797
951 -35.2490348815918 19.50152587890625
952 -34.96839141845703 19.442184448242188
953 -34.72601318359375 19.43425941467285
954 -34.5526237487793 19.522005081176758
955 -34.41743469238281 19.67460823059082
956 -34.23812484741211 19.961483001708984
957 -33.04233169555664 26.08357048034668
958 -33.047306060791016 26.353984832763672
959 -33.106266021728516 26.660573959350586
960 -33.142112731933594 26.759206771850586
961 -33.14585876464844 26.888710021972656
962 -33.094390869140625 27.136842727661133
963 -33.063026428222656 27.330305099487305
964 -33.02449417114258 27.414899826049805
965 -32.85736846923828 27.66254234313965
966 -32.73260498046875 28.033655166625977
967 -32.62985610961914 28.35692024230957
968 -31.480167388916016 30.399797439575195
969 -31.293886184692383 30.854543685913086
970 -31.20145606994629 30.999250411987305
971 -31.19891929626465 31.045364379882812
972 -31.244888305664062 31.15013885498047
973 -31.365407943725586 31.367637634277344
974 -31.575849533081055 31.76300621032715
975 -31.796892166137695 32.23135757446289
976 -31.94358253479004 32.332881927490234
977 -32.10660934448242 32.33934020996094
978 -32.54726028442383 32.220489501953125
979 -32.823448181152344 32.1187744140625
980 -33.01871109008789 32.02676010131836
981 -33.25396728515625 31.969112396240234
982 -33.354976654052734 32.0179557800293
983 -33.45014953613281 32.13723373413086
984 -33.613197326660156 32.414737701416016
985 -33.83119583129883 32.92543029785156
986 -33.981666564941406 33.203819274902344
987 -34.17229080200195 33.61701202392578
988 -34.16048812866211 33.66602325439453
989 -34.26094436645508 33.81751251220703
990 -34.63771057128906 34.173011779785156
991 -34.8458137512207 34.32952117919922
992 -34.911529541015625 34.364158630371094
993 -34.933712005615234 34.38562774658203
994 -35.05759811401367 34.523555755615234
995 -35.440555572509766 34.882877349853516
996 -35.62379837036133 35.04990005493164
997 -35.78568649291992 35.15277099609375
998 -35.899757385253906 35.162776947021484
999 -36.012264251708984 35.19765853881836
