0 -47.24186325073242 17.935232162475586
1 -47.3528938293457 17.90941619873047
2 -47.53166198730469 17.852903366088867
3 -47.77357864379883 17.729419708251953
4 -47.99518966674805 17.6407527923584
5 -48.3018798828125 17.436050415039062
6 -48.46887969970703 17.191070556640625
7 -48.587154388427734 16.986103057861328
8 -48.734012603759766 16.868120193481445
9 -48.84595489501953 16.729984283447266
10 -48.91020965576172 16.44886589050293
11 -49.02996826171875 15.625762939453125
12 -48.97704315185547 15.113518714904785
13 -48.81943893432617 14.860374450683594
14 -48.508514404296875 14.841391563415527
15 -47.87843704223633 15.06376838684082
16 -47.663116455078125 15.176299095153809
17 -47.5337028503418 15.276904106140137
18 -47.43321228027344 15.387984275817871
19 -25.46501350402832 28.32048225402832
20 -25.564544677734375 28.395790100097656
21 -25.695619583129883 28.503225326538086
22 -25.910463333129883 28.62175750732422
23 -26.363643646240234 28.796083450317383
24 -26.658531188964844 28.915851593017578
25 -26.976247787475586 29.093238830566406
26 -27.3332462310791 29.36954689025879
27 -27.52984046936035 29.553321838378906
28 -27.694334030151367 29.678504943847656
29 -27.89232635498047 29.65201759338379
30 -28.266870498657227 29.61202621459961
31 -28.467674255371094 29.670944213867188
32 -29.034713745117188 29.854108810424805
33 -29.248939514160156 29.88003921508789
34 -29.434661865234375 29.740497589111328
35 -29.63387680053711 29.634567260742188
36 -29.935684204101562 29.332433700561523
37 -30.363086700439453 29.041545867919922
38 -30.372892379760742 28.88726806640625
39 -30.30279541015625 28.434906005859375
40 -30.20369529724121 28.069597244262695
41 -30.154918670654297 27.836318969726562
42 -30.01449203491211 27.646564483642578
43 -29.781349182128906 27.322092056274414
44 -29.599597930908203 27.08139419555664
45 -29.372798919677734 26.840307235717773
46 -29.05810546875 26.32265281677246
47 -28.95100212097168 26.12239646911621
48 -28.84611701965332 25.889989852905273
49 -28.717493057250977 25.575775146484375
50 -28.63399314880371 25.379945755004883
51 -28.500667572021484 25.161998748779297
52 -28.292234420776367 24.90035057067871
53 -28.16019630432129 24.7695255279541
54 -28.221338272094727 24.479991912841797
55 -28.290348052978516 24.040719985961914
56 -28.315963745117188 23.79926872253418
57 -28.395278930664062 23.625591278076172
58 -28.591955184936523 23.433069229125977
59 -28.8568115234375 23.225971221923828
60 -29.02735137939453 22.95686149597168
61 -29.136035919189453 22.437435150146484
62 -29.16693687438965 22.092567443847656
63 -29.25773048400879 21.832151412963867
64 -29.393590927124023 21.602224349975586
65 -29.620756149291992 21.50615119934082
66 -30.033794403076172 21.39702033996582
67 -30.515823364257812 21.289756774902344
68 -30.808565139770508 21.3480167388916
69 -31.071697235107422 21.428455352783203
70 -31.3308162689209 21.611019134521484
71 -31.52760887145996 21.88654327392578
72 -31.790058135986328 22.209867477416992
73 -31.89045524597168 22.528188705444336
74 -31.9996337890625 22.91234588623047
75 -32.09017562866211 23.149290084838867
76 -32.100738525390625 23.444873809814453
77 -32.04690933227539 23.899377822875977
78 -31.988258361816406 24.12247657775879
79 -32.08039855957031 24.296255111694336
80 -32.383331298828125 24.771257400512695
81 -32.54182052612305 25.078325271606445
82 -32.645503997802734 25.417144775390625
83 -32.66798782348633 25.626306533813477
84 -32.770843505859375 25.971651077270508
85 -33.03782272338867 27.10899543762207
86 -33.138275146484375 27.247018814086914
87 -33.23621368408203 27.461904525756836
88 -33.366729736328125 27.640226364135742
89 -42.43813705444336 30.36815071105957
90 -42.67558670043945 30.460039138793945
91 -43.03015899658203 30.608421325683594
92 -43.38822937011719 30.765270233154297
93 -43.79591369628906 30.824583053588867
94 -44.35102462768555 30.76688003540039
95 -44.5553092956543 30.66081428527832
96 -44.71821975708008 30.460309982299805
97 -44.868656158447266 30.23149871826172
98 -44.94269561767578 30.0543212890625
99 -45.195640563964844 29.503767013549805
100 -45.30267333984375 29.261329650878906
101 -45.327308654785156 28.939544677734375
102 -45.466331481933594 28.580997467041016
103 -45.62368392944336 28.356613159179688
104 -45.74482345581055 28.202924728393555
105 -45.92282485961914 28.198801040649414
106 -46.45383071899414 28.360803604125977
107 -46.986175537109375 28.42516326904297
108 -47.2650032043457 28.517133712768555
109 -47.56547927856445 28.646352767944336
110 -47.805782318115234 28.737659454345703
111 -48.1219596862793 28.877418518066406
112 -48.53369903564453 29.267616271972656
113 -48.586181640625 29.474130630493164
114 -48.507568359375 29.778459548950195
115 -48.30746078491211 30.148603439331055
116 -48.122894287109375 30.386491775512695
117 -47.73997497558594 30.713293075561523
118 -47.49006652832031 30.906795501708984
119 -47.22864532470703 31.07630729675293
120 -47.01734161376953 31.263343811035156
121 -46.9266357421875 31.375011444091797
122 -46.79855728149414 31.563138961791992
123 -45.47962951660156 36.538307189941406
124 -45.42493438720703 36.82585906982422
125 -45.3543815612793 37.264564514160156
126 -45.329532623291016 37.57148742675781
127 -45.299293518066406 37.86250305175781
128 -45.24077606201172 38.10326385498047
129 -45.132118225097656 38.38164138793945
130 -45.05867004394531 38.54503631591797
131 -44.84540557861328 38.652469635009766
132 -44.24767303466797 38.69688415527344
133 -44.11723709106445 38.721534729003906
134 -43.93404006958008 38.76314163208008
135 -43.65306854248047 38.852783203125
136 -38.16638946533203 45.16740036010742
137 -38.00141906738281 45.35287857055664
138 -37.88008499145508 45.588462829589844
139 -37.77909851074219 45.760520935058594
140 -37.66263961791992 46.034427642822266
141 -37.410274505615234 46.51990509033203
142 -37.14341354370117 46.88241958618164
143 -37.01641082763672 46.996726989746094
144 -36.76816177368164 47.038509368896484
145 -36.54241943359375 47.01218795776367
146 -36.15163803100586 46.56081771850586
147 -35.94280242919922 46.3877067565918
148 -35.81184768676758 46.312835693359375
149 -35.76451110839844 46.18806076049805
150 -25.705652236938477 36.082340240478516
151 -25.48724365234375 35.91797637939453
152 -25.094026565551758 35.62074279785156
153 -24.859813690185547 35.43381881713867
154 -24.689546585083008 35.176883697509766
155 -24.608800888061523 34.88996124267578
156 -24.640403747558594 34.53042221069336
157 -24.874095916748047 33.54423141479492
158 -24.99680519104004 33.300899505615234
159 -25.260055541992188 33.19283676147461
160 -25.73084259033203 33.10017776489258
161 -26.07453727722168 33.05702209472656
162 -26.35481071472168 33.0091552734375
163 -38.85917282104492 38.09199142456055
164 -39.05459213256836 38.2103385925293
165 -39.30896759033203 38.42481994628906
166 -39.53425598144531 38.671546936035156
167 -39.696815490722656 38.875885009765625
168 -39.73390197753906 38.922733306884766
169 -39.906837463378906 39.03058624267578
170 -40.22456741333008 39.212303161621094
171 -40.69048309326172 39.448490142822266
172 -40.93903732299805 39.4871711730957
173 -41.14082717895508 39.41086196899414
174 -41.32918167114258 39.40120315551758
175 -41.55287551879883 39.41624450683594
176 -41.647884368896484 39.35831832885742
177 -52.57589340209961 38.00278091430664
178 -52.73387908935547 37.97027587890625
179 -52.97270965576172 37.88356399536133
180 -53.38919448852539 37.660518646240234
181 -53.6335334777832 37.50250244140625
182 -53.96646499633789 37.25006103515625
183 -54.24333190917969 36.95442199707031
184 -54.36292266845703 36.70937728881836
185 -54.49045181274414 36.413055419921875
186 -54.72675323486328 36.13750076293945
187 -54.93915557861328 35.857208251953125
188 -55.099327087402344 35.528953552246094
189 -55.21630859375 35.43415451049805
190 -55.96824264526367 35.00698471069336
191 -56.10041046142578 34.9393196105957
192 -56.38937759399414 34.74711608886719
193 -56.5700798034668 34.621246337890625
194 -56.7281494140625 34.48310852050781
195 -56.95248794555664 34.29472351074219
196 -57.24771499633789 34.07241439819336
197 -63.60693359375 29.71307945251465
198 -63.33922576904297 29.539440155029297
199 -63.06923294067383 29.54326820373535
200 -62.9031867980957 29.564558029174805
201 -62.5791015625 29.795442581176758
202 -62.22278594970703 30.117841720581055
203 -61.969032287597656 30.3796443939209
204 -61.78909683227539 30.713546752929688
205 -61.70724105834961 31.093645095825195
206 -61.56724548339844 31.396745681762695
207 -61.38900375366211 31.80605697631836
208 -61.2219352722168 32.212154388427734
209 -61.04583740234375 32.64288330078125
210 -60.9540901184082 32.87458801269531
211 -60.869441986083984 33.03866958618164
212 -60.70167541503906 33.26036071777344
213 -60.41875076293945 33.62440872192383
214 -60.05137252807617 34.17108154296875
215 -59.98688888549805 34.26176071166992
216 -59.744991302490234 34.680240631103516
217 -59.50543975830078 35.39801788330078
218 -59.42372131347656 35.68192672729492
219 -59.35293960571289 36.03407669067383
220 -59.325809478759766 36.27602767944336
221 -59.35555648803711 36.61123275756836
222 -59.414615631103516 36.923744201660156
223 -59.4643669128418 37.27808380126953
224 -59.441768646240234 37.577659606933594
225 -59.382301330566406 37.91069412231445
226 -59.30818176269531 38.16957473754883
227 -59.2183723449707 38.35227584838867
228 -59.11566925048828 38.51964569091797
229 -39.17845153808594 14.483872413635254
230 -39.13469314575195 14.243416786193848
231 -39.06624984741211 14.089995384216309
232 -39.12464904785156 13.844830513000488
233 -39.28144073486328 13.498329162597656
234 -39.50484848022461 12.788697242736816
235 -39.663761138916016 12.642481803894043
236 -39.82697677612305 12.622557640075684
237 -40.342994689941406 12.64013671875
238 -40.68369674682617 12.568116188049316
239 -40.836029052734375 12.53856086730957
240 -41.23099899291992 12.560693740844727
241 -41.43136215209961 12.586756706237793
242 -41.78993606567383 12.665609359741211
243 -53.099082946777344 25.850786209106445
244 -53.060611724853516 25.962200164794922
245 -52.98405838012695 26.17235565185547
246 -52.69001007080078 26.866575241088867
247 -52.66169357299805 27.14058494567871
248 -52.69218063354492 27.403949737548828
249 -52.93103790283203 27.667802810668945
250 -53.1735725402832 27.86747932434082
251 -53.371673583984375 28.073505401611328
252 -53.561641693115234 28.273303985595703
253 -54.08679962158203 28.56766128540039
254 -54.290550231933594 28.6666316986084
255 -54.474613189697266 28.785381317138672
256 -54.7137565612793 29.049053192138672
257 -55.25130081176758 29.752798080444336
258 -55.48158264160156 30.087081909179688
259 -55.66587448120117 30.309371948242188
260 -55.87534713745117 30.47408676147461
261 -56.19844055175781 30.765789031982422
262 -56.38174819946289 30.923154830932617
263 -56.57710266113281 30.96558380126953
264 -56.79429244995117 31.01303482055664
265 -57.0405387878418 31.03732681274414
266 -57.242801666259766 31.00440216064453
267 -57.553165435791016 30.846004486083984
268 -57.76961135864258 30.682817459106445
269 -57.98356246948242 30.480539321899414
270 -58.18708801269531 30.232999801635742
271 -58.33687210083008 29.862834930419922
272 -58.43327713012695 29.500774383544922
273 -58.47371292114258 29.196138381958008
274 -58.46816635131836 28.865036010742188
275 -58.3890495300293 28.722631454467773
276 -58.17668914794922 28.42375946044922
277 -57.96858215332031 28.197303771972656
278 -57.54183578491211 27.8558406829834
279 -56.84819793701172 27.206270217895508
280 -56.70365524291992 26.976654052734375
281 -56.74699401855469 26.803300857543945
282 -56.84360122680664 26.579017639160156
283 -57.12602996826172 26.386695861816406
284 -57.62763214111328 26.303577423095703
285 -58.00577163696289 26.356172561645508
286 -58.17219161987305 26.35148811340332
287 -58.43475341796875 26.440189361572266
288 -58.81296920776367 26.571365356445312
289 -59.21952819824219 26.65825653076172
290 -59.57677459716797 26.689401626586914
291 -60.08742141723633 26.68170166015625
292 -60.343021392822266 26.67630386352539
293 -60.511478424072266 26.563241958618164
294 -60.713470458984375 26.32872200012207
295 -60.69717025756836 26.024269104003906
296 -60.419471740722656 25.752878189086914
297 -60.10574722290039 25.46029281616211
298 -59.88086700439453 25.198701858520508
299 -59.59263610839844 24.955842971801758
300 -59.2968635559082 24.71367835998535
301 -58.79551696777344 24.44889259338379
302 -58.49518966674805 24.314985275268555
303 -58.160221099853516 24.248640060424805
304 -57.64510726928711 24.121761322021484
305 -57.34334945678711 24.06576156616211
306 -57.054466247558594 24.11994171142578
307 -56.566104888916016 24.336315155029297
308 -56.143211364746094 24.527271270751953
309 -55.97750473022461 24.56947898864746
310 -55.790714263916016 24.61008644104004
311 -55.594818115234375 24.609272003173828
312 -40.50407791137695 23.871435165405273
313 -40.25078201293945 23.896848678588867
314 -40.01631546020508 23.884675979614258
315 -39.7353630065918 23.75541877746582
316 -39.610965728759766 23.628742218017578
317 -39.50606155395508 23.50977325439453
318 -39.47943115234375 23.21014404296875
319 -39.4435920715332 22.902667999267578
320 -39.46369934082031 22.518503189086914
321 -39.51277542114258 22.146350860595703
322 -39.53044128417969 22.0501766204834
323 -39.67801284790039 21.923315048217773
324 -39.865901947021484 21.75408172607422
325 -40.280113220214844 21.180662155151367
326 -40.45132827758789 20.91368293762207
327 -40.576412200927734 20.708404541015625
328 -40.81184768676758 20.4168758392334
329 -50.64933395385742 13.229178428649902
330 -50.783782958984375 13.100943565368652
331 -51.20984649658203 12.65351390838623
332 -51.371185302734375 12.511184692382812
333 -51.469669342041016 12.345649719238281
334 -51.58584213256836 12.103571891784668
335 -51.74376678466797 11.835103988647461
336 -51.912437438964844 11.54830551147461
337 -51.975887298583984 11.354560852050781
338 -51.947021484375 11.077373504638672
339 -51.904991149902344 10.80600643157959
340 -51.821434020996094 10.542417526245117
341 -51.75604248046875 10.286911964416504
342 -51.64634323120117 10.117545127868652
343 -51.36133575439453 9.873818397521973
344 -50.96366882324219 9.656144142150879
345 -50.76510238647461 9.603771209716797
346 -50.46480941772461 9.645891189575195
347 -41.5697021484375 31.948068618774414
348 -41.59257888793945 32.00250244140625
349 -41.56022644042969 32.12724685668945
350 -41.4633674621582 32.44646072387695
351 -41.28030014038086 32.73522186279297
352 -41.0442008972168 32.84971618652344
353 -40.458465576171875 33.16596603393555
354 -40.094482421875 33.35613250732422
355 -39.91573715209961 33.4952507019043
356 -39.51199722290039 33.719451904296875
357 -39.033199310302734 33.93702697753906
358 -38.778358459472656 34.09745788574219
359 -38.545654296875 34.30207061767578
360 -38.4047737121582 34.513145446777344
361 -38.35272216796875 34.62765884399414
362 -38.26705551147461 35.00654983520508
363 -38.29102325439453 35.21144104003906
364 -38.390384674072266 35.48347473144531
365 -38.66272735595703 35.86298370361328
366 -38.819313049316406 35.99639892578125
367 -39.26401138305664 36.02976989746094
368 -39.66008758544922 35.81107711791992
369 -39.88771057128906 35.709869384765625
370 -40.10686111450195 35.6463623046875
371 -40.5045280456543 35.4971923828125
372 -40.67203903198242 35.447837829589844
373 -40.993595123291016 35.40502166748047
374 -41.19597625732422 35.37014389038086
375 -41.34785461425781 35.35090255737305
376 -41.598411560058594 35.3388786315918
377 -42.0885009765625 35.46574020385742
378 -42.36992645263672 35.60159683227539
379 -42.719181060791016 35.6520881652832
380 -43.13039779663086 35.65279006958008
381 -43.381778717041016 35.57875442504883
382 -43.55154800415039 35.49730682373047
383 -43.55204772949219 35.095787048339844
384 -43.608673095703125 34.6159553527832
385 -43.722900390625 34.124420166015625
386 -43.83317565917969 33.97095489501953
387 -44.104862213134766 33.80378341674805
388 -44.30754852294922 33.674903869628906
389 -44.466068267822266 33.665435791015625
390 -44.938961029052734 33.72712326049805
391 -45.54368591308594 33.845333099365234
392 -45.92646408081055 33.92167282104492
393 -46.31005859375 34.0417594909668
394 -46.756526947021484 34.2427864074707
395 -46.91636657714844 34.36733627319336
396 -46.961116790771484 34.50131607055664
397 -46.86871337890625 34.68581771850586
398 -46.72172164916992 34.919246673583984
399 -30.42704200744629 34.983306884765625
400 -30.257217407226562 35.0040168762207
401 -30.119932174682617 35.095916748046875
402 -29.8165283203125 35.245872497558594
403 -29.66111183166504 35.487998962402344
404 -29.5638370513916 35.75141906738281
405 -29.550819396972656 35.96326446533203
406 -29.653846740722656 36.363643646240234
407 -29.739282608032227 36.74634552001953
408 -29.81817054748535 37.01465606689453
409 -29.86247444152832 37.28425216674805
410 -29.874616622924805 37.60561752319336
411 -29.81890296936035 37.95329666137695
412 -29.603673934936523 38.33681106567383
413 -29.420156478881836 38.61438751220703
414 -29.091188430786133 38.9139289855957
415 -28.882516860961914 39.09727096557617
416 -28.782697677612305 39.31915283203125
417 -28.648677825927734 39.6616325378418
418 -28.62342643737793 39.80012512207031
419 -28.677377700805664 39.984256744384766
420 -29.068510055541992 40.39575958251953
421 -29.165449142456055 40.47218704223633
422 -29.360424041748047 40.692989349365234
423 -29.458511352539062 40.889015197753906
424 -29.60331916809082 41.21280288696289
425 -29.7559757232666 41.578147888183594
426 -29.962562561035156 42.01493453979492
427 -30.063072204589844 42.17675018310547
428 -30.177278518676758 42.393009185791016
429 -30.30425453186035 42.61804962158203
430 -39.7774543762207 48.281776428222656
431 -39.9405403137207 48.33758544921875
432 -40.263648986816406 48.32101821899414
433 -40.455806732177734 48.28666687011719
434 -40.834510803222656 48.21150588989258
435 -41.246299743652344 48.0860595703125
436 -41.481868743896484 47.993141174316406
437 -41.8098030090332 47.97481918334961
438 -41.961177825927734 47.980533599853516
439 -42.17415237426758 47.759979248046875
440 -42.36189270019531 47.51892852783203
441 -42.62791061401367 47.315208435058594
442 -42.82809066772461 47.132564544677734
443 -43.036346435546875 46.80778503417969
444 -43.20103454589844 46.321380615234375
445 -43.189857482910156 46.138702392578125
446 -43.11466598510742 45.98198318481445
447 -42.7638053894043 45.78202819824219
448 -42.426570892333984 45.60464859008789
449 -41.95149612426758 45.4406852722168
450 -41.666290283203125 45.342960357666016
451 -41.425846099853516 45.22841262817383
452 -41.16524124145508 44.9261474609375
453 -40.896602630615234 44.68115997314453
454 -40.736270904541016 44.49913787841797
455 -40.65718078613281 44.30055236816406
456 -40.45478439331055 43.97975158691406
457 -40.342159271240234 43.59303665161133
458 -40.52867889404297 43.32149887084961
459 -40.88557815551758 43.14591979980469
460 -41.15298080444336 43.040523529052734
461 -41.39125061035156 43.0930290222168
462 -41.75312423706055 43.1898078918457
463 -41.88461685180664 43.1851692199707
464 -41.97862243652344 42.90440368652344
465 -42.0918083190918 42.616119384765625
466 -42.110252380371094 42.38312530517578
467 -42.12843322753906 42.198116302490234
468 -42.251007080078125 41.99981689453125
469 -42.412071228027344 41.63964080810547
470 -42.5417366027832 41.43486785888672
471 -42.65587615966797 41.36076354980469
472 -42.884788513183594 41.25419235229492
473 -43.2730712890625 41.11180114746094
474 -43.600765228271484 41.08064651489258
475 -44.05317687988281 41.01076889038086
476 -44.33256912231445 40.98998260498047
477 -45.165313720703125 41.17918014526367
478 -45.648590087890625 41.361351013183594
479 -45.83768081665039 41.469749450683594
480 -46.085548400878906 41.74007797241211
481 -46.24241638183594 41.98386001586914
482 -46.43550491333008 42.32530212402344
483 -46.4991340637207 42.64393615722656
484 -46.55352783203125 43.099212646484375
485 -46.54518127441406 43.45021438598633
486 -46.362449645996094 43.77088165283203
487 -46.155948638916016 43.998199462890625
488 -45.70543670654297 44.2587776184082
489 -45.468505859375 44.42351531982422
490 -45.2888069152832 44.55788040161133
491 -44.89945602416992 44.350948333740234
492 -44.52946853637695 44.233070373535156
493 -44.19291687011719 44.021484375
494 -43.96607208251953 43.86641311645508
495 -39.43122100830078 42.01628875732422
496 -39.231449127197266 42.09500503540039
497 -38.65028381347656 42.466644287109375
498 -38.057926177978516 42.75225830078125
499 -37.87451934814453 42.8010139465332
500 -37.658138275146484 42.88118362426758
501 -37.473731994628906 42.9344367980957
502 -37.281368255615234 42.93784713745117
503 -36.826385498046875 42.853797912597656
504 -36.51127243041992 42.8016242980957
505 -36.49074935913086 42.50776290893555
506 -36.436336517333984 42.09075164794922
507 -36.391658782958984 41.749935150146484
508 -36.38871383666992 41.485023498535156
509 -36.364410400390625 41.209877014160156
510 -36.34767150878906 41.013301849365234
511 -36.3974723815918 40.8875617980957
512 -36.40239715576172 40.41581726074219
513 -36.40397644042969 40.192134857177734
514 -36.35022735595703 39.78847122192383
515 -36.222164154052734 39.33012390136719
516 -36.160770416259766 38.96212387084961
517 -36.141563415527344 38.65221405029297
518 -36.13939666748047 38.404422760009766
519 -36.04941940307617 38.208534240722656
520 -35.967655181884766 37.96965408325195
521 -35.8348274230957 37.62380599975586
522 -35.71321487426758 37.42701721191406
523 -35.71940612792969 37.321903228759766
524 -36.03004455566406 37.22477340698242
525 -36.455326080322266 37.03790283203125
526 -36.65801239013672 36.90273666381836
527 -36.83517074584961 36.79830551147461
528 -47.86649703979492 26.117599487304688
529 -48.05436325073242 26.108505249023438
530 -48.314353942871094 26.118915557861328
531 -48.765472412109375 26.17546844482422
532 -49.08465576171875 26.14693832397461
533 -49.24925231933594 26.03263282775879
534 -49.34426498413086 25.866418838500977
535 -49.356117248535156 25.5849609375
536 -49.37289047241211 25.273956298828125
537 -49.49996566772461 25.096729278564453
538 -49.96251678466797 24.849699020385742
539 -50.3121337890625 24.679624557495117
540 -50.54548263549805 24.5876407623291
541 -51.08565902709961 24.370119094848633
542 -51.31431579589844 24.308963775634766
543 -51.52861022949219 24.224231719970703
544 -51.842323303222656 24.089027404785156
545 -52.15747833251953 23.906400680541992
546 -52.572872161865234 23.651233673095703
547 -52.929901123046875 23.415857315063477
548 -53.22841262817383 23.308929443359375
549 -53.435482025146484 23.261966705322266
550 -53.66401672363281 23.156522750854492
551 -53.84601974487305 23.112472534179688
552 -54.25448226928711 22.811504364013672
553 -54.5727424621582 22.650447845458984
554 -54.799468994140625 22.456838607788086
555 -55.03414535522461 22.223642349243164
556 -55.358726501464844 21.908472061157227
557 -55.69953536987305 21.582965850830078
558 -55.90707015991211 21.36256217956543
559 -56.07695770263672 21.294572830200195
560 -56.38304138183594 21.284605026245117
561 -56.63179016113281 21.25625228881836
562 -57.11692810058594 21.157150268554688
563 -57.505218505859375 21.014692306518555
564 -57.68263244628906 20.90410614013672
565 -57.846805572509766 20.8447322845459
566 -58.12722396850586 20.681133270263672
567 -58.34540939331055 20.595006942749023
568 -58.59049606323242 20.643898010253906
569 -58.96611022949219 20.690217971801758
570 -59.06835174560547 20.692962646484375
571 -59.243587493896484 20.529129028320312
572 -59.428062438964844 20.33953285217285
573 -59.88488006591797 19.90757179260254
574 -60.19437026977539 19.589862823486328
575 -60.333866119384766 19.16520881652832
576 -60.387264251708984 18.861957550048828
577 -60.38209915161133 18.607349395751953
578 -60.265228271484375 18.399715423583984
579 -59.949310302734375 18.087081909179688
580 -59.69993209838867 17.801639556884766
581 -59.470123291015625 17.54031753540039
582 -59.234130859375 17.44403648376465
583 -58.87705612182617 17.42652130126953
584 -58.40346145629883 17.565271377563477
585 -57.84314727783203 17.667896270751953
586 -57.64040756225586 17.73902702331543
587 -57.187870025634766 17.910512924194336
588 -56.8955078125 18.031007766723633
589 -56.7681770324707 18.16799545288086
590 -56.62566375732422 18.373943328857422
591 -56.40629196166992 18.612449645996094
592 -56.0952262878418 18.862905502319336
593 -55.79054260253906 19.071874618530273
594 -48.533714294433594 36.28341293334961
595 -48.573368072509766 36.460243225097656
596 -48.64480209350586 36.960304260253906
597 -48.73015213012695 37.16297149658203
598 -48.71730422973633 37.39676284790039
599 -48.62256622314453 37.61209487915039
600 -48.452877044677734 37.88056564331055
601 -48.2926139831543 38.18857192993164
602 -48.32533264160156 38.411598205566406
603 -48.42540740966797 38.66518783569336
604 -48.86821365356445 39.06126022338867
605 -49.16452407836914 39.458091735839844
606 -49.565696716308594 40.08583068847656
607 -49.79893493652344 40.5014533996582
608 -49.94261932373047 40.835235595703125
609 -50.105262756347656 41.27788543701172
610 -50.265525817871094 41.71268844604492
611 -50.3213996887207 42.02937698364258
612 -50.329524993896484 42.319679260253906
613 -50.29762649536133 43.06813430786133
614 -50.270660400390625 43.33786392211914
615 -50.24897384643555 43.46561813354492
616 -50.18164825439453 43.738224029541016
617 -50.07867431640625 44.1524772644043
618 -49.93796920776367 44.53033447265625
619 -49.84382629394531 44.715476989746094
620 -49.753360748291016 45.0698356628418
621 -49.781402587890625 45.47975158691406
622 -49.954097747802734 45.85634994506836
623 -50.23507308959961 46.41425704956055
624 -50.344112396240234 46.63304901123047
625 -50.47435760498047 46.64521408081055
626 -50.9102783203125 46.637664794921875
627 -51.34426498413086 46.6639289855957
628 -51.642906188964844 46.65459442138672
629 -51.878265380859375 46.52710723876953
630 -52.1728515625 46.30635452270508
631 -52.41268539428711 46.128990173339844
632 -52.69047546386719 45.9329833984375
633 -52.95378112792969 45.78574752807617
634 -53.193870544433594 45.68085861206055
635 -53.453433990478516 45.517601013183594
636 -53.711334228515625 45.38239669799805
637 -54.17255401611328 45.12725830078125
638 -54.39227294921875 45.015438079833984
639 -54.69965744018555 44.88288116455078
640 -55.031219482421875 44.74431610107422
641 -55.26435852050781 44.64228820800781
642 -55.54570770263672 44.48009490966797
643 -55.71233367919922 44.21763610839844
644 -56.037353515625 43.92691421508789
645 -56.0943489074707 43.806034088134766
646 -56.19978713989258 43.65833282470703
647 -56.400638580322266 43.32997512817383
648 -56.56275939941406 42.99164581298828
649 -56.71556854248047 42.72978591918945
650 -56.87190628051758 42.4549560546875
651 -56.959564208984375 42.31352615356445
652 -59.466400146484375 14.234936714172363
653 -59.402870178222656 14.13515567779541
654 -59.079349517822266 14.00497055053711
655 -58.65699005126953 13.845099449157715
656 -57.93301010131836 13.59559154510498
657 -57.801116943359375 13.511601448059082
658 -57.47736740112305 13.4412841796875
659 -57.22113037109375 13.423298835754395
660 -57.042137145996094 13.4462251663208
661 -56.733612060546875 13.484807968139648
662 -56.236263275146484 13.550415992736816
663 -55.973567962646484 13.62522029876709
664 -55.65436935424805 13.703611373901367
665 -55.42858123779297 13.718265533447266
666 -55.29610824584961 13.66572093963623
667 -55.20052719116211 13.952798843383789
668 -55.032989501953125 14.278023719787598
669 -54.88337326049805 14.43472671508789
670 -54.69997787475586 14.507502555847168
671 -54.48056411743164 14.583863258361816
672 -54.04126739501953 14.763068199157715
673 -53.5890007019043 14.975739479064941
674 -53.03716278076172 15.214326858520508
675 -52.78234100341797 15.30370044708252
676 -52.58721923828125 15.402122497558594
677 -52.40275192260742 15.549448013305664
678 -52.171112060546875 15.749858856201172
679 -52.03110122680664 16.017667770385742
680 -51.82595443725586 16.418415069580078
681 -51.79471969604492 16.452280044555664
682 -51.61851501464844 16.8023738861084
683 -51.30886459350586 17.1458740234375
684 -51.071746826171875 17.422828674316406
685 -50.95355987548828 17.539085388183594
686 -50.68537902832031 18.05741310119629
687 -50.65458679199219 18.356657028198242
688 -50.834041595458984 18.506155014038086
689 -51.16923141479492 18.529563903808594
690 -51.511531829833984 18.42906951904297
691 -52.419837951660156 18.049057006835938
692 -52.71976852416992 18.01342010498047
693 -53.0077018737793 18.19664764404297
694 -53.153892517089844 18.41604232788086
695 -53.231536865234375 18.756677627563477
696 -53.24591827392578 18.962804794311523
697 -53.20100784301758 19.09953498840332
698 -52.8303337097168 19.313560485839844
699 -52.4625129699707 19.570913314819336
700 -52.263763427734375 19.604246139526367
701 -52.02113723754883 19.660390853881836
702 -51.80044937133789 19.88185691833496
703 -51.68601989746094 20.17684555053711
704 -51.69303894042969 20.49852752685547
705 -51.797630310058594 20.811752319335938
706 -51.765499114990234 21.244081497192383
707 -51.65373611450195 21.455827713012695
708 -51.50540542602539 21.577526092529297
709 -51.12705993652344 21.414094924926758
710 -50.599021911621094 21.255699157714844
711 -50.182098388671875 21.30258560180664
712 -49.79256820678711 21.421058654785156
713 -49.29191970825195 21.711750030517578
714 -49.00821304321289 21.81751251220703
715 -48.966163635253906 21.639245986938477
716 -48.95551300048828 21.326183319091797
717 -48.98945236206055 20.598363876342773
718 -48.76507568359375 20.071853637695312
719 -48.5240364074707 20.032062530517578
720 -48.293006896972656 20.104259490966797
721 -47.84203338623047 20.299348831176758
722 -47.562862396240234 20.44768524169922
723 -47.368736267089844 20.613845825195312
724 -47.10748291015625 20.837316513061523
725 -46.908206939697266 20.905298233032227
726 -46.66267013549805 21.050745010375977
727 -46.226932525634766 21.33434295654297
728 -46.027278900146484 21.48089599609375
729 -45.790828704833984 21.65939712524414
730 -43.138511657714844 24.247018814086914
731 -42.9300651550293 24.640626907348633
732 -42.82184600830078 24.967817306518555
733 -42.88887023925781 25.123245239257812
734 -43.05720138549805 25.337326049804688
735 -43.2977294921875 25.540180206298828
736 -43.64223098754883 25.740436553955078
737 -43.902652740478516 25.828466415405273
738 -44.469261169433594 25.915027618408203
739 -44.72260665893555 25.845375061035156
740 -45.05241012573242 25.571197509765625
741 -45.25110626220703 25.299036026000977
742 -45.41810607910156 25.080955505371094
743 -45.662696838378906 24.833148956298828
744 -45.89662170410156 24.58165168762207
745 -46.05208206176758 24.43004035949707
746 -46.194034576416016 24.210798263549805
747 -46.18158721923828 23.956295013427734
748 -45.92162322998047 23.645191192626953
749 -45.613346099853516 23.428686141967773
750 -45.360694885253906 23.306930541992188
751 -44.987979888916016 23.172115325927734
752 -44.64766311645508 22.916969299316406
753 -44.39388656616211 22.717979431152344
754 -44.179683685302734 22.605257034301758
755 -43.839176177978516 22.64492416381836
756 -43.246826171875 22.613956451416016
757 -42.887672424316406 22.491243362426758
758 -42.79951477050781 22.30109405517578
759 -42.709571838378906 21.8680419921875
760 -42.67262268066406 21.57021141052246
761 -42.83318328857422 20.915403366088867
762 -43.009395599365234 20.52678680419922
763 -43.156394958496094 20.345211029052734
764 -43.348838806152344 20.174001693725586
765 -43.568214416503906 20.005508422851562
766 -43.771995544433594 19.830928802490234
767 -44.28927230834961 19.30559539794922
768 -44.76921844482422 18.746414184570312
769 -44.8747673034668 18.487058639526367
770 -44.936012268066406 18.137380599975586
771 -44.9821891784668 17.804519653320312
772 -44.941917419433594 17.496423721313477
773 -44.877933502197266 17.173202514648438
774 -44.81945037841797 16.84541130065918
775 -44.754066467285156 16.42526626586914
776 -44.74214553833008 16.173742294311523
777 -44.816871643066406 15.81712818145752
778 -44.97189712524414 15.32481861114502
779 -45.06806945800781 14.928109169006348
780 -45.136383056640625 14.667771339416504
781 -45.243656158447266 14.238396644592285
782 -45.31816101074219 13.988985061645508
783 -45.35750961303711 13.724174499511719
784 -45.40357208251953 13.47551155090332
785 -45.456668853759766 13.173266410827637
786 -45.519203186035156 12.735238075256348
787 -45.53001403808594 12.617521286010742
788 -45.64180374145508 12.242955207824707
789 -45.67061996459961 11.994318008422852
790 -45.85640335083008 11.723342895507812
791 -46.13697052001953 11.139148712158203
792 -46.29075241088867 10.967071533203125
793 -46.48406219482422 10.899649620056152
794 -46.87248992919922 10.902985572814941
795 -47.20995330810547 10.961092948913574
796 -47.44657516479492 11.103730201721191
797 -47.5858154296875 11.228642463684082
798 -47.693790435791016 11.393363952636719
799 -41.302825927734375 17.51247787475586
800 -41.1416130065918 17.584613800048828
801 -40.746212005615234 17.70815658569336
802 -40.36247253417969 17.80190658569336
803 -40.10253143310547 17.874332427978516
804 -39.791717529296875 17.996862411499023
805 -39.37592315673828 18.194805145263672
806 -39.094940185546875 18.36098289489746
807 -38.79928970336914 18.57642936706543
808 -38.58548355102539 18.640926361083984
809 -38.2252197265625 18.611650466918945
810 -38.1015739440918 18.519941329956055
811 -37.788455963134766 18.274232864379883
812 -37.294097900390625 17.899629592895508
813 -37.091121673583984 17.675016403198242
814 -36.8864860534668 17.727611541748047
815 -36.551292419433594 17.760116577148438
816 -36.322593688964844 17.73257064819336
817 -36.19896697998047 17.849952697753906
818 -35.986820220947266 17.92791748046875
819 -35.653995513916016 18.06464195251465
820 -35.21790313720703 18.24890899658203
821 -34.91301727294922 18.529848098754883
822 -34.86293411254883 18.833332061767578
823 -35.032386779785156 19.18790626525879
824 -35.32859420776367 19.692243576049805
825 -35.51577377319336 20.229618072509766
826 -35.59292221069336 20.599687576293945
827 -35.73786544799805 21.047731399536133
828 -35.91012954711914 21.349897384643555
829 -36.06818389892578 21.563119888305664
830 -36.182743072509766 21.64781951904297
831 -36.30626678466797 21.874359130859375
832 -36.470359802246094 22.358531951904297
833 -36.48988723754883 22.573659896850586
834 -36.42002868652344 22.863662719726562
835 -36.16692352294922 23.66689109802246
836 -36.07437515258789 23.977649688720703
837 -36.049747467041016 24.11134910583496
838 -36.03663635253906 24.366512298583984
839 -36.04823684692383 24.629276275634766
840 -36.07093048095703 24.83257293701172
841 -36.11250686645508 25.12963104248047
842 -36.15245819091797 25.517208099365234
843 -36.15107345581055 25.935869216918945
844 -36.11396026611328 26.182676315307617
845 -35.99061584472656 26.449857711791992
846 -35.97096633911133 26.635934829711914
847 -36.03620910644531 26.92830467224121
848 -36.198692321777344 27.122100830078125
849 -36.45344924926758 27.359174728393555
850 -36.66650390625 27.7266788482666
851 -36.934146881103516 28.17433738708496
852 -36.98099136352539 28.344961166381836
853 -37.09358215332031 28.718503952026367
854 -37.178741455078125 28.847280502319336
855 -37.360626220703125 28.935325622558594
856 -37.77896499633789 29.141225814819336
857 -51.457645416259766 30.702621459960938
858 -51.57563781738281 30.81914520263672
859 -51.7015380859375 31.063556671142578
860 -51.77701187133789 31.253976821899414
861 -51.89442443847656 31.54560661315918
862 -52.0229606628418 32.00874710083008
863 -52.16162109375 32.40501403808594
864 -52.29090118408203 32.66817855834961
865 -52.40776062011719 32.883113861083984
866 -52.44110107421875 33.05272674560547
867 -52.387271881103516 33.77095031738281
868 -52.40766525268555 33.98256301879883
869 -52.43296813964844 34.23194885253906
870 -52.45703125 34.42818832397461
871 -52.31603240966797 34.6171760559082
872 -52.168304443359375 34.72494125366211
873 -51.89256286621094 34.93286895751953
874 -51.60371017456055 35.22150802612305
875 -51.395328521728516 35.42877197265625
876 -51.20536804199219 35.58601760864258
877 -51.006771087646484 35.65397644042969
878 -50.66208267211914 35.73661422729492
879 -50.277626037597656 35.65646743774414
880 -50.0716438293457 35.44908905029297
881 -49.88330841064453 35.0886116027832
882 -49.60467529296875 34.79779052734375
883 -49.245506286621094 34.368629455566406
884 -49.053951263427734 34.157569885253906
885 -35.688941955566406 30.688779830932617
886 -35.29848098754883 30.532878875732422
887 -35.06673812866211 30.408954620361328
888 -34.85406494140625 30.229000091552734
889 -34.68633270263672 30.104854583740234
890 -34.537452697753906 30.029544830322266
891 -34.35462951660156 30.13763427734375
892 -34.19617462158203 30.39767074584961
893 -34.09524917602539 30.615262985229492
894 -33.94797134399414 30.749122619628906
895 -33.913299560546875 31.154373168945312
896 -33.72452163696289 31.739866256713867
897 -33.57172393798828 31.99917984008789
898 -33.45307922363281 32.10826873779297
899 -33.082149505615234 32.24441146850586
900 -32.831851959228516 32.35019302368164
901 -32.52974319458008 32.53681945800781
902 -32.33012008666992 32.912139892578125
903 -32.24746322631836 33.4959831237793
904 -32.280670166015625 33.715457916259766
905 -32.235355377197266 33.851951599121094
906 -32.30733108520508 34.06276321411133
907 -32.86579132080078 34.516563415527344
908 -33.080604553222656 34.763641357421875
909 -33.32870864868164 35.181175231933594
910 -33.498779296875 35.4401969909668
911 -33.770965576171875 35.5464973449707
912 -34.03683090209961 35.58491516113281
913 -34.28375244140625 35.538368225097656
914 -34.55385971069336 35.433555603027344
915 -34.7746696472168 35.202510833740234
916 -35.07550811767578 34.82510757446289
917 -35.25152587890625 34.64443588256836
918 -35.40525817871094 34.49653625488281
919 -35.56801986694336 34.247074127197266
920 -35.77893829345703 33.91838073730469
921 -36.058773040771484 33.404541015625
922 -36.50135803222656 32.99761962890625
923 -36.69614028930664 32.849910736083984
924 -36.82451629638672 32.72539520263672
925 -37.05661392211914 32.49921798706055
926 -37.18769454956055 32.37687301635742
927 -37.38142776489258 32.1789665222168
928 -37.68795394897461 31.952646255493164
929 -38.16132354736328 31.624324798583984
930 -38.70338821411133 31.30348777770996
931 -39.12624740600586 31.085140228271484
932 -39.344200134277344 30.997037887573242
933 -39.58869552612305 30.796064376831055
934 -39.7457160949707 30.62972640991211
935 -40.041622161865234 30.184814453125
936 -40.189239501953125 29.894695281982422
937 -40.27236557006836 29.758560180664062
938 -40.46669006347656 29.440332412719727
939 -40.666622161865234 29.231271743774414
940 -40.854881286621094 29.08804702758789
941 -41.05876541137695 28.872770309448242
942 -41.27065658569336 28.612194061279297
943 -41.47550964355469 28.248615264892578
944 -41.51665115356445 27.906312942504883
945 -41.316776275634766 27.569305419921875
946 -41.02540588378906 27.38491439819336
947 -40.79506301879883 27.202194213867188
948 -40.611454010009766 27.101436614990234
949 -40.4088249206543 27.012222290039062
950 -40.08353805541992 26.888525009155273
951 -39.87508773803711 26.760940551757812
952 -39.58063507080078 26.634742736816406
953 -39.292396545410156 26.570274353027344
954 -39.086246490478516 26.652172088623047
955 -38.89165496826172 26.821380615234375
956 -38.66958999633789 27.193349838256836
957 -38.60780334472656 27.459762573242188
958 -33.31975555419922 38.181617736816406
959 -33.27262878417969 38.48794174194336
960 -33.23190689086914 38.59773635864258
961 -33.132118225097656 38.77751922607422
962 -32.994266510009766 39.09283447265625
963 -32.872371673583984 39.29936981201172
964 -32.826385498046875 39.42138671875
965 -32.76304626464844 39.83521270751953
966 -32.77388381958008 40.346614837646484
967 -32.81048583984375 40.72765350341797
968 -32.88459396362305 41.15243911743164
969 -32.958335876464844 41.80978012084961
970 -33.019493103027344 42.0265007019043
971 -33.05787658691406 42.10181427001953
972 -33.09263229370117 42.27096939086914
973 -33.06608581542969 42.568817138671875
974 -33.00478744506836 43.09667205810547
975 -32.966705322265625 43.65243148803711
976 -32.86610794067383 43.84950637817383
977 -32.72317123413086 44.00372314453125
978 -32.320045471191406 44.34071731567383
979 -32.032447814941406 44.56559753417969
980 -31.852685928344727 44.75321960449219
981 -31.75745964050293 45.01083755493164
982 -31.816905975341797 45.16780090332031
983 -32.012508392333984 45.352935791015625
984 -32.28456497192383 45.674888610839844
985 -32.686275482177734 46.2627067565918
986 -32.855201721191406 46.629791259765625
987 -33.131446838378906 47.28903579711914
988 -33.1486930847168 47.3717155456543
989 -33.24007797241211 47.586181640625
990 -33.61573791503906 48.23982238769531
991 -33.867881774902344 48.53033447265625
992 -33.92412185668945 48.62870407104492
993 -33.90472412109375 48.70707702636719
994 -33.943946838378906 48.95591735839844
995 -34.071712493896484 49.6296272277832
996 -34.13178253173828 49.92002487182617
997 -34.18837356567383 50.156803131103516
998 -34.24565505981445 50.28446578979492
999 -34.29017639160156 50.41206359863281
