0 9.49495792388916 52.65595245361328
1 9.36910343170166 52.83176040649414
2 9.12081527709961 53.348236083984375
3 9.024813652038574 53.80134582519531
4 9.00849437713623 54.232872009277344
5 9.07932186126709 54.55075454711914
6 9.154808044433594 54.849552154541016
7 9.05499267578125 55.58592224121094
8 8.994020462036133 55.800750732421875
9 8.640115737915039 56.12469482421875
10 8.170814514160156 56.41710662841797
11 7.805171012878418 56.43525314331055
12 7.4052324295043945 56.205108642578125
13 7.036092758178711 55.781490325927734
14 6.675300121307373 55.121681213378906
15 6.451627731323242 54.647377014160156
16 6.288974761962891 54.47347640991211
17 -3.386378765106201 48.14890670776367
18 -3.652984142303467 47.91108703613281
19 -3.94773530960083 47.731719970703125
20 -4.1328840255737305 47.557735443115234
21 -4.449771404266357 47.07396697998047
22 -4.642302513122559 46.77374267578125
23 -4.742149353027344 46.04460525512695
24 -4.660101413726807 45.78167724609375
25 -4.334133625030518 45.620933532714844
26 -3.658567190170288 45.45248031616211
27 -3.2284793853759766 45.497615814208984
28 -3.10591983795166 45.5169677734375
29 -2.2345528602600098 45.38148880004883
30 -1.9575002193450928 45.251953125
31 -1.7791155576705933 45.000831604003906
32 -1.661358118057251 44.77893829345703
33 -1.7612297534942627 44.56898880004883
34 -2.279733180999756 43.976890563964844
35 -2.5396053791046143 43.55172348022461
36 -2.6874959468841553 43.381797790527344
37 -2.847726345062256 42.67156982421875
38 -2.7822790145874023 42.45381546020508
39 -2.5540807247161865 42.112709045410156
40 -2.401977777481079 41.997249603271484
41 -1.9410436153411865 41.60203170776367
42 -1.7124813795089722 41.48045349121094
43 -1.2894314527511597 41.66403579711914
44 -0.8104333877563477 41.77005386352539
45 -0.08927581459283829 41.992210388183594
46 0.010388553142547607 42.0240478515625
47 0.19148887693881989 41.808292388916016
48 0.4040423333644867 41.564022064208984
49 0.8339417576789856 41.16576385498047
50 1.134536623954773 40.77802658081055
51 1.2774819135665894 40.530452728271484
52 1.5740768909454346 40.1688232421875
53 1.7121211290359497 39.78599548339844
54 1.6569567918777466 39.01277542114258
55 1.7241721153259277 38.51079559326172
56 1.756901502609253 38.089317321777344
57 1.731163740158081 37.716819763183594
58 1.6580615043640137 37.40174102783203
59 1.5935823917388916 37.19142532348633
60 1.2174229621887207 36.64374923706055
61 0.9147794246673584 36.38935852050781
62 0.6798949837684631 36.224693298339844
63 0.4170321226119995 36.09218978881836
64 0.09821878373622894 35.96587371826172
65 -0.49328717589378357 35.72731018066406
66 -0.7942289710044861 35.59852981567383
67 -1.1213910579681396 35.50492477416992
68 -1.5799561738967896 35.39521789550781
69 -1.7673523426055908 35.304542541503906
70 -2.166367530822754 35.14752197265625
71 -2.2984397411346436 35.089481353759766
72 -3.6760079860687256 34.21491241455078
73 -3.771489381790161 34.24962615966797
74 -4.009761333465576 34.353126525878906
75 -4.216562747955322 34.52734375
76 -4.653558731079102 34.90558624267578
77 -4.720041275024414 35.0338134765625
78 -4.701160430908203 35.91954040527344
79 -4.691406726837158 36.229949951171875
80 -4.716119289398193 36.412994384765625
81 -4.795965671539307 36.82159423828125
82 -4.913902759552002 37.19890594482422
83 -5.093676567077637 37.66482925415039
84 -5.26750373840332 38.082149505615234
85 -5.352011680603027 38.29684066772461
86 -5.429989814758301 38.818660736083984
87 -5.466278076171875 39.131805419921875
88 -5.537220478057861 39.84065246582031
89 -5.6261677742004395 39.98637771606445
90 -5.91502046585083 40.06188201904297
91 -6.197915077209473 40.04354476928711
92 -6.722467422485352 40.276859283447266
93 -7.133570194244385 40.42558288574219
94 -7.361896514892578 40.634132385253906
95 -7.535353660583496 40.97202682495117
96 -7.460015296936035 41.26493835449219
97 -6.945933818817139 41.67769241333008
98 -6.540853977203369 42.0067138671875
99 -6.334202289581299 42.40272521972656
100 -6.341041088104248 42.741397857666016
101 -6.421609878540039 43.34785842895508
102 -6.614833831787109 43.4810905456543
103 -6.922457218170166 43.63091278076172
104 -7.296140670776367 43.66764450073242
105 -7.5498857498168945 43.513492584228516
106 -7.9843339920043945 43.27227783203125
107 -8.603830337524414 42.944091796875
108 -8.797625541687012 42.85710525512695
109 -9.082413673400879 42.79377746582031
110 -9.511404991149902 42.835872650146484
111 -9.867552757263184 42.95730209350586
112 -10.260453224182129 43.23026657104492
113 -10.192978858947754 43.47922897338867
114 -9.967121124267578 43.862911224365234
115 -9.8411283493042 44.281707763671875
116 -9.702376365661621 44.712486267089844
117 -9.515311241149902 44.91442108154297
118 -9.088613510131836 45.619171142578125
119 -8.816421508789062 46.18357849121094
120 -8.729215621948242 46.431758880615234
121 -8.52784538269043 47.164527893066406
122 -8.400481224060059 47.517333984375
123 -8.333124160766602 47.68478012084961
124 -7.998539447784424 48.39441680908203
125 -7.875849723815918 48.55098342895508
126 5.2955641746521 52.06126403808594
127 5.643841743469238 52.025245666503906
128 5.968137741088867 51.78578567504883
129 6.219632148742676 51.5433464050293
130 6.715787410736084 51.247989654541016
131 6.717875003814697 51.11314392089844
132 6.644947052001953 50.877750396728516
133 6.39748477935791 50.64928436279297
134 5.870170593261719 50.3482666015625
135 5.236612796783447 49.941932678222656
136 4.696256637573242 49.62398910522461
137 4.349803447723389 49.415077209472656
138 4.052540302276611 49.214927673339844
139 3.702362060546875 48.99766540527344
140 3.616863489151001 48.92521286010742
141 3.395155668258667 48.95749282836914
142 3.0733749866485596 49.10514831542969
143 2.8072681427001953 49.219261169433594
144 2.492544412612915 49.38776779174805
145 1.8035262823104858 49.53327560424805
146 1.4631932973861694 49.51107406616211
147 0.8446877002716064 49.36508560180664
148 0.27380165457725525 49.20794677734375
149 -0.16817913949489594 49.16280746459961
150 -0.4238962233066559 49.00456237792969
151 -0.2928471863269806 48.7280158996582
152 0.061513252556324005 48.29309844970703
153 0.3106091320514679 47.85680389404297
154 0.36352479457855225 47.60792922973633
155 0.35896390676498413 47.0513801574707
156 0.37947818636894226 46.627777099609375
157 0.4211299419403076 46.09755325317383
158 0.5900624990463257 45.84373474121094
159 0.9970471858978271 45.71367263793945
160 1.2600196599960327 45.62864303588867
161 1.4899213314056396 45.44038391113281
162 1.8483784198760986 45.14443588256836
163 1.9596961736679077 44.885738372802734
164 2.15090274810791 44.630916595458984
165 2.3382201194763184 44.380802154541016
166 2.6310746669769287 43.86257553100586
167 2.8209524154663086 43.50383758544922
168 3.0220658779144287 43.19431686401367
169 3.188591718673706 42.982547760009766
170 3.671273708343506 41.96982955932617
171 3.7182745933532715 41.73877716064453
172 4.146954536437988 40.83396530151367
173 4.280562877655029 40.56800079345703
174 4.507757186889648 40.226341247558594
175 4.818293571472168 39.82500076293945
176 5.266878128051758 39.49577713012695
177 5.501730918884277 39.46943664550781
178 5.60420036315918 39.65327453613281
179 5.7196197509765625 39.9643669128418
180 5.914479732513428 40.37106704711914
181 6.020552158355713 41.302520751953125
182 5.969366073608398 41.55730438232422
183 5.958897113800049 41.97233200073242
184 6.05034875869751 42.25088882446289
185 6.138440132141113 42.57008361816406
186 6.230823993682861 42.834312438964844
187 6.276049613952637 43.26903533935547
188 6.214353084564209 43.50311279296875
189 5.7314133644104 44.14951705932617
190 5.5953264236450195 44.31608200073242
191 5.531498432159424 44.5201416015625
192 5.378342151641846 45.11219787597656
193 5.304509162902832 45.465118408203125
194 5.362627983093262 45.65065383911133
195 5.446772575378418 45.88811492919922
196 5.693258285522461 46.485111236572266
197 5.999993324279785 46.77237319946289
198 6.336557388305664 47.09345245361328
199 6.695809364318848 47.401004791259766
200 7.102334976196289 47.78118133544922
201 7.592283725738525 48.277530670166016
202 7.873851776123047 48.54861831665039
203 7.911862850189209 48.5756950378418
204 7.843265533447266 46.51442337036133
205 7.850499153137207 46.32110595703125
206 7.986478805541992 45.820518493652344
207 8.246878623962402 45.006351470947266
208 8.429411888122559 44.754207611083984
209 8.671514511108398 44.517051696777344
210 8.825857162475586 44.36050033569336
211 9.385763168334961 43.9869499206543
212 9.862288475036621 43.87793731689453
213 10.096619606018066 44.081748962402344
214 10.254422187805176 44.21928787231445
215 10.691126823425293 44.888633728027344
216 10.725166320800781 45.20577621459961
217 10.717897415161133 45.466529846191406
218 10.492507934570312 46.135772705078125
219 10.551431655883789 46.553924560546875
220 10.588881492614746 47.04582595825195
221 10.595857620239258 47.54487991333008
222 10.544849395751953 48.14970016479492
223 10.475045204162598 48.73886489868164
224 10.477080345153809 48.977142333984375
225 10.706329345703125 49.90766906738281
226 10.85030460357666 50.24812316894531
227 11.140643119812012 50.75798034667969
228 11.491386413574219 51.07900619506836
229 11.831628799438477 51.2960205078125
230 12.106685638427734 51.50129318237305
231 12.418889045715332 51.82247543334961
232 12.531862258911133 52.07607650756836
233 12.696771621704102 52.43480682373047
234 12.82964038848877 52.82383728027344
235 12.984501838684082 53.04395294189453
236 13.284589767456055 53.43794631958008
237 13.46086311340332 53.56710433959961
238 13.831374168395996 53.63058090209961
239 14.43234920501709 53.54249572753906
240 14.633710861206055 53.63215637207031
241 14.710497856140137 53.98371124267578
242 14.68175220489502 54.26631164550781
243 14.323473930358887 54.90174102783203
244 14.1934175491333 55.200382232666016
245 14.043630599975586 55.67439270019531
246 14.029726028442383 55.91981506347656
247 14.10032844543457 56.059852600097656
248 14.209930419921875 56.299652099609375
249 14.491744041442871 56.87509536743164
250 14.794731140136719 57.339599609375
251 14.80016803741455 57.52153778076172
252 14.643991470336914 57.88427734375
253 14.37765121459961 57.926204681396484
254 13.651022911071777 57.78351974487305
255 13.065529823303223 57.58457946777344
256 12.717345237731934 57.48564529418945
257 12.50893783569336 57.425506591796875
258 12.344615936279297 57.406829833984375
259 11.852312088012695 57.760772705078125
260 11.424031257629395 58.260719299316406
261 11.282508850097656 58.50704574584961
262 11.206705093383789 58.980064392089844
263 11.216672897338867 59.2360725402832
264 11.114388465881348 59.6223030090332
265 11.474042892456055 60.61492156982422
266 11.604723930358887 60.662384033203125
267 11.83832836151123 60.540401458740234
268 12.115143775939941 60.48114776611328
269 12.262288093566895 60.55150604248047
270 12.342342376708984 61.97078323364258
271 12.564499855041504 62.57547378540039
272 12.604204177856445 62.81068801879883
273 12.819459915161133 62.87948226928711
274 13.023466110229492 62.924072265625
275 13.392292022705078 63.08522415161133
276 13.7789888381958 62.968441009521484
277 14.174182891845703 62.77532958984375
278 14.393939018249512 62.6508674621582
279 14.944580078125 62.24266815185547
280 15.181178092956543 62.06925582885742
281 15.289003372192383 61.912269592285156
282 15.556588172912598 61.251991271972656
283 15.780259132385254 60.82302474975586
284 15.933298110961914 60.542030334472656
285 16.37446403503418 59.87525939941406
286 16.74986457824707 59.557987213134766
287 16.949459075927734 59.612220764160156
288 17.526159286499023 60.177818298339844
289 18.05132293701172 60.7707405090332
290 18.681196212768555 61.444766998291016
291 18.8433837890625 61.62477493286133
292 18.914289474487305 61.89686965942383
293 19.090789794921875 62.575927734375
294 19.151729583740234 63.04283142089844
295 19.148073196411133 63.18157958984375
296 19.136953353881836 63.428863525390625
297 19.128475189208984 63.97892761230469
298 19.117359161376953 64.45591735839844
299 18.970041275024414 65.32731628417969
300 18.816499710083008 65.66963958740234
301 18.342775344848633 66.22386169433594
302 18.21551513671875 66.38665771484375
303 18.019636154174805 66.77287292480469
304 17.873620986938477 66.98348999023438
305 17.665157318115234 67.25275421142578
306 17.169925689697266 67.70013427734375
307 16.848175048828125 67.95476531982422
308 16.36554718017578 68.34270477294922
309 16.110925674438477 68.54032897949219
310 15.801204681396484 68.82947540283203
311 15.372262954711914 69.15652465820312
312 15.14841079711914 69.33849334716797
313 14.784053802490234 69.68329620361328
314 14.438920021057129 69.90008544921875
315 14.106085777282715 69.9940414428711
316 13.747893333435059 69.79585266113281
317 13.432351112365723 69.47685241699219
318 13.1259765625 69.11603546142578
319 12.923639297485352 68.79651641845703
320 12.834131240844727 68.60980987548828
321 12.564884185791016 68.27510070800781
322 12.158018112182617 67.88481903076172
323 11.74231243133545 67.61396026611328
324 11.573221206665039 67.49666595458984
325 11.469483375549316 67.4786148071289
326 10.960890769958496 67.61965942382812
327 10.577150344848633 67.75094604492188
328 10.320026397705078 67.83444213867188
329 9.872025489807129 67.74140167236328
330 9.719330787658691 67.52690887451172
331 9.468485832214355 67.15739440917969
332 9.063232421875 66.68344116210938
333 8.461214065551758 66.00865173339844
334 8.336429595947266 65.78680419921875
335 8.22260856628418 65.39891815185547
336 8.134952545166016 64.96336364746094
337 8.109542846679688 64.7499008178711
338 8.016884803771973 64.43292236328125
339 7.836655139923096 63.967430114746094
340 7.6665730476379395 63.65917205810547
341 7.249803066253662 63.06816101074219
342 6.68459415435791 62.320762634277344
343 6.3052592277526855 61.89292526245117
344 6.123206615447998 61.66944122314453
345 5.9309539794921875 61.587982177734375
346 5.471502780914307 61.43101119995117
347 4.679996490478516 61.40449905395508
348 4.30954647064209 61.414764404296875
349 3.7830417156219482 61.53071212768555
350 3.597320079803467 61.61137390136719
351 3.3677170276641846 61.80711364746094
352 3.238809585571289 62.19947052001953
353 3.081407308578491 62.731895446777344
354 3.04472279548645 63.04595184326172
355 3.0306551456451416 63.53570556640625
356 3.0974199771881104 64.17202758789062
357 3.1954803466796875 64.45955657958984
358 3.3907084465026855 64.9279556274414
359 3.6634435653686523 65.40790557861328
360 3.8645412921905518 65.67839813232422
361 16.189355850219727 73.38435363769531
362 16.19769859313965 73.79277038574219
363 16.150991439819336 74.08003997802734
364 16.0588321685791 74.29476928710938
365 15.498492240905762 74.79853057861328
366 15.388787269592285 74.99823760986328
367 15.343255996704102 75.45980834960938
368 15.339655876159668 75.76783752441406
369 15.20651912689209 76.42484283447266
370 15.354783058166504 76.68289947509766
371 15.600347518920898 77.18891906738281
372 15.73608684539795 77.4625473022461
373 16.00088119506836 77.60891723632812
374 16.35175132751465 77.6477279663086
375 16.784135818481445 77.47723388671875
376 19.307525634765625 73.47926330566406
377 19.24055290222168 73.64824676513672
378 19.240619659423828 73.89457702636719
379 19.32425880432129 74.342041015625
380 19.191669464111328 74.46294403076172
381 18.667856216430664 74.70246124267578
382 18.360639572143555 74.83415985107422
383 18.0980167388916 75.08053588867188
384 17.800405502319336 75.52765655517578
385 17.71418571472168 75.83161163330078
386 17.81520652770996 76.03913116455078
387 17.999303817749023 76.29095458984375
388 21.904428482055664 74.95614624023438
389 21.955631256103516 74.91526794433594
390 21.852235794067383 75.0312271118164
391 21.176607131958008 75.748291015625
392 21.086549758911133 75.95777130126953
393 20.88321304321289 76.4447250366211
394 20.723215103149414 76.84966278076172
395 20.574216842651367 77.17704772949219
396 20.49807357788086 77.270751953125
397 20.442914962768555 77.99948120117188
398 20.397891998291016 78.35305786132812
399 20.386953353881836 78.58702087402344
400 20.378999710083008 78.6557846069336
401 20.5750732421875 79.25699615478516
402 22.578105926513672 83.99739074707031
403 22.686613082885742 84.14593505859375
404 22.944780349731445 84.26773834228516
405 23.331886291503906 84.50276947021484
406 23.719863891601562 84.72996520996094
407 24.114261627197266 84.9088134765625
408 24.280094146728516 84.82339477539062
409 24.509048461914062 84.51110076904297
410 24.701719284057617 84.0367202758789
411 24.761327743530273 83.72454071044922
412 24.799713134765625 83.23368072509766
413 24.984498977661133 83.16056060791016
414 25.231393814086914 83.0538101196289
415 25.497499465942383 83.01884460449219
416 25.76542091369629 82.93404388427734
417 25.921833038330078 82.72576141357422
418 26.4306583404541 82.1197738647461
419 26.595823287963867 81.90762329101562
420 26.584091186523438 81.57291412353516
421 26.31477928161621 81.35310363769531
422 25.216123580932617 81.10924530029297
423 24.9339542388916 81.03860473632812
424 24.510576248168945 80.82084655761719
425 24.23847198486328 80.66327667236328
426 23.743316650390625 80.61107635498047
427 23.64059829711914 80.635498046875
428 23.307674407958984 80.73985290527344
429 22.66729736328125 81.0129623413086
430 22.413433074951172 81.07852935791016
431 21.901357650756836 81.09508514404297
432 21.66785430908203 81.19005584716797
433 21.379228591918945 81.37370300292969
434 21.056873321533203 81.94210815429688
435 20.902719497680664 82.1307601928711
436 20.65369987487793 82.44369506835938
437 20.350194931030273 82.84619140625
438 20.20209503173828 82.96061706542969
439 19.891481399536133 83.1036148071289
440 19.275482177734375 82.9709243774414
441 18.583955764770508 82.94033813476562
442 18.436752319335938 82.95707702636719
443 16.865827560424805 84.76473999023438
444 16.733976364135742 85.01008605957031
445 16.5048885345459 85.47621154785156
446 16.3596134185791 85.82266235351562
447 16.231117248535156 86.20954132080078
448 16.142913818359375 86.51433563232422
449 16.07662582397461 86.67298126220703
450 16.250917434692383 87.01705169677734
451 16.40020751953125 87.2514877319336
452 16.501028060913086 87.47624206542969
453 16.579133987426758 87.80147552490234
454 16.685794830322266 88.5379638671875
455 16.661684036254883 88.8048095703125
456 16.188199996948242 89.12924194335938
457 15.551668167114258 89.35620880126953
458 15.388463020324707 89.4183578491211
459 15.298251152038574 89.67567443847656
460 15.191949844360352 89.89860534667969
461 14.908137321472168 90.3925552368164
462 14.812132835388184 90.65217590332031
463 14.684981346130371 91.11328125
464 14.795756340026855 91.50806427001953
465 15.086406707763672 91.7823486328125
466 15.820011138916016 91.9246597290039
467 16.17827796936035 91.88055419921875
468 16.346473693847656 91.83110046386719
469 16.5405216217041 91.78163146972656
470 16.788549423217773 91.69078063964844
471 17.15238380432129 91.47337341308594
472 17.849645614624023 91.31324005126953
473 18.076457977294922 91.31172180175781
474 18.453752517700195 91.4170913696289
475 18.573585510253906 91.58062744140625
476 18.67749786376953 92.02606964111328
477 18.703184127807617 92.72589111328125
478 18.681306838989258 93.14608764648438
479 18.76806640625 93.32514190673828
480 18.93222999572754 93.42782592773438
481 19.449785232543945 93.46939849853516
482 19.88776397705078 93.48284149169922
483 20.272245407104492 93.56084442138672
484 20.677898406982422 93.77594757080078
485 21.356172561645508 94.09315490722656
486 21.554912567138672 94.20024871826172
487 21.95823860168457 94.24662017822266
488 22.249404907226562 94.16148376464844
489 22.557641983032227 93.88910675048828
490 22.758163452148438 93.300048828125
491 22.805753707885742 92.98655700683594
492 22.82770538330078 92.7098388671875
493 22.742706298828125 92.43795013427734
494 22.61894416809082 92.12698364257812
495 22.34062957763672 91.56908416748047
496 22.133689880371094 91.09351348876953
497 22.13431739807129 90.8528823852539
498 22.26222801208496 89.9217300415039
499 22.23935317993164 89.70879364013672
500 22.26468276977539 89.59346008300781
501 23.24359703063965 88.68448638916016
502 23.366024017333984 88.62971496582031
503 23.57653045654297 88.56658935546875
504 23.931333541870117 88.55760955810547
505 24.547767639160156 88.45539093017578
506 24.96603775024414 88.3551025390625
507 25.184988021850586 88.46968841552734
508 25.30243492126465 88.87191009521484
509 25.312480926513672 89.32369995117188
510 25.224111557006836 89.90765380859375
511 25.209861755371094 90.29708862304688
512 25.33096694946289 90.7877197265625
513 25.45140838623047 91.14335632324219
514 25.72370147705078 91.473388671875
515 26.073396682739258 91.7064437866211
516 26.40363311767578 91.84881591796875
517 27.5263614654541 92.030029296875
518 27.68653106689453 91.9577407836914
519 27.963878631591797 91.64888000488281
520 28.279245376586914 91.3364028930664
521 28.35347557067871 91.15516662597656
522 28.38041114807129 90.81996154785156
523 28.462522506713867 90.4017333984375
524 28.626285552978516 90.1353530883789
525 28.90397071838379 89.8863754272461
526 29.500377655029297 89.68687438964844
527 29.753446578979492 89.67189025878906
528 30.021446228027344 89.82707977294922
529 30.351234436035156 90.30035400390625
530 30.51998519897461 90.75621795654297
531 30.669517517089844 91.36800384521484
532 30.99017906188965 92.36354064941406
533 31.17788314819336 92.81859588623047
534 31.23802947998047 92.93867492675781
535 31.46710205078125 93.17132568359375
536 31.682531356811523 93.29666137695312
537 32.02586364746094 93.17438507080078
538 32.35533142089844 93.0151138305664
539 32.525047302246094 92.93142700195312
540 32.69132614135742 92.36609649658203
541 32.74677276611328 92.07917785644531
542 32.6705436706543 91.3536148071289
543 32.623714447021484 91.11410522460938
544 32.541099548339844 90.61131286621094
545 32.57314682006836 90.40923309326172
546 32.7052001953125 90.34242248535156
547 33.69081497192383 90.24420166015625
548 33.936161041259766 90.10131072998047
549 33.98871612548828 89.9256362915039
550 33.71639633178711 89.07903289794922
551 33.431976318359375 88.62805938720703
552 33.11273956298828 88.1230239868164
553 32.81468963623047 87.81627655029297
554 32.51140594482422 87.75794219970703
555 32.23611068725586 87.76722717285156
556 31.734525680541992 87.80524444580078
557 31.45382308959961 87.73796081542969
558 31.09485626220703 87.69229125976562
559 30.854772567749023 87.61139678955078
560 30.26575469970703 87.30086517333984
561 30.136211395263672 87.05228424072266
562 30.098285675048828 86.66571807861328
563 30.141624450683594 86.32230377197266
564 30.442703247070312 85.79649353027344
565 30.644405364990234 85.53218841552734
566 30.853931427001953 85.27003479003906
567 31.204526901245117 85.03948211669922
568 32.050697326660156 84.58247375488281
569 32.48723220825195 84.3432388305664
570 32.82026290893555 84.17495727539062
571 33.08119201660156 84.05298614501953
572 33.37409591674805 83.86911010742188
573 33.643310546875 83.6852035522461
574 33.795928955078125 83.55501556396484
575 34.148128509521484 83.06922149658203
576 34.44503402709961 82.64649963378906
577 34.637603759765625 82.35569763183594
578 34.77773666381836 81.9686279296875
579 34.73997497558594 81.78994750976562
580 34.56637191772461 81.47366333007812
581 34.3673210144043 81.27090454101562
582 33.77842712402344 80.84366607666016
583 33.58678436279297 80.71377563476562
584 33.05057907104492 80.4664535522461
585 32.91483688354492 80.24369812011719
586 32.90150451660156 79.81857299804688
587 32.910648345947266 79.48800659179688
588 32.85608673095703 79.1536636352539
589 32.555259704589844 78.36095428466797
590 32.25063705444336 78.01631164550781
591 31.927196502685547 77.85894775390625
592 31.604267120361328 77.91790008544922
593 30.7791805267334 78.36668395996094
594 30.366453170776367 78.55632019042969
595 29.63178062438965 78.82947540283203
596 29.328289031982422 78.8192138671875
597 28.97698211669922 78.78740692138672
598 28.557889938354492 78.780517578125
599 28.228307723999023 78.76395416259766
600 27.7685489654541 78.84973907470703
601 27.359737396240234 78.5956802368164
602 27.214082717895508 78.38570404052734
603 26.966808319091797 77.90994262695312
604 26.833271026611328 77.56055450439453
605 26.69409942626953 77.02751922607422
606 26.85936164855957 76.8885498046875
607 27.349624633789062 76.8089599609375
608 27.614238739013672 76.77289581298828
609 28.048803329467773 76.7451171875
610 28.342090606689453 76.69334411621094
611 29.267650604248047 76.29795837402344
612 29.405723571777344 76.22107696533203
613 29.625349044799805 76.01302337646484
614 29.87699317932129 75.7282943725586
615 30.037952423095703 75.46863555908203
616 30.269142150878906 74.9909896850586
617 30.432361602783203 74.84972381591797
618 30.89350128173828 74.55328369140625
619 31.02037239074707 74.42997741699219
620 30.90129852294922 73.47373962402344
621 30.881824493408203 73.22030639648438
622 30.81637191772461 73.12946319580078
623 29.877960205078125 72.26226806640625
624 29.640356063842773 72.16053771972656
625 29.09100341796875 72.22270202636719
626 28.817020416259766 72.27371978759766
627 28.469566345214844 72.2884292602539
628 28.287090301513672 72.29736328125
629 27.872106552124023 72.57260131835938
630 27.578208923339844 72.74919891357422
631 27.335824966430664 72.7538070678711
632 26.776535034179688 72.65973663330078
633 26.33281707763672 72.50794982910156
634 26.05217933654785 72.25523376464844
635 25.671873092651367 71.62059020996094
636 25.51951026916504 71.2538070678711
637 25.647363662719727 71.02035522460938
638 25.916948318481445 70.64767456054688
639 26.169116973876953 70.38782501220703
640 26.249204635620117 70.3155746459961
641 26.692028045654297 69.9083480834961
642 27.001102447509766 69.68384552001953
643 27.36833953857422 69.48394775390625
644 27.72829818725586 69.34149932861328
645 28.002412796020508 69.2270278930664
646 28.370206832885742 69.04735565185547
647 29.059776306152344 68.75166320800781
648 29.339502334594727 68.58970642089844
649 29.871585845947266 68.20783233642578
650 30.333616256713867 67.8335952758789
651 30.449979782104492 67.69376373291016
652 30.605499267578125 67.48985290527344
653 30.970712661743164 66.93428802490234
654 31.209182739257812 66.6888656616211
655 31.421201705932617 66.49410247802734
656 31.863670349121094 66.1292724609375
657 32.077178955078125 65.93040466308594
658 32.34846878051758 65.68538665771484
659 32.51777648925781 65.68267059326172
660 33.157432556152344 65.86201477050781
661 33.38508605957031 65.91498565673828
662 33.73059844970703 66.0582504272461
663 34.17462921142578 66.29340362548828
664 34.47023010253906 66.455322265625
665 35.28522491455078 66.84663391113281
666 35.848392486572266 67.04402923583984
667 36.04219055175781 67.08283233642578
668 36.53218460083008 67.2118911743164
669 37.06484603881836 67.32640838623047
670 37.315635681152344 67.35299682617188
671 37.826141357421875 67.409912109375
672 38.44564437866211 67.48516082763672
673 38.840023040771484 67.54647827148438
674 39.046836853027344 67.51634979248047
675 39.24407958984375 67.35447692871094
676 39.51195526123047 67.0820541381836
677 39.74357604980469 66.89640045166016
678 40.151554107666016 66.71818542480469
679 40.40424728393555 66.69966888427734
680 41.230918884277344 66.99726867675781
681 41.652889251708984 67.14282989501953
682 42.270381927490234 67.56927490234375
683 42.58045196533203 67.69361114501953
684 42.878971099853516 67.68360900878906
685 43.0842399597168 67.57878875732422
686 43.39863967895508 67.26007843017578
687 44.373565673828125 66.20252990722656
688 44.62377166748047 65.98017120361328
689 44.601444244384766 65.84526062011719
690 44.01924133300781 65.35670471191406
691 43.721702575683594 65.15808868408203
692 43.24659729003906 64.83503723144531
693 42.86016082763672 64.56932067871094
694 42.636051177978516 64.42399597167969
695 42.306236267089844 64.27664947509766
696 41.76514434814453 64.1322250366211
697 41.5245361328125 63.99512481689453
698 41.130733489990234 63.72100830078125
699 40.7653923034668 63.472312927246094
700 40.491249084472656 63.314788818359375
701 39.98435592651367 63.16596603393555
702 39.77560806274414 63.140159606933594
703 39.557037353515625 63.056915283203125
704 39.18328857421875 62.915626525878906
705 38.69263458251953 62.70224380493164
706 38.29161071777344 62.506439208984375
707 37.80192184448242 62.19304656982422
708 37.67790603637695 61.978477478027344
709 37.70530319213867 61.224857330322266
710 37.8154296875 61.01044464111328
711 37.953800201416016 60.82991409301758
712 38.393089294433594 60.05866241455078
713 38.5230598449707 59.765663146972656
714 38.73130416870117 59.41891860961914
715 38.898681640625 59.159812927246094
716 39.174625396728516 59.0400390625
717 39.522735595703125 58.855899810791016
718 39.77043151855469 58.73280715942383
719 39.97909164428711 58.65562057495117
720 40.504371643066406 58.572479248046875
721 41.02064895629883 58.471588134765625
722 41.50259780883789 58.505435943603516
723 42.00782012939453 58.656707763671875
724 42.403682708740234 58.68279266357422
725 42.43678283691406 58.84832763671875
726 42.43983840942383 59.47801971435547
727 42.4190788269043 59.829471588134766
728 42.413875579833984 60.417449951171875
729 42.56526565551758 60.776424407958984
730 42.81502151489258 61.11247253417969
731 42.93186950683594 61.25828552246094
732 42.95000076293945 61.389217376708984
733 36.113868713378906 63.3035774230957
734 36.07997131347656 63.44790267944336
735 36.08155059814453 63.84336471557617
736 36.22197341918945 64.06159210205078
737 36.587501525878906 64.51309204101562
738 36.717647552490234 64.6001968383789
739 40.73240280151367 69.31574249267578
740 40.75713348388672 69.47779846191406
741 40.756412506103516 70.01242065429688
742 40.715328216552734 70.29768371582031
743 40.667198181152344 70.81047821044922
744 40.67776870727539 71.41497802734375
745 40.75314712524414 71.62413787841797
746 40.91423797607422 71.79637908935547
747 41.26858139038086 72.14060974121094
748 41.50251007080078 72.43864440917969
749 41.54497528076172 72.58454895019531
750 41.572757720947266 72.95055389404297
751 41.53932189941406 74.00847625732422
752 41.53707504272461 74.35621643066406
753 41.53181838989258 74.66654968261719
754 41.49212646484375 74.9137191772461
755 41.28854751586914 75.38304901123047
756 41.16032791137695 75.69950103759766
757 41.06391906738281 75.97738647460938
758 40.9122314453125 76.50074005126953
759 40.74690246582031 76.84754943847656
760 40.626075744628906 76.97724914550781
761 40.37282943725586 77.2740249633789
762 39.85679626464844 77.21511840820312
763 39.655677795410156 77.1153793334961
764 39.281314849853516 76.81329345703125
765 38.97768783569336 76.5619888305664
766 38.563087463378906 76.32212829589844
767 37.75493621826172 75.88823699951172
768 37.527164459228516 75.7528076171875
769 37.086551666259766 75.43696594238281
770 36.887718200683594 75.14688873291016
771 36.74431610107422 74.65780639648438
772 36.64493179321289 74.1282958984375
773 36.66054916381836 73.8359375
774 36.66447830200195 73.5730972290039
775 36.60065841674805 73.31953430175781
776 36.500579833984375 72.92694091796875
777 36.363243103027344 72.69384765625
778 36.19903564453125 72.4714126586914
779 35.774959564208984 72.35784149169922
780 35.489837646484375 72.30057525634766
781 34.97243118286133 72.26062774658203
782 34.690650939941406 72.26604461669922
783 34.090484619140625 72.0756607055664
784 33.935150146484375 71.98451232910156
785 33.649147033691406 71.02684020996094
786 33.78358459472656 70.7100830078125
787 33.99378967285156 70.29786682128906
788 34.22929000854492 69.97635650634766
789 34.312198638916016 69.45613098144531
790 34.28581237792969 69.29794311523438
791 32.58283615112305 62.27359390258789
792 32.568809509277344 62.09560012817383
793 32.558937072753906 61.952537536621094
794 32.2735595703125 61.27437210083008
795 32.01102066040039 60.92494201660156
796 31.80475425720215 60.71780014038086
797 31.419334411621094 60.47194290161133
798 30.82322120666504 60.0936279296875
799 30.59527015686035 59.998226165771484
800 30.396047592163086 59.97014617919922
801 30.319713592529297 59.82939910888672
802 30.430147171020508 58.908287048339844
803 30.36749267578125 58.636146545410156
804 30.05493927001953 58.3515739440918
805 29.74567222595215 58.19244384765625
806 29.309778213500977 57.919918060302734
807 28.96980857849121 57.55330276489258
808 28.9718074798584 57.24584197998047
809 29.123937606811523 56.65958786010742
810 29.221771240234375 56.23661422729492
811 29.205224990844727 56.02298355102539
812 29.235082626342773 55.647178649902344
813 29.083772659301758 55.1781120300293
814 28.780664443969727 54.76509094238281
815 28.464975357055664 54.450931549072266
816 28.156923294067383 54.11632537841797
817 27.96996307373047 53.73604965209961
818 27.89207649230957 53.39253234863281
819 27.87871742248535 52.66117477416992
820 27.889127731323242 52.2439079284668
821 27.946550369262695 51.94313430786133
822 28.087554931640625 51.70279312133789
823 28.34937286376953 51.37847900390625
824 28.623577117919922 51.37207794189453
825 29.171775817871094 51.38142395019531
826 29.64795684814453 51.42107009887695
827 29.97294807434082 51.36296844482422
828 30.357736587524414 51.13124465942383
829 30.824384689331055 50.82276916503906
830 31.25792121887207 50.52748489379883
831 31.516557693481445 50.491981506347656
832 31.92967414855957 50.54700469970703
833 32.183345794677734 50.64910125732422
834 32.409793853759766 50.723976135253906
835 33.11750411987305 50.94514846801758
836 33.380714416503906 51.0550537109375
837 33.58503341674805 51.24198532104492
838 33.776390075683594 51.59056091308594
839 33.86069869995117 51.806026458740234
840 33.88206100463867 51.97469711303711
841 33.62746810913086 53.019649505615234
842 33.486572265625 53.264495849609375
843 33.046443939208984 53.66312789916992
844 32.724327087402344 53.813316345214844
845 32.33079528808594 53.98278045654297
846 32.14781188964844 53.92219161987305
847 31.71973419189453 53.75681686401367
848 31.495161056518555 53.66449737548828
849 31.06940269470215 53.650367736816406
850 30.863805770874023 53.608760833740234
851 30.49535369873047 53.56574630737305
852 30.204303741455078 53.5087890625
853 29.99772071838379 53.49655532836914
854 26.511255264282227 55.148094177246094
855 26.25738525390625 55.2955207824707
856 25.827579498291016 55.57877731323242
857 25.429479598999023 55.893577575683594
858 25.25495147705078 56.10210418701172
859 24.834802627563477 56.70826721191406
860 24.648473739624023 56.984779357910156
861 24.112686157226562 57.90800094604492
862 23.99370574951172 58.03514099121094
863 23.571182250976562 58.229530334472656
864 23.161359786987305 58.2628173828125
865 22.817707061767578 58.2843132019043
866 22.35407066345215 58.570640563964844
867 22.136333465576172 58.85981369018555
868 22.076269149780273 59.06426239013672
869 22.088167190551758 59.529327392578125
870 22.303924560546875 60.28322219848633
871 22.41111183166504 60.61030578613281
872 22.56321907043457 60.80730056762695
873 22.91940689086914 60.966392517089844
874 23.424489974975586 61.11318588256836
875 23.831233978271484 61.195892333984375
876 24.150981903076172 61.12632751464844
877 24.7697696685791 60.57560348510742
878 25.012414932250977 60.494873046875
879 25.57342529296875 60.55268859863281
880 25.77217674255371 60.62071228027344
881 26.017332077026367 60.797367095947266
882 26.444284439086914 61.275962829589844
883 26.556921005249023 61.45736312866211
884 26.450267791748047 63.011878967285156
885 26.405519485473633 63.22206115722656
886 26.17555046081543 63.62067413330078
887 25.84341812133789 64.06459045410156
888 25.571609497070312 64.10562133789062
889 24.990001678466797 64.05026245117188
890 24.703664779663086 64.03565979003906
891 24.268142700195312 64.19102478027344
892 23.869426727294922 64.49336242675781
893 23.742441177368164 64.71633911132812
894 23.835206985473633 65.11632537841797
895 24.06558609008789 65.49887084960938
896 24.72589111328125 66.15336608886719
897 24.89857292175293 66.29529571533203
898 24.816377639770508 66.80268096923828
899 24.75233268737793 67.01371765136719
900 24.661653518676758 67.17652893066406
901 24.258480072021484 67.39434814453125
902 24.082752227783203 67.48309326171875
903 24.002395629882812 67.50016784667969
904 22.834745407104492 68.80694580078125
905 22.633235931396484 68.93690490722656
906 22.465349197387695 68.89186096191406
907 22.286561965942383 68.66841888427734
908 22.069507598876953 68.20982360839844
909 21.96918296813965 67.94306182861328
910 21.70497703552246 67.3583755493164
911 21.50442886352539 66.8990478515625
912 21.412511825561523 66.62789916992188
913 19.491300582885742 57.221771240234375
914 19.494407653808594 57.109893798828125
915 19.31670570373535 56.65738296508789
916 19.08453941345215 56.20296096801758
917 18.89365005493164 56.00419616699219
918 18.33914566040039 55.762508392333984
919 17.82341766357422 55.439353942871094
920 17.692615509033203 55.27097702026367
921 17.59120750427246 54.676544189453125
922 17.557193756103516 54.5628776550293
923 17.66403579711914 54.28118896484375
924 18.129865646362305 53.4895133972168
925 18.358959197998047 53.28990936279297
926 18.591476440429688 53.167049407958984
927 18.952404022216797 52.94807815551758
928 19.61739730834961 52.30017852783203
929 19.617229461669922 52.11126708984375
930 19.609302520751953 51.63364028930664
931 19.54581069946289 51.29084777832031
932 19.311635971069336 50.90327072143555
933 18.880258560180664 50.84239959716797
934 18.331689834594727 50.84968185424805
935 18.142080307006836 50.87847900390625
936 17.462345123291016 50.83853530883789
937 17.286731719970703 50.790809631347656
938 17.069124221801758 50.590721130371094
939 16.976736068725586 50.44489288330078
940 16.74837875366211 50.09511947631836
941 16.543546676635742 49.85601043701172
942 16.19355583190918 49.479793548583984
943 16.001829147338867 49.126468658447266
944 15.769719123840332 48.460105895996094
945 15.683696746826172 48.04230880737305
946 15.628458023071289 47.667137145996094
947 15.500250816345215 47.37453842163086
948 15.024995803833008 46.666534423828125
949 14.77206039428711 46.37211990356445
950 14.609871864318848 46.17099380493164
951 14.440245628356934 46.010780334472656
952 -5.252535820007324 51.01818084716797
953 -5.372809886932373 51.157596588134766
954 -5.627976417541504 51.60541915893555
955 -5.734352111816406 51.91672897338867
956 -5.976810455322266 52.65864944458008
957 -5.97393798828125 52.932071685791016
958 -5.905092716217041 53.44956588745117
959 -5.640012741088867 53.8975830078125
960 -5.386578559875488 54.066123962402344
961 -5.006224155426025 54.30198669433594
962 -4.572781085968018 54.307796478271484
963 -4.148595809936523 54.20132064819336
964 -3.946812391281128 54.115230560302734
965 -3.4111106395721436 53.58015441894531
966 -3.1152055263519287 53.28380584716797
967 -2.8864498138427734 52.96522903442383
968 -2.8232390880584717 52.60176086425781
969 -2.682605743408203 52.43648910522461
970 -2.3854897022247314 52.19615173339844
971 -2.034374713897705 51.82556915283203
972 -1.7673509120941162 51.55828857421875
973 -1.4371509552001953 51.40553665161133
974 -1.2437617778778076 51.455780029296875
975 -0.7861312031745911 51.67727279663086
976 -0.5309712886810303 52.00735855102539
977 -0.46186545491218567 52.33958053588867
978 -0.14476823806762695 52.89250946044922
979 -0.05683933570981026 53.04035949707031
980 0.4180730879306793 52.84089660644531
981 1.2240171432495117 52.47113037109375
982 1.3039538860321045 52.51115798950195
983 1.4105219841003418 52.57954025268555
984 1.8070095777511597 53.13771438598633
985 1.8441942930221558 53.369693756103516
986 1.6783108711242676 53.729820251464844
987 1.18462336063385 54.39326477050781
988 1.0219782590866089 54.670555114746094
989 0.8358245491981506 55.12047576904297
990 0.7300196886062622 55.4843864440918
991 0.7051369547843933 55.814537048339844
992 0.7350856065750122 56.03403091430664
993 1.0640233755111694 56.196346282958984
994 1.505784273147583 56.353694915771484
995 1.692931890487671 56.33278274536133
996 2.1095051765441895 56.47782897949219
997 2.6125528812408447 56.709869384765625
998 2.9049768447875977 56.83488464355469
999 3.070148229598999 56.89728546142578
