0 -45.62004089355469 17.281078338623047
1 -45.721927642822266 17.23861312866211
2 -45.876285552978516 17.149696350097656
3 -46.074501037597656 16.97997283935547
4 -46.267486572265625 16.858386993408203
5 -46.54083251953125 16.622129440307617
6 -46.678375244140625 16.363767623901367
7 -46.77050018310547 16.155841827392578
8 -46.89567184448242 16.030887603759766
9 -46.999507904052734 15.89814567565918
10 -47.07078170776367 15.626418113708496
11 -47.21073532104492 14.807562828063965
12 -47.192543029785156 14.278060913085938
13 -47.05332565307617 14.019614219665527
14 -46.765132904052734 13.99682903289795
15 -46.186824798583984 14.217272758483887
16 -45.993038177490234 14.330573081970215
17 -45.87580871582031 14.438329696655273
18 -45.780426025390625 14.5553617477417
19 -26.18210792541504 25.92728614807129
20 -26.265344619750977 26.01728057861328
21 -26.37163543701172 26.139904022216797
22 -26.564903259277344 26.283714294433594
23 -26.990583419799805 26.51497459411621
24 -27.267597198486328 26.662328720092773
25 -27.564748764038086 26.862958908081055
26 -27.89518165588379 27.156755447387695
27 -28.07406997680664 27.346847534179688
28 -28.224212646484375 27.47593879699707
29 -28.428712844848633 27.46708869934082
30 -28.806171417236328 27.474740982055664
31 -28.989124298095703 27.581846237182617
32 -29.49483871459961 27.928146362304688
33 -29.686599731445312 28.012977600097656
34 -29.90216064453125 27.942304611206055
35 -30.118066787719727 27.902965545654297
36 -30.497398376464844 27.697444915771484
37 -31.01573944091797 27.527421951293945
38 -31.056133270263672 27.38746452331543
39 -31.08026123046875 26.922191619873047
40 -31.059295654296875 26.542909622192383
41 -31.064361572265625 26.3063907623291
42 -30.96467399597168 26.089488983154297
43 -30.79191780090332 25.730297088623047
44 -30.654977798461914 25.469499588012695
45 -30.462581634521484 25.201541900634766
46 -30.22417449951172 24.65991973876953
47 -30.148054122924805 24.447235107421875
48 -30.074329376220703 24.20780372619629
49 -29.986370086669922 23.885608673095703
50 -29.9299373626709 23.689435958862305
51 -29.838743209838867 23.445295333862305
52 -29.67994499206543 23.156585693359375
53 -29.573543548583984 23.006444931030273
54 -29.693126678466797 22.742599487304688
55 -29.855920791625977 22.338912963867188
56 -29.934497833251953 22.110355377197266
57 -30.053054809570312 21.961637496948242
58 -30.286422729492188 21.8304386138916
59 -30.596240997314453 21.689437866210938
60 -30.814884185791016 21.479244232177734
61 -31.02936363220215 20.989049911499023
62 -31.14259147644043 20.665523529052734
63 -31.312063217163086 20.458215713500977
64 -31.516393661499023 20.303993225097656
65 -31.765207290649414 20.306419372558594
66 -32.17539978027344 20.37021255493164
67 -32.6275749206543 20.471906661987305
68 -32.859920501708984 20.6522159576416
69 -33.043495178222656 20.8579044342041
70 -33.18290710449219 21.149017333984375
71 -33.23075866699219 21.4918270111084
72 -33.32267379760742 21.89685821533203
73 -33.359378814697266 22.221622467041016
74 -33.41392517089844 22.608549118041992
75 -33.479827880859375 22.85391616821289
76 -33.50392532348633 23.134031295776367
77 -33.471351623535156 23.545467376708984
78 -33.430084228515625 23.74636459350586
79 -33.51655960083008 23.925390243530273
80 -33.781803131103516 24.417802810668945
81 -33.9185905456543 24.735946655273438
82 -34.00044250488281 25.07367515563965
83 -34.01197052001953 25.267114639282227
84 -34.09271240234375 25.592912673950195
85 -34.24728012084961 26.583547592163086
86 -34.33653259277344 26.723730087280273
87 -34.42735290527344 26.939420700073242
88 -34.55778121948242 27.110801696777344
89 -42.89621353149414 29.602388381958008
90 -43.16912841796875 29.622236251831055
91 -43.573272705078125 29.687761306762695
92 -43.963966369628906 29.774656295776367
93 -44.37459182739258 29.74491310119629
94 -44.902374267578125 29.646974563598633
95 -45.086143493652344 29.529949188232422
96 -45.221439361572266 29.30880355834961
97 -45.348140716552734 29.060901641845703
98 -45.399169921875 28.877647399902344
99 -45.59409713745117 28.30661392211914
100 -45.67995834350586 28.051403045654297
101 -45.67151641845703 27.733943939208984
102 -45.75822830200195 27.357969284057617
103 -45.87885284423828 27.116601943969727
104 -45.97328186035156 26.949670791625977
105 -46.14567184448242 26.92719078063965
106 -46.6760368347168 27.017478942871094
107 -47.21787643432617 27.003734588623047
108 -47.49916076660156 27.058887481689453
109 -47.8016471862793 27.152647018432617
110 -48.03668975830078 27.218666076660156
111 -48.33334732055664 27.336803436279297
112 -48.70707702636719 27.70815086364746
113 -48.76287078857422 27.915552139282227
114 -48.70024490356445 28.225370407104492
115 -48.52021789550781 28.58660125732422
116 -48.345176696777344 28.832477569580078
117 -48.00362014770508 29.18233871459961
118 -47.78465270996094 29.400686264038086
119 -47.54731369018555 29.595062255859375
120 -47.36579132080078 29.801097869873047
121 -47.29461669921875 29.917137145996094
122 -47.18965530395508 30.094402313232422
123 -45.580116271972656 39.52801513671875
124 -45.53550720214844 39.78041458129883
125 -45.491825103759766 40.255836486816406
126 -45.49993896484375 40.59385299682617
127 -45.53114318847656 40.88228988647461
128 -45.61641311645508 41.16998291015625
129 -45.70398712158203 41.5278205871582
130 -45.74506759643555 41.749542236328125
131 -45.714561462402344 42.030757904052734
132 -45.51454162597656 42.668922424316406
133 -45.44716262817383 42.82260513305664
134 -45.362735748291016 43.04422378540039
135 -44.96343994140625 43.54435729980469
136 -44.59040451049805 44.07255935668945
137 -44.33932113647461 44.4935302734375
138 -44.132537841796875 44.84765625
139 -43.98394775390625 45.03046798706055
140 -43.774009704589844 45.27946853637695
141 -43.38248825073242 45.702816009521484
142 -43.099647521972656 46.07294464111328
143 -43.00221633911133 46.2100830078125
144 -42.767913818359375 46.34259033203125
145 -42.54995346069336 46.45978927612305
146 -41.99124526977539 46.407161712646484
147 -41.77989196777344 46.44913101196289
148 -41.65999984741211 46.51222229003906
149 -41.578060150146484 46.478179931640625
150 -27.3335018157959 33.524147033691406
151 -27.10056495666504 33.39994430541992
152 -26.66417694091797 33.17341613769531
153 -26.39488983154297 33.02584457397461
154 -26.196435928344727 32.795711517333984
155 -26.101037979125977 32.52720260620117
156 -26.12493896484375 32.17341232299805
157 -26.42137336730957 31.242483139038086
158 -26.564956665039062 31.02334976196289
159 -26.845115661621094 30.964088439941406
160 -27.339630126953125 30.95314598083496
161 -27.693140029907227 30.964122772216797
162 -27.97964096069336 30.95895004272461
163 -41.628543853759766 36.689544677734375
164 -41.79506301879883 36.79848861694336
165 -42.025535583496094 36.994110107421875
166 -42.333702087402344 37.17654800415039
167 -42.573692321777344 37.307743072509766
168 -42.643524169921875 37.32516098022461
169 -42.835121154785156 37.42415237426758
170 -43.17353820800781 37.62227249145508
171 -43.62394714355469 37.94620132446289
172 -43.81270980834961 38.12272644042969
173 -43.87439727783203 38.25400161743164
174 -43.91164779663086 38.42801284790039
175 -44.04624938964844 38.611331939697266
176 -44.16259002685547 38.59843444824219
177 -53.001773834228516 36.95148468017578
178 -53.1523323059082 36.89531326293945
179 -53.350318908691406 36.769718170166016
180 -53.65984344482422 36.449363708496094
181 -53.82275390625 36.224586486816406
182 -54.02277374267578 35.897037506103516
183 -54.228309631347656 35.5582160949707
184 -54.364662170410156 35.36817932128906
185 -54.51437759399414 35.126220703125
186 -54.786033630371094 34.90141296386719
187 -55.087642669677734 34.694244384765625
188 -55.39208984375 34.50617980957031
189 -55.55706024169922 34.470123291015625
190 -56.56254196166992 34.36228942871094
191 -56.728477478027344 34.363651275634766
192 -57.10978698730469 34.27140426635742
193 -57.367820739746094 34.20335388183594
194 -57.572174072265625 34.10518264770508
195 -57.878150939941406 33.90776824951172
196 -58.34765625 33.544857025146484
197 -58.74427795410156 33.242366790771484
198 -59.32594299316406 32.5730094909668
199 -59.52145767211914 32.21056365966797
200 -59.629451751708984 31.97066879272461
201 -59.5650749206543 31.568960189819336
202 -59.486732482910156 31.116979598999023
203 -59.321067810058594 30.752155303955078
204 -59.150306701660156 30.40488624572754
205 -58.921878814697266 30.254005432128906
206 -58.635894775390625 30.159439086914062
207 -58.2365837097168 30.091222763061523
208 -57.85384750366211 30.08596420288086
209 -57.46927261352539 30.125568389892578
210 -57.25497817993164 30.103364944458008
211 -57.10177230834961 30.144493103027344
212 -56.885101318359375 30.268360137939453
213 -56.570411682128906 30.54694938659668
214 -56.12232208251953 30.920621871948242
215 -56.039005279541016 30.973054885864258
216 -55.67042541503906 31.190465927124023
217 -55.12104415893555 31.479982376098633
218 -54.857421875 31.51646614074707
219 -54.574764251708984 31.614498138427734
220 -54.34987258911133 31.606496810913086
221 -54.05086135864258 31.55245590209961
222 -53.80842590332031 31.538158416748047
223 -53.513427734375 31.36809539794922
224 -53.31645202636719 31.16344451904297
225 -53.160789489746094 30.845443725585938
226 -53.06193923950195 30.56163787841797
227 -53.03134536743164 30.281005859375
228 -53.00901794433594 29.90715980529785
229 -52.98525619506836 29.34197998046875
230 -52.99079513549805 28.91041374206543
231 -53.02672576904297 28.661420822143555
232 -52.97139358520508 28.3848819732666
233 -52.83164596557617 28.059476852416992
234 -52.302547454833984 27.723167419433594
235 -52.2052116394043 27.56254005432129
236 -52.20602035522461 27.435874938964844
237 -52.29633331298828 26.992504119873047
238 -52.26775360107422 26.66139030456543
239 -52.261558532714844 26.52432632446289
240 -52.40645980834961 26.150714874267578
241 -52.51823043823242 25.949743270874023
242 -52.87934494018555 25.50218963623047
243 -53.23139572143555 25.199337005615234
244 -53.46173858642578 25.1081600189209
245 -53.65300369262695 25.22971534729004
246 -54.18852615356445 25.6845645904541
247 -54.36528015136719 25.875619888305664
248 -54.56675338745117 26.020435333251953
249 -54.91136169433594 26.06683349609375
250 -55.25893783569336 26.048120498657227
251 -55.55854034423828 26.111684799194336
252 -55.83908462524414 26.211750030517578
253 -56.4481315612793 26.429983139038086
254 -56.70724868774414 26.488752365112305
255 -56.9614143371582 26.537567138671875
256 -57.350860595703125 26.58152198791504
257 -58.414390563964844 26.806644439697266
258 -58.869937896728516 26.908756256103516
259 -59.19790267944336 26.955169677734375
260 -59.52862548828125 26.9593563079834
261 -60.130821228027344 26.99126625061035
262 -60.437774658203125 26.987634658813477
263 -60.62959289550781 26.874797821044922
264 -60.79615020751953 26.69780921936035
265 -60.94010543823242 26.442359924316406
266 -60.98279571533203 26.234546661376953
267 -60.92097473144531 25.858858108520508
268 -60.79544448852539 25.592851638793945
269 -60.64385986328125 25.311565399169922
270 -60.4510498046875 25.058303833007812
271 -60.13609313964844 24.813941955566406
272 -59.76421356201172 24.619823455810547
273 -59.48167037963867 24.498767852783203
274 -59.157135009765625 24.38172149658203
275 -58.97163391113281 24.342227935791016
276 -58.59013366699219 24.215328216552734
277 -58.26834487915039 24.099950790405273
278 -57.6583366394043 23.9556884765625
279 -56.48371505737305 23.58307456970215
280 -56.23021697998047 23.420122146606445
281 -56.166778564453125 23.23982048034668
282 -56.128177642822266 22.995777130126953
283 -56.24811553955078 22.728185653686523
284 -56.62034606933594 22.470815658569336
285 -56.99018859863281 22.407968521118164
286 -57.14104080200195 22.357330322265625
287 -57.41065979003906 22.37352752685547
288 -57.79884338378906 22.394296646118164
289 -58.184757232666016 22.33932876586914
290 -58.532615661621094 22.254703521728516
291 -58.98395538330078 22.079097747802734
292 -59.21543502807617 21.978979110717773
293 -59.33219528198242 21.839736938476562
294 -59.42413330078125 21.588558197021484
295 -59.270015716552734 21.344348907470703
296 -58.8575439453125 21.20440101623535
297 -58.386314392089844 21.063753128051758
298 -58.02174758911133 20.915115356445312
299 -57.55655288696289 20.76844596862793
300 -57.11444091796875 20.622764587402344
301 -56.491397857666016 20.469572067260742
302 -56.16771697998047 20.37150001525879
303 -55.853145599365234 20.290122985839844
304 -55.37035369873047 20.121755599975586
305 -55.09156036376953 19.973081588745117
306 -54.82041549682617 19.8430118560791
307 -54.37299728393555 19.682907104492188
308 -53.965118408203125 19.5528507232666
309 -53.80242919921875 19.501476287841797
310 -53.63139343261719 19.443513870239258
311 -53.461280822753906 19.32489776611328
312 -36.387176513671875 22.246366500854492
313 -36.27800750732422 22.129121780395508
314 -36.14853286743164 21.98455238342285
315 -36.139102935791016 21.71700096130371
316 -36.1541862487793 21.524032592773438
317 -36.21597671508789 21.390457153320312
318 -36.4670524597168 21.19794464111328
319 -36.75384521484375 20.998653411865234
320 -37.12315368652344 20.85934066772461
321 -37.49568176269531 20.739484786987305
322 -37.603031158447266 20.716943740844727
323 -37.81556701660156 20.707998275756836
324 -38.099674224853516 20.681562423706055
325 -38.81177520751953 20.406831741333008
326 -39.07296371459961 20.218704223632812
327 -39.23236083984375 20.044509887695312
328 -39.48220443725586 19.70298194885254
329 -47.858856201171875 11.911437034606934
330 -47.969635009765625 11.760513305664062
331 -48.253273010253906 11.225639343261719
332 -48.4096565246582 11.029801368713379
333 -48.434078216552734 10.84019947052002
334 -48.41496658325195 10.573715209960938
335 -48.39461135864258 10.25800895690918
336 -48.356258392333984 9.926806449890137
337 -48.25480270385742 9.749160766601562
338 -48.03281784057617 9.57448959350586
339 -47.79352951049805 9.429624557495117
340 -47.532684326171875 9.33212947845459
341 -47.31406784057617 9.209044456481934
342 -47.11543273925781 9.169737815856934
343 -46.746910095214844 9.193927764892578
344 -46.30703353881836 9.316069602966309
345 -46.119873046875 9.416152954101562
346 -45.88346481323242 9.684988021850586
347 -42.81221389770508 27.337024688720703
348 -42.823326110839844 27.42244529724121
349 -42.78218460083008 27.546220779418945
350 -42.71825408935547 27.852201461791992
351 -42.61394500732422 28.139448165893555
352 -42.482669830322266 28.260540008544922
353 -35.75065231323242 31.43810272216797
354 -35.47403335571289 31.51397132873535
355 -35.30026626586914 31.608699798583984
356 -34.952571868896484 31.894474029541016
357 -34.467994689941406 32.17621994018555
358 -34.180938720703125 32.29025650024414
359 -33.90585708618164 32.36226272583008
360 -33.64570236206055 32.32621383666992
361 -33.522300720214844 32.31618118286133
362 -33.06859588623047 32.078369140625
363 -32.87083435058594 31.91104507446289
364 -32.67233657836914 31.655672073364258
365 -32.50310134887695 31.238964080810547
366 -32.45613479614258 31.050556182861328
367 -32.58878707885742 30.60495948791504
368 -32.92426300048828 30.249116897583008
369 -33.09151840209961 30.030582427978516
370 -33.320098876953125 29.95050621032715
371 -33.82145690917969 29.94658088684082
372 -34.02052307128906 29.917821884155273
373 -34.31379699707031 29.75801658630371
374 -34.5002326965332 29.636493682861328
375 -34.622615814208984 29.641189575195312
376 -34.828060150146484 29.666105270385742
377 -43.119693756103516 34.61918640136719
378 -43.26262664794922 34.761131286621094
379 -43.5327262878418 34.83806610107422
380 -43.968650817871094 34.9255256652832
381 -44.22785186767578 34.92103576660156
382 -44.398712158203125 34.88189697265625
383 -44.445926666259766 34.49163055419922
384 -44.53180694580078 34.015777587890625
385 -44.657264709472656 33.52162551879883
386 -44.74113845825195 33.350650787353516
387 -44.92425537109375 33.08906936645508
388 -45.0527458190918 32.88832092285156
389 -45.19314193725586 32.835418701171875
390 -45.632781982421875 32.759178161621094
391 -46.207035064697266 32.76850891113281
392 -46.58830261230469 32.79957962036133
393 -46.984466552734375 32.86800003051758
394 -47.46424865722656 33.0147590637207
395 -47.64850997924805 33.12416076660156
396 -47.71113967895508 33.24296569824219
397 -47.60650634765625 33.4118537902832
398 -47.44820785522461 33.627994537353516
399 -31.613752365112305 34.24702072143555
400 -31.423809051513672 34.250946044921875
401 -31.266775131225586 34.30234146118164
402 -30.926530838012695 34.383052825927734
403 -30.703332901000977 34.58131790161133
404 -30.540592193603516 34.80979537963867
405 -30.482460021972656 35.01118087768555
406 -30.47694206237793 35.40542221069336
407 -30.44087028503418 35.800819396972656
408 -30.4516544342041 36.07931137084961
409 -30.459333419799805 36.34727096557617
410 -30.441211700439453 36.66739273071289
411 -30.377456665039062 37.00829315185547
412 -30.15058135986328 37.35469436645508
413 -29.958847045898438 37.61823654174805
414 -29.62981414794922 37.89310836791992
415 -29.421058654785156 38.06969451904297
416 -29.325204849243164 38.28910446166992
417 -29.21234130859375 38.616737365722656
418 -29.19390296936035 38.74956130981445
419 -29.245267868041992 38.934085845947266
420 -29.600685119628906 39.37017059326172
421 -29.678951263427734 39.449615478515625
422 -29.856189727783203 39.665313720703125
423 -29.946029663085938 39.860260009765625
424 -30.082717895507812 40.11893844604492
425 -30.257274627685547 40.37879943847656
426 -34.12636184692383 43.54279327392578
427 -34.246925354003906 43.65556335449219
428 -34.40046310424805 43.838890075683594
429 -34.70297622680664 44.24777603149414
430 -35.296722412109375 45.04318618774414
431 -35.469173431396484 45.28158187866211
432 -35.74580383300781 45.46342849731445
433 -35.91593551635742 45.529117584228516
434 -36.29084396362305 45.64583969116211
435 -36.69303894042969 45.74355697631836
436 -36.916500091552734 45.79399490356445
437 -37.209442138671875 46.00039291381836
438 -37.34463882446289 46.088417053222656
439 -37.60399627685547 45.919097900390625
440 -37.82471466064453 45.6951789855957
441 -38.09185028076172 45.54957962036133
442 -38.34542465209961 45.46775817871094
443 -38.701934814453125 45.296653747558594
444 -39.115840911865234 44.97480392456055
445 -39.19390106201172 44.812103271484375
446 -39.200496673583984 44.652976989746094
447 -38.941585540771484 44.360103607177734
448 -38.716888427734375 44.07955551147461
449 -38.46857833862305 43.71615219116211
450 -38.39142608642578 43.484989166259766
451 -38.348026275634766 43.26484298706055
452 -38.27225875854492 42.87373352050781
453 -38.16481399536133 42.56072998046875
454 -38.0909309387207 42.354209899902344
455 -38.07584762573242 42.17253494262695
456 -37.916847229003906 41.8397102355957
457 -37.79398727416992 41.424198150634766
458 -37.94906997680664 41.1900634765625
459 -38.275020599365234 41.055419921875
460 -38.52822494506836 40.949703216552734
461 -38.76527404785156 40.973297119140625
462 -39.080867767333984 40.99031066894531
463 -39.197383880615234 40.94940948486328
464 -39.26852035522461 40.66472625732422
465 -39.3300895690918 40.358245849609375
466 -39.30731201171875 40.121856689453125
467 -39.252445220947266 39.92460250854492
468 -39.23738098144531 39.70492172241211
469 -39.12429428100586 39.273807525634766
470 -39.12728500366211 39.04439163208008
471 -39.249210357666016 38.95383834838867
472 -39.478023529052734 38.81486129760742
473 -39.881195068359375 38.670082092285156
474 -40.18490982055664 38.651615142822266
475 -40.60211181640625 38.694580078125
476 -40.830467224121094 38.76735305786133
477 -41.53580093383789 39.440704345703125
478 -41.89353942871094 39.838314056396484
479 -42.04281234741211 40.00895309448242
480 -42.24829864501953 40.3377571105957
481 -42.40407180786133 40.5843620300293
482 -42.6025390625 40.90901184082031
483 -42.68803787231445 41.192474365234375
484 -42.76509475708008 41.621219635009766
485 -42.785987854003906 41.92546463012695
486 -42.65882873535156 42.2294921875
487 -42.49248504638672 42.46387481689453
488 -42.12056350708008 42.7898063659668
489 -41.915836334228516 43.007362365722656
490 -41.77462387084961 43.1922721862793
491 -41.4145393371582 43.014408111572266
492 -41.087158203125 42.939910888671875
493 -40.81993103027344 42.70441436767578
494 -40.615596771240234 42.50574493408203
495 -40.32535934448242 42.30709457397461
496 -40.16730880737305 42.29926681518555
497 -36.40428924560547 41.97944641113281
498 -35.9564094543457 41.82170486450195
499 -35.81349563598633 41.72395324707031
500 -35.654335021972656 41.608917236328125
501 -35.54322814941406 41.48915100097656
502 -35.4383430480957 41.367462158203125
503 -35.24634552001953 41.01096725463867
504 -35.065284729003906 40.775230407714844
505 -35.16144943237305 40.52484893798828
506 -35.312034606933594 40.13322448730469
507 -35.37654113769531 39.78153991699219
508 -35.386695861816406 39.506778717041016
509 -35.401527404785156 39.20892333984375
510 -35.392982482910156 39.00577163696289
511 -35.381317138671875 38.88715362548828
512 -35.23423767089844 38.39686965942383
513 -35.14155960083008 38.16411590576172
514 -34.97965621948242 37.75458908081055
515 -34.71783447265625 37.308475494384766
516 -34.48545455932617 36.9671745300293
517 -34.33707809448242 36.68502426147461
518 -34.2208366394043 36.44172668457031
519 -34.06857681274414 36.26673126220703
520 -33.953575134277344 36.050994873046875
521 -33.74486541748047 35.717262268066406
522 -33.54029846191406 35.488800048828125
523 -33.540042877197266 35.389671325683594
524 -33.88683319091797 35.29131317138672
525 -34.277828216552734 35.0722770690918
526 -34.485198974609375 34.90485763549805
527 -34.63381576538086 34.7661247253418
528 -46.94704055786133 24.634716033935547
529 -47.119842529296875 24.552104949951172
530 -47.32674789428711 24.411941528320312
531 -47.62381362915039 24.11000633239746
532 -47.85577392578125 23.893383026123047
533 -48.043128967285156 23.84698486328125
534 -48.22793197631836 23.894113540649414
535 -48.4232177734375 24.020488739013672
536 -48.66425323486328 24.22747230529785
537 -48.89340591430664 24.28297233581543
538 -49.38121032714844 24.12459373474121
539 -49.715023040771484 23.95650863647461
540 -49.924949645996094 23.831741333007812
541 -50.32818603515625 23.44898796081543
542 -50.5037727355957 23.317718505859375
543 -50.6953125 23.22276496887207
544 -50.9810676574707 23.0907039642334
545 -51.26534652709961 22.925153732299805
546 -51.64394760131836 22.700992584228516
547 -51.98918151855469 22.537742614746094
548 -52.294071197509766 22.48451805114746
549 -52.51265335083008 22.533985137939453
550 -52.75015640258789 22.52925682067871
551 -52.95634460449219 22.548715591430664
552 -53.38703155517578 22.42841911315918
553 -53.712181091308594 22.406217575073242
554 -53.934913635253906 22.34383773803711
555 -54.13060760498047 22.24791717529297
556 -59.56097412109375 18.52769660949707
557 -59.79227828979492 18.20241355895996
558 -60.00055694580078 17.958999633789062
559 -59.981163024902344 17.804012298583984
560 -59.780372619628906 17.567567825317383
561 -59.58094787597656 17.40088653564453
562 -59.013267517089844 17.311552047729492
563 -58.52059555053711 17.299182891845703
564 -58.261775970458984 17.315914154052734
565 -57.99394226074219 17.347597122192383
566 -57.52535629272461 17.346614837646484
567 -57.172569274902344 17.322999954223633
568 -56.948551177978516 17.22738265991211
569 -56.85969161987305 16.965932846069336
570 -56.885948181152344 16.86227035522461
571 -57.069679260253906 16.57477569580078
572 -57.25482177734375 16.324405670166016
573 -57.629173278808594 15.744038581848145
574 -57.82627487182617 15.325510025024414
575 -57.87250900268555 14.90069580078125
576 -57.837772369384766 14.605511665344238
577 -57.75216293334961 14.378785133361816
578 -57.569862365722656 14.254179954528809
579 -57.14647674560547 14.15868854522705
580 -56.78775405883789 14.054473876953125
581 -56.46358871459961 13.975605964660645
582 -56.20478439331055 14.03653335571289
583 -55.88589859008789 14.204270362854004
584 -55.55006790161133 14.556291580200195
585 -55.1219596862793 14.921051025390625
586 -54.97566223144531 15.082209587097168
587 -54.63862609863281 15.446839332580566
588 -54.42018508911133 15.68801212310791
589 -54.38505935668945 15.86508560180664
590 -54.36494827270508 16.118309020996094
591 -54.28984451293945 16.449726104736328
592 -54.12151336669922 16.81786346435547
593 -53.89866638183594 17.122446060180664
594 -46.96000289916992 35.30332946777344
595 -46.9691162109375 35.484458923339844
596 -46.95456314086914 35.98868179321289
597 -47.00209426879883 36.18846893310547
598 -46.969730377197266 36.412376403808594
599 -46.8931770324707 36.618309020996094
600 -46.777305603027344 36.89909744262695
601 -46.69976806640625 37.2061882019043
602 -46.80728530883789 37.42567825317383
603 -46.9847526550293 37.691341400146484
604 -47.524654388427734 38.118736267089844
605 -47.89753723144531 38.52476501464844
606 -48.42535400390625 39.17159652709961
607 -48.72124481201172 39.54646301269531
608 -48.911338806152344 39.84054946899414
609 -49.11995315551758 40.22853088378906
610 -49.33229446411133 40.591182708740234
611 -49.41474533081055 40.87374496459961
612 -49.434478759765625 41.14653778076172
613 -49.4277458190918 41.83433532714844
614 -49.411155700683594 42.094398498535156
615 -49.390785217285156 42.210453033447266
616 -49.336021423339844 42.46884536743164
617 -49.260704040527344 42.85862350463867
618 -49.148040771484375 43.21844482421875
619 -49.06997299194336 43.39470672607422
620 -49.03384780883789 43.7287483215332
621 -49.13349151611328 44.109901428222656
622 -49.376502990722656 44.45417022705078
623 -49.7564811706543 44.93035125732422
624 -49.897132873535156 45.128265380859375
625 -50.02553939819336 45.122093200683594
626 -50.44417190551758 45.066490173339844
627 -50.87282180786133 45.05284881591797
628 -51.164493560791016 45.02195358276367
629 -51.3824577331543 44.87591552734375
630 -51.644100189208984 44.6326904296875
631 -51.861656188964844 44.43233108520508
632 -52.1176872253418 44.217018127441406
633 -52.3650016784668 44.05147171020508
634 -52.59507369995117 43.924407958984375
635 -52.839447021484375 43.76015090942383
636 -53.076263427734375 43.61729049682617
637 -53.53190612792969 43.35246658325195
638 -53.74664306640625 43.232154846191406
639 -54.04887390136719 43.085636138916016
640 -54.380332946777344 42.9375
641 -54.61235427856445 42.826019287109375
642 -54.88729476928711 42.65851593017578
643 -55.05168533325195 42.39870834350586
644 -55.37631607055664 42.113834381103516
645 -55.43614959716797 41.99778747558594
646 -55.54002380371094 41.847496032714844
647 -55.73893737792969 41.522247314453125
648 -55.90314483642578 41.18360900878906
649 -56.05864334106445 40.91532897949219
650 -56.22226333618164 40.646915435791016
651 -56.318023681640625 40.508209228515625
652 -55.803958892822266 11.008841514587402
653 -55.723690032958984 10.933505058288574
654 -55.38700866699219 10.911787033081055
655 -54.94664764404297 10.888429641723633
656 -54.207916259765625 10.849550247192383
657 -54.057334899902344 10.795921325683594
658 -53.72999954223633 10.815459251403809
659 -53.48365783691406 10.875274658203125
660 -53.32681655883789 10.953509330749512
661 -53.069183349609375 11.094560623168945
662 -52.6482048034668 11.318133354187012
663 -52.42999267578125 11.482856750488281
664 -52.170650482177734 11.673988342285156
665 -51.977420806884766 11.78282356262207
666 -51.84945297241211 11.789374351501465
667 -51.85429000854492 12.073149681091309
668 -51.79268264770508 12.428060531616211
669 -51.710777282714844 12.618492126464844
670 -51.57044982910156 12.737969398498535
671 -51.40302658081055 12.876843452453613
672 -51.0550422668457 13.17763900756836
673 -50.70484161376953 13.510795593261719
674 -50.28589630126953 13.896257400512695
675 -50.089927673339844 14.056099891662598
676 -49.9482536315918 14.206703186035156
677 -49.852413177490234 14.40246868133545
678 -49.732269287109375 14.66679859161377
679 -49.695560455322266 14.962545394897461
680 -49.61479568481445 15.394316673278809
681 -49.61362838745117 15.431386947631836
682 -49.549285888671875 15.800941467285156
683 -49.3210334777832 16.20186996459961
684 -49.13346862792969 16.523935317993164
685 -49.03337097167969 16.660972595214844
686 -48.85415267944336 17.20216941833496
687 -48.87885284423828 17.48227882385254
688 -49.094051361083984 17.579830169677734
689 -49.430511474609375 17.530868530273438
690 -49.755985260009766 17.35979461669922
691 -50.610050201416016 16.79176902770996
692 -50.886444091796875 16.708213806152344
693 -51.177249908447266 16.861942291259766
694 -51.32084655761719 17.073984146118164
695 -51.42882537841797 17.421329498291016
696 -51.4700927734375 17.620447158813477
697 -51.44968795776367 17.753053665161133
698 -51.11356735229492 18.00433921813965
699 -50.80012130737305 18.310815811157227
700 -50.61739730834961 18.38165855407715
701 -50.39177703857422 18.489168167114258
702 -50.240966796875 18.746505737304688
703 -50.2122688293457 19.073341369628906
704 -50.33210754394531 19.39246368408203
705 -50.5443229675293 19.67991065979004
706 -50.67599868774414 20.120372772216797
707 -50.651554107666016 20.347780227661133
708 -50.54998016357422 20.496490478515625
709 -50.127784729003906 20.393159866333008
710 -49.52962875366211 20.28590202331543
711 -49.111900329589844 20.344776153564453
712 -48.71343231201172 20.425981521606445
713 -48.23069763183594 20.6796817779541
714 -47.948612213134766 20.769760131835938
715 -47.883270263671875 20.592931747436523
716 -47.84308624267578 20.305469512939453
717 -47.775508880615234 19.63792610168457
718 -47.483646392822266 19.151683807373047
719 -47.24109649658203 19.131155014038086
720 -47.019466400146484 19.21748924255371
721 -46.584327697753906 19.40727424621582
722 -46.316558837890625 19.558040618896484
723 -46.12677764892578 19.727224349975586
724 -45.87845230102539 19.934911727905273
725 -45.67545700073242 19.988786697387695
726 -45.427364349365234 20.114151000976562
727 -45.00593948364258 20.401958465576172
728 -44.8190803527832 20.554597854614258
729 -44.60482406616211 20.759227752685547
730 -42.51389694213867 23.723054885864258
731 -42.35166931152344 24.158937454223633
732 -42.291358947753906 24.50339698791504
733 -42.38307571411133 24.62858009338379
734 -42.588897705078125 24.790693283081055
735 -42.86726379394531 24.913705825805664
736 -43.25345230102539 25.00977897644043
737 -43.53032302856445 25.03299331665039
738 -44.090606689453125 25.004501342773438
739 -44.29851150512695 24.895477294921875
740 -44.53611373901367 24.558177947998047
741 -44.64944839477539 24.245765686035156
742 -44.750431060791016 23.994726181030273
743 -44.915435791015625 23.69869041442871
744 -45.07575225830078 23.403118133544922
745 -45.171268463134766 23.229576110839844
746 -45.234657287597656 22.99893569946289
747 -45.1380615234375 22.77008819580078
748 -44.818790435791016 22.54644775390625
749 -44.47296905517578 22.406911849975586
750 -44.21596908569336 22.334726333618164
751 -43.83040237426758 22.269060134887695
752 -43.4576301574707 22.0970458984375
753 -43.18656539916992 21.965654373168945
754 -42.95442199707031 21.914865493774414
755 -42.627315521240234 22.03521156311035
756 -42.0478630065918 22.11931800842285
757 -41.68525695800781 22.043283462524414
758 -41.5653076171875 21.8787784576416
759 -41.37458038330078 21.49110221862793
760 -41.269718170166016 21.219213485717773
761 -41.34593200683594 20.550914764404297
762 -41.491432189941406 20.138948440551758
763 -41.64567947387695 19.953746795654297
764 -41.87263870239258 19.79598045349121
765 -42.116920471191406 19.656373977661133
766 -42.32290267944336 19.490095138549805
767 -42.817325592041016 18.966102600097656
768 -43.272064208984375 18.3720645904541
769 -43.367576599121094 18.10787010192871
770 -43.40258026123047 17.753406524658203
771 -43.43687438964844 17.421287536621094
772 -43.40279769897461 17.11622428894043
773 -43.35772705078125 16.793441772460938
774 -43.34025573730469 16.466785430908203
775 -43.33087921142578 16.04560089111328
776 -43.34822463989258 15.800649642944336
777 -43.44178009033203 15.443734169006348
778 -43.602684020996094 14.93295955657959
779 -43.70298385620117 14.51488971710205
780 -43.758445739746094 14.235033988952637
781 -43.83786392211914 13.773839950561523
782 -43.912086486816406 13.501502990722656
783 -43.9861946105957 13.205092430114746
784 -43.985774993896484 12.941476821899414
785 -43.935462951660156 12.610548973083496
786 -43.78109359741211 12.164474487304688
787 -43.717857360839844 12.053406715393066
788 -43.348899841308594 11.856584548950195
789 -43.11086654663086 11.727067947387695
790 -42.77969741821289 11.738842010498047
791 -42.0960807800293 11.788482666015625
792 -41.842220306396484 11.890922546386719
793 -41.66818618774414 12.025903701782227
794 -41.40807342529297 12.324435234069824
795 -41.238399505615234 12.569710731506348
796 -41.097660064697266 12.828563690185547
797 -40.96372604370117 13.03681755065918
798 -40.67509841918945 13.52241039276123
799 -40.03745651245117 14.579432487487793
800 -39.84577941894531 14.857319831848145
801 -39.5185432434082 15.224257469177246
802 -39.263893127441406 15.529930114746094
803 -39.12391662597656 15.752298355102539
804 -38.99473190307617 16.06655502319336
805 -38.86371994018555 16.490903854370117
806 -38.7809944152832 16.81583023071289
807 -38.666996002197266 17.185964584350586
808 -38.51230239868164 17.345487594604492
809 -38.1694221496582 17.453577041625977
810 -38.00554656982422 17.39540672302246
811 -37.617828369140625 17.197256088256836
812 -37.09359359741211 16.879371643066406
813 -36.891292572021484 16.65921401977539
814 -36.6874885559082 16.694093704223633
815 -36.369564056396484 16.72561264038086
816 -36.14222717285156 16.703229904174805
817 -36.03961181640625 16.83319091796875
818 -35.8409309387207 16.924222946166992
819 -35.54296112060547 17.121091842651367
820 -35.1712532043457 17.363941192626953
821 -34.956668853759766 17.686660766601562
822 -34.98724365234375 17.984485626220703
823 -35.22260284423828 18.271318435668945
824 -35.55901336669922 18.588428497314453
825 -39.08591842651367 22.755903244018555
826 -39.19101333618164 22.960981369018555
827 -39.37318801879883 23.298757553100586
828 -39.52493667602539 23.603883743286133
829 -39.65901565551758 23.8460636138916
830 -39.75726318359375 23.959991455078125
831 -39.6932487487793 24.159706115722656
832 -39.353294372558594 24.4993896484375
833 -39.165584564208984 24.584407806396484
834 -38.900367736816406 24.659942626953125
835 -38.006404876708984 24.80033302307129
836 -37.65230178833008 24.87200927734375
837 -37.48741149902344 24.919384002685547
838 -37.26746368408203 25.089841842651367
839 -37.13787078857422 25.328617095947266
840 -37.09354019165039 25.53509521484375
841 -37.173973083496094 25.83847427368164
842 -37.46809005737305 26.17972183227539
843 -37.60209655761719 26.580821990966797
844 -37.700836181640625 26.812362670898438
845 -37.8187255859375 26.98797607421875
846 -38.01127624511719 26.996932983398438
847 -38.34158706665039 26.937829971313477
848 -38.59528350830078 26.892107009887695
849 -38.8985710144043 26.9345760345459
850 -39.266273498535156 27.04216194152832
851 -39.756290435791016 27.16720199584961
852 -39.8972053527832 27.230194091796875
853 -40.29262161254883 27.246408462524414
854 -40.401885986328125 27.326215744018555
855 -40.4970588684082 27.49138832092285
856 -40.848175048828125 27.78140640258789
857 -50.042449951171875 31.08636474609375
858 -50.168846130371094 31.218149185180664
859 -50.2707405090332 31.477731704711914
860 -50.327430725097656 31.679676055908203
861 -50.418216705322266 31.989240646362305
862 -50.49443054199219 32.48533248901367
863 -50.61849594116211 32.89971160888672
864 -50.764835357666016 33.16492462158203
865 -50.89617919921875 33.37040328979492
866 -50.969825744628906 33.52351760864258
867 -51.08484649658203 34.226985931396484
868 -51.14231491088867 34.422950744628906
869 -51.228729248046875 34.63678741455078
870 -51.39241027832031 34.80182647705078
871 -51.430809020996094 35.04842758178711
872 -51.37397384643555 35.22002410888672
873 -51.17700958251953 35.513973236083984
874 -50.9603157043457 35.873165130615234
875 -50.8386116027832 36.16402816772461
876 -50.69917297363281 36.38285446166992
877 -50.51677322387695 36.53028106689453
878 -50.20406723022461 36.75192642211914
879 -49.8138542175293 36.83647918701172
880 -49.58466339111328 36.696441650390625
881 -49.37044906616211 36.345794677734375
882 -49.07452392578125 36.045875549316406
883 -48.70778274536133 35.592071533203125
884 -48.515506744384766 35.38938903808594
885 -40.33270263671875 33.002384185791016
886 -39.9309196472168 33.054161071777344
887 -39.72169494628906 33.06233215332031
888 -39.527591705322266 33.08382797241211
889 -39.399742126464844 33.12181091308594
890 -39.28642654418945 33.14540100097656
891 -39.13214111328125 33.03710174560547
892 -38.99983215332031 32.789466857910156
893 -38.88003921508789 32.570709228515625
894 -38.748252868652344 32.36355972290039
895 -38.38875961303711 32.364723205566406
896 -37.7938117980957 32.41188430786133
897 -37.48587417602539 32.4851188659668
898 -37.34333038330078 32.575374603271484
899 -37.056705474853516 32.7298583984375
900 -36.88544464111328 32.91107940673828
901 -36.683448791503906 33.17849349975586
902 -36.64796447753906 33.58710861206055
903 -36.76105499267578 34.15306854248047
904 -36.837562561035156 34.370155334472656
905 -36.81729507446289 34.49502944946289
906 -36.805152893066406 34.69792556762695
907 -36.88558578491211 35.18595886230469
908 -36.937904357910156 35.46006774902344
909 -37.0133171081543 35.92310333251953
910 -37.00471496582031 36.20558547973633
911 -37.13941955566406 36.41004943847656
912 -37.3403205871582 36.62586212158203
913 -37.573158264160156 36.761566162109375
914 -37.86997604370117 36.861358642578125
915 -38.15158462524414 36.77109909057617
916 -38.558528900146484 36.47603225708008
917 -38.757389068603516 36.33121109008789
918 -38.98318862915039 36.286598205566406
919 -39.21986389160156 36.11324691772461
920 -39.506797790527344 35.88117980957031
921 -39.874881744384766 35.44638442993164
922 -40.373809814453125 35.13166427612305
923 -40.62004852294922 35.0383186340332
924 -40.79319763183594 34.944183349609375
925 -41.063777923583984 34.74801254272461
926 -41.20771789550781 34.60981369018555
927 -41.367435455322266 34.33242416381836
928 -41.601959228515625 33.9572639465332
929 -42.00275802612305 33.38252639770508
930 -42.41646957397461 32.81480026245117
931 -42.712528228759766 32.34797668457031
932 -42.7675666809082 32.130409240722656
933 -42.69732666015625 31.788856506347656
934 -42.60734176635742 31.56458282470703
935 -42.225791931152344 31.14348602294922
936 -41.94757843017578 30.91290283203125
937 -41.7755241394043 30.84542465209961
938 -41.38642120361328 30.749847412109375
939 -41.08427429199219 30.70958709716797
940 -40.85505676269531 30.69305992126465
941 -40.618995666503906 30.554988861083984
942 -40.40751266479492 30.330753326416016
943 -40.247833251953125 29.983171463012695
944 -40.0775146484375 29.694002151489258
945 -39.80418014526367 29.52910614013672
946 -39.436405181884766 29.566707611083984
947 -39.13191223144531 29.577083587646484
948 -38.919368743896484 29.54287338256836
949 -38.691505432128906 29.515817642211914
950 -38.34652328491211 29.380746841430664
951 -38.120948791503906 29.29216766357422
952 -37.80733108520508 29.244985580444336
953 -37.513824462890625 29.223176956176758
954 -37.29343795776367 29.329509735107422
955 -37.11884689331055 29.5044002532959
956 -36.922760009765625 29.84309196472168
957 -36.86528396606445 30.094411849975586
958 -32.90163803100586 38.801292419433594
959 -32.86387252807617 39.13591766357422
960 -32.83524703979492 39.270572662353516
961 -32.73836898803711 39.48131561279297
962 -32.57977294921875 39.797428131103516
963 -32.47562026977539 40.03232192993164
964 -32.409942626953125 40.16221237182617
965 -32.21645736694336 40.56365966796875
966 -32.079322814941406 41.0584716796875
967 -31.98262596130371 41.42356872558594
968 -31.875581741333008 41.832149505615234
969 -31.672855377197266 42.45697021484375
970 -31.58724021911621 42.66740036010742
971 -31.57929801940918 42.73725509643555
972 -31.57345199584961 42.89768981933594
973 -31.569252014160156 43.1950569152832
974 -31.558870315551758 43.730037689208984
975 -31.513185501098633 44.33259963989258
976 -31.55181312561035 44.58159637451172
977 -31.647001266479492 44.77812957763672
978 -32.002193450927734 45.195491790771484
979 -32.23340606689453 45.45502853393555
980 -32.41958236694336 45.60233688354492
981 -32.68326187133789 45.756866455078125
982 -32.81501770019531 45.86304473876953
983 -32.955421447753906 46.01840591430664
984 -33.15589141845703 46.34883499145508
985 -33.4248161315918 47.011741638183594
986 -33.563758850097656 47.413875579833984
987 -33.80814743041992 48.096927642822266
988 -33.816741943359375 48.1771125793457
989 -33.92292404174805 48.383216857910156
990 -34.356346130371094 48.97819137573242
991 -34.638526916503906 49.23823165893555
992 -34.69512939453125 49.33170700073242
993 -34.66251754760742 49.41007995605469
994 -34.68980407714844 49.65913772583008
995 -34.79490280151367 50.32350540161133
996 -34.85163879394531 50.632205963134766
997 -34.91135025024414 50.86793899536133
998 -34.971073150634766 50.994384765625
999 -35.01728820800781 51.12016296386719
