0 6.224050521850586 -12.201947212219238
1 6.375978946685791 -12.283072471618652
2 6.7043681144714355 -12.499979019165039
3 7.016845226287842 -12.67727279663086
4 7.213391304016113 -12.671514511108398
5 7.800140857696533 -12.488088607788086
6 8.437582969665527 -12.244153022766113
7 8.838191032409668 -12.166291236877441
8 9.152641296386719 -12.17578411102295
9 9.448667526245117 -12.185855865478516
10 9.675366401672363 -12.167577743530273
11 9.998834609985352 -12.050996780395508
12 10.409667015075684 -11.914934158325195
13 10.732479095458984 -11.809393882751465
14 11.177071571350098 -11.667692184448242
15 11.614324569702148 -11.558850288391113
16 12.15671443939209 -11.5014066696167
17 12.7962064743042 -11.479188919067383
18 13.124800682067871 -11.517204284667969
19 13.493382453918457 -11.57129192352295
20 13.849478721618652 -11.613814353942871
21 14.243407249450684 -11.64816951751709
22 14.615479469299316 -11.617069244384766
23 15.00619125366211 -11.534148216247559
24 15.3178129196167 -11.420609474182129
25 15.597825050354004 -11.240382194519043
26 15.797831535339355 -11.030228614807129
27 19.416099548339844 -6.739704132080078
28 19.609054565429688 -6.625395774841309
29 19.765277862548828 -6.527972221374512
30 20.113405227661133 -6.2448506355285645
31 20.459400177001953 -5.938060760498047
32 20.80208396911621 -5.694527626037598
33 21.31083869934082 -5.454087734222412
34 21.592987060546875 -5.328686714172363
35 21.866069793701172 -5.095968723297119
36 22.068050384521484 -4.875756740570068
37 22.21171760559082 -4.548056125640869
38 22.398958206176758 -4.165676116943359
39 22.466167449951172 -3.885651111602783
40 22.431774139404297 -3.566892623901367
41 22.179780960083008 -3.3283510208129883
42 21.80118751525879 -3.0003538131713867
43 21.610925674438477 -2.738382577896118
44 21.587228775024414 -2.538172960281372
45 21.56658935546875 -2.226972818374634
46 21.6319580078125 -1.860601782798767
47 21.882925033569336 -1.6726669073104858
48 22.343778610229492 -1.4584389925003052
49 22.896177291870117 -1.3320224285125732
50 23.313398361206055 -1.2653474807739258
51 23.801979064941406 -1.1862555742263794
52 24.12929916381836 -1.094178318977356
53 24.413578033447266 -1.0296895503997803
54 24.699905395507812 -0.9829121232032776
55 25.129919052124023 -0.8800290822982788
56 25.739376068115234 -0.6970665454864502
57 25.988767623901367 -0.6105894446372986
58 26.387418746948242 -0.5005440711975098
59 26.783649444580078 -0.4726976156234741
60 27.07272720336914 -0.5592374205589294
61 27.244853973388672 -0.7147434949874878
62 27.56184196472168 -1.099602222442627
63 28.012910842895508 -1.851345181465149
64 28.13666343688965 -2.0558900833129883
65 28.081937789916992 -2.293853282928467
66 27.88606071472168 -2.8526055812835693
67 27.773164749145508 -3.240018606185913
68 27.492067337036133 -3.5429000854492188
69 27.155086517333984 -3.729625701904297
70 26.663908004760742 -3.9102518558502197
71 26.423141479492188 -3.971644878387451
72 26.092708587646484 -3.924574851989746
73 25.72308349609375 -3.8422627449035645
74 25.40196418762207 -3.7976887226104736
75 25.03199005126953 -3.771132707595825
76 24.838764190673828 -3.8279054164886475
77 18.58452606201172 -8.78249740600586
78 18.62247085571289 -9.051039695739746
79 18.765758514404297 -9.259842872619629
80 19.01681900024414 -9.498064994812012
81 19.31266975402832 -9.742486953735352
82 19.52825164794922 -9.791158676147461
83 19.934677124023438 -9.862252235412598
84 20.458038330078125 -9.869351387023926
85 20.96932601928711 -9.860087394714355
86 21.380390167236328 -9.901873588562012
87 21.660945892333984 -10.014628410339355
88 21.837499618530273 -10.066963195800781
89 22.311695098876953 -9.807156562805176
90 22.703224182128906 -9.617903709411621
91 23.153182983398438 -9.394370079040527
92 23.642745971679688 -9.327566146850586
93 24.02233123779297 -9.322060585021973
94 24.330081939697266 -9.255378723144531
95 24.748830795288086 -8.983113288879395
96 25.194122314453125 -8.617356300354004
97 25.473386764526367 -8.293811798095703
98 25.62832260131836 -7.957470893859863
99 25.68037986755371 -7.6393723487854
100 25.588651657104492 -7.31117582321167
101 25.282705307006836 -6.878832817077637
102 25.000722885131836 -6.640024185180664
103 24.760353088378906 -6.494616985321045
104 24.425125122070312 -6.311739921569824
105 24.117786407470703 -6.036485195159912
106 23.09014129638672 9.864347457885742
107 23.0728702545166 10.042938232421875
108 22.953153610229492 10.237870216369629
109 22.849288940429688 10.340785026550293
110 22.724849700927734 10.446822166442871
111 22.62692642211914 10.6337890625
112 22.33751106262207 11.265543937683105
113 22.116464614868164 11.805679321289062
114 22.03805160522461 12.041993141174316
115 21.853248596191406 12.555819511413574
116 21.686710357666016 12.877845764160156
117 21.412137985229492 13.388973236083984
118 21.22295379638672 13.697200775146484
119 21.13483238220215 13.907709121704102
120 20.999418258666992 14.162739753723145
121 20.820810317993164 14.454689979553223
122 20.54018211364746 14.754531860351562
123 20.305171966552734 15.018160820007324
124 20.128597259521484 15.04570484161377
125 19.98638343811035 15.06783390045166
126 5.020441055297852 18.004838943481445
127 4.890074253082275 17.995786666870117
128 4.582573413848877 17.969945907592773
129 4.251113414764404 17.925500869750977
130 4.048843860626221 17.994239807128906
131 3.8975305557250977 18.000118255615234
132 3.7473747730255127 17.979671478271484
133 3.479546308517456 17.94719123840332
134 3.088667154312134 17.90619659423828
135 2.7117817401885986 17.91092872619629
136 2.1812071800231934 17.976205825805664
137 1.7079280614852905 18.026277542114258
138 1.2221757173538208 17.93857765197754
139 0.9711188077926636 17.84556770324707
140 -1.4106178283691406 14.383705139160156
141 -1.4806045293807983 14.022785186767578
142 -1.5256675481796265 13.731817245483398
143 -1.4352527856826782 13.41343879699707
144 -1.21645188331604 13.063759803771973
145 -1.0047422647476196 12.728278160095215
146 -0.8448863625526428 12.694310188293457
147 -0.4635169208049774 12.918524742126465
148 -0.09531860053539276 13.243698120117188
149 0.05211576819419861 13.391533851623535
150 0.22936873137950897 13.562760353088379
151 0.9204855561256409 14.007311820983887
152 1.1840894222259521 14.164273262023926
153 1.3621129989624023 14.216702461242676
154 1.6053478717803955 14.375531196594238
155 1.8272358179092407 14.55446720123291
156 2.3531627655029297 14.940552711486816
157 2.892705202102661 15.307476997375488
158 3.0486643314361572 15.554902076721191
159 2.913095474243164 16.021780014038086
160 2.706122636795044 16.2767333984375
161 2.1371893882751465 16.46778678894043
162 1.6189727783203125 16.56023597717285
163 1.2216179370880127 16.571786880493164
164 1.0138646364212036 16.582515716552734
165 0.8176799416542053 16.46790313720703
166 0.595199704170227 16.211599349975586
167 0.42323389649391174 15.902556419372559
168 0.2703906297683716 15.52676010131836
169 0.10142123699188232 15.398488998413086
170 -0.11473415046930313 15.494958877563477
171 -0.29615333676338196 15.569911003112793
172 -1.0634489059448242 15.950572967529297
173 -1.32671320438385 16.126487731933594
174 -1.5273959636688232 16.4161376953125
175 -1.5405462980270386 16.633392333984375
176 -1.4368740320205688 17.007081985473633
177 -1.3541533946990967 17.267942428588867
178 -1.27490234375 17.613401412963867
179 -1.307795763015747 17.836637496948242
180 -1.4816265106201172 18.266786575317383
181 -1.7241934537887573 18.46388816833496
182 -1.9998012781143188 18.524581909179688
183 -2.4107260704040527 18.31648063659668
184 -2.661578416824341 18.136388778686523
185 -2.8885698318481445 17.87393569946289
186 -3.3929858207702637 17.042448043823242
187 -3.52388858795166 16.54342269897461
188 -3.6492176055908203 16.079679489135742
189 -3.7314870357513428 15.788196563720703
190 -3.7211217880249023 15.51553726196289
191 -3.802243232727051 14.941890716552734
192 -3.7918169498443604 14.447522163391113
193 -3.7094337940216064 14.057846069335938
194 -3.5714375972747803 13.681709289550781
195 -3.5709328651428223 13.4581880569458
196 -3.55723237991333 13.086065292358398
197 -3.5411293506622314 12.428257942199707
198 -3.5307185649871826 12.155468940734863
199 -3.492872476577759 11.973577499389648
200 -3.2923548221588135 11.825807571411133
201 5.886344909667969 8.609655380249023
202 5.910497665405273 8.776182174682617
203 5.922638893127441 9.050481796264648
204 5.801734924316406 9.180706024169922
205 5.279200553894043 9.48776626586914
206 4.915971755981445 9.856426239013672
207 4.925850868225098 10.266580581665039
208 5.117956161499023 10.64232063293457
209 5.261575698852539 10.86823558807373
210 5.391793727874756 11.177816390991211
211 5.409839153289795 11.320945739746094
212 5.442916393280029 11.717452049255371
213 5.593381404876709 11.829033851623535
214 5.841950416564941 11.940437316894531
215 6.217020034790039 12.149985313415527
216 6.405029773712158 12.241488456726074
217 6.673214912414551 12.448431015014648
218 6.9431915283203125 12.759364128112793
219 7.164117336273193 12.985796928405762
220 10.896775245666504 -5.9786810874938965
221 10.93828296661377 -6.23930549621582
222 10.979023933410645 -6.6987457275390625
223 11.031026840209961 -7.137308120727539
224 11.108346939086914 -7.33376932144165
225 11.317289352416992 -7.531126499176025
226 11.700881004333496 -7.707998752593994
227 12.304943084716797 -7.780411243438721
228 12.648967742919922 -7.614795207977295
229 12.987624168395996 -7.185545444488525
230 13.25013256072998 -6.597699165344238
231 13.326590538024902 -6.179861545562744
232 13.398578643798828 -5.861534595489502
233 13.457122802734375 -5.487680912017822
234 13.4482421875 -5.227700710296631
235 13.31705093383789 -4.872766971588135
236 13.05544662475586 -4.598425388336182
237 12.757996559143066 -4.358303546905518
238 12.305182456970215 -3.6979923248291016
239 12.354695320129395 -3.5949039459228516
240 12.566227912902832 -3.4189841747283936
241 12.99138069152832 -3.283540964126587
242 13.202289581298828 -3.241179943084717
243 13.605907440185547 -3.0893328189849854
244 13.92276382446289 -2.895141363143921
245 14.19324779510498 -2.7250618934631348
246 14.409799575805664 -2.565248489379883
247 10.331353187561035 16.282726287841797
248 10.338750839233398 16.548789978027344
249 10.358837127685547 16.683910369873047
250 10.506025314331055 16.77292251586914
251 10.769789695739746 16.86573028564453
252 11.047260284423828 16.963848114013672
253 11.379942893981934 16.77670669555664
254 11.678841590881348 16.604469299316406
255 11.81871509552002 16.461219787597656
256 11.99470043182373 16.2188663482666
257 12.221732139587402 0.3449132442474365
258 12.241169929504395 0.0675993338227272
259 12.132122039794922 -0.3241157829761505
260 11.916059494018555 -0.7922113537788391
261 11.72989273071289 -1.2602792978286743
262 11.638214111328125 -1.4347805976867676
263 11.485672950744629 -1.566023826599121
264 11.115716934204102 -1.884579062461853
265 10.656401634216309 -2.2399981021881104
266 10.37910270690918 -2.232626438140869
267 10.156424522399902 -2.123807191848755
268 9.995802879333496 -1.8314486742019653
269 9.913540840148926 -1.5529388189315796
270 9.856005668640137 -1.1268725395202637
271 9.822630882263184 -0.8028963208198547
272 9.817763328552246 -0.4996722340583801
273 9.866907119750977 -0.053626153618097305
274 9.815999031066895 0.3860239088535309
275 9.677166938781738 0.8345966339111328
276 9.580970764160156 1.2020643949508667
277 9.454042434692383 1.6782851219177246
278 9.242599487304688 2.341792106628418
279 9.037275314331055 2.9304428100585938
280 8.656230926513672 3.603499412536621
281 8.450631141662598 3.8232522010803223
282 8.015396118164062 4.000636577606201
283 7.622386932373047 4.0241379737854
284 7.186365127563477 3.994277238845825
285 6.969057083129883 3.932948589324951
286 6.50771951675415 3.662410020828247
287 6.257664680480957 3.460564136505127
288 5.590391159057617 3.086277961730957
289 5.393678665161133 2.9892098903656006
290 4.998573303222656 3.0119926929473877
291 4.6573991775512695 3.166639566421509
292 4.319112777709961 3.454232692718506
293 4.31594705581665 3.57476544380188
294 4.307016849517822 3.7762269973754883
295 4.561888694763184 4.05800724029541
296 5.362061977386475 4.314513206481934
297 5.521966457366943 4.396183967590332
298 25.278676986694336 13.45682430267334
299 25.18821144104004 13.597921371459961
300 24.97907066345215 13.930411338806152
301 24.849029541015625 14.156970024108887
302 24.791685104370117 14.468334197998047
303 24.720073699951172 14.844395637512207
304 24.511465072631836 15.641800880432129
305 24.370481491088867 16.10775375366211
306 24.267515182495117 16.41684913635254
307 24.068710327148438 16.873470306396484
308 23.95144271850586 17.065183639526367
309 23.746200561523438 17.367448806762695
310 23.488004684448242 17.7291316986084
311 23.199527740478516 18.118141174316406
312 23.137849807739258 18.190507888793945
313 23.0123291015625 18.313884735107422
314 5.463799476623535 -9.147744178771973
315 5.262264728546143 -9.180273056030273
316 4.99269962310791 -9.158531188964844
317 4.544416427612305 -9.047978401184082
318 4.212662696838379 -8.964487075805664
319 3.9580047130584717 -8.921177864074707
320 3.631531000137329 -8.788002967834473
321 3.1953954696655273 -8.653274536132812
322 3.0712010860443115 -8.440823554992676
323 3.0888068675994873 -8.006243705749512
324 3.136533498764038 -7.7314839363098145
325 3.2761118412017822 -7.442924499511719
326 3.3770978450775146 -7.242096424102783
327 7.389089107513428 9.51223373413086
328 7.448400020599365 9.594367980957031
329 7.519745826721191 9.55125904083252
330 8.04089069366455 9.168636322021484
331 8.353203773498535 9.002619743347168
332 8.532206535339355 8.904680252075195
333 8.850505828857422 8.734670639038086
334 9.052708625793457 8.635563850402832
335 9.26459789276123 8.562893867492676
336 9.415905952453613 8.527787208557129
337 9.852874755859375 8.415719032287598
338 10.26761531829834 8.465768814086914
339 10.498750686645508 8.569109916687012
340 10.686930656433105 8.780187606811523
341 10.871609687805176 9.104538917541504
342 10.940760612487793 9.617622375488281
343 10.919952392578125 9.835453033447266
344 10.734723091125488 10.116816520690918
345 10.48492431640625 10.526824951171875
346 10.428925514221191 10.762653350830078
347 10.424744606018066 10.962032318115234
348 10.346831321716309 11.775825500488281
349 10.40806770324707 11.997665405273438
350 10.51583194732666 12.126810073852539
351 14.595525741577148 17.329660415649414
352 14.629975318908691 17.5825252532959
353 14.541638374328613 17.787599563598633
354 14.048001289367676 18.247840881347656
355 13.67164134979248 18.532230377197266
356 13.319811820983887 18.8327693939209
357 13.130525588989258 19.040502548217773
358 12.904829978942871 19.188840866088867
359 12.648847579956055 19.242311477661133
360 12.35330867767334 19.41697120666504
361 11.959000587463379 19.822052001953125
362 11.690582275390625 20.03290367126465
363 11.403181076049805 20.226442337036133
364 11.062356948852539 20.28549575805664
365 10.795567512512207 20.19501304626465
366 10.553300857543945 19.962003707885742
367 10.203083992004395 19.420724868774414
368 9.953265190124512 18.954967498779297
369 9.830470085144043 18.636850357055664
370 9.696922302246094 18.280433654785156
371 9.655248641967773 18.229761123657227
372 9.508852005004883 18.17186737060547
373 3.664917230606079 14.173166275024414
374 3.546143054962158 13.964273452758789
375 3.4989631175994873 13.73564338684082
376 3.463632345199585 13.4929838180542
377 3.5105326175689697 13.190815925598145
378 3.6375391483306885 12.98452377319336
379 3.6791582107543945 12.83535099029541
380 3.746812343597412 12.62869930267334
381 3.7497849464416504 12.411660194396973
382 3.4966280460357666 11.499725341796875
383 3.4167087078094482 11.226682662963867
384 3.3487651348114014 10.94748306274414
385 3.3565165996551514 10.74502944946289
386 4.537761211395264 8.228547096252441
387 4.748055934906006 7.9419732093811035
388 4.712137699127197 7.8364787101745605
389 5.786346912384033 -1.2109572887420654
390 5.867589950561523 -1.4051936864852905
391 6.151719570159912 -1.9692426919937134
392 6.424830436706543 -2.50024151802063
393 6.556644439697266 -2.7074742317199707
394 6.992624282836914 -3.027285575866699
395 7.232365131378174 -3.1273744106292725
396 7.412845134735107 -3.036423444747925
397 7.605801582336426 -2.7831149101257324
398 7.716285705566406 -2.4187607765197754
399 7.764013290405273 -2.0177242755889893
400 7.677648067474365 -1.0403481721878052
401 7.702342510223389 -0.8595696687698364
402 7.721641540527344 -0.7375629544258118
403 7.834851264953613 -0.6833117008209229
404 13.932268142700195 -0.6854722499847412
405 14.131884574890137 -0.637540340423584
406 14.210311889648438 -0.49159669876098633
407 14.28902816772461 -0.267691045999527
408 14.326988220214844 0.1310376077890396
409 14.287130355834961 0.4639010727405548
410 14.15722942352295 0.9918056130409241
411 13.98050308227539 1.3334685564041138
412 13.835701942443848 1.4760392904281616
413 13.660355567932129 1.5739691257476807
414 13.047730445861816 1.8244879245758057
415 12.537092208862305 2.0905098915100098
416 12.208621978759766 2.2225866317749023
417 12.070052146911621 2.2957019805908203
418 11.818607330322266 2.5157902240753174
419 11.718788146972656 2.6810083389282227
420 11.580766677856445 2.9497692584991455
421 11.35880184173584 3.2393412590026855
422 11.086555480957031 3.409522771835327
423 10.80744743347168 3.6386024951934814
424 10.630693435668945 4.019896507263184
425 10.55579948425293 4.383121967315674
426 10.416618347167969 4.721897125244141
427 10.277682304382324 5.074929714202881
428 10.110955238342285 5.594936847686768
429 10.067646026611328 5.7463788986206055
430 9.879608154296875 6.195557117462158
431 9.767450332641602 6.424249649047852
432 8.288331031799316 11.461852073669434
433 8.338299751281738 11.865422248840332
434 8.451040267944336 12.155208587646484
435 8.502850532531738 12.711801528930664
436 8.4818115234375 13.064552307128906
437 8.49421215057373 13.319418907165527
438 8.59714126586914 13.645856857299805
439 8.846441268920898 14.40546703338623
440 8.856511116027832 14.68221664428711
441 8.735501289367676 14.958277702331543
442 8.515023231506348 15.246996879577637
443 8.253658294677734 15.404129028320312
444 7.9988579750061035 15.571545600891113
445 7.679757595062256 15.839887619018555
446 7.490960597991943 16.124704360961914
447 7.397294521331787 16.524497985839844
448 7.350244998931885 17.155881881713867
449 7.273958206176758 17.392433166503906
450 7.191473960876465 17.56096076965332
451 7.177640438079834 17.92536735534668
452 7.252607345581055 18.190053939819336
453 7.335091590881348 18.3575382232666
454 7.557668685913086 18.695159912109375
455 7.689528465270996 18.86626625061035
456 7.921368598937988 19.188785552978516
457 8.143365859985352 19.58663558959961
458 8.433357238769531 20.186782836914062
459 8.425110816955566 20.349201202392578
460 8.321051597595215 20.47726821899414
461 8.048916816711426 20.69791603088379
462 7.658664226531982 20.891155242919922
463 7.3404107093811035 21.056798934936523
464 6.993042945861816 21.18844985961914
465 6.643482208251953 21.310806274414062
466 6.422840595245361 21.2781982421875
467 6.2075347900390625 21.15192413330078
468 5.740590572357178 20.857362747192383
469 5.355829238891602 20.56707191467285
470 5.104225158691406 20.49669075012207
471 4.976334571838379 20.425203323364258
472 4.683365821838379 20.39897346496582
473 4.191157817840576 20.45895767211914
474 3.861856698989868 20.3548641204834
475 3.4951603412628174 20.2025089263916
476 3.1287152767181396 20.165111541748047
477 2.7620320320129395 20.112186431884766
478 2.5025036334991455 20.246747970581055
479 2.4133400917053223 20.444820404052734
480 2.342292070388794 20.890369415283203
481 2.1261212825775146 21.51143455505371
482 1.903281807899475 22.061891555786133
483 1.6723670959472656 22.40869140625
484 1.3907606601715088 22.59205436706543
485 1.0648082494735718 22.784854888916016
486 0.7109584212303162 22.939348220825195
487 0.42362886667251587 23.02108383178711
488 0.14604277908802032 22.766386032104492
489 -0.15649059414863586 22.254499435424805
490 -0.24172180891036987 21.869583129882812
491 -0.24398790299892426 21.510894775390625
492 0.007721330039203167 20.83524513244629
493 0.0765053927898407 20.56151580810547
494 0.19415156543254852 20.193086624145508
495 0.34982818365097046 19.813369750976562
496 0.5171359777450562 19.797809600830078
497 0.8199566602706909 19.928163528442383
498 1.144025206565857 20.147085189819336
499 3.5775930881500244 22.428770065307617
500 3.6946656703948975 22.61656951904297
501 3.7845518589019775 22.841821670532227
502 3.940627336502075 23.549924850463867
503 4.039213180541992 23.94754409790039
504 4.140193939208984 24.107362747192383
505 4.380520343780518 24.436729431152344
506 4.6777424812316895 24.73830795288086
507 4.894201755523682 24.722965240478516
508 5.502551555633545 24.56830596923828
509 5.876027584075928 24.444190979003906
510 6.2432756423950195 24.42463493347168
511 6.7069411277771 24.52920913696289
512 7.132807731628418 24.64157485961914
513 7.597008228302002 24.72136116027832
514 7.970940113067627 24.715768814086914
515 8.376368522644043 24.759382247924805
516 8.726455688476562 24.817724227905273
517 9.090065002441406 24.886159896850586
518 9.912240028381348 24.89772605895996
519 10.100540161132812 24.859498977661133
520 10.460797309875488 24.76599884033203
521 10.794100761413574 24.68024444580078
522 11.165910720825195 24.51654624938965
523 11.425775527954102 24.35700798034668
524 11.69805908203125 24.168838500976562
525 12.022514343261719 23.90868377685547
526 12.350412368774414 23.56740379333496
527 12.65491771697998 23.234092712402344
528 12.890302658081055 23.065914154052734
529 13.486959457397461 22.779476165771484
530 14.09823226928711 22.594097137451172
531 14.429364204406738 22.439802169799805
532 14.878252029418945 22.206741333007812
533 15.406106948852539 21.8828067779541
534 15.736882209777832 21.642276763916016
535 16.156051635742188 21.29899024963379
536 16.46734619140625 20.853425979614258
537 16.83628273010254 20.292339324951172
538 17.06972885131836 19.962188720703125
539 17.445018768310547 19.302392959594727
540 17.648906707763672 18.807819366455078
541 17.74871826171875 18.390668869018555
542 17.786787033081055 17.768808364868164
543 17.857921600341797 17.364099502563477
544 17.914688110351562 17.072860717773438
545 17.916584014892578 16.843847274780273
546 17.834810256958008 16.560802459716797
547 17.711769104003906 16.270627975463867
548 15.262094497680664 12.077390670776367
549 15.212472915649414 11.879582405090332
550 15.165510177612305 11.779195785522461
551 0.26327577233314514 9.263168334960938
552 0.21195288002490997 8.960891723632812
553 0.2646335959434509 8.802204132080078
554 0.46493133902549744 8.723550796508789
555 0.893387496471405 8.835074424743652
556 1.421383023262024 9.124300003051758
557 1.6054872274398804 9.187557220458984
558 1.9533886909484863 9.217329978942871
559 2.1816720962524414 9.265058517456055
560 2.4810478687286377 9.259038925170898
561 3.1318118572235107 9.030500411987305
562 3.2474992275238037 8.959535598754883
563 3.4322333335876465 8.819734573364258
564 3.6142494678497314 8.705178260803223
565 6.317924499511719 7.251940727233887
566 6.52518892288208 7.183750152587891
567 7.05860710144043 6.944547176361084
568 7.312332630157471 6.7014384269714355
569 7.47291898727417 6.474130153656006
570 7.665048122406006 6.201550006866455
571 7.830517768859863 5.965688228607178
572 7.896472930908203 5.822511672973633
573 26.44930648803711 3.0731446743011475
574 26.430011749267578 3.2049460411071777
575 26.31874656677246 3.5484797954559326
576 26.149032592773438 3.9016003608703613
577 25.93536949157715 4.150517463684082
578 25.595911026000977 4.404051303863525
579 24.90252113342285 4.71574068069458
580 24.623952865600586 4.809543609619141
581 24.077932357788086 4.907742500305176
582 23.38479232788086 4.9152302742004395
583 23.035972595214844 4.820018291473389
584 22.6991024017334 4.526269912719727
585 22.562740325927734 4.304830551147461
586 22.548765182495117 3.8953938484191895
587 22.751996994018555 3.321924924850464
588 22.845008850097656 3.2257080078125
589 23.00322723388672 2.9139506816864014
590 23.372655868530273 2.418661594390869
591 23.61716079711914 2.035065174102783
592 23.58121109008789 1.8431309461593628
593 23.4659366607666 1.6857606172561646
594 22.929044723510742 1.660834550857544
595 22.522628784179688 1.7303519248962402
596 21.857667922973633 1.9213194847106934
597 21.65540313720703 1.8809247016906738
598 21.38681411743164 1.4955745935440063
599 21.11798095703125 1.1206892728805542
600 20.975244522094727 0.9230204224586487
601 20.849140167236328 0.630391001701355
602 20.67245101928711 0.36250996589660645
603 20.417856216430664 0.10015785694122314
604 20.041973114013672 -0.34390977025032043
605 19.680421829223633 -0.5964228510856628
606 19.559051513671875 -0.5445957183837891
607 19.34817886352539 -0.3369128108024597
608 19.25919532775879 -0.030861956998705864
609 19.14532470703125 0.7137904763221741
610 19.048065185546875 1.098240613937378
611 19.009817123413086 1.2486861944198608
612 18.85190773010254 1.7283942699432373
613 18.660615921020508 2.237349271774292
614 18.557228088378906 2.587109327316284
615 18.558862686157227 2.902362585067749
616 18.56270408630371 3.2379167079925537
617 18.557907104492188 3.5173346996307373
618 18.603940963745117 3.8590731620788574
619 18.79582405090332 4.107454299926758
620 18.949878692626953 4.2402873039245605
621 19.209543228149414 4.401519298553467
622 19.49217414855957 4.466550827026367
623 19.56881332397461 4.568911552429199
624 -0.18387894332408905 4.373935222625732
625 -0.282904714345932 4.673975467681885
626 -0.3413012623786926 4.747560977935791
627 -0.3971065878868103 5.129289627075195
628 -0.5185878872871399 5.640882968902588
629 -0.5645939707756042 5.931573867797852
630 -0.6043925285339355 6.27128791809082
631 -0.7195239067077637 6.625909328460693
632 -1.0294499397277832 6.950549125671387
633 -1.6066501140594482 7.120974540710449
634 -1.8052978515625 7.0330400466918945
635 -2.223994493484497 6.643237113952637
636 -2.5496826171875 6.372363090515137
637 -2.8023879528045654 6.04588508605957
638 -2.8304929733276367 5.799322128295898
639 -2.841784954071045 5.339821815490723
640 -2.8206865787506104 4.729880332946777
641 -2.7538347244262695 4.14157247543335
642 -2.7816262245178223 3.8508362770080566
643 -2.900508403778076 3.557328462600708
644 -3.448845624923706 3.0631625652313232
645 -3.8216888904571533 2.9697232246398926
646 -4.136079788208008 2.95198655128479
647 -4.468773365020752 3.033137321472168
648 -4.676039218902588 3.125990629196167
649 -4.929226398468018 3.5140373706817627
650 -5.195875644683838 3.817018985748291
651 -5.411216735839844 4.055010795593262
652 -5.716498374938965 4.372478485107422
653 -5.878166198730469 4.588158130645752
654 -5.9455342292785645 4.772355556488037
655 5.66398286819458 13.886199951171875
656 5.6947712898254395 14.051788330078125
657 5.850773334503174 14.403980255126953
658 5.895488262176514 14.623022079467773
659 5.729181289672852 14.811924934387207
660 5.482138156890869 15.134474754333496
661 5.310663223266602 15.439924240112305
662 5.216439723968506 15.62988567352295
663 5.075005531311035 15.730728149414062
664 4.949808597564697 15.778251647949219
665 1.8961944580078125 12.43107795715332
666 1.699866771697998 12.194356918334961
667 1.560837745666504 12.055105209350586
668 1.2830593585968018 11.695704460144043
669 1.0777634382247925 11.45037841796875
670 0.8893541097640991 11.108545303344727
671 0.7401047945022583 10.795092582702637
672 1.2102184295654297 5.667027473449707
673 1.3827309608459473 5.389487266540527
674 1.6075791120529175 5.163127899169922
675 1.7639451026916504 4.7638139724731445
676 1.7687163352966309 4.563358783721924
677 1.6596704721450806 4.2007317543029785
678 1.5820982456207275 3.9318225383758545
679 1.652648687362671 3.7433266639709473
680 2.255319356918335 3.128520965576172
681 2.1964638233184814 2.914358377456665
682 2.0828421115875244 2.676243782043457
683 1.618981122970581 2.4621334075927734
684 1.2715089321136475 2.381523370742798
685 1.0378752946853638 2.24283504486084
686 0.681950569152832 2.0154523849487305
687 0.453352689743042 1.77767014503479
688 0.38289275765419006 1.6308890581130981
689 0.30785658955574036 1.4385353326797485
690 -1.1685272455215454 -3.4149560928344727
691 -1.3663935661315918 -3.9548513889312744
692 -1.4919503927230835 -4.403794765472412
693 -1.5777158737182617 -4.775175094604492
694 -1.6671879291534424 -5.063950538635254
695 -1.6810990571975708 -5.287766456604004
696 -1.746335506439209 -5.535892486572266
697 -1.7894338369369507 -5.7735490798950195
698 -1.7688709497451782 -5.926827907562256
699 16.3503360748291 0.7207005620002747
700 16.415525436401367 0.5756419897079468
701 16.59844398498535 0.3079535961151123
702 16.67831802368164 0.1779792457818985
703 16.713333129882812 -0.12227120250463486
704 16.91857147216797 -0.7985519766807556
705 16.939313888549805 -1.1021509170532227
706 16.941871643066406 -1.3868763446807861
707 16.823211669921875 -2.1774942874908447
708 16.694114685058594 -2.3801305294036865
709 16.355066299438477 -2.8959403038024902
710 16.14539337158203 -3.2876319885253906
711 16.030248641967773 -3.5859525203704834
712 15.933757781982422 -3.989086866378784
713 15.867560386657715 -4.370845317840576
714 15.849689483642578 -4.970959186553955
715 15.986771583557129 -5.328084945678711
716 16.290672302246094 -5.5746846199035645
717 16.645843505859375 -5.671818256378174
718 17.29804039001465 -5.618752956390381
719 17.602462768554688 -5.531365394592285
720 17.868104934692383 -5.365026950836182
721 18.169713973999023 -5.060547351837158
722 18.449234008789062 -4.801530838012695
723 18.63484001159668 -4.263398170471191
724 18.732318878173828 -4.039276123046875
725 18.773862838745117 -3.76405668258667
726 18.678300857543945 -3.3194005489349365
727 18.54041290283203 -3.111689567565918
728 18.414222717285156 -3.083221435546875
729 16.334566116333008 -7.845129489898682
730 16.21537971496582 -8.104836463928223
731 16.0307559967041 -8.244683265686035
732 15.778757095336914 -8.3951997756958
733 15.454907417297363 -8.582294464111328
734 15.201642990112305 -8.647255897521973
735 14.337403297424316 3.2984633445739746
736 14.359790802001953 3.4840457439422607
737 14.337900161743164 3.8216817378997803
738 14.073163986206055 4.134761333465576
739 13.750489234924316 4.355441570281982
740 13.579380989074707 4.452416896820068
741 13.29260540008545 4.508468151092529
742 13.083048820495605 4.579377174377441
743 12.900317192077637 4.712030410766602
744 20.843006134033203 6.285423278808594
745 20.99784278869629 6.330045700073242
746 21.3914737701416 6.494659900665283
747 21.68329429626465 6.65289831161499
748 22.155921936035156 6.917251110076904
749 22.38802719116211 7.085495471954346
750 22.55044937133789 7.258817672729492
751 22.894371032714844 7.416484832763672
752 23.412437438964844 7.485969543457031
753 23.85980796813965 7.553518772125244
754 24.234725952148438 7.671355724334717
755 24.420392990112305 7.747317790985107
756 24.619569778442383 7.79620361328125
757 25.036540985107422 7.8318867683410645
758 25.439958572387695 7.7713422775268555
759 25.77302360534668 7.666810989379883
760 26.059694290161133 7.557358741760254
761 26.397314071655273 7.425410270690918
762 26.908418655395508 7.222276210784912
763 27.370553970336914 6.994356632232666
764 27.999130249023438 6.635652542114258
765 28.2724552154541 6.5036516189575195
766 28.715940475463867 6.348484516143799
767 28.987844467163086 6.246029376983643
768 29.17131233215332 6.132567882537842
769 29.539993286132812 5.792209148406982
770 29.722440719604492 5.447871685028076
771 29.692859649658203 5.161148548126221
772 29.6057071685791 4.794872760772705
773 29.627609252929688 4.4196600914001465
774 29.72378158569336 3.8853163719177246
775 29.848665237426758 3.6456687450408936
776 29.975942611694336 3.443953275680542
777 30.22710609436035 2.8074169158935547
778 30.32713508605957 2.5211620330810547
779 30.333349227905273 2.3745129108428955
780 30.281803131103516 2.2724711894989014
781 5.052187919616699 -4.446914196014404
782 4.859755992889404 -4.564631938934326
783 4.515816688537598 -4.778319358825684
784 4.103607654571533 -4.913813591003418
785 3.8014414310455322 -4.950558662414551
786 3.5817666053771973 -4.916320323944092
787 3.106869697570801 -4.6577324867248535
788 2.6460580825805664 -4.321144104003906
789 2.584163188934326 -4.176392078399658
790 2.6655445098876953 -4.0155415534973145
791 2.766021966934204 -3.7403953075408936
792 2.929509401321411 -3.495431900024414
793 3.2988715171813965 -2.917954206466675
794 3.4633378982543945 -2.7247402667999268
795 3.7336549758911133 -2.4958577156066895
796 4.019136905670166 -2.291372060775757
797 16.7528076171875 8.254258155822754
798 16.779144287109375 8.38233470916748
799 16.814064025878906 8.654650688171387
800 16.885244369506836 8.894311904907227
801 16.979568481445312 9.383179664611816
802 17.054752349853516 9.817846298217773
803 16.99083137512207 10.115076065063477
804 16.829086303710938 10.412866592407227
805 16.617813110351562 10.604852676391602
806 16.458189010620117 10.69730281829834
807 16.175012588500977 10.914629936218262
808 13.476800918579102 14.128647804260254
809 13.329124450683594 14.350931167602539
810 13.322067260742188 14.604373931884766
811 13.552891731262207 14.928210258483887
812 13.861841201782227 15.319694519042969
813 13.942390441894531 15.434138298034668
814 14.148255348205566 15.446401596069336
815 14.968059539794922 15.450489044189453
816 15.246006965637207 15.373323440551758
817 15.403341293334961 15.241802215576172
818 15.629159927368164 14.921420097351074
819 15.73013973236084 14.656254768371582
820 15.909211158752441 14.452736854553223
821 16.02661895751953 14.384393692016602
822 16.308080673217773 14.32544231414795
823 16.583948135375977 14.226689338684082
824 16.94256591796875 14.105318069458008
825 17.131885528564453 13.85851001739502
826 17.497220993041992 13.23969554901123
827 17.649137496948242 12.974318504333496
828 17.99740982055664 12.47255802154541
829 18.16208267211914 12.216811180114746
830 18.528427124023438 11.826519966125488
831 18.73932647705078 11.572530746459961
832 18.90887451171875 11.332052230834961
833 19.219404220581055 10.947153091430664
834 19.411529541015625 10.641400337219238
835 19.48763084411621 10.313157081604004
836 19.51276397705078 9.783162117004395
837 19.54549789428711 9.447972297668457
838 19.55989646911621 8.780531883239746
839 19.49542236328125 8.522768020629883
840 19.357559204101562 8.039722442626953
841 19.151643753051758 7.694286346435547
842 18.901588439941406 7.362680912017822
843 18.70341682434082 7.063394069671631
844 18.446571350097656 6.805526256561279
845 18.152278900146484 6.541445732116699
846 17.829580307006836 6.385364055633545
847 17.515499114990234 6.3076491355896
848 17.207548141479492 6.281515598297119
849 13.818848609924316 6.263405799865723
850 13.72628116607666 6.227087020874023
851 13.127644538879395 6.233480453491211
852 12.408881187438965 6.349733352661133
853 12.19005298614502 6.455915927886963
854 12.004436492919922 6.73761510848999
855 11.978639602661133 7.163222312927246
856 12.15536880493164 7.649381160736084
857 12.468174934387207 8.104279518127441
858 12.722731590270996 8.340041160583496
859 13.202315330505371 8.729990005493164
860 13.503944396972656 8.938603401184082
861 13.82177734375 9.259689331054688
862 13.9359130859375 9.467440605163574
863 13.944428443908691 9.673805236816406
864 13.752154350280762 9.801761627197266
865 13.379568099975586 9.989776611328125
866 12.972016334533691 10.17337703704834
867 12.768359184265137 10.197948455810547
868 12.503071784973145 10.133989334106445
869 -7.304710388183594 14.076229095458984
870 -7.317821025848389 14.008126258850098
871 -7.291284084320068 13.864916801452637
872 -7.181314945220947 13.563040733337402
873 -6.926627159118652 12.97517204284668
874 -6.827173233032227 12.763752937316895
875 -6.700727462768555 12.4826021194458
876 -6.599803447723389 12.270033836364746
877 -6.567041873931885 12.044567108154297
878 3.165778160095215 1.4138963222503662
879 3.311136245727539 1.2776752710342407
880 3.456995725631714 1.1772414445877075
881 3.905707597732544 0.9309630990028381
882 4.164323329925537 0.7206072211265564
883 4.168931007385254 0.45627593994140625
884 4.083230972290039 0.1240355521440506
885 3.93489933013916 -0.04291870817542076
886 3.5830390453338623 -0.16903117299079895
887 3.143766164779663 -0.25332534313201904
888 2.8549983501434326 -0.2548973858356476
889 2.3206253051757812 -0.27312082052230835
890 2.0040059089660645 -0.4263961911201477
891 1.816414475440979 -0.634077250957489
892 1.6933237314224243 -0.8522194027900696
893 1.5820317268371582 -1.1385722160339355
894 1.401260256767273 -1.5319730043411255
895 1.215593934059143 -1.6074645519256592
896 0.5731080770492554 -1.443329095840454
897 -0.11021053791046143 -1.3771953582763672
898 -0.48115015029907227 -1.306888222694397
899 -0.7872017025947571 -1.2762926816940308
900 -0.9150050282478333 -1.1183089017868042
901 -1.0994659662246704 -0.7805150151252747
902 -1.4201951026916504 -0.4363284111022949
903 -1.7565208673477173 -0.16221237182617188
904 -1.9518048763275146 0.07424890995025635
905 -2.1030209064483643 0.36542248725891113
906 -2.0791449546813965 0.7303314805030823
907 -2.0730066299438477 0.9748049974441528
908 -2.1203811168670654 1.2782670259475708
909 -2.175673484802246 1.4693267345428467
910 -5.086938381195068 7.493370056152344
911 -5.142857551574707 7.858159065246582
912 -5.154057025909424 8.342499732971191
913 -5.116636753082275 8.841719627380371
914 -5.068807125091553 9.340513229370117
915 -5.018705368041992 9.560606002807617
916 -4.815534591674805 9.786514282226562
917 -4.6173224449157715 9.950774192810059
918 -4.334279537200928 9.924036026000977
919 -3.937638282775879 9.919939041137695
920 -3.3617632389068604 9.90104866027832
921 -3.1236836910247803 9.85063362121582
922 -2.6516170501708984 9.640987396240234
923 -2.4036526679992676 9.490991592407227
924 -2.0230321884155273 9.350726127624512
925 -1.6425505876541138 9.335152626037598
926 -1.495360255241394 9.48294448852539
927 -1.3486953973770142 9.908085823059082
928 -1.2398183345794678 10.348182678222656
929 -1.1098827123641968 10.507336616516113
930 10.501737594604492 14.25899600982666
931 10.717342376708984 14.288315773010254
932 10.981112480163574 14.099312782287598
933 11.323453903198242 13.66650390625
934 11.546198844909668 13.461187362670898
935 11.836156845092773 13.269272804260254
936 12.194615364074707 13.031604766845703
937 12.677998542785645 12.725085258483887
938 12.921418190002441 12.530588150024414
939 13.065958023071289 12.324983596801758
940 13.29680347442627 11.908506393432617
941 13.329463005065918 11.78878402709961
942 8.907251358032227 -8.854493141174316
943 8.709452629089355 -8.812012672424316
944 8.426888465881348 -8.69737720489502
945 8.24392032623291 -8.596508026123047
946 8.028630256652832 -8.37214183807373
947 7.903646945953369 -8.183180809020996
948 7.806583881378174 -7.899110317230225
949 7.472933292388916 -6.160461902618408
950 7.486505508422852 -5.862565994262695
951 7.5616607666015625 -5.684500217437744
952 7.812117576599121 -5.40958833694458
953 8.162882804870605 -5.19292688369751
954 8.751992225646973 -4.818531513214111
955 9.09121322631836 -4.5720624923706055
956 9.531146049499512 -4.3521223068237305
957 9.862574577331543 -4.219253063201904
958 10.07579517364502 -4.163580417633057
959 15.962701797485352 2.975389242172241
960 16.248796463012695 3.3948028087615967
961 16.370559692382812 3.640925645828247
962 16.39655113220215 3.917357921600342
963 16.298500061035156 4.252476692199707
964 16.20355224609375 4.622100830078125
965 16.106557846069336 5.053056716918945
966 16.03805160522461 5.481905460357666
967 15.779711723327637 6.063719272613525
968 15.650317192077637 6.374122142791748
969 15.476043701171875 6.713499546051025
970 15.165504455566406 7.118801116943359
971 14.990354537963867 7.304339408874512
972 14.82399845123291 7.445174694061279
973 1.2561087608337402 7.365560531616211
974 1.3228557109832764 7.231976509094238
975 1.4669833183288574 7.135438442230225
976 1.6393715143203735 7.085297107696533
977 2.117952823638916 7.041466236114502
978 2.8703205585479736 6.985647201538086
979 3.0825161933898926 6.902849197387695
980 3.0612196922302246 6.389256000518799
981 3.167588949203491 6.221659183502197
982 3.5575778484344482 6.116754055023193
983 3.9601399898529053 6.150825500488281
984 4.262146949768066 6.183421611785889
985 4.670694351196289 6.239152908325195
986 4.816734790802002 6.1772332191467285
987 4.904356002807617 5.938983917236328
988 5.064923286437988 5.637410640716553
989 5.245310306549072 5.342630386352539
990 6.192299842834473 1.4749791622161865
991 6.384233474731445 1.244544506072998
992 6.784212112426758 1.0384869575500488
993 6.961642265319824 0.9132641553878784
994 7.216128349304199 0.9859815239906311
995 7.402273654937744 1.1929664611816406
996 7.548749923706055 1.8587275743484497
997 7.58403205871582 2.011157512664795
998 7.6539459228515625 2.1142401695251465
999 7.700258255004883 2.114485502243042
