0 -22.24862289428711 -26.525066375732422
1 -22.44577407836914 -26.594057083129883
2 -22.85834312438965 -26.852649688720703
3 -23.072900772094727 -26.929407119750977
4 -23.610851287841797 -27.02008628845215
5 -24.279321670532227 -27.14275550842285
6 -24.665586471557617 -27.222911834716797
7 -24.89263343811035 -27.15248680114746
8 -25.100175857543945 -27.066986083984375
9 -25.2963924407959 -26.87436866760254
10 -25.248506546020508 -26.526092529296875
11 -25.18560791015625 -26.04155921936035
12 -25.145959854125977 -25.767446517944336
13 -25.30018424987793 -25.57740592956543
14 -25.428464889526367 -25.32897186279297
15 -25.415613174438477 -25.13114356994629
16 -25.130828857421875 -24.976184844970703
17 -24.379947662353516 -24.690628051757812
18 -24.269567489624023 -24.677339553833008
19 -23.9472713470459 -24.431310653686523
20 -23.63963508605957 -24.192167282104492
21 -23.3941707611084 -24.054725646972656
22 -23.16678810119629 -23.948238372802734
23 -22.893644332885742 -23.914161682128906
24 -22.412757873535156 -23.913440704345703
25 -22.173343658447266 -23.910127639770508
26 -21.326183319091797 -24.125701904296875
27 -20.93028450012207 -24.206972122192383
28 -20.400930404663086 -24.28973960876465
29 -19.66279411315918 -24.411792755126953
30 -19.29522705078125 -24.3890323638916
31 -18.889907836914062 -24.325647354125977
32 -18.2434139251709 -24.224430084228516
33 -18.020788192749023 -24.196643829345703
34 -17.700448989868164 -24.103660583496094
35 -17.106773376464844 -24.076942443847656
36 -16.806989669799805 -24.070310592651367
37 -16.5098934173584 -24.039133071899414
38 -16.077014923095703 -24.011329650878906
39 -15.557243347167969 -23.936771392822266
40 -15.268308639526367 -23.94011688232422
41 -14.993098258972168 -24.050718307495117
42 -14.59290885925293 -24.24117088317871
43 -14.023067474365234 -24.43194007873535
44 -13.77720832824707 -24.513673782348633
45 -13.49661922454834 -24.67722511291504
46 -13.214484214782715 -24.82603645324707
47 -12.809576034545898 -24.991535186767578
48 -12.53225326538086 -24.96881866455078
49 -12.22515869140625 -24.917686462402344
50 -4.913259506225586 -17.449600219726562
51 -4.830412864685059 -17.187162399291992
52 -4.828627586364746 -16.93854331970215
53 -4.822270393371582 -16.588605880737305
54 -4.862850189208984 -16.28758430480957
55 -5.011609077453613 -15.839491844177246
56 -5.218314170837402 -15.550810813903809
57 -5.3848419189453125 -15.277217864990234
58 -5.343575954437256 -15.06529712677002
59 -5.260092258453369 -14.740286827087402
60 -5.181821346282959 -14.245104789733887
61 -5.020754337310791 -14.015552520751953
62 -4.733683109283447 -13.686542510986328
63 -4.575390338897705 -13.441995620727539
64 -4.519339084625244 -13.116345405578613
65 -4.4745869636535645 -12.825864791870117
66 -4.40885591506958 -12.42940616607666
67 -4.380576133728027 -12.115334510803223
68 -4.239896774291992 -11.401775360107422
69 -4.316148281097412 -11.116880416870117
70 -4.641382694244385 -10.593585014343262
71 -4.875226020812988 -10.607351303100586
72 -5.073633670806885 -10.692687034606934
73 -6.267848491668701 -11.302746772766113
74 -6.534891128540039 -11.520672798156738
75 -6.946713447570801 -12.171060562133789
76 -6.992493629455566 -12.401396751403809
77 -6.864274501800537 -12.59008502960205
78 -6.556332111358643 -12.727449417114258
79 -2.636613368988037 -12.406460762023926
80 -2.4026105403900146 -12.360557556152344
81 -1.6956156492233276 -12.366158485412598
82 -1.5398050546646118 -12.359317779541016
83 -1.3500136137008667 -12.4242582321167
84 -1.0314358472824097 -12.63073444366455
85 -0.9134702086448669 -12.91992473602295
86 -0.940622091293335 -13.376138687133789
87 -0.9840196371078491 -13.800362586975098
88 -1.1359329223632812 -14.250185012817383
89 -1.3093907833099365 -14.666839599609375
90 -1.3862532377243042 -14.972192764282227
91 -1.349455714225769 -15.108027458190918
92 -1.1338858604431152 -15.28108024597168
93 -0.7016545534133911 -15.5131196975708
94 -0.4787479639053345 -15.734033584594727
95 -0.44943007826805115 -16.01202964782715
96 -0.608812689781189 -16.605798721313477
97 -0.6875912547111511 -16.743188858032227
98 -0.909660816192627 -17.01113510131836
99 -1.1879249811172485 -17.41084861755371
100 -1.445465326309204 -17.7987117767334
101 -1.6628748178482056 -18.062210083007812
102 -2.2685399055480957 -18.359956741333008
103 -2.531508445739746 -18.495023727416992
104 -2.602987289428711 -18.548940658569336
105 -2.3912394046783447 -18.933443069458008
106 -2.263062000274658 -19.318851470947266
107 -2.0814998149871826 -19.862506866455078
108 -1.9180734157562256 -20.074888229370117
109 -1.6978622674942017 -20.081815719604492
110 -1.4977067708969116 -20.10755157470703
111 -1.3344544172286987 -19.963977813720703
112 -0.8589885830879211 -19.76140022277832
113 -0.4921039342880249 -19.633535385131836
114 0.0887460857629776 -19.278451919555664
115 0.8771103620529175 -18.804601669311523
116 1.2798914909362793 -18.480880737304688
117 1.596031904220581 -18.398149490356445
118 2.042579174041748 -18.30507469177246
119 2.2067031860351562 -18.480756759643555
120 2.405982255935669 -18.976598739624023
121 2.379965305328369 -19.18218994140625
122 1.8900425434112549 -19.876005172729492
123 1.549588918685913 -20.539199829101562
124 1.449276089668274 -20.98575782775879
125 1.3621134757995605 -21.155519485473633
126 1.2232109308242798 -21.68219757080078
127 1.182079553604126 -22.054195404052734
128 1.2261918783187866 -22.501455307006836
129 1.2030081748962402 -22.861026763916016
130 1.1200618743896484 -23.11438751220703
131 0.8832529187202454 -23.210878372192383
132 0.20697596669197083 -23.043312072753906
133 -0.1392093151807785 -22.925779342651367
134 -0.3867413103580475 -22.797382354736328
135 -0.8326430916786194 -22.56455421447754
136 -1.3828727006912231 -22.465831756591797
137 -1.547921895980835 -22.434843063354492
138 -2.065605401992798 -22.607200622558594
139 -2.6369731426239014 -22.842252731323242
140 -2.9380760192871094 -23.015655517578125
141 -3.167457342147827 -23.143327713012695
142 -3.368731737136841 -23.152568817138672
143 -3.638025999069214 -23.181493759155273
144 -4.009141445159912 -23.321407318115234
145 -4.389499664306641 -23.625301361083984
146 -4.943020343780518 -24.07193374633789
147 -5.452531337738037 -24.51923179626465
148 -5.615845680236816 -24.77831268310547
149 -5.66815710067749 -24.96550941467285
150 -5.5532073974609375 -25.053035736083984
151 -5.033570766448975 -25.12464714050293
152 -4.587642669677734 -25.036346435546875
153 -4.084234237670898 -25.059978485107422
154 -3.695754051208496 -25.08614730834961
155 -3.252225637435913 -25.09409523010254
156 -2.8104045391082764 -25.07975959777832
157 -2.3824703693389893 -24.940393447875977
158 -2.0012307167053223 -24.919218063354492
159 -1.6676417589187622 -24.938518524169922
160 -0.8607403635978699 -25.092708587646484
161 -0.4625886380672455 -25.210025787353516
162 -0.3542347550392151 -25.369333267211914
163 -0.42742881178855896 -25.812725067138672
164 -0.5633951425552368 -26.189313888549805
165 -0.7741621732711792 -26.45069694519043
166 -0.9884384274482727 -26.607370376586914
167 -1.241211175918579 -26.726205825805664
168 -1.8273470401763916 -27.043136596679688
169 -2.118483304977417 -27.166887283325195
170 -2.4438116550445557 -27.27735710144043
171 -3.1934359073638916 -27.5245418548584
172 -3.4796159267425537 -27.45699691772461
173 -3.7735798358917236 -27.30984115600586
174 -4.111781597137451 -27.216236114501953
175 -4.5545477867126465 -27.136783599853516
176 -4.72397518157959 -27.151378631591797
177 -4.798346996307373 -27.03923797607422
178 -4.862860202789307 -26.73051643371582
179 -4.827012062072754 -26.50166130065918
180 -3.7591207027435303 -21.499109268188477
181 -3.884718179702759 -21.413177490234375
182 -4.1028733253479 -21.294631958007812
183 -4.430814743041992 -21.16287612915039
184 -4.7270097732543945 -20.943416595458984
185 -4.855948448181152 -20.982131958007812
186 -5.00129508972168 -21.19809913635254
187 -5.231689453125 -21.554489135742188
188 -5.451418876647949 -21.785776138305664
189 -5.656478404998779 -22.0477352142334
190 -5.752559661865234 -22.231731414794922
191 -4.3994574546813965 -29.706069946289062
192 -4.561526775360107 -30.2143497467041
193 -4.713769435882568 -30.519001007080078
194 -4.982172012329102 -30.834056854248047
195 -5.52332878112793 -31.177310943603516
196 -5.786532878875732 -31.25274658203125
197 -6.085259914398193 -31.20918846130371
198 -6.295125484466553 -31.020891189575195
199 -6.595571517944336 -30.66498565673828
200 -7.027530670166016 -30.174158096313477
201 -7.187427520751953 -29.96164894104004
202 -7.310948848724365 -29.823028564453125
203 -7.564950942993164 -29.411272048950195
204 -7.689808368682861 -29.18278694152832
205 -6.952439785003662 -19.9398136138916
206 -6.892877578735352 -19.74595832824707
207 -6.819699764251709 -19.276763916015625
208 -6.8505635261535645 -19.074825286865234
209 -7.168880462646484 -18.800207138061523
210 -7.491607189178467 -18.541093826293945
211 -7.623207092285156 -18.300025939941406
212 -7.821159839630127 -17.708070755004883
213 -7.983724594116211 -17.3087215423584
214 -8.084442138671875 -17.06402015686035
215 -8.306144714355469 -16.839111328125
216 -8.57968807220459 -16.620220184326172
217 -8.90656566619873 -16.321508407592773
218 -9.05726432800293 -16.122190475463867
219 -9.373984336853027 -16.156482696533203
220 -9.70868968963623 -16.305952072143555
221 -9.807737350463867 -16.55028533935547
222 -9.965509414672852 -16.852279663085938
223 -10.232576370239258 -17.147747039794922
224 -10.682490348815918 -17.738269805908203
225 -10.987467765808105 -18.000059127807617
226 -11.712327003479004 -18.48907470703125
227 -11.86520004272461 -18.610885620117188
228 -12.10790729522705 -18.8402156829834
229 -12.449895858764648 -19.156719207763672
230 -12.66923713684082 -19.33146858215332
231 -12.86008358001709 -19.51934814453125
232 -13.038037300109863 -19.685531616210938
233 -13.155839920043945 -19.85440444946289
234 -13.49299144744873 -20.257463455200195
235 -13.834981918334961 -20.774831771850586
236 -13.84152889251709 -20.957435607910156
237 -13.509230613708496 -21.193063735961914
238 -12.698945999145508 -21.44045639038086
239 -11.84721565246582 -21.678468704223633
240 -11.378742218017578 -21.802810668945312
241 -11.04893970489502 -21.812376022338867
242 -10.419983863830566 -21.735511779785156
243 -10.227649688720703 -21.639286041259766
244 -10.152393341064453 -21.191558837890625
245 -10.190387725830078 -20.49079704284668
246 -10.193690299987793 -20.047285079956055
247 -10.186783790588379 -19.814720153808594
248 -11.98813533782959 -16.322105407714844
249 -12.194741249084473 -16.088224411010742
250 -12.394034385681152 -16.06871223449707
251 -13.529378890991211 -16.514890670776367
252 -13.948338508605957 -16.80257225036621
253 -15.002273559570312 -17.689769744873047
254 -15.326367378234863 -18.02906036376953
255 -15.631068229675293 -18.272382736206055
256 -15.973872184753418 -18.487506866455078
257 -16.207876205444336 -18.595823287963867
258 -16.49415397644043 -18.62592887878418
259 -17.121826171875 -19.064640045166016
260 -17.40814781188965 -19.186098098754883
261 -17.729772567749023 -19.177194595336914
262 -18.74510383605957 -19.132055282592773
263 -19.121652603149414 -19.223379135131836
264 -19.428539276123047 -19.49782943725586
265 -19.432472229003906 -19.925251007080078
266 -19.324756622314453 -20.164609909057617
267 -19.17923355102539 -20.45220375061035
268 -19.098037719726562 -20.590620040893555
269 -18.814411163330078 -21.244977951049805
270 -18.68575668334961 -21.50808334350586
271 -15.4232759475708 -27.73609161376953
272 -15.4407320022583 -27.879953384399414
273 -15.71965217590332 -28.199316024780273
274 -16.049480438232422 -28.277803421020508
275 -16.646127700805664 -28.003843307495117
276 -16.897512435913086 -27.824298858642578
277 -17.09505844116211 -27.61566162109375
278 -21.59188461303711 -21.574308395385742
279 -21.798503875732422 -21.508304595947266
280 -22.09033203125 -21.464088439941406
281 -22.464967727661133 -21.384801864624023
282 -23.044315338134766 -21.263893127441406
283 -23.626380920410156 -21.19001579284668
284 -24.162118911743164 -21.05376625061035
285 -24.697628021240234 -20.942031860351562
286 -25.066946029663086 -20.90135383605957
287 -25.55016326904297 -20.91322898864746
288 -26.39717674255371 -20.555419921875
289 -26.632169723510742 -20.289886474609375
290 -26.630666732788086 -19.98881721496582
291 -26.42856788635254 -19.08441734313965
292 -26.35061264038086 -18.716278076171875
293 -26.289644241333008 -18.301843643188477
294 -26.244815826416016 -17.869447708129883
295 -26.277095794677734 -17.478771209716797
296 -26.335227966308594 -17.24224853515625
297 -26.45394515991211 -17.096614837646484
298 -27.131084442138672 -16.798023223876953
299 -27.564224243164062 -16.68404769897461
300 -27.863067626953125 -16.66057586669922
301 -28.24652099609375 -16.651384353637695
302 -28.755300521850586 -16.512182235717773
303 -28.945701599121094 -16.308780670166016
304 -28.969650268554688 -15.951528549194336
305 -28.97440528869629 -15.624786376953125
306 -29.01418113708496 -15.43251895904541
307 -28.893844604492188 -15.14566707611084
308 -28.59433364868164 -14.788755416870117
309 -28.40247344970703 -14.56431770324707
310 -28.2266845703125 -14.385721206665039
311 -27.86648178100586 -14.041763305664062
312 -27.62748146057129 -13.776277542114258
313 -27.282550811767578 -13.565398216247559
314 -26.95076560974121 -13.530893325805664
315 -26.66326904296875 -13.584463119506836
316 -26.44398307800293 -13.542685508728027
317 -26.006540298461914 -13.33436107635498
318 -25.404747009277344 -13.091666221618652
319 -25.022884368896484 -12.976649284362793
320 -24.698925018310547 -12.946205139160156
321 -24.462608337402344 -12.965051651000977
322 -24.346555709838867 -13.212669372558594
323 -24.248079299926758 -13.428498268127441
324 -24.148513793945312 -13.80688762664795
325 -23.985082626342773 -14.169949531555176
326 -23.87583351135254 -14.459781646728516
327 -23.425031661987305 -15.141352653503418
328 -23.229206085205078 -15.389116287231445
329 -23.17388343811035 -15.563469886779785
330 -23.199068069458008 -15.728728294372559
331 -23.351131439208984 -16.355710983276367
332 -23.478586196899414 -16.690673828125
333 -23.614980697631836 -17.57186508178711
334 -23.549962997436523 -17.889516830444336
335 -23.290889739990234 -18.216636657714844
336 -22.764734268188477 -18.612781524658203
337 -22.706600189208984 -18.624095916748047
338 -22.508737564086914 -18.66021728515625
339 -21.640857696533203 -0.958517849445343
340 -21.630273818969727 -0.7667631506919861
341 -21.57314682006836 -0.4674374759197235
342 -21.48276710510254 -0.11943015456199646
343 -21.39567756652832 0.18342013657093048
344 -21.3686580657959 0.45766201615333557
345 -21.321075439453125 0.5751203894615173
346 -21.136648178100586 1.1180579662322998
347 -21.036710739135742 1.1861664056777954
348 -20.64044189453125 1.3579119443893433
349 -20.099899291992188 1.6766469478607178
350 -19.518827438354492 1.964808702468872
351 -19.15998649597168 1.9933385848999023
352 -18.87767791748047 1.7829688787460327
353 -18.694923400878906 1.6020028591156006
354 -18.66364097595215 1.3483383655548096
355 -18.85206413269043 0.24516770243644714
356 -18.845945358276367 -0.04702078923583031
357 -18.89058494567871 -0.42413830757141113
358 -19.068857192993164 -11.901298522949219
359 -19.067691802978516 -12.113717079162598
360 -18.993616104125977 -12.527289390563965
361 -18.970834732055664 -13.089558601379395
362 -19.052474975585938 -13.360475540161133
363 -19.162626266479492 -13.611605644226074
364 -19.341096878051758 -14.025009155273438
365 -19.548860549926758 -14.331717491149902
366 -19.853771209716797 -14.688116073608398
367 -20.12674903869629 -15.042288780212402
368 -20.2808895111084 -15.428604125976562
369 -20.352825164794922 -16.021196365356445
370 -20.366748809814453 -16.38041877746582
371 -20.238771438598633 -16.5908145904541
372 -20.06167221069336 -16.620149612426758
373 -19.516780853271484 -16.583803176879883
374 -19.119680404663086 -16.48583984375
375 -18.751142501831055 -16.415916442871094
376 -18.39234733581543 -16.485511779785156
377 -17.80417823791504 -16.614959716796875
378 -17.504249572753906 -16.60628890991211
379 -17.28863525390625 -16.435609817504883
380 -17.004308700561523 -16.032495498657227
381 -16.813419342041016 -15.624361991882324
382 -16.745830535888672 -14.975507736206055
383 -16.80018424987793 -14.69782543182373
384 -16.918701171875 -14.477234840393066
385 -17.11930274963379 -14.327059745788574
386 -17.323938369750977 -14.142871856689453
387 -17.723600387573242 -13.9137601852417
388 -20.59612464904785 -13.192266464233398
389 -20.81362533569336 -13.13812255859375
390 -21.007535934448242 -13.014097213745117
391 -21.304689407348633 -12.66147232055664
392 -21.590883255004883 -12.259384155273438
393 -21.80105972290039 -11.964164733886719
394 -21.923425674438477 -11.660453796386719
395 -21.945627212524414 -11.44787883758545
396 -21.957101821899414 -11.256942749023438
397 -22.046947479248047 -10.922820091247559
398 -21.95191192626953 -10.768827438354492
399 -8.549449920654297 -3.4049956798553467
400 -8.309089660644531 -3.374523878097534
401 -8.185176849365234 -3.401648759841919
402 -7.923943996429443 -3.6045119762420654
403 -7.647887706756592 -3.9897665977478027
404 -7.401042461395264 -4.35425329208374
405 -7.273227214813232 -4.700654983520508
406 -7.074917793273926 -5.149998664855957
407 -6.894655704498291 -5.360406398773193
408 -6.858435153961182 -5.560605525970459
409 -6.731882572174072 -5.988038539886475
410 -6.700823783874512 -6.442366600036621
411 -6.7739458084106445 -6.738384246826172
412 -7.002108573913574 -7.169742107391357
413 -7.073652267456055 -7.275517463684082
414 -7.240273952484131 -7.469980716705322
415 -7.488844871520996 -7.732645511627197
416 -7.742123126983643 -7.891571044921875
417 -8.233452796936035 -8.123842239379883
418 -8.429515838623047 -8.23643684387207
419 -8.924973487854004 -8.352659225463867
420 -17.832155227661133 -9.544145584106445
421 -18.31049346923828 -9.533580780029297
422 -18.481399536132812 -9.453222274780273
423 -18.682661056518555 -9.282790184020996
424 -18.794803619384766 -9.044282913208008
425 -19.038475036621094 -8.584172248840332
426 -19.190473556518555 -8.293981552124023
427 -19.189498901367188 -8.107916831970215
428 -19.039203643798828 -7.614818096160889
429 -18.97852325439453 -7.311965465545654
430 -18.927000045776367 -7.039722919464111
431 -18.634275436401367 -6.796376705169678
432 -18.35521697998047 -6.658394813537598
433 -18.162975311279297 -6.595072269439697
434 -17.88290786743164 -6.718738079071045
435 -17.20509147644043 -6.951724052429199
436 -17.007516860961914 -7.065974712371826
437 -16.897680282592773 -7.243933200836182
438 -16.638837814331055 -7.4240827560424805
439 -16.271892547607422 -7.55216121673584
440 -16.0838623046875 -7.549738883972168
441 -15.493844032287598 -7.5259575843811035
442 -14.909299850463867 -7.5771307945251465
443 -14.562171936035156 -7.673561096191406
444 -14.129429817199707 -7.849908828735352
445 -13.949034690856934 -8.07351016998291
446 -13.901330947875977 -8.303454399108887
447 -13.68753719329834 -8.937296867370605
448 -13.486298561096191 -9.223347663879395
449 -13.302035331726074 -9.510909080505371
450 -13.12539005279541 -9.546037673950195
451 -12.702081680297852 -9.63131332397461
452 -12.224180221557617 -9.683090209960938
453 -11.880193710327148 -9.711085319519043
454 -11.596715927124023 -9.742786407470703
455 -11.080360412597656 -9.695599555969238
456 -10.592072486877441 -9.756084442138672
457 -10.348258972167969 -9.963143348693848
458 -10.336487770080566 -10.370505332946777
459 -10.615662574768066 -10.805414199829102
460 -10.782048225402832 -10.996377944946289
461 -10.86922836303711 -11.131118774414062
462 -11.008051872253418 -11.434652328491211
463 -11.29727554321289 -11.628339767456055
464 -11.538851737976074 -11.85729694366455
465 -11.781472206115723 -11.922041893005371
466 -12.332453727722168 -11.984563827514648
467 -12.474759101867676 -12.046102523803711
468 -12.516152381896973 -12.089324951171875
469 -12.770675659179688 -12.222317695617676
470 -13.158836364746094 -12.504953384399414
471 -13.506781578063965 -12.719626426696777
472 -13.880280494689941 -13.090645790100098
473 -14.1177978515625 -13.100438117980957
474 -14.489314079284668 -12.978901863098145
475 -14.755680084228516 -12.730433464050293
476 -15.065848350524902 -12.45223331451416
477 -15.203125 -12.32559585571289
478 -15.459879875183105 -11.955018043518066
479 -15.72787857055664 -11.695220947265625
480 -16.057575225830078 -11.399683952331543
481 -16.11774253845215 -11.107935905456543
482 -16.03656005859375 -10.717836380004883
483 -15.780621528625488 -10.357406616210938
484 -15.568706512451172 -10.129242897033691
485 -15.379740715026855 -9.954636573791504
486 -15.122501373291016 -9.729044914245605
487 -12.1316499710083 -7.489319324493408
488 -11.844082832336426 -7.291549205780029
489 -11.529705047607422 -7.052892684936523
490 -11.385076522827148 -6.929527282714844
491 -11.38787841796875 -6.690642356872559
492 -11.40228271484375 -6.2958292961120605
493 -11.450087547302246 -5.825647354125977
494 -11.596946716308594 -5.5674943923950195
495 -11.811871528625488 -5.324468612670898
496 -11.98484992980957 -5.133697986602783
497 -12.136765480041504 -4.9857048988342285
498 -12.537520408630371 -4.6615376472473145
499 -12.934758186340332 -4.520473957061768
500 -13.372762680053711 -4.470170974731445
501 -13.758068084716797 -4.500736713409424
502 -14.095918655395508 -4.536598205566406
503 -14.319025993347168 -4.490389823913574
504 -14.50197696685791 -4.413427829742432
505 -14.819780349731445 -4.192835807800293
506 -15.078851699829102 -4.012672424316406
507 -15.29298210144043 -3.679169178009033
508 -15.270161628723145 -3.364978790283203
509 -15.189554214477539 -3.1566519737243652
510 -14.99851131439209 -2.867706537246704
511 -14.712807655334473 -2.5029587745666504
512 -14.490315437316895 -2.3423662185668945
513 -13.896998405456543 -2.0816869735717773
514 -13.514371871948242 -1.8985284566879272
515 -13.1072998046875 -1.6869577169418335
516 -12.888439178466797 -1.5105561017990112
517 -12.599584579467773 -1.0324077606201172
518 -12.50986099243164 -0.8120147585868835
519 -12.492083549499512 -0.5408626198768616
520 -12.631905555725098 -0.05409889295697212
521 -12.904014587402344 0.3882986605167389
522 -13.055152893066406 0.5920903086662292
523 -13.160104751586914 0.696394681930542
524 -13.4413480758667 0.820042610168457
525 -13.999444007873535 0.9702206254005432
526 -14.486425399780273 1.0118937492370605
527 -14.817193031311035 0.8867579698562622
528 -15.0862398147583 0.7730736136436462
529 -15.336105346679688 0.5290750861167908
530 -15.564443588256836 0.3015982210636139
531 -15.807053565979004 0.02316090650856495
532 -16.104869842529297 -0.3706812560558319
533 -16.60511589050293 -0.9031696319580078
534 -17.311677932739258 -1.5789839029312134
535 -17.793577194213867 -2.0495898723602295
536 -18.208215713500977 -2.4626762866973877
537 -18.425588607788086 -2.6165683269500732
538 -18.78181266784668 -2.8870317935943604
539 -19.4352970123291 -3.457613945007324
540 -19.861736297607422 -3.7719974517822266
541 -20.20884895324707 -3.8779239654541016
542 -20.39165496826172 -3.8545656204223633
543 -20.815628051757812 -3.7324986457824707
544 -21.022687911987305 -3.6803417205810547
545 -21.217370986938477 -3.7074012756347656
546 -21.73187255859375 -3.753896951675415
547 -22.145038604736328 -3.834841251373291
548 -22.327884674072266 -3.9925336837768555
549 -22.606586456298828 -4.334817886352539
550 -22.893775939941406 -4.756053447723389
551 -23.323257446289062 -5.237591743469238
552 -23.256881713867188 -5.366372108459473
553 -22.823320388793945 -5.501283645629883
554 -22.533130645751953 -5.617098808288574
555 -21.94890594482422 -5.771547317504883
556 -21.573963165283203 -5.928683280944824
557 -21.610692977905273 -6.051253318786621
558 -22.138362884521484 -7.000240325927734
559 -22.502235412597656 -7.295297145843506
560 -22.55463218688965 -7.354626178741455
561 -22.648677825927734 -7.581872463226318
562 -22.76857566833496 -7.871328830718994
563 -23.013153076171875 -8.147653579711914
564 -23.369422912597656 -8.331831932067871
565 -23.53354835510254 -8.495136260986328
566 -23.718393325805664 -8.70093822479248
567 -23.972412109375 -8.843950271606445
568 -24.2092342376709 -8.866511344909668
569 -24.586416244506836 -8.825480461120605
570 -24.84345245361328 -8.81901741027832
571 -25.052656173706055 -8.73504638671875
572 -25.419301986694336 -8.756392478942871
573 -25.634157180786133 -8.702926635742188
574 -25.800739288330078 -8.476289749145508
575 -25.910110473632812 -8.171547889709473
576 -25.952558517456055 -7.655855178833008
577 -26.115198135375977 -7.479591369628906
578 -26.362159729003906 -7.3485212326049805
579 -26.655441284179688 -7.298618793487549
580 -27.111976623535156 -7.3153510093688965
581 -27.357145309448242 -7.36628532409668
582 -27.733734130859375 -7.540255546569824
583 -27.981172561645508 -7.635799884796143
584 -28.280254364013672 -7.725183963775635
585 -28.72181510925293 -7.724727630615234
586 -29.06891441345215 -7.705407619476318
587 -29.243667602539062 -7.695250511169434
588 -29.73862075805664 -7.614160537719727
589 -30.095335006713867 -7.5709943771362305
590 -30.359281539916992 -7.643400192260742
591 -30.84714126586914 -7.889560699462891
592 -31.21453094482422 -8.128114700317383
593 -31.427257537841797 -8.277130126953125
594 -31.686914443969727 -8.4927339553833
595 -31.897754669189453 -8.676650047302246
596 -32.068809509277344 -8.761224746704102
597 -32.84432601928711 -8.867977142333984
598 -33.05802917480469 -8.910970687866211
599 -33.28239059448242 -8.912643432617188
600 -33.70341491699219 -8.807119369506836
601 -34.152992248535156 -8.67007827758789
602 -34.39642333984375 -8.563435554504395
603 -34.77056884765625 -8.394234657287598
604 -35.310970306396484 -8.168214797973633
605 -35.60282516479492 -8.072184562683105
606 -35.91918182373047 -8.011405944824219
607 -36.34375 -7.982478141784668
608 -36.549320220947266 -8.03101634979248
609 -36.824466705322266 -8.069195747375488
610 -37.206817626953125 -8.262899398803711
611 -37.4466438293457 -8.415563583374023
612 -37.76972579956055 -8.706759452819824
613 -38.10923767089844 -8.9306058883667
614 -38.34407043457031 -8.97323226928711
615 -38.89860916137695 -9.06087589263916
616 -39.453399658203125 -9.152872085571289
617 -39.73207092285156 -9.256084442138672
618 -39.913551330566406 -9.389966011047363
619 -40.23790740966797 -9.656682968139648
620 -40.37031936645508 -9.874032020568848
621 -40.618988037109375 -10.280999183654785
622 -40.74104309082031 -10.613475799560547
623 -40.84025573730469 -10.942201614379883
624 -40.9027099609375 -11.300146102905273
625 -40.822227478027344 -12.015451431274414
626 -40.7628059387207 -12.28085994720459
627 -40.71782302856445 -12.515913963317871
628 -40.62618637084961 -12.683065414428711
629 -40.49008560180664 -13.086634635925293
630 -40.41105270385742 -13.400236129760742
631 -40.37757110595703 -13.593510627746582
632 -40.22520446777344 -13.95230770111084
633 -40.12832260131836 -14.216713905334473
634 -40.08454132080078 -14.506205558776855
635 -40.037776947021484 -14.93227481842041
636 -40.01671600341797 -15.265881538391113
637 -39.96587371826172 -15.54782485961914
638 -39.85283279418945 -15.946138381958008
639 -39.80803680419922 -16.282135009765625
640 -39.66642379760742 -16.855754852294922
641 -39.628082275390625 -17.062332153320312
642 -39.55348205566406 -17.261995315551758
643 -39.440616607666016 -17.425010681152344
644 -39.27241134643555 -17.845834732055664
645 -39.05176544189453 -18.285375595092773
646 -38.64712905883789 -19.009065628051758
647 -38.494483947753906 -19.22804069519043
648 -38.27417755126953 -19.40827178955078
649 -37.97359085083008 -19.55095863342285
650 -37.589500427246094 -19.636436462402344
651 -37.0816535949707 -19.67190933227539
652 -35.970237731933594 -19.706928253173828
653 -35.45249938964844 -19.74974822998047
654 -35.02554702758789 -19.783477783203125
655 -34.42051696777344 -19.806455612182617
656 -34.23800277709961 -19.820247650146484
657 -34.03294372558594 -19.73270034790039
658 -33.468994140625 -19.532360076904297
659 -33.27918243408203 -19.473508834838867
660 -32.91936111450195 -19.35906982421875
661 -32.60234069824219 -19.2541446685791
662 -32.169376373291016 -19.127315521240234
663 -31.90831756591797 -19.033275604248047
664 -31.667613983154297 -18.906953811645508
665 -31.481273651123047 -18.776935577392578
666 -31.263639450073242 -18.489730834960938
667 -31.154556274414062 -18.268970489501953
668 -32.47645568847656 -6.282129764556885
669 -32.4157600402832 -6.082969665527344
670 -32.3530158996582 -5.759911060333252
671 -32.399169921875 -5.29999303817749
672 -32.415462493896484 -5.062948226928711
673 -32.38905334472656 -4.607442378997803
674 -32.32362747192383 -4.14676570892334
675 -32.364219665527344 -3.795393466949463
676 -32.76350402832031 -3.3064348697662354
677 -33.24258041381836 -2.817720413208008
678 -33.50178909301758 -2.616487741470337
679 -33.681400299072266 -2.495053291320801
680 -33.94536590576172 -2.4519553184509277
681 -34.16015625 -2.595972776412964
682 -34.348419189453125 -2.885834217071533
683 -34.47285461425781 -3.2244713306427
684 -34.69218444824219 -3.85744571685791
685 -34.86495590209961 -4.4634785652160645
686 -34.87005615234375 -4.641396999359131
687 -34.642494201660156 -4.782601356506348
688 -34.333805084228516 -4.872807025909424
689 -33.773921966552734 -4.8679046630859375
690 -31.019468307495117 -4.5928473472595215
691 -30.80154800415039 -4.587645530700684
692 -30.631750106811523 -4.71550989151001
693 -29.9934139251709 -5.006124496459961
694 -29.704011917114258 -5.156811237335205
695 -29.473873138427734 -5.135473728179932
696 -29.29025650024414 -5.057999134063721
697 -29.05609703063965 -5.014150619506836
698 -28.85381507873535 -4.865636348724365
699 -28.697587966918945 -4.390629768371582
700 -28.69388198852539 -3.988232374191284
701 -28.806926727294922 -3.8205111026763916
702 -29.0546817779541 -3.5654473304748535
703 -29.281024932861328 -3.395942449569702
704 -29.570838928222656 -3.1773760318756104
705 -29.928943634033203 -3.0035862922668457
706 -30.146196365356445 -2.926643133163452
707 -30.469953536987305 -2.8728106021881104
708 -30.954713821411133 -2.6579408645629883
709 -31.269466400146484 -2.4574778079986572
710 -31.436838150024414 -2.303861618041992
711 -31.38157844543457 -2.021845579147339
712 -31.291418075561523 -1.7299011945724487
713 -31.08513832092285 -1.3445143699645996
714 -30.83818244934082 -1.1356006860733032
715 -30.520910263061523 -0.983258068561554
716 -30.177316665649414 -0.9725649356842041
717 -29.801504135131836 -1.0141937732696533
718 -29.51883316040039 -1.0436662435531616
719 -29.264375686645508 -1.091308355331421
720 -28.83565330505371 -1.219220757484436
721 -28.43283462524414 -1.3898037672042847
722 -28.17255210876465 -1.5336147546768188
723 -27.905794143676758 -1.7051271200180054
724 -27.718502044677734 -1.8645901679992676
725 -27.46033477783203 -2.0098156929016113
726 -27.14728355407715 -2.111650228500366
727 -26.934839248657227 -2.038806676864624
728 -26.706689834594727 -1.856571078300476
729 -21.32222557067871 4.622396945953369
730 -21.12129020690918 4.7382049560546875
731 -20.907135009765625 4.8806376457214355
732 -20.43299102783203 5.118414878845215
733 -20.044757843017578 5.282229423522949
734 -19.624603271484375 5.411739349365234
735 -19.026004791259766 5.515964984893799
736 -18.52901268005371 5.563845157623291
737 -18.09893226623535 5.551590919494629
738 -17.62493896484375 5.522395133972168
739 -17.28654670715332 5.274474143981934
740 -16.962987899780273 4.904283046722412
741 -16.864612579345703 4.477268218994141
742 -16.872455596923828 4.191051959991455
743 -17.08878517150879 3.9618442058563232
744 -17.280658721923828 3.7397027015686035
745 -17.39573860168457 3.6576850414276123
746 -24.547344207763672 -1.9677543640136719
747 -24.680126190185547 -2.0936279296875
748 -24.73729133605957 -2.201917886734009
749 -24.867076873779297 -2.4041919708251953
750 -25.06991958618164 -2.754591941833496
751 -25.291133880615234 -3.192594528198242
752 -25.44743537902832 -3.5392425060272217
753 -25.776887893676758 -3.93570613861084
754 -25.993749618530273 -4.158921718597412
755 -26.331411361694336 -4.451869487762451
756 -26.637069702148438 -4.680135726928711
757 -26.84417724609375 -4.786900043487549
758 -27.00901985168457 -4.852795600891113
759 -30.68122673034668 4.589179992675781
760 -30.9316349029541 4.717613220214844
761 -31.078121185302734 4.646045207977295
762 -31.460216522216797 4.036445140838623
763 -31.741527557373047 3.4530041217803955
764 -31.91399574279785 3.131472110748291
765 -32.0723876953125 2.8316147327423096
766 -32.1893196105957 2.6335129737854004
767 -32.385711669921875 2.2495930194854736
768 -32.471248626708984 2.0582592487335205
769 -32.65315628051758 1.337375521659851
770 -32.62469482421875 0.8664836883544922
771 -32.49909210205078 0.674167811870575
772 -32.32773208618164 0.6490055918693542
773 -31.563261032104492 0.6889076232910156
774 -31.133546829223633 0.8336769342422485
775 -30.734237670898438 1.0110766887664795
776 -30.47417449951172 1.0919665098190308
777 -30.196786880493164 1.1125584840774536
778 -29.916175842285156 1.109547734260559
779 -29.430198669433594 1.0222134590148926
780 -29.057754516601562 0.890092670917511
781 -28.70103645324707 0.6808242201805115
782 -28.422435760498047 0.5793542265892029
783 -28.18474006652832 0.4929247796535492
784 -27.868080139160156 0.4443713128566742
785 -27.26749610900879 0.3375948965549469
786 -26.93762969970703 0.23679301142692566
787 -26.64895248413086 0.12776143848896027
788 -26.448505401611328 0.0851084291934967
789 -26.025848388671875 0.12927863001823425
790 -25.58022689819336 0.26330286264419556
791 -25.166685104370117 0.4283091127872467
792 -24.96551513671875 0.5271567106246948
793 -24.64060401916504 0.8188035488128662
794 -24.5329532623291 1.0695089101791382
795 -24.452682495117188 1.4791585206985474
796 -24.325288772583008 1.7821989059448242
797 -24.32547378540039 2.0066144466400146
798 -24.478748321533203 2.4920711517333984
799 -24.610076904296875 2.7662410736083984
800 -24.997224807739258 2.9898746013641357
801 -25.355995178222656 3.0332071781158447
802 -25.778039932250977 2.973782539367676
803 -26.299440383911133 2.9422237873077393
804 -26.606786727905273 2.937145709991455
805 -26.981340408325195 2.9479892253875732
806 -27.36863899230957 3.017091751098633
807 -27.799808502197266 3.083219051361084
808 -27.987180709838867 3.1199138164520264
809 -28.35026741027832 3.307394504547119
810 -28.68192481994629 3.8399088382720947
811 -28.7259521484375 4.154745101928711
812 -28.5240421295166 5.170896053314209
813 -28.38526725769043 5.869265556335449
814 -28.349397659301758 6.339782238006592
815 -28.45413589477539 6.682581901550293
816 -28.641294479370117 6.875065326690674
817 -29.22145652770996 7.122437000274658
818 -29.569242477416992 7.232611179351807
819 -29.803388595581055 7.515186309814453
820 -29.881072998046875 7.75002908706665
821 -29.921560287475586 8.150833129882812
822 -30.03447151184082 8.515545845031738
823 -30.23328399658203 9.045092582702637
824 -30.46770668029785 9.489653587341309
825 -30.960988998413086 10.109829902648926
826 -31.020668029785156 10.248424530029297
827 -31.0706787109375 10.620064735412598
828 -31.119060516357422 11.09762954711914
829 -31.168209075927734 11.39563274383545
830 -31.222238540649414 11.722498893737793
831 -31.261587142944336 12.064671516418457
832 -31.326745986938477 12.468273162841797
833 -31.333707809448242 12.929612159729004
834 -31.307085037231445 13.27962589263916
835 -31.217622756958008 13.463472366333008
836 -30.98900604248047 13.751893997192383
837 -30.728105545043945 13.99023723602295
838 -30.44881820678711 14.266003608703613
839 -30.179580688476562 14.482006072998047
840 -29.855937957763672 14.66858196258545
841 -29.567813873291016 14.820880889892578
842 -29.141868591308594 14.984227180480957
843 -28.80667495727539 15.139538764953613
844 -28.346208572387695 15.208602905273438
845 -27.94934844970703 15.20054817199707
846 -27.511627197265625 15.126307487487793
847 -27.21677017211914 15.090267181396484
848 -26.76986312866211 14.931546211242676
849 -26.436094284057617 14.759122848510742
850 -26.270565032958984 14.559303283691406
851 -25.960710525512695 14.120553970336914
852 -25.717443466186523 13.566296577453613
853 -25.612171173095703 13.316845893859863
854 -25.344223022460938 12.581007957458496
855 -25.285781860351562 12.30739974975586
856 -25.20473289489746 11.894074440002441
857 -25.06736183166504 11.435168266296387
858 -24.923738479614258 11.164039611816406
859 -24.736669540405273 10.857793807983398
860 -24.586626052856445 10.621450424194336
861 -24.354413986206055 10.331299781799316
862 -24.193098068237305 10.169583320617676
863 -23.960535049438477 9.961901664733887
864 -23.778459548950195 9.827493667602539
865 -23.44313621520996 9.605589866638184
866 -22.96725845336914 9.306979179382324
867 -22.686094284057617 9.143813133239746
868 -22.530471801757812 9.075824737548828
869 -22.185190200805664 8.911352157592773
870 -22.019702911376953 8.784955978393555
871 -21.823360443115234 8.611506462097168
872 -21.759750366210938 8.39861011505127
873 -21.785629272460938 8.1887788772583
874 -36.53361129760742 -2.9147021770477295
875 -36.620025634765625 -3.0100924968719482
876 -36.8090934753418 -3.1419646739959717
877 -37.2344970703125 -3.4408388137817383
878 -37.57342529296875 -3.7590761184692383
879 -37.66484832763672 -3.906451463699341
880 -37.953243255615234 -4.102136135101318
881 -38.69818115234375 -4.3113508224487305
882 -39.09493637084961 -4.362159252166748
883 -39.27985763549805 -4.324399471282959
884 -39.49430465698242 -4.293187141418457
885 -39.728755950927734 -4.1923828125
886 -40.053226470947266 -4.012884616851807
887 -40.38743209838867 -3.87512469291687
888 -40.60567092895508 -3.5251941680908203
889 -40.63355255126953 -3.1337993144989014
890 -40.53044128417969 -2.737666368484497
891 -40.47138214111328 -2.4350597858428955
892 -40.367252349853516 -1.9971150159835815
893 -40.19011306762695 -1.7180368900299072
894 -39.827117919921875 -1.329586386680603
895 -39.53156661987305 -1.120842695236206
896 -38.58598709106445 -0.6835049986839294
897 -38.26234436035156 -0.550196647644043
898 -37.9206657409668 -0.4704815447330475
899 -37.77400588989258 -0.4274144768714905
900 -37.49308395385742 -0.344174325466156
901 -36.82912063598633 -0.22335995733737946
902 -36.58588790893555 -0.14686359465122223
903 -36.20933151245117 0.023808065801858902
904 -35.78030776977539 0.2727533280849457
905 -35.60228729248047 0.4534369111061096
906 -35.47986602783203 0.7465663552284241
907 -35.542171478271484 1.21957266330719
908 -35.667057037353516 1.7201117277145386
909 -35.79972457885742 1.9608501195907593
910 -36.24052047729492 2.3510615825653076
911 -36.5218620300293 2.580554485321045
912 -36.98193359375 3.0026774406433105
913 -37.320587158203125 3.311974287033081
914 -37.49604797363281 3.6562612056732178
915 -37.5386962890625 3.89386248588562
916 -37.46177673339844 4.166224956512451
917 -37.36077880859375 4.385095119476318
918 -37.07869338989258 4.582633018493652
919 -36.65988540649414 4.768091201782227
920 -36.23073196411133 4.962906837463379
921 -35.81327438354492 5.016523361206055
922 -35.44050979614258 4.990853309631348
923 -35.36506652832031 5.091763973236084
924 -35.44684982299805 5.663036823272705
925 -35.48252487182617 6.021668434143066
926 -35.42094802856445 6.20634651184082
927 -35.05978012084961 6.715279579162598
928 -34.7737922668457 6.978061199188232
929 -34.359832763671875 6.922441482543945
930 -34.0064697265625 6.6825737953186035
931 -33.84415054321289 6.532770156860352
932 -33.75935745239258 6.3447346687316895
933 -33.68117904663086 5.929881572723389
934 -35.77231216430664 -11.133045196533203
935 -35.90593338012695 -11.360616683959961
936 -36.185340881347656 -11.679191589355469
937 -36.33991622924805 -11.931657791137695
938 -36.48271179199219 -12.299579620361328
939 -36.52505874633789 -12.651033401489258
940 -36.502559661865234 -12.995820999145508
941 -36.63068771362305 -13.294320106506348
942 -36.519798278808594 -13.397945404052734
943 -35.81111145019531 -13.898974418640137
944 -35.499542236328125 -14.178942680358887
945 -35.24775314331055 -14.45948314666748
946 -35.0036735534668 -14.728961944580078
947 -34.71436309814453 -15.013506889343262
948 -34.465309143066406 -15.304773330688477
949 -34.26871109008789 -15.571526527404785
950 -33.89821243286133 -15.778280258178711
951 -33.69838333129883 -15.870878219604492
952 -33.34480667114258 -15.928215980529785
953 -32.896602630615234 -15.929315567016602
954 -32.78782272338867 -15.849220275878906
955 -32.56017303466797 -15.21992015838623
956 -32.445838928222656 -14.88169002532959
957 -32.33613586425781 -14.527881622314453
958 -32.379547119140625 -14.273394584655762
959 -32.511260986328125 -13.759900093078613
960 -32.588233947753906 -13.470584869384766
961 -32.45768356323242 -13.283699035644531
962 -32.30747604370117 -13.084644317626953
963 -32.01394271850586 -12.761801719665527
964 -31.737548828125 -12.440699577331543
965 -31.61676597595215 -12.26243782043457
966 -31.486181259155273 -12.07089900970459
967 -31.259765625 -11.792451858520508
968 -30.914695739746094 -11.398125648498535
969 -30.6970272064209 -11.138526916503906
970 -30.594623565673828 -11.098185539245605
971 -30.470138549804688 -11.088818550109863
972 -30.248275756835938 -10.935842514038086
973 -29.762971878051758 -10.568114280700684
974 -29.45815086364746 -10.401126861572266
975 -28.55808448791504 -10.027812957763672
976 -28.250328063964844 -9.969878196716309
977 -27.90570640563965 -10.146220207214355
978 -27.611135482788086 -10.433830261230469
979 -27.46442222595215 -10.727396965026855
980 -27.38262367248535 -10.964717864990234
981 -30.752424240112305 -21.811386108398438
982 -30.86258316040039 -22.028575897216797
983 -31.004613876342773 -22.308307647705078
984 -31.661514282226562 -23.238534927368164
985 -32.194976806640625 -23.901391983032227
986 -32.36497116088867 -24.087217330932617
987 -32.529537200927734 -24.341236114501953
988 -32.65949249267578 -24.568462371826172
989 -32.748146057128906 -24.734525680541992
990 -33.06611633300781 -25.241771697998047
991 -33.2445068359375 -25.524887084960938
992 -33.49628448486328 -25.913280487060547
993 -33.68801498413086 -26.20566177368164
994 -33.77894973754883 -26.357025146484375
995 -34.06935501098633 -26.847209930419922
996 -34.24820327758789 -27.137189865112305
997 -34.402679443359375 -27.37242317199707
998 -34.518768310546875 -27.538976669311523
999 -34.5670166015625 -27.608142852783203
