0 58.73019790649414 49.91460418701172
1 58.75548553466797 50.06939697265625
2 58.85020446777344 50.369102478027344
3 58.97888946533203 50.593135833740234
4 59.17236328125 50.800567626953125
5 59.78847122192383 51.247432708740234
6 59.96117401123047 51.374229431152344
7 60.32937240600586 51.60532760620117
8 60.87614059448242 51.892303466796875
9 61.232025146484375 51.9992790222168
10 61.76359176635742 51.9563102722168
11 62.4837532043457 51.6868896484375
12 62.80344772338867 51.5211296081543
13 63.24275588989258 51.161800384521484
14 63.54365158081055 50.90867233276367
15 63.814083099365234 50.68924331665039
16 63.950618743896484 50.602474212646484
17 65.07453918457031 50.47838592529297
18 65.28046417236328 50.521995544433594
19 65.49435424804688 50.602752685546875
20 66.80203247070312 51.17264938354492
21 67.02677917480469 51.251426696777344
22 67.06671905517578 51.26277160644531
23 68.55337524414062 21.464025497436523
24 68.81391906738281 21.524456024169922
25 69.17015075683594 21.63765525817871
26 69.6927261352539 21.693906784057617
27 70.10140991210938 21.702096939086914
28 70.2329330444336 21.679367065429688
29 70.54769897460938 21.628997802734375
30 70.75843811035156 21.484416961669922
31 71.02481842041016 21.074935913085938
32 71.13081359863281 20.936742782592773
33 71.24070739746094 20.939537048339844
34 72.55404663085938 20.81890106201172
35 73.02300262451172 20.64285659790039
36 73.63166809082031 20.38323211669922
37 73.8430404663086 20.343961715698242
38 73.97113800048828 20.365476608276367
39 77.0347671508789 24.22002410888672
40 76.93968963623047 24.102540969848633
41 76.66937255859375 23.845407485961914
42 76.37362670898438 23.572927474975586
43 75.93292999267578 23.198822021484375
44 75.57816314697266 22.8045654296875
45 75.38153076171875 22.505502700805664
46 75.04293823242188 22.15325355529785
47 74.71228790283203 22.032773971557617
48 74.34735870361328 22.132362365722656
49 73.85189056396484 22.323453903198242
50 73.52415466308594 22.459735870361328
51 73.11846160888672 22.71554946899414
52 72.37113952636719 23.094179153442383
53 72.11133575439453 23.226472854614258
54 71.80081176757812 23.425931930541992
55 71.33719635009766 23.77910804748535
56 70.98001861572266 24.04362678527832
57 70.91556549072266 24.288631439208984
58 70.93582916259766 25.204425811767578
59 71.02247619628906 25.585390090942383
60 71.08726501464844 25.80583953857422
61 71.33966827392578 26.706857681274414
62 71.68209838867188 27.309524536132812
63 71.82306671142578 27.518335342407227
64 72.1436767578125 27.767478942871094
65 72.44766235351562 27.95456314086914
66 72.93087768554688 28.226703643798828
67 73.25983428955078 28.403657913208008
68 73.80352020263672 28.53362274169922
69 74.13731384277344 28.449132919311523
70 74.6098861694336 28.238651275634766
71 74.78791809082031 28.09129524230957
72 77.89379119873047 21.811019897460938
73 77.72080993652344 21.65852165222168
74 77.31423950195312 21.251590728759766
75 76.8974838256836 20.824148178100586
76 76.67882537841797 20.605154037475586
77 76.59407806396484 20.49509620666504
78 75.77690887451172 19.167028427124023
79 75.6011962890625 19.023550033569336
80 75.3348617553711 18.96668815612793
81 75.11062622070312 19.013790130615234
82 68.1993179321289 19.85360336303711
83 68.00482177734375 19.799365997314453
84 67.953369140625 19.714736938476562
85 68.05048370361328 18.354108810424805
86 67.994384765625 18.173337936401367
87 67.85385131835938 18.026138305664062
88 67.61824798583984 17.741994857788086
89 70.80999755859375 13.04128646850586
90 71.00225830078125 12.908896446228027
91 71.45343017578125 12.941329956054688
92 72.00194549560547 13.225445747375488
93 72.23186492919922 13.483698844909668
94 72.27766418457031 13.622393608093262
95 72.25218200683594 13.773260116577148
96 64.51567840576172 14.947513580322266
97 64.06103515625 14.84868335723877
98 63.86222839355469 14.821194648742676
99 63.78289794921875 14.844780921936035
100 78.96057891845703 25.329322814941406
101 79.06549835205078 25.42744255065918
102 79.93489074707031 26.148202896118164
103 80.05328369140625 26.238771438598633
104 80.25100708007812 26.173303604125977
105 80.43224334716797 26.036211013793945
106 81.25585174560547 25.067049026489258
107 81.46027374267578 24.86793327331543
108 81.71986389160156 24.684837341308594
109 82.47614288330078 23.66388511657715
110 82.63123321533203 23.363773345947266
111 82.97164154052734 22.5213565826416
112 83.1955795288086 22.28598976135254
113 83.48363494873047 22.07537841796875
114 83.75033569335938 22.018014907836914
115 84.32537841796875 22.1512393951416
116 84.52193450927734 22.260995864868164
117 84.87947082519531 22.489850997924805
118 86.92516326904297 23.711082458496094
119 86.99604034423828 23.764217376708984
120 87.17974853515625 24.092016220092773
121 87.42485046386719 24.57445526123047
122 87.6092529296875 25.058446884155273
123 87.68131256103516 25.409250259399414
124 87.71560668945312 26.0239200592041
125 87.6403579711914 26.661861419677734
126 87.54263305664062 27.018680572509766
127 87.16285705566406 27.523283004760742
128 86.92681884765625 27.678674697875977
129 86.4776611328125 27.79811668395996
130 86.02420043945312 27.82154655456543
131 85.70467376708984 27.740610122680664
132 85.18376159667969 27.513227462768555
133 84.87034606933594 27.33989715576172
134 84.36200714111328 27.132036209106445
135 84.0896987915039 27.045989990234375
136 83.09315490722656 27.069456100463867
137 83.00829315185547 27.198970794677734
138 82.86595916748047 27.458433151245117
139 82.25270080566406 28.5024356842041
140 82.12147521972656 28.80438804626465
141 81.86206817626953 29.3835506439209
142 81.77737426757812 29.660625457763672
143 81.6995849609375 30.18004608154297
144 81.63844299316406 30.39444923400879
145 81.04339599609375 31.29979705810547
146 80.77587890625 31.36107635498047
147 80.40724182128906 31.304277420043945
148 80.01353454589844 31.040287017822266
149 79.76640319824219 30.827396392822266
150 79.32066345214844 30.20163917541504
151 79.13091278076172 29.887802124023438
152 73.95631408691406 17.847383499145508
153 73.8447265625 17.691495895385742
154 73.54812622070312 17.395734786987305
155 73.12889862060547 17.02060890197754
156 72.80177307128906 16.722387313842773
157 72.33441925048828 16.480825424194336
158 71.99040222167969 16.32630157470703
159 67.13953399658203 15.62147331237793
160 67.03343200683594 15.554213523864746
161 66.76273345947266 15.438973426818848
162 66.7171630859375 15.259703636169434
163 66.7752456665039 15.071453094482422
164 70.2741470336914 4.351586818695068
165 70.18706512451172 3.8505046367645264
166 69.99609375 3.331669330596924
167 69.8331069946289 3.081834554672241
168 69.5750961303711 2.9516618251800537
169 69.08551788330078 2.890636444091797
170 68.73275756835938 2.9153077602386475
171 66.08718872070312 13.001975059509277
172 66.12704467773438 13.142622947692871
173 66.08063507080078 13.275464057922363
174 68.00704956054688 23.409034729003906
175 68.08179473876953 23.612634658813477
176 68.25291442871094 24.180011749267578
177 68.30785369873047 24.355104446411133
178 68.19649505615234 24.419631958007812
179 66.64249420166016 24.40415382385254
180 66.60101318359375 24.543609619140625
181 66.58922576904297 24.789318084716797
182 66.57861328125 25.128767013549805
183 66.3441390991211 25.54320526123047
184 65.51632690429688 25.733747482299805
185 65.11920166015625 25.657711029052734
186 64.77813720703125 25.48789405822754
187 64.3027572631836 25.354042053222656
188 64.14423370361328 25.33022117614746
189 63.69223403930664 25.37242889404297
190 63.40279006958008 25.423093795776367
191 62.763694763183594 25.481857299804688
192 62.536556243896484 25.402488708496094
193 62.02561569213867 25.161340713500977
194 61.83681106567383 25.156946182250977
195 61.340187072753906 25.263301849365234
196 61.22544479370117 25.403263092041016
197 61.11212158203125 26.308290481567383
198 61.316017150878906 26.75554656982422
199 61.55364990234375 27.112688064575195
200 61.938148498535156 27.827531814575195
201 62.10013198852539 28.054338455200195
202 62.5354118347168 28.389463424682617
203 62.70090866088867 28.45931625366211
204 63.998287200927734 28.564983367919922
205 64.4073486328125 28.558242797851562
206 64.63093566894531 28.55320167541504
207 65.8101577758789 28.42826271057129
208 66.0536117553711 28.417333602905273
209 66.44467163085938 28.408845901489258
210 66.6388931274414 28.434484481811523
211 71.25343322753906 40.14059066772461
212 71.22742462158203 40.06904602050781
213 71.08081817626953 39.975196838378906
214 69.81179809570312 29.381608963012695
215 69.66761016845703 29.101415634155273
216 69.42220306396484 28.664817810058594
217 69.14657592773438 28.32636260986328
218 68.91449737548828 28.01595687866211
219 68.81463623046875 27.63817024230957
220 68.76087188720703 27.41996955871582
221 68.62583923339844 26.805936813354492
222 68.62407684326172 26.230127334594727
223 68.69664764404297 26.087190628051758
224 77.0518798828125 38.85026550292969
225 77.21998596191406 38.760650634765625
226 77.5316390991211 38.517669677734375
227 78.09341430664062 37.90653991699219
228 78.27977752685547 37.75184631347656
229 78.39932250976562 37.36719512939453
230 78.55397033691406 37.116233825683594
231 79.55419921875 36.006202697753906
232 79.82373046875 35.939369201660156
233 80.24813842773438 36.154884338378906
234 80.4825210571289 36.43292236328125
235 80.72624206542969 37.08222579956055
236 80.90056610107422 38.076751708984375
237 80.98872375488281 38.471073150634766
238 80.96794128417969 38.66365051269531
239 80.60486602783203 39.005638122558594
240 80.35716247558594 39.3365478515625
241 80.09104919433594 39.62522506713867
242 79.57300567626953 40.04911804199219
243 79.46404266357422 40.09224319458008
244 68.1013412475586 37.325286865234375
245 67.96269226074219 37.39158248901367
246 67.58284759521484 37.51121520996094
247 67.26087188720703 37.57016372680664
248 66.74418640136719 37.61930847167969
249 66.14482879638672 37.48885726928711
250 65.8352279663086 37.47685241699219
251 65.42218017578125 37.59822463989258
252 65.14281463623047 37.8514404296875
253 64.87926483154297 38.16670227050781
254 64.91204833984375 39.228553771972656
255 65.05289459228516 39.40011215209961
256 65.72848510742188 39.78893280029297
257 66.07495880126953 39.89275360107422
258 66.38035583496094 40.00046157836914
259 66.7800521850586 39.95325469970703
260 67.22220611572266 39.82072067260742
261 67.90887451171875 39.78437423706055
262 68.27689361572266 39.8155403137207
263 68.451171875 39.8695068359375
264 68.85963439941406 40.840736389160156
265 68.92493438720703 41.40910720825195
266 68.94176483154297 41.653907775878906
267 68.96285247802734 41.7465934753418
268 72.39179229736328 37.41413879394531
269 72.42359161376953 37.336116790771484
270 72.40876770019531 37.27210235595703
271 62.13935470581055 34.392826080322266
272 62.144813537597656 34.45008087158203
273 62.5311164855957 34.80804443359375
274 62.93670654296875 35.03131866455078
275 63.32357406616211 35.25039291381836
276 63.72039031982422 35.50273895263672
277 64.01494598388672 35.57984161376953
278 68.89171600341797 35.812042236328125
279 69.002685546875 35.86945343017578
280 69.5834732055664 36.05451965332031
281 69.74340057373047 36.09910583496094
282 69.83684539794922 36.083091735839844
283 70.5086441040039 35.387535095214844
284 71.10494995117188 35.3193244934082
285 71.44908142089844 35.23360824584961
286 71.6668930053711 34.999359130859375
287 71.76679992675781 34.75938415527344
288 71.63935852050781 34.5023307800293
289 64.13493347167969 30.793048858642578
290 63.984466552734375 30.949628829956055
291 63.89777755737305 31.133852005004883
292 63.922794342041016 31.331016540527344
293 64.23431396484375 31.901363372802734
294 64.58164978027344 32.61403274536133
295 64.65533447265625 32.90059280395508
296 64.7042007446289 33.27339172363281
297 64.73130798339844 33.50791549682617
298 65.05624389648438 34.1025276184082
299 65.3294906616211 34.3074951171875
300 65.60313415527344 34.43859100341797
301 66.01019287109375 34.92098617553711
302 66.20905303955078 35.178768157958984
303 66.39332580566406 35.36955261230469
304 66.6350326538086 35.52238082885742
305 71.95181274414062 42.52750015258789
306 71.95720672607422 42.80668640136719
307 71.90692138671875 43.06266784667969
308 71.7127456665039 43.54475021362305
309 71.5628662109375 43.71604537963867
310 71.2313461303711 44.14766311645508
311 71.02159881591797 44.254066467285156
312 70.36369323730469 44.499244689941406
313 70.08381652832031 44.552459716796875
314 69.0586166381836 44.42043685913086
315 68.90629577636719 44.384521484375
316 64.5011215209961 43.04581069946289
317 64.47074890136719 42.91878128051758
318 64.52388000488281 42.61094284057617
319 65.12055206298828 42.019554138183594
320 65.51466369628906 41.98982238769531
321 66.04132843017578 42.23160934448242
322 66.52230834960938 42.77872848510742
323 66.82598876953125 43.69784164428711
324 66.85702514648438 43.92299270629883
325 66.63227081298828 44.837921142578125
326 66.36759948730469 45.0942497253418
327 66.0196304321289 45.21986389160156
328 65.27591705322266 45.319313049316406
329 64.91323852539062 45.34696578979492
330 64.24172973632812 45.83286666870117
331 64.16768646240234 46.02199172973633
332 64.27567291259766 46.391357421875
333 65.05455017089844 47.15679168701172
334 65.2243423461914 47.278255462646484
335 66.16433715820312 47.5881462097168
336 66.61023712158203 47.64350509643555
337 66.91301727294922 47.65937805175781
338 67.74370574951172 47.597591400146484
339 68.0707015991211 47.556026458740234
340 68.95763397216797 47.47200393676758
341 69.30252838134766 47.41072082519531
342 69.64823913574219 47.32404708862305
343 69.74694061279297 47.2664680480957
344 62.6563835144043 43.2679328918457
345 62.60204315185547 43.13263702392578
346 62.5702018737793 42.08058547973633
347 62.52205276489258 41.73243713378906
348 62.42216110229492 41.19849395751953
349 62.31338882446289 40.63998794555664
350 62.248558044433594 40.493072509765625
351 61.614810943603516 40.01467514038086
352 61.35074996948242 39.90678024291992
353 60.786460876464844 39.769622802734375
354 60.65457534790039 39.830387115478516
355 60.373477935791016 40.224891662597656
356 59.929813385009766 40.93678665161133
357 59.86259078979492 41.56561279296875
358 59.85016632080078 42.194400787353516
359 59.32719039916992 42.67329025268555
360 59.116798400878906 42.68531799316406
361 58.888404846191406 42.39252853393555
362 58.797367095947266 42.05823516845703
363 58.82796096801758 38.7519416809082
364 58.71617126464844 38.31914520263672
365 58.62088394165039 37.7948112487793
366 58.7116584777832 37.4139518737793
367 58.921138763427734 37.23405456542969
368 59.44264602661133 36.9176025390625
369 60.363746643066406 36.58216857910156
370 60.584896087646484 36.62171936035156
371 60.91712188720703 36.845184326171875
372 61.36057662963867 37.16476058959961
373 62.07014083862305 37.65898513793945
374 62.30511474609375 37.73060989379883
375 70.05455017089844 38.04243469238281
376 70.11180877685547 38.12981033325195
377 70.12020111083984 38.28947830200195
378 70.07167053222656 38.568729400634766
379 77.68499755859375 28.375730514526367
380 77.73721313476562 28.200428009033203
381 77.74942016601562 27.91508674621582
382 77.5009765625 27.130250930786133
383 77.43824768066406 26.916410446166992
384 74.9769515991211 13.29434871673584
385 74.95439147949219 12.975264549255371
386 74.6888198852539 12.383962631225586
387 74.40292358398438 11.995014190673828
388 74.12419891357422 11.629216194152832
389 73.98653411865234 11.511128425598145
390 74.55119323730469 14.939533233642578
391 74.52886199951172 15.170254707336426
392 74.55198669433594 15.45019817352295
393 74.68019104003906 15.816817283630371
394 74.91304016113281 16.086719512939453
395 75.41217803955078 16.398128509521484
396 75.9312744140625 16.628992080688477
397 76.15693664550781 16.59494972229004
398 76.55654907226562 16.346935272216797
399 76.83516693115234 16.105409622192383
400 77.14873504638672 15.858848571777344
401 78.02090454101562 15.586065292358398
402 78.12324523925781 15.73814868927002
403 78.29036712646484 16.638811111450195
404 78.30632781982422 17.108530044555664
405 78.28199768066406 17.727970123291016
406 78.30901336669922 18.063058853149414
407 78.39728546142578 18.598033905029297
408 78.6589126586914 19.098915100097656
409 78.85086059570312 19.40372085571289
410 79.32168579101562 20.027374267578125
411 79.85134887695312 20.39398956298828
412 80.29069519042969 20.57327651977539
413 80.4613037109375 20.487537384033203
414 80.67463684082031 19.940689086914062
415 80.7842025756836 19.3305721282959
416 80.92577362060547 18.722368240356445
417 80.97187042236328 18.252471923828125
418 81.01337432861328 17.894142150878906
419 81.14897918701172 17.00623321533203
420 81.34415435791016 16.159765243530273
421 81.43769836425781 15.826530456542969
422 81.55682373046875 15.432398796081543
423 81.68303680419922 14.99889850616455
424 81.81700134277344 14.668456077575684
425 81.931884765625 14.435012817382812
426 82.12525177001953 14.270902633666992
427 84.26998138427734 14.12390422821045
428 84.41329193115234 14.30528736114502
429 84.63959503173828 14.609179496765137
430 84.91305541992188 14.985641479492188
431 85.1650161743164 15.493999481201172
432 85.23970794677734 15.72311019897461
433 85.25765991210938 16.105527877807617
434 85.26509094238281 16.30896759033203
435 85.1397476196289 18.0982723236084
436 85.33226013183594 18.24523162841797
437 85.7522201538086 18.355737686157227
438 86.88294219970703 18.31061363220215
439 87.40394592285156 17.837745666503906
440 87.57506561279297 17.527002334594727
441 87.68865203857422 17.04259490966797
442 87.80020904541016 16.51209831237793
443 87.85718536376953 16.30168914794922
444 88.17321014404297 15.73554801940918
445 88.22518920898438 15.473292350769043
446 88.0529556274414 14.434378623962402
447 88.01850891113281 14.248428344726562
448 87.90040588378906 14.030363082885742
449 87.70935821533203 13.575788497924805
450 87.51803588867188 13.054287910461426
451 87.30253601074219 12.425366401672363
452 87.17070007324219 12.070040702819824
453 86.90103149414062 11.399901390075684
454 86.68077087402344 10.954689025878906
455 86.4178466796875 10.615723609924316
456 85.98958587646484 10.173444747924805
457 85.65699005126953 9.82265853881836
458 85.36825561523438 9.621039390563965
459 85.32093048095703 9.654988288879395
460 62.89793014526367 16.530550003051758
461 62.835060119628906 16.576385498046875
462 62.716732025146484 16.82263946533203
463 62.39310836791992 17.271883010864258
464 61.98383331298828 17.932371139526367
465 61.75711441040039 18.1859188079834
466 61.491390228271484 18.498254776000977
467 61.11775207519531 18.840951919555664
468 60.90574645996094 19.191431045532227
469 60.645591735839844 19.824689865112305
470 60.41622543334961 20.327167510986328
471 60.021568298339844 21.042911529541016
472 59.82535171508789 21.34762954711914
473 59.631099700927734 21.632917404174805
474 59.72161865234375 22.068021774291992
475 59.96299362182617 22.253219604492188
476 60.77147674560547 22.484827041625977
477 60.94096755981445 22.544830322265625
478 61.12678909301758 22.53114891052246
479 62.182376861572266 22.245119094848633
480 62.4083137512207 22.21187400817871
481 63.076175689697266 22.278051376342773
482 63.37067413330078 22.17060089111328
483 63.69092559814453 21.84486198425293
484 63.71806335449219 21.451515197753906
485 63.411136627197266 21.007427215576172
486 63.180049896240234 20.815868377685547
487 62.483760833740234 20.478174209594727
488 62.228370666503906 20.340559005737305
489 59.32748031616211 19.051576614379883
490 58.9949836730957 18.80590057373047
491 58.76475524902344 18.432781219482422
492 58.73906707763672 17.930152893066406
493 58.87317657470703 17.393878936767578
494 59.02627944946289 17.125890731811523
495 59.25860595703125 17.006786346435547
496 60.17532730102539 16.908267974853516
497 60.70372009277344 16.732454299926758
498 60.88145446777344 16.76449203491211
499 63.52027893066406 18.621986389160156
500 63.672183990478516 18.764795303344727
501 64.11698150634766 19.304372787475586
502 64.4488296508789 19.873472213745117
503 65.07282257080078 21.630178451538086
504 65.2696304321289 21.899805068969727
505 65.74559783935547 22.125404357910156
506 65.93171691894531 22.072185516357422
507 66.24822998046875 21.597442626953125
508 66.25485229492188 21.06491470336914
509 66.19417572021484 20.694669723510742
510 66.12284088134766 20.1873722076416
511 66.04031372070312 19.862268447875977
512 65.94747924804688 18.934978485107422
513 65.85951232910156 18.43384552001953
514 65.74806213378906 18.11474609375
515 65.50579833984375 17.40697479248047
516 65.4744644165039 17.24660301208496
517 69.55624389648438 7.439260959625244
518 69.2133560180664 7.306204795837402
519 68.91096496582031 7.233734607696533
520 68.61774444580078 7.265622615814209
521 68.32798767089844 7.539739608764648
522 67.94098663330078 7.9612016677856445
523 67.79902648925781 8.253166198730469
524 67.59198760986328 8.86906623840332
525 67.55494689941406 9.145214080810547
526 67.40335083007812 10.061537742614746
527 67.4252700805664 10.26215934753418
528 67.9046401977539 10.631925582885742
529 68.19913482666016 10.969179153442383
530 68.41340637207031 11.190723419189453
531 68.53981018066406 11.492278099060059
532 68.59479522705078 11.988595008850098
533 68.5436019897461 12.524321556091309
534 68.53031921386719 12.89307689666748
535 68.652587890625 13.709136009216309
536 68.80704498291016 14.329514503479004
537 68.97904205322266 14.71927547454834
538 69.25218963623047 14.922776222229004
539 69.56461334228516 15.108223915100098
540 69.9822006225586 15.337798118591309
541 70.18289947509766 15.51306438446045
542 70.44449615478516 15.956232070922852
543 70.42308807373047 16.19171905517578
544 70.05168151855469 16.684711456298828
545 69.48601531982422 17.1505126953125
546 69.29423522949219 17.53626823425293
547 69.39549255371094 17.855430603027344
548 69.73130798339844 18.04004669189453
549 70.63941192626953 18.030208587646484
550 70.82628631591797 17.97986602783203
551 71.19891357421875 18.186019897460938
552 71.83575439453125 18.422386169433594
553 72.11354064941406 18.49819564819336
554 72.35839080810547 18.534053802490234
555 73.07489776611328 39.779441833496094
556 73.09841918945312 39.764549255371094
557 73.44365692138672 39.286041259765625
558 73.69969940185547 39.19408416748047
559 74.25743103027344 39.351646423339844
560 74.78917694091797 39.65378952026367
561 75.08263397216797 39.914772033691406
562 75.44898986816406 40.3841438293457
563 75.9500732421875 41.036705017089844
564 76.19393157958984 41.320316314697266
565 76.92247009277344 42.19190979003906
566 76.99584197998047 42.2668571472168
567 75.38060760498047 26.036216735839844
568 74.94354248046875 25.96339988708496
569 74.77144622802734 25.886777877807617
570 74.16349029541016 25.209129333496094
571 73.83226776123047 24.93889808654785
572 73.4954605102539 24.900487899780273
573 73.2605209350586 24.988786697387695
574 73.03883361816406 25.13241195678711
575 68.25684356689453 34.30788803100586
576 68.18452453613281 34.069820404052734
577 68.10377502441406 33.737884521484375
578 67.99845123291016 33.57835006713867
579 67.83456420898438 33.34138488769531
580 67.21442413330078 32.475364685058594
581 67.04855346679688 32.132137298583984
582 67.01548767089844 31.888381958007812
583 67.08057403564453 31.53338623046875
584 67.63953399658203 31.102746963500977
585 67.96820831298828 31.081893920898438
586 68.60001373291016 31.42701530456543
587 69.02433013916016 31.778295516967773
588 69.90615844726562 32.47664260864258
589 70.17229461669922 32.518001556396484
590 70.61409759521484 32.3970832824707
591 70.78701782226562 32.24018096923828
592 71.00692749023438 31.51227378845215
593 71.14593505859375 31.342695236206055
594 71.55235290527344 31.341636657714844
595 72.4259262084961 31.571331024169922
596 72.64008331298828 31.608135223388672
597 72.93870544433594 31.620155334472656
598 73.2921142578125 31.52704429626465
599 73.5931396484375 31.37516212463379
600 74.02650451660156 31.207767486572266
601 74.39216613769531 31.183090209960938
602 74.85420227050781 31.147151947021484
603 75.25350189208984 31.230207443237305
604 75.75980377197266 31.439821243286133
605 76.10377502441406 31.683610916137695
606 76.28617095947266 32.21278762817383
607 76.26738739013672 32.71293258666992
608 76.11756896972656 32.99171829223633
609 75.76800537109375 33.28030776977539
610 75.47657775878906 33.50168991088867
611 75.26289367675781 33.69740295410156
612 75.1883544921875 33.9668083190918
613 75.17733764648438 34.55314254760742
614 75.18384552001953 35.052032470703125
615 75.14900970458984 35.51828384399414
616 75.13908386230469 35.81394577026367
617 75.10320281982422 36.18266677856445
618 75.0739974975586 36.5810546875
619 75.02213287353516 36.95341873168945
620 74.31150817871094 42.840641021728516
621 74.42887878417969 43.455684661865234
622 74.43653106689453 43.8126220703125
623 74.41646575927734 44.26696014404297
624 74.40184783935547 44.491615295410156
625 74.20061492919922 45.28202819824219
626 74.17369842529297 45.371849060058594
627 61.58314895629883 46.7756462097168
628 61.350006103515625 46.67689895629883
629 60.84366226196289 46.36515426635742
630 60.60818862915039 46.19281005859375
631 60.28980255126953 45.947509765625
632 60.104793548583984 45.79837417602539
633 59.78252029418945 45.49226760864258
634 59.33056640625 45.12696838378906
635 58.923728942871094 44.88753890991211
636 58.73763656616211 44.77448272705078
637 57.88148880004883 44.15159225463867
638 57.75016403198242 44.036582946777344
639 56.62698745727539 42.471981048583984
640 56.570926666259766 42.292884826660156
641 56.60432434082031 42.07356262207031
642 56.80313491821289 41.25666427612305
643 56.86260223388672 40.974369049072266
644 57.00815200805664 40.74119186401367
645 57.09075164794922 40.61008071899414
646 57.231719970703125 40.4564094543457
647 57.50581741333008 40.23366165161133
648 58.5407600402832 39.96098327636719
649 58.6001091003418 39.94966125488281
650 55.770957946777344 17.78174591064453
651 55.66450119018555 17.74221420288086
652 55.24763107299805 17.685165405273438
653 55.02425003051758 17.706052780151367
654 47.98155212402344 39.92613983154297
655 48.04570770263672 39.658531188964844
656 48.098514556884766 39.495941162109375
657 48.17354202270508 38.9514274597168
658 48.32603454589844 38.34400177001953
659 48.38288497924805 38.157840728759766
660 48.667701721191406 37.40487289428711
661 48.824195861816406 37.04393005371094
662 49.19672393798828 36.451290130615234
663 49.47042465209961 36.11136245727539
664 49.619041442871094 35.935028076171875
665 50.23221206665039 35.53034973144531
666 50.27342224121094 35.485389709472656
667 47.590965270996094 22.105268478393555
668 47.384429931640625 22.08150863647461
669 46.37316131591797 22.121519088745117
670 45.88722229003906 22.159982681274414
671 45.61935043334961 22.210859298706055
672 45.1671028137207 22.3349666595459
673 45.083282470703125 22.3685302734375
674 45.080081939697266 22.41568946838379
675 47.39848709106445 35.27811813354492
676 47.172340393066406 35.35482406616211
677 46.92102813720703 35.46775436401367
678 46.77354431152344 35.51383590698242
679 56.536231994628906 21.55341339111328
680 56.63761901855469 21.43873405456543
681 56.88212966918945 21.20028305053711
682 57.06901931762695 20.998294830322266
683 57.25898742675781 20.84417724609375
684 77.34124755859375 12.680500984191895
685 77.59378814697266 12.666654586791992
686 77.91546630859375 12.744105339050293
687 78.1353759765625 12.738981246948242
688 78.2974624633789 12.688285827636719
689 79.17729949951172 12.198986053466797
690 79.29045867919922 11.95767593383789
691 79.34795379638672 11.621199607849121
692 79.41376495361328 10.99144172668457
693 79.42198181152344 10.604416847229004
694 79.40735626220703 10.183724403381348
695 79.39631652832031 9.796550750732422
696 79.37104797363281 9.615644454956055
697 78.88628387451172 8.627845764160156
698 78.75696563720703 8.43968391418457
699 78.4990234375 8.296191215515137
700 78.10540008544922 8.121406555175781
701 77.71476745605469 7.886146068572998
702 77.44678497314453 7.778626918792725
703 76.20848846435547 7.3442840576171875
704 75.84398651123047 7.2895941734313965
705 75.0060043334961 7.354559421539307
706 74.43452453613281 7.483951568603516
707 74.19817352294922 7.594428062438965
708 73.8629150390625 7.7566142082214355
709 73.52691650390625 7.981846809387207
710 73.01480102539062 8.429100036621094
711 72.58529663085938 8.815113067626953
712 72.32860565185547 9.134952545166016
713 71.91773223876953 9.743826866149902
714 71.68354797363281 9.980953216552734
715 71.57467651367188 10.055458068847656
716 59.59754943847656 8.475329399108887
717 59.81559371948242 8.442378997802734
718 60.098876953125 8.392125129699707
719 60.439510345458984 8.312516212463379
720 60.77477264404297 8.101330757141113
721 61.97599411010742 7.363183975219727
722 62.210880279541016 7.349058628082275
723 62.720054626464844 7.420408725738525
724 63.27615737915039 7.539112091064453
725 63.961181640625 7.838130950927734
726 64.34876251220703 8.11876392364502
727 64.42251586914062 8.278064727783203
728 64.83761596679688 9.410486221313477
729 64.95130157470703 9.74303150177002
730 65.09298706054688 10.35864543914795
731 64.68574523925781 11.086697578430176
732 64.49656677246094 11.236051559448242
733 63.681793212890625 11.551373481750488
734 63.296138763427734 11.62436580657959
735 62.99701690673828 11.630881309509277
736 62.414283752441406 11.732787132263184
737 62.17507553100586 11.928326606750488
738 61.89434814453125 12.346602439880371
739 61.76591873168945 12.726518630981445
740 61.47221755981445 13.366137504577637
741 61.251468658447266 13.588900566101074
742 60.25489044189453 14.070199012756348
743 59.84571075439453 14.089204788208008
744 59.47182846069336 14.059209823608398
745 59.332374572753906 13.983952522277832
746 59.035438537597656 13.252599716186523
747 58.892723083496094 12.948498725891113
748 58.79274368286133 12.746559143066406
749 58.51203918457031 12.393289566040039
750 58.04863739013672 12.172019958496094
751 57.78805160522461 12.092551231384277
752 57.27301788330078 12.013777732849121
753 56.62001037597656 12.348285675048828
754 56.28581237792969 12.686651229858398
755 56.2180061340332 13.079939842224121
756 56.214637756347656 13.55167293548584
757 56.20534133911133 14.013882637023926
758 56.19257736206055 14.086976051330566
759 58.35685348510742 30.20920753479004
760 58.460662841796875 30.153160095214844
761 58.813045501708984 29.820940017700195
762 59.099456787109375 29.685808181762695
763 59.44278335571289 29.720470428466797
764 60.17201232910156 30.010717391967773
765 60.30450439453125 30.254730224609375
766 60.330101013183594 31.3455810546875
767 60.16597366333008 32.02008819580078
768 60.030521392822266 32.26473617553711
769 59.614044189453125 32.713043212890625
770 59.10684585571289 33.24653625488281
771 58.90385055541992 33.46726608276367
772 58.09490203857422 34.157989501953125
773 57.7901725769043 34.49452209472656
774 57.593971252441406 34.740455627441406
775 57.2236328125 35.210487365722656
776 56.980125427246094 35.210693359375
777 56.619110107421875 34.99787139892578
778 56.47158432006836 34.502079010009766
779 56.408477783203125 33.88727951049805
780 56.405494689941406 33.38851547241211
781 56.398109436035156 33.156246185302734
782 56.360748291015625 31.898832321166992
783 56.295772552490234 31.53738021850586
784 56.1093864440918 31.045377731323242
785 55.90275955200195 30.568601608276367
786 55.37860870361328 29.91690444946289
787 55.17036056518555 29.68450927734375
788 55.0402946472168 29.488954544067383
789 54.75345230102539 28.99240493774414
790 54.619239807128906 28.831134796142578
791 52.56298065185547 26.155120849609375
792 52.42229080200195 25.88385009765625
793 52.296836853027344 25.629440307617188
794 52.027313232421875 24.921775817871094
795 51.91447830200195 24.527070999145508
796 51.794368743896484 23.82985496520996
797 51.91205978393555 23.441577911376953
798 52.125343322753906 22.885921478271484
799 52.196372985839844 22.586977005004883
800 52.33897018432617 22.219751358032227
801 52.51314926147461 21.627466201782227
802 52.348350524902344 21.35112190246582
803 52.04273223876953 20.784595489501953
804 51.94861602783203 20.58299446105957
805 51.81074523925781 20.10816192626953
806 51.730960845947266 19.789588928222656
807 51.49834060668945 18.333984375
808 51.522377014160156 17.815540313720703
809 51.54217529296875 17.718534469604492
810 51.614410400390625 17.71364402770996
811 53.051361083984375 29.588775634765625
812 53.00249481201172 29.807003021240234
813 52.85869216918945 30.105335235595703
814 52.717063903808594 30.2410888671875
815 52.15908432006836 30.86678123474121
816 51.91443634033203 31.246246337890625
817 51.8154411315918 31.58971405029297
818 51.75618362426758 32.1009635925293
819 51.64521408081055 32.40205764770508
820 51.60481262207031 32.68471145629883
821 51.66455078125 33.194190979003906
822 52.31998825073242 34.25252151489258
823 52.5081901550293 34.40813446044922
824 52.91876983642578 34.6270637512207
825 53.33055877685547 34.780426025390625
826 53.5341796875 34.799415588378906
827 54.067386627197266 34.99864959716797
828 54.272705078125 35.194339752197266
829 54.36833572387695 35.38180923461914
830 54.41150665283203 35.51264190673828
831 51.80968475341797 28.366796493530273
832 51.539466857910156 28.097537994384766
833 51.288082122802734 27.874338150024414
834 50.63951873779297 27.146512985229492
835 50.40378952026367 27.04094886779785
836 49.942596435546875 26.7719783782959
837 49.65717315673828 26.725759506225586
838 49.297279357910156 26.79474639892578
839 49.036476135253906 27.02274513244629
840 49.07655334472656 27.555831909179688
841 49.15306854248047 28.05390167236328
842 49.289390563964844 28.914783477783203
843 49.3305778503418 29.23783302307129
844 49.3371467590332 29.833587646484375
845 49.289337158203125 30.177257537841797
846 49.091922760009766 30.443763732910156
847 48.662811279296875 30.639122009277344
848 48.26711654663086 30.61752700805664
849 47.98155212402344 30.54837417602539
850 47.30536651611328 30.33774185180664
851 47.127315521240234 30.252729415893555
852 46.75932312011719 29.958850860595703
853 46.516231536865234 29.741470336914062
854 45.815242767333984 28.825496673583984
855 45.653953552246094 28.419727325439453
856 45.81134796142578 27.91911506652832
857 46.03541564941406 27.655197143554688
858 46.252445220947266 27.556289672851562
859 46.61804962158203 27.528791427612305
860 46.83915710449219 27.627574920654297
861 46.72266387939453 32.2248649597168
862 46.89864730834961 32.4072380065918
863 47.18815612792969 32.71878433227539
864 47.56155014038086 32.96000289916992
865 47.803157806396484 33.03107452392578
866 48.92431640625 33.33460235595703
867 49.25079345703125 33.419857025146484
868 49.51678466796875 33.491477966308594
869 53.57705307006836 32.61324691772461
870 53.69967269897461 32.48640823364258
871 54.070281982421875 32.12712097167969
872 54.23445129394531 31.943708419799805
873 54.26834487915039 27.14426040649414
874 54.308006286621094 26.802961349487305
875 54.35997009277344 26.403209686279297
876 54.485511779785156 25.355615615844727
877 54.58135223388672 25.104867935180664
878 54.846248626708984 24.816030502319336
879 55.23029327392578 24.534587860107422
880 55.870567321777344 24.377294540405273
881 56.216495513916016 24.513263702392578
882 56.65336608886719 24.98021697998047
883 57.07602310180664 25.485910415649414
884 57.210060119628906 25.75946617126465
885 57.24738311767578 26.489652633666992
886 57.254634857177734 26.750547409057617
887 57.30577850341797 27.590641021728516
888 57.35763931274414 27.902170181274414
889 57.40162658691406 28.250810623168945
890 57.420799255371094 28.512557983398438
891 55.88967514038086 47.4011116027832
892 56.385677337646484 46.85859680175781
893 56.61450958251953 46.64561462402344
894 56.84938430786133 46.4539909362793
895 57.27401351928711 46.245723724365234
896 57.40883255004883 46.16437530517578
897 57.50468826293945 46.13827896118164
898 55.759578704833984 43.712646484375
899 55.573936462402344 43.85757827758789
900 55.2659797668457 44.26664733886719
901 55.045997619628906 44.61011505126953
902 54.955780029296875 44.85973358154297
903 54.78755569458008 45.14728546142578
904 54.61743927001953 45.21660614013672
905 53.96141052246094 44.80759048461914
906 53.404048919677734 44.94217300415039
907 52.758338928222656 45.50151443481445
908 52.321998596191406 45.994293212890625
909 52.061771392822266 46.094390869140625
910 51.766639709472656 46.1980094909668
911 51.344200134277344 46.01034164428711
912 51.116458892822266 45.73313903808594
913 50.92966842651367 45.65235900878906
914 50.764732360839844 45.59861373901367
915 50.29861068725586 45.55555725097656
916 49.71860885620117 45.509910583496094
917 48.376556396484375 46.31120300292969
918 48.3724365234375 46.430870056152344
919 48.49586868286133 46.830482482910156
920 48.82378387451172 47.267215728759766
921 49.155784606933594 47.53669357299805
922 50.11996078491211 48.26420211791992
923 50.54431915283203 48.60855484008789
924 50.67584228515625 48.870296478271484
925 50.87773513793945 49.08039855957031
926 51.86134338378906 49.34955978393555
927 52.178646087646484 49.38316345214844
928 52.60881423950195 49.39692687988281
929 52.906864166259766 49.23195266723633
930 53.27293014526367 48.932090759277344
931 53.58122253417969 48.59625244140625
932 54.03689193725586 47.87458419799805
933 54.09117126464844 47.76343536376953
934 51.6336784362793 43.404937744140625
935 51.5938720703125 43.40065002441406
936 51.62199020385742 43.427734375
937 52.92842483520508 43.24907302856445
938 52.873390197753906 42.90416717529297
939 52.62342071533203 42.61990737915039
940 52.44746017456055 42.518829345703125
941 51.60089874267578 42.20634078979492
942 51.442718505859375 42.15730667114258
943 49.863441467285156 42.32530212402344
944 49.620540618896484 42.328704833984375
945 49.116729736328125 42.50498962402344
946 48.87510299682617 42.63228988647461
947 48.58393096923828 42.89061737060547
948 48.28849411010742 43.04047393798828
949 48.09653091430664 43.11219787597656
950 47.35433578491211 43.26646041870117
951 47.14545440673828 43.2596435546875
952 46.587581634521484 43.08953857421875
953 46.077659606933594 42.957359313964844
954 45.858707427978516 42.846981048583984
955 45.55031204223633 42.59530258178711
956 44.83769989013672 41.34629821777344
957 44.753395080566406 41.10126876831055
958 44.7718505859375 40.82353210449219
959 45.38261032104492 39.982505798339844
960 45.657073974609375 39.575252532958984
961 45.81360626220703 39.15433120727539
962 45.77568435668945 38.81117248535156
963 45.51008987426758 38.08573913574219
964 45.33738327026367 37.831058502197266
965 44.87449645996094 37.37492752075195
966 44.536712646484375 36.99510192871094
967 44.41131591796875 36.842987060546875
968 44.11928939819336 36.47160720825195
969 43.66879653930664 35.91457748413086
970 43.481937408447266 35.62247848510742
971 43.41923141479492 35.508724212646484
972 55.191200256347656 38.007511138916016
973 55.32756805419922 38.22492218017578
974 55.46261978149414 38.65741729736328
975 55.40060806274414 39.21989822387695
976 55.194129943847656 39.630558013916016
977 55.015472412109375 40.170684814453125
978 54.86114501953125 40.616600036621094
979 54.685508728027344 41.017372131347656
980 54.58543014526367 41.179813385009766
981 54.320735931396484 41.34640121459961
982 53.61082077026367 41.48847961425781
983 53.210792541503906 41.34132766723633
984 52.90925216674805 41.12626647949219
985 52.42094421386719 40.85927200317383
986 52.1456298828125 40.683380126953125
987 51.927860260009766 40.36723709106445
988 51.88029098510742 39.976680755615234
989 51.80582809448242 39.612003326416016
990 51.57696533203125 39.38924026489258
991 51.452293395996094 39.26230239868164
992 51.06924819946289 38.7856559753418
993 50.9547233581543 38.457462310791016
994 50.93683624267578 38.14822006225586
995 50.99783706665039 37.98970413208008
996 51.642005920410156 37.25014877319336
997 52.08434295654297 37.166595458984375
998 52.286346435546875 37.134239196777344
999 52.41132354736328 37.09960174560547
