0 55.673492431640625 -27.057004928588867
1 55.59839630126953 -27.187694549560547
2 55.459739685058594 -27.423072814941406
3 55.287479400634766 -27.832069396972656
4 55.18921661376953 -28.175281524658203
5 60.38808822631836 -44.56863784790039
6 60.616703033447266 -44.455589294433594
7 60.930660247802734 -44.284706115722656
8 61.381492614746094 -44.002479553222656
9 61.936222076416016 -43.447017669677734
10 62.11914825439453 -43.10177230834961
11 62.23333740234375 -42.72026062011719
12 62.30472183227539 -42.38408279418945
13 62.33395767211914 -42.03794860839844
14 62.364418029785156 -41.6550407409668
15 62.428096771240234 -41.0635871887207
16 62.46967697143555 -40.601776123046875
17 62.49878692626953 -40.199886322021484
18 62.5728645324707 -39.705474853515625
19 62.752384185791016 -39.02275466918945
20 62.820091247558594 -38.79718017578125
21 67.6987533569336 -30.910158157348633
22 67.66547393798828 -30.626161575317383
23 67.60103607177734 -30.32638931274414
24 67.4229736328125 -30.023258209228516
25 66.83914184570312 -29.409387588500977
26 66.73833465576172 -29.237051010131836
27 66.31238555908203 -24.99393081665039
28 66.2957763671875 -24.852277755737305
29 66.26637268066406 -24.537445068359375
30 65.93948364257812 -24.310298919677734
31 65.53152465820312 -23.98052978515625
32 65.41552734375 -23.729114532470703
33 65.19915771484375 -23.143068313598633
34 65.09933471679688 -22.67730140686035
35 65.27586364746094 -22.49317741394043
36 65.97525787353516 -22.425518035888672
37 66.23332977294922 -22.493928909301758
38 66.41593170166016 -22.5646915435791
39 83.02110290527344 -45.35633850097656
40 83.1484603881836 -45.25251388549805
41 83.29853057861328 -45.082523345947266
42 83.5604248046875 -44.66783905029297
43 83.74055480957031 -44.27341079711914
44 83.82402801513672 -44.012020111083984
45 76.24160766601562 -19.99603271484375
46 76.23365783691406 -19.563705444335938
47 76.31581115722656 -19.200599670410156
48 76.5725326538086 -18.590208053588867
49 76.94010925292969 -18.271259307861328
50 77.16755676269531 -18.309368133544922
51 77.64191436767578 -18.68535804748535
52 77.78643035888672 -18.95812225341797
53 77.78581237792969 -19.442163467407227
54 77.65662384033203 -19.862510681152344
55 77.74036407470703 -20.098670959472656
56 69.60337829589844 -48.203651428222656
57 69.46601104736328 -48.14278793334961
58 69.29312133789062 -48.04874038696289
59 68.54793548583984 -47.47532272338867
60 68.32594299316406 -47.25943374633789
61 67.98328399658203 -46.93092727661133
62 67.7046127319336 -46.698944091796875
63 67.28153991699219 -46.54616928100586
64 65.87288665771484 -46.3665657043457
65 65.6275634765625 -46.41046142578125
66 64.975830078125 -46.63861846923828
67 64.62850189208984 -46.75566864013672
68 64.41015625 -46.81819534301758
69 54.00356674194336 -23.5268497467041
70 54.02333450317383 -23.338668823242188
71 54.06201171875 -23.036273956298828
72 54.10573196411133 -22.658313751220703
73 54.14500427246094 -22.253435134887695
74 54.12574768066406 -21.92929458618164
75 54.018531799316406 -21.44344711303711
76 53.721336364746094 -20.787729263305664
77 53.643333435058594 -20.554447174072266
78 53.544403076171875 -19.99888801574707
79 53.46919631958008 -19.500288009643555
80 53.408695220947266 -19.098995208740234
81 53.52836227416992 -18.512836456298828
82 53.755455017089844 -18.134145736694336
83 54.006805419921875 -17.941268920898438
84 54.46741485595703 -17.808408737182617
85 54.75520706176758 -17.866846084594727
86 55.97555160522461 -18.8583984375
87 56.16232681274414 -18.916954040527344
88 56.43669509887695 -18.91574478149414
89 56.937110900878906 -18.881675720214844
90 57.14407730102539 -18.893619537353516
91 57.45193862915039 -18.883487701416016
92 57.560489654541016 -18.967191696166992
93 57.86830139160156 -20.529489517211914
94 57.928550720214844 -20.571828842163086
95 68.11766052246094 -26.750564575195312
96 68.19024658203125 -26.984664916992188
97 67.87187194824219 -27.234188079833984
98 67.58430480957031 -27.260740280151367
99 67.02885437011719 -27.23014259338379
100 66.75617980957031 -27.22072410583496
101 66.21614837646484 -27.123071670532227
102 65.81600189208984 -26.984786987304688
103 65.51899719238281 -26.849853515625
104 65.04764556884766 -26.623050689697266
105 64.69822692871094 -26.49128532409668
106 64.49972534179688 -26.504070281982422
107 73.57316589355469 -49.3781623840332
108 73.64983367919922 -49.14480209350586
109 73.7170639038086 -48.77758026123047
110 73.75716400146484 -48.47544479370117
111 73.79698181152344 -48.23995590209961
112 73.90282440185547 -47.106224060058594
113 73.8641586303711 -46.74977111816406
114 73.78370666503906 -46.48419189453125
115 71.3968276977539 -41.859867095947266
116 71.22962951660156 -41.61023712158203
117 71.11803436279297 -41.39751052856445
118 70.97531127929688 -41.23033905029297
119 70.15142059326172 -40.54335403442383
120 69.89386749267578 -40.337528228759766
121 69.29692077636719 -39.943931579589844
122 69.21368408203125 -39.9011116027832
123 80.53254699707031 -15.290345191955566
124 80.73278045654297 -15.16362190246582
125 80.92339324951172 -15.073222160339355
126 81.21356964111328 -14.935781478881836
127 81.64461517333984 -14.693873405456543
128 82.04839324951172 -14.27277660369873
129 82.20173645019531 -13.983752250671387
130 82.2979965209961 -13.810379028320312
131 82.91472625732422 -13.15233325958252
132 83.12991333007812 -12.749642372131348
133 83.27912902832031 -12.231852531433105
134 83.3031234741211 -12.024131774902344
135 83.30965423583984 -11.779168128967285
136 83.02462768554688 -10.837268829345703
137 82.9068374633789 -10.515841484069824
138 82.83492279052734 -10.397228240966797
139 82.57575225830078 -10.130424499511719
140 82.17266082763672 -9.926789283752441
141 63.67923355102539 -21.269676208496094
142 63.975528717041016 -21.238969802856445
143 64.22561645507812 -21.195676803588867
144 64.60247039794922 -21.17091178894043
145 80.16902160644531 -37.6046028137207
146 80.15486145019531 -37.67863845825195
147 80.18482208251953 -37.881229400634766
148 80.30343627929688 -38.47862243652344
149 80.25373840332031 -38.912986755371094
150 80.26539611816406 -39.48548126220703
151 80.42041778564453 -39.69799041748047
152 80.929931640625 -40.010963439941406
153 81.25839233398438 -40.1592903137207
154 81.6729965209961 -40.34369659423828
155 81.89501953125 -40.547950744628906
156 82.22783660888672 -41.175254821777344
157 82.21923828125 -41.410125732421875
158 81.60845184326172 -42.037147521972656
159 81.31916809082031 -42.1849365234375
160 80.7735595703125 -42.270164489746094
161 80.35591125488281 -42.26226043701172
162 80.04544067382812 -42.222328186035156
163 79.60653686523438 -42.12873077392578
164 79.19554138183594 -42.08977127075195
165 78.4893798828125 -42.410606384277344
166 78.30933380126953 -42.6214599609375
167 78.2855224609375 -42.9583740234375
168 78.42301177978516 -44.10929870605469
169 78.46160888671875 -44.3621826171875
170 78.59293365478516 -44.93973159790039
171 78.65397644042969 -45.378509521484375
172 78.7056884765625 -45.563018798828125
173 78.70679473876953 -46.32863235473633
174 78.73512268066406 -46.777278900146484
175 78.74147033691406 -47.03426742553711
176 78.69761657714844 -47.1910514831543
177 68.23303985595703 -37.3040885925293
178 67.834716796875 -37.34935760498047
179 67.52387237548828 -37.388858795166016
180 66.76689147949219 -37.53569412231445
181 66.57989501953125 -37.680843353271484
182 66.35201263427734 -38.05451583862305
183 66.24362182617188 -38.285789489746094
184 66.04962158203125 -38.622581481933594
185 65.85261535644531 -38.98249816894531
186 65.78809356689453 -39.327293395996094
187 65.89032745361328 -39.71049499511719
188 66.10134887695312 -40.29110336303711
189 66.18997955322266 -40.654518127441406
190 66.23162841796875 -41.298095703125
191 66.23290252685547 -41.40486145019531
192 87.94850158691406 -42.896541595458984
193 87.9229965209961 -42.8161506652832
194 87.65486145019531 -42.16942596435547
195 87.43678283691406 -41.75091552734375
196 87.20550537109375 -41.34819412231445
197 86.9326171875 -40.94273376464844
198 86.66889953613281 -40.59248352050781
199 86.45210266113281 -40.35388946533203
200 66.18659973144531 -32.222503662109375
201 66.0662612915039 -32.18439483642578
202 65.66983795166016 -32.03708267211914
203 65.32247161865234 -31.917617797851562
204 65.05858612060547 -31.8074893951416
205 64.63006591796875 -31.497541427612305
206 64.26776123046875 -31.193037033081055
207 64.06768798828125 -30.93268585205078
208 63.9802131652832 -30.339725494384766
209 63.9427375793457 -29.98731803894043
210 63.91566467285156 -29.512996673583984
211 63.826290130615234 -29.161741256713867
212 63.39297866821289 -28.96303367614746
213 63.05601119995117 -28.767852783203125
214 62.81597900390625 -28.50438690185547
215 62.48200988769531 -28.05726432800293
216 62.32532501220703 -27.87897491455078
217 60.29161071777344 -27.82033348083496
218 60.11614227294922 -27.77145767211914
219 59.62165451049805 -27.393901824951172
220 59.285675048828125 -26.834056854248047
221 59.285064697265625 -26.58601951599121
222 59.860843658447266 -25.926172256469727
223 60.06389236450195 -25.853946685791016
224 61.047183990478516 -25.91907501220703
225 61.48915100097656 -26.029848098754883
226 61.601783752441406 -26.0444393157959
227 90.84854888916016 -14.012959480285645
228 90.7982406616211 -13.934563636779785
229 90.59414672851562 -13.67090892791748
230 90.23190307617188 -13.142862319946289
231 90.0795669555664 -12.94063949584961
232 89.77445220947266 -12.656299591064453
233 89.39418029785156 -12.413792610168457
234 89.01358795166016 -12.19652271270752
235 88.11546325683594 -11.759531021118164
236 87.8426284790039 -11.593774795532227
237 87.50379180908203 -11.337413787841797
238 87.3495864868164 -11.149312973022461
239 86.96487426757812 -10.560227394104004
240 86.84127044677734 -10.3860502243042
241 76.82373046875 -0.5248122215270996
242 76.76946258544922 -0.3290598392486572
243 76.71483612060547 -0.05515073239803314
244 76.69641876220703 0.39887529611587524
245 76.69865417480469 0.6593331098556519
246 76.73448944091797 0.8772981762886047
247 90.9236068725586 -17.536937713623047
248 90.98193359375 -17.721826553344727
249 91.18099975585938 -18.4228572845459
250 91.3077621459961 -18.666458129882812
251 91.59803009033203 -18.87906265258789
252 92.32177734375 -19.357709884643555
253 92.71385955810547 -19.639259338378906
254 93.22064971923828 -20.053691864013672
255 93.59131622314453 -20.40497398376465
256 93.84454345703125 -20.638164520263672
257 94.0193862915039 -20.74393081665039
258 95.50944519042969 -20.851335525512695
259 95.61475372314453 -20.84560775756836
260 68.42736053466797 -24.305892944335938
261 68.52042388916016 -24.068269729614258
262 68.57860565185547 -23.742143630981445
263 68.61772155761719 -23.358957290649414
264 68.7651138305664 -23.045642852783203
265 68.96748352050781 -22.662940979003906
266 69.0562744140625 -22.585546493530273
267 95.03834533691406 -15.632827758789062
268 95.02478790283203 -15.682917594909668
269 94.96199798583984 -15.7977876663208
270 94.8955307006836 -15.890177726745605
271 56.15673065185547 -13.7100830078125
272 56.21550369262695 -13.808857917785645
273 56.311729431152344 -13.925548553466797
274 56.5001335144043 -14.129889488220215
275 57.55806350708008 -15.373832702636719
276 57.77806091308594 -15.554708480834961
277 58.35519027709961 -16.02814292907715
278 58.69467544555664 -16.262863159179688
279 59.12290573120117 -16.416595458984375
280 59.48267364501953 -16.39444923400879
281 59.772125244140625 -15.627021789550781
282 59.75322341918945 -15.178370475769043
283 59.688045501708984 -14.661498069763184
284 59.74628448486328 -13.884517669677734
285 60.09062194824219 -13.42171573638916
286 60.560115814208984 -12.883257865905762
287 60.742305755615234 -12.616348266601562
288 61.03132247924805 -12.24947452545166
289 61.19707489013672 -12.012609481811523
290 61.45095443725586 -11.688249588012695
291 61.68659973144531 -11.534846305847168
292 62.56992721557617 -11.704176902770996
293 62.78750228881836 -11.88176441192627
294 63.020721435546875 -12.288466453552246
295 63.2711296081543 -12.818636894226074
296 63.367652893066406 -13.097397804260254
297 63.16667938232422 -13.955214500427246
298 63.04717254638672 -14.176461219787598
299 62.71870040893555 -14.615256309509277
300 62.33779525756836 -15.050637245178223
301 62.052040100097656 -15.292553901672363
302 61.906715393066406 -15.433395385742188
303 61.84711456298828 -15.509770393371582
304 79.76451110839844 -7.645626068115234
305 79.90846252441406 -7.664155960083008
306 80.2505874633789 -7.682608127593994
307 80.5765380859375 -7.697338581085205
308 80.93461608886719 -7.696256160736084
309 81.15584564208984 -7.552760601043701
310 81.69409942626953 -7.0882954597473145
311 81.8738784790039 -6.791677474975586
312 82.17756652832031 -6.179031848907471
313 82.11744689941406 -5.939014434814453
314 82.0350341796875 -5.401824474334717
315 81.94872283935547 -4.986310005187988
316 81.89169311523438 -4.540979862213135
317 81.86490631103516 -4.326245307922363
318 81.75470733642578 -4.034241676330566
319 81.6378402709961 -3.7765753269195557
320 67.98881530761719 -3.3730790615081787
321 67.75485229492188 -3.4628102779388428
322 67.3782958984375 -3.590890645980835
323 66.72578430175781 -3.7321224212646484
324 66.40567779541016 -3.828993797302246
325 65.87606048583984 -4.110483646392822
326 65.36863708496094 -4.473808288574219
327 64.99857330322266 -4.930282115936279
328 64.90192413330078 -5.295440673828125
329 64.9520034790039 -6.087499141693115
330 64.97870635986328 -6.4202728271484375
331 64.9694595336914 -6.7371039390563965
332 64.91311645507812 -7.1908698081970215
333 64.83389282226562 -7.496404647827148
334 64.57169342041016 -8.134353637695312
335 64.48075866699219 -8.448995590209961
336 64.35125732421875 -8.647869110107422
337 63.94013214111328 -9.597982406616211
338 63.903778076171875 -9.837214469909668
339 63.8582649230957 -10.234047889709473
340 63.33769226074219 -16.657373428344727
341 63.19144058227539 -16.807470321655273
342 62.86315155029297 -17.09164047241211
343 62.345062255859375 -17.330562591552734
344 61.799495697021484 -17.761768341064453
345 61.67089080810547 -17.87367057800293
346 61.418052673339844 -18.258825302124023
347 61.139984130859375 -18.58466911315918
348 60.968082427978516 -18.79061508178711
349 60.47736740112305 -19.427053451538086
350 60.22676086425781 -19.84014320373535
351 60.11521530151367 -20.122087478637695
352 60.02391815185547 -20.389450073242188
353 59.58374786376953 -21.204938888549805
354 59.01097869873047 -22.1313419342041
355 58.76348876953125 -22.524803161621094
356 58.438209533691406 -23.205678939819336
357 58.14576721191406 -23.90283203125
358 58.09703826904297 -24.08924102783203
359 58.11513900756836 -24.225692749023438
360 80.42871856689453 -32.66859436035156
361 80.6769790649414 -32.667720794677734
362 81.3746109008789 -32.78704833984375
363 81.81092071533203 -32.943477630615234
364 82.37503051757812 -33.15455627441406
365 82.78607177734375 -33.32558822631836
366 83.00511169433594 -33.54590606689453
367 83.35195922851562 -33.92890548706055
368 83.55205535888672 -34.17997741699219
369 83.72130584716797 -34.43907928466797
370 84.66831970214844 -36.23821258544922
371 84.70248413085938 -36.37355041503906
372 84.62303924560547 -36.60810089111328
373 84.47449493408203 -36.85969924926758
374 84.15707397460938 -37.21840286254883
375 83.84564971923828 -37.53553771972656
376 83.62939453125 -37.7955322265625
377 83.58220672607422 -37.93679428100586
378 58.06455612182617 -30.039905548095703
379 57.97246551513672 -30.168663024902344
380 57.727134704589844 -30.552932739257812
381 57.402320861816406 -31.012216567993164
382 56.9981689453125 -31.556001663208008
383 56.52933883666992 -32.18190002441406
384 56.138641357421875 -32.757347106933594
385 56.08171844482422 -33.049503326416016
386 56.139915466308594 -33.379730224609375
387 56.47220230102539 -34.030086517333984
388 56.908424377441406 -34.48896789550781
389 57.248416900634766 -34.66343688964844
390 57.87847900390625 -34.694236755371094
391 58.23166275024414 -34.6666374206543
392 58.493980407714844 -34.5510139465332
393 59.3393669128418 -34.00027084350586
394 59.76557159423828 -33.85231399536133
395 60.07614517211914 -33.91395568847656
396 60.40544509887695 -34.06401062011719
397 60.880393981933594 -34.336822509765625
398 61.08549499511719 -34.60819625854492
399 61.21220397949219 -35.50135040283203
400 61.32609558105469 -35.846923828125
401 61.722312927246094 -36.30629348754883
402 61.966087341308594 -36.394657135009766
403 62.15769577026367 -36.42854690551758
404 62.51008224487305 -36.33528137207031
405 62.97537612915039 -36.18018341064453
406 63.25054931640625 -35.975250244140625
407 63.372745513916016 -35.83116149902344
408 63.61076354980469 -35.314579010009766
409 63.873111724853516 -34.950687408447266
410 64.27925109863281 -34.372222900390625
411 64.47247314453125 -34.099544525146484
412 64.56839752197266 -33.95964431762695
413 76.56217956542969 -14.125083923339844
414 76.54947662353516 -14.240798950195312
415 76.58927917480469 -14.992096900939941
416 76.68461608886719 -15.364073753356934
417 76.8874282836914 -15.624680519104004
418 77.3488998413086 -15.845991134643555
419 77.9727554321289 -15.823991775512695
420 78.25630187988281 -15.768213272094727
421 78.74542999267578 -15.875789642333984
422 78.98612213134766 -16.0530948638916
423 79.0780029296875 -16.141603469848633
424 68.65168762207031 -35.23236083984375
425 68.44019317626953 -35.22365951538086
426 68.12922668457031 -35.04753875732422
427 67.88156127929688 -34.86220932006836
428 67.26219940185547 -34.616580963134766
429 67.12075805664062 -34.65884780883789
430 68.24849700927734 -42.46794509887695
431 68.2943344116211 -42.72855758666992
432 68.3857192993164 -43.50409698486328
433 68.47074890136719 -43.725791931152344
434 68.97410583496094 -44.26115798950195
435 69.18925476074219 -44.39749526977539
436 69.61042785644531 -44.47838592529297
437 69.89993286132812 -44.43046569824219
438 70.60098266601562 -43.99064254760742
439 70.91578674316406 -43.86644744873047
440 71.07511901855469 -43.903076171875
441 71.63976287841797 -44.0928840637207
442 72.07044219970703 -44.164302825927734
443 72.60978698730469 -44.28001403808594
444 72.8715591430664 -44.3429069519043
445 73.361328125 -44.43159866333008
446 74.17089080810547 -44.50346755981445
447 74.58521270751953 -44.40310287475586
448 74.81363677978516 -44.18444061279297
449 74.84022521972656 -43.95261001586914
450 74.52845764160156 -43.40562057495117
451 74.38420867919922 -43.159664154052734
452 74.2067642211914 -42.79823684692383
453 74.12628173828125 -42.553741455078125
454 73.95570373535156 -41.90064239501953
455 73.82120513916016 -41.4167366027832
456 73.78580474853516 -41.149559020996094
457 73.85774993896484 -40.0660285949707
458 73.96440124511719 -39.919517517089844
459 74.31916046142578 -40.00018310546875
460 74.77830505371094 -40.221439361572266
461 75.31147766113281 -40.48564910888672
462 75.72389221191406 -40.6931266784668
463 76.0737075805664 -40.704017639160156
464 76.27922821044922 -40.622562408447266
465 76.4983139038086 -40.25298309326172
466 76.55785369873047 -39.85680389404297
467 76.53050231933594 -39.46072769165039
468 76.51931762695312 -39.15552520751953
469 85.86811065673828 -14.004093170166016
470 85.84748840332031 -14.003475189208984
471 74.91815185546875 -36.691532135009766
472 74.79581451416016 -36.732452392578125
473 74.38616943359375 -36.945068359375
474 73.90518188476562 -37.13265609741211
475 73.49412536621094 -37.265621185302734
476 73.12955474853516 -37.42744827270508
477 72.70872497558594 -37.6888542175293
478 71.96934509277344 -38.03876495361328
479 71.59732818603516 -38.19559860229492
480 71.39109802246094 -38.14042282104492
481 70.8727798461914 -37.27096176147461
482 70.82249450683594 -36.91582489013672
483 70.8843994140625 -36.71274185180664
484 71.07426452636719 -36.24980545043945
485 71.33798217773438 -35.84556579589844
486 71.71752166748047 -35.54293441772461
487 72.0677719116211 -35.32357406616211
488 72.512939453125 -35.15024948120117
489 72.9413833618164 -34.91630172729492
490 73.33981323242188 -34.61162567138672
491 73.5489273071289 -34.21834945678711
492 73.53266906738281 -33.860313415527344
493 73.44476318359375 -33.52593994140625
494 82.77295684814453 -17.2169189453125
495 82.87125396728516 -17.171096801757812
496 83.44802856445312 -17.05284309387207
497 83.61540985107422 -16.952476501464844
498 83.9919204711914 -16.556705474853516
499 84.2837142944336 -16.229036331176758
500 84.38963317871094 -16.040708541870117
501 84.4081039428711 -15.996424674987793
502 78.40278625488281 -36.006080627441406
503 78.33319854736328 -35.97976303100586
504 78.13477325439453 -35.84316635131836
505 77.96379089355469 -35.815589904785156
506 77.07904815673828 -35.60972213745117
507 76.87547302246094 -35.501869201660156
508 76.5895004272461 -35.11058044433594
509 76.4107666015625 -34.93859100341797
510 75.96617126464844 -34.53379440307617
511 75.83970642089844 -34.250762939453125
512 75.5135269165039 -33.50602722167969
513 75.44013977050781 -33.299774169921875
514 75.3095932006836 -33.10151290893555
515 74.46746826171875 -19.272584915161133
516 74.44705200195312 -18.906911849975586
517 74.44677734375 -18.690105438232422
518 74.4742660522461 -18.44824981689453
519 74.35472869873047 -18.027692794799805
520 74.31632232666016 -17.64071273803711
521 74.38908386230469 -17.317834854125977
522 74.39967346191406 -16.85803985595703
523 74.31742095947266 -16.39864730834961
524 74.18312072753906 -16.033384323120117
525 74.09274291992188 -15.79017162322998
526 74.1057357788086 -15.502174377441406
527 74.26378631591797 -14.851539611816406
528 74.36712646484375 -14.58279037475586
529 74.45100402832031 -14.361676216125488
530 74.48539733886719 -14.331982612609863
531 91.07801818847656 -7.578335285186768
532 91.20182800292969 -7.636285781860352
533 91.33028411865234 -7.732929229736328
534 91.55595397949219 -7.930133819580078
535 91.67786407470703 -8.073053359985352
536 91.44351196289062 -35.10279846191406
537 91.27149963378906 -35.184017181396484
538 90.73332977294922 -35.42555618286133
539 90.44575500488281 -35.52021789550781
540 89.83998107910156 -35.65718078613281
541 89.32969665527344 -35.788551330566406
542 88.9176254272461 -35.95953369140625
543 88.60867309570312 -36.08275604248047
544 88.33131408691406 -36.119571685791016
545 88.04228210449219 -36.131019592285156
546 79.68905639648438 -30.746122360229492
547 79.51646423339844 -30.749813079833984
548 79.23236083984375 -30.847658157348633
549 78.99980163574219 -31.11202049255371
550 78.73497009277344 -31.417932510375977
551 78.42940521240234 -31.79737091064453
552 78.00556945800781 -32.09109878540039
553 77.72393035888672 -32.13259506225586
554 77.1709213256836 -31.975669860839844
555 77.0697021484375 -31.9134521484375
556 85.341064453125 -24.7548885345459
557 85.4476547241211 -24.73289680480957
558 85.89976501464844 -24.52630615234375
559 86.10060119628906 -24.32436752319336
560 86.27645111083984 -24.221149444580078
561 89.68861389160156 -22.53406524658203
562 89.80858612060547 -22.61151123046875
563 89.9785385131836 -22.670801162719727
564 90.25812530517578 -22.94141387939453
565 90.72483825683594 -23.360782623291016
566 91.0823745727539 -23.648662567138672
567 91.24734497070312 -23.853961944580078
568 91.31222534179688 -24.131019592285156
569 91.27835083007812 -24.966367721557617
570 91.3593521118164 -25.197128295898438
571 91.31694030761719 -25.561023712158203
572 91.16757202148438 -25.860849380493164
573 90.88237762451172 -26.060224533081055
574 90.29942321777344 -26.23432731628418
575 90.04548645019531 -26.15652847290039
576 89.75202941894531 -25.978256225585938
577 88.93767547607422 -25.54706573486328
578 88.6368408203125 -25.287006378173828
579 88.39108276367188 -24.901554107666016
580 88.1956787109375 -24.323057174682617
581 88.00457763671875 -23.781064987182617
582 87.72120666503906 -23.21796417236328
583 87.4034652709961 -22.54778289794922
584 87.2072982788086 -22.023099899291992
585 87.03157806396484 -21.689603805541992
586 86.61418914794922 -21.218454360961914
587 86.40180206298828 -21.018064498901367
588 86.29744720458984 -20.867971420288086
589 88.1241455078125 -16.40565299987793
590 88.0682144165039 -16.462284088134766
591 87.50826263427734 -17.218631744384766
592 87.30158996582031 -17.58273696899414
593 87.30574798583984 -17.663726806640625
594 87.39647674560547 -18.388933181762695
595 87.43755340576172 -18.855588912963867
596 87.40275573730469 -19.171213150024414
597 87.36753845214844 -19.42848014831543
598 77.6101303100586 -26.685420989990234
599 77.50521850585938 -26.680171966552734
600 67.87506103515625 -21.71377944946289
601 67.74952697753906 -21.547666549682617
602 67.43199920654297 -21.06964874267578
603 67.23387908935547 -20.75579261779785
604 67.15460968017578 -20.45402717590332
605 67.11151123046875 -20.053569793701172
606 67.16899871826172 -19.678913116455078
607 67.23375701904297 -19.314006805419922
608 67.18739318847656 -18.97551727294922
609 66.98094940185547 -18.864913940429688
610 62.001319885253906 -21.183143615722656
611 61.73575210571289 -21.325300216674805
612 61.24162673950195 -21.591989517211914
613 61.07136917114258 -21.796531677246094
614 61.03883743286133 -22.572750091552734
615 61.18608093261719 -23.015546798706055
616 61.43887710571289 -23.343992233276367
617 61.798805236816406 -23.562759399414062
618 62.637359619140625 -23.807804107666016
619 62.87165451049805 -23.934921264648438
620 63.14041519165039 -24.0312442779541
621 63.44460678100586 -24.058027267456055
622 83.13800811767578 -19.26563262939453
623 83.60699462890625 -19.381973266601562
624 83.83650207519531 -19.465551376342773
625 84.04640197753906 -19.52198600769043
626 84.28223419189453 -19.429908752441406
627 84.66777038574219 -19.283029556274414
628 65.49427795410156 -17.6000919342041
629 65.37456512451172 -17.746992111206055
630 65.19813537597656 -18.014942169189453
631 65.0832748413086 -18.377288818359375
632 65.00074768066406 -18.806293487548828
633 64.90235900878906 -19.07634925842285
634 64.7568588256836 -19.203474044799805
635 63.59471130371094 -19.24172592163086
636 63.300899505615234 -19.213096618652344
637 63.182899475097656 -19.198102951049805
638 56.728824615478516 -10.090883255004883
639 56.77777862548828 -9.928328514099121
640 56.933956146240234 -9.744034767150879
641 57.35584259033203 -9.359308242797852
642 57.855743408203125 -8.95866870880127
643 58.06084442138672 -8.7477445602417
644 58.17203903198242 -8.639124870300293
645 58.481292724609375 -8.41461181640625
646 58.91092300415039 -8.332402229309082
647 59.52692413330078 -8.316976547241211
648 59.79597473144531 -8.358638763427734
649 60.72771072387695 -8.706626892089844
650 61.048973083496094 -8.861218452453613
651 61.43934631347656 -8.87875747680664
652 61.68690490722656 -8.8635892868042
653 62.1998176574707 -8.788636207580566
654 66.17215728759766 -9.87255859375
655 66.32369995117188 -10.078150749206543
656 66.50466918945312 -10.367598533630371
657 66.62051391601562 -10.620997428894043
658 66.7231674194336 -11.13296127319336
659 66.6823959350586 -11.725028038024902
660 66.63162994384766 -11.99863052368164
661 66.45050048828125 -12.53674030303955
662 66.37870025634766 -12.824130058288574
663 66.30412292480469 -13.196475982666016
664 66.21528625488281 -13.648099899291992
665 66.08834075927734 -14.041451454162598
666 65.8675308227539 -14.729104995727539
667 65.7833251953125 -15.01067066192627
668 65.62897491455078 -15.490198135375977
669 65.53327941894531 -15.833924293518066
670 65.46984100341797 -16.048789978027344
671 85.6655044555664 -8.4176025390625
672 85.61675262451172 -8.222121238708496
673 85.47429656982422 -7.171018123626709
674 85.45537567138672 -6.828707218170166
675 85.45364379882812 -6.389357089996338
676 85.33834075927734 -5.851520538330078
677 85.2928237915039 -5.408109664916992
678 85.32199096679688 -5.132542133331299
679 85.44563293457031 -4.08723783493042
680 85.4246826171875 -3.7478201389312744
681 85.33904266357422 -3.3460240364074707
682 85.14298248291016 -2.7440555095672607
683 84.5950698852539 -1.5896342992782593
684 84.47638702392578 -1.370488166809082
685 84.2648696899414 -1.0629147291183472
686 84.16680908203125 -0.9912474155426025
687 69.9222640991211 -5.263111591339111
688 69.83243560791016 -5.3964338302612305
689 69.61268615722656 -5.785536289215088
690 69.43053436279297 -6.274957180023193
691 69.11508178710938 -6.934571743011475
692 68.96825408935547 -7.376952171325684
693 68.89810943603516 -7.644020080566406
694 68.96637725830078 -7.9303083419799805
695 69.31160736083984 -9.05849552154541
696 69.43331146240234 -9.287803649902344
697 69.704345703125 -9.69645881652832
698 69.91028594970703 -9.91784381866455
699 70.57054138183594 -10.477898597717285
700 70.8123550415039 -10.779536247253418
701 70.86909484863281 -11.070751190185547
702 70.79719543457031 -11.367016792297363
703 70.2005844116211 -12.043152809143066
704 69.9764175415039 -12.28115177154541
705 69.8136215209961 -12.478097915649414
706 69.7082290649414 -12.64186954498291
707 69.19342803955078 -13.20492172241211
708 69.12672424316406 -13.352081298828125
709 69.06416320800781 -13.449963569641113
710 75.41297912597656 -9.246830940246582
711 75.38742065429688 -9.047345161437988
712 75.12227630615234 -8.860642433166504
713 74.79077911376953 -8.708334922790527
714 74.18476867675781 -8.577123641967773
715 73.55308532714844 -8.35765552520752
716 73.10181427001953 -8.129983901977539
717 72.7043228149414 -8.044882774353027
718 72.18840789794922 -7.967775821685791
719 71.9061279296875 -8.106487274169922
720 71.65837860107422 -8.294189453125
721 71.5355224609375 -8.457030296325684
722 73.90971374511719 -24.143657684326172
723 74.01034545898438 -24.14652442932129
724 74.23123931884766 -24.076250076293945
725 81.87638854980469 -21.46702003479004
726 81.99230194091797 -21.559715270996094
727 82.46353912353516 -21.957244873046875
728 82.80484771728516 -22.394529342651367
729 82.94524383544922 -22.718523025512695
730 82.948486328125 -23.049074172973633
731 82.85467529296875 -23.428922653198242
732 82.6805191040039 -23.714088439941406
733 82.20594787597656 -24.05933380126953
734 81.6846923828125 -24.363733291625977
735 81.39763641357422 -24.496620178222656
736 81.09549713134766 -24.598918914794922
737 80.69464111328125 -24.67852210998535
738 80.1926040649414 -24.79085922241211
739 79.57510375976562 -24.92597198486328
740 79.19407653808594 -25.010251998901367
741 79.07209777832031 -24.92003059387207
742 78.68124389648438 -24.47137451171875
743 78.50556182861328 -24.332565307617188
744 78.16837310791016 -24.062849044799805
745 77.89749908447266 -23.788637161254883
746 77.71748352050781 -23.484821319580078
747 77.68684387207031 -23.089773178100586
748 77.98410034179688 -22.80890655517578
749 78.6619644165039 -22.332887649536133
750 78.87959289550781 -22.225595474243164
751 79.31136322021484 -22.13233184814453
752 79.90316009521484 -22.151220321655273
753 80.08187866210938 -22.133943557739258
754 85.8917465209961 -33.180755615234375
755 86.0783920288086 -33.17052459716797
756 86.63427734375 -33.024967193603516
757 86.85582733154297 -32.95619583129883
758 87.0016860961914 -32.89057540893555
759 69.40287780761719 -28.932126998901367
760 69.44879150390625 -28.773603439331055
761 69.5234603881836 -28.655128479003906
762 69.73832702636719 -28.467355728149414
763 69.89452362060547 -28.338172912597656
764 75.08536529541016 -26.14306640625
765 75.48245239257812 -25.95067596435547
766 75.83035278320312 -25.629451751708984
767 76.04740142822266 -25.214900970458984
768 76.04731750488281 -24.980573654174805
769 75.9599380493164 -24.857688903808594
770 72.24789428710938 -23.176061630249023
771 71.7144546508789 -23.09917449951172
772 71.47833251953125 -23.03330421447754
773 71.2260971069336 -22.736406326293945
774 71.16514587402344 -22.498281478881836
775 71.18572998046875 -22.032672882080078
776 71.06879425048828 -21.631166458129883
777 71.01847076416016 -21.26292610168457
778 70.92327880859375 -20.95018768310547
779 70.7813949584961 -20.71268081665039
780 70.60741424560547 -20.467823028564453
781 70.41309356689453 -20.229808807373047
782 70.03435516357422 -19.99652099609375
783 69.68000030517578 -19.785982131958008
784 69.26368713378906 -19.535079956054688
785 69.13969421386719 -19.461952209472656
786 69.02543640136719 -19.425783157348633
787 76.9281005859375 -7.5368547439575195
788 76.97269439697266 -7.388025283813477
789 76.9822006225586 -6.953001022338867
790 77.02991485595703 -6.471511363983154
791 76.98636627197266 -5.984246253967285
792 76.76798248291016 -5.518951416015625
793 76.60906982421875 -5.310224533081055
794 76.32441711425781 -5.240456581115723
795 75.44480895996094 -5.243816375732422
796 74.96520233154297 -5.344707012176514
797 74.51185607910156 -5.435477256774902
798 74.31522369384766 -5.488953590393066
799 73.39144897460938 -5.653563499450684
800 72.97472381591797 -5.603512287139893
801 72.67728424072266 -5.508254051208496
802 72.55443572998047 -5.438328266143799
803 61.33234786987305 -31.260879516601562
804 61.463539123535156 -31.335905075073242
805 61.61585998535156 -31.458999633789062
806 61.98992919921875 -31.911558151245117
807 62.089447021484375 -32.06265640258789
808 94.8058090209961 -23.98831558227539
809 95.08814239501953 -24.12748908996582
810 95.26226806640625 -24.32865333557129
811 95.6718521118164 -24.896881103515625
812 95.90145111083984 -25.49081039428711
813 95.94478607177734 -25.88853645324707
814 95.8187255859375 -26.292932510375977
815 95.56519317626953 -26.694154739379883
816 94.81446075439453 -27.482419967651367
817 94.57182312011719 -27.790225982666016
818 94.48636627197266 -27.902158737182617
819 81.97754669189453 -35.637874603271484
820 81.66531372070312 -35.550079345703125
821 81.38391876220703 -35.47746658325195
822 81.21844482421875 -35.451839447021484
823 80.65345001220703 -35.30825424194336
824 80.29606628417969 -35.21650314331055
825 71.24466705322266 -33.65510559082031
826 71.03842163085938 -33.59881591796875
827 70.6207275390625 -33.418495178222656
828 70.15911102294922 -33.10920333862305
829 69.96719360351562 -32.83281326293945
830 69.8730697631836 -32.362972259521484
831 69.91676330566406 -32.09939193725586
832 70.53562927246094 -31.38375473022461
833 70.90694427490234 -31.105924606323242
834 71.26785278320312 -30.954875946044922
835 71.60823059082031 -30.886159896850586
836 71.76399230957031 -30.83905601501465
837 72.84620666503906 -30.810096740722656
838 73.07157135009766 -30.828662872314453
839 73.62981414794922 -30.830690383911133
840 73.82559967041016 -30.889429092407227
841 74.06013488769531 -31.0065860748291
842 74.4954833984375 -31.230146408081055
843 74.72293090820312 -31.13902473449707
844 75.16251373291016 -30.961502075195312
845 75.59767150878906 -30.75417137145996
846 76.29827880859375 -30.3466796875
847 76.642333984375 -30.01288414001465
848 76.88809967041016 -29.700550079345703
849 77.02806091308594 -29.347984313964844
850 76.98921966552734 -28.93513298034668
851 76.82061767578125 -28.67746353149414
852 76.22650909423828 -28.28092384338379
853 75.89801788330078 -28.195472717285156
854 75.60079193115234 -28.1989688873291
855 74.84947204589844 -28.385007858276367
856 74.42607116699219 -28.317834854125977
857 74.16365814208984 -28.23728370666504
858 73.76685333251953 -28.013965606689453
859 73.21734619140625 -27.8304500579834
860 72.82364654541016 -27.813974380493164
861 72.15367889404297 -28.02053451538086
862 71.80261993408203 -27.999774932861328
863 71.53290557861328 -27.774242401123047
864 71.50872039794922 -26.958066940307617
865 71.81366729736328 -26.527931213378906
866 72.08806610107422 -26.352502822875977
867 72.61138916015625 -26.04879379272461
868 72.86267852783203 -25.669681549072266
869 72.72708129882812 -25.202808380126953
870 72.53268432617188 -24.96043586730957
871 71.98697662353516 -24.872520446777344
872 71.42036437988281 -24.950305938720703
873 71.15603637695312 -25.012489318847656
874 70.75094604492188 -25.100969314575195
875 70.44966888427734 -25.154630661010742
876 69.97171020507812 -25.30609703063965
877 69.7800064086914 -25.458627700805664
878 69.7121353149414 -25.57856559753418
879 56.39620590209961 -38.29085159301758
880 56.4260139465332 -38.54186248779297
881 56.526912689208984 -38.83092498779297
882 56.71502685546875 -39.407344818115234
883 56.89885711669922 -39.577022552490234
884 57.14958572387695 -39.83595275878906
885 57.323158264160156 -39.918006896972656
886 57.910518646240234 -40.14635467529297
887 58.10528564453125 -40.15121078491211
888 58.42873764038086 -40.114967346191406
889 58.820072174072266 -40.061214447021484
890 79.22452545166016 -27.788484573364258
891 79.5201187133789 -27.836721420288086
892 80.0422592163086 -27.977800369262695
893 80.3636245727539 -28.09164047241211
894 80.69390869140625 -28.24924659729004
895 81.02294921875 -28.4248046875
896 81.37151336669922 -28.656736373901367
897 81.59693908691406 -28.920257568359375
898 81.84334564208984 -29.313798904418945
899 82.09941101074219 -29.783466339111328
900 82.35173797607422 -30.036943435668945
901 82.757568359375 -30.197071075439453
902 83.08402252197266 -30.318071365356445
903 83.78475952148438 -30.478750228881836
904 84.02667236328125 -30.4818115234375
905 85.14495086669922 -30.379619598388672
906 85.47288513183594 -30.251625061035156
907 85.69486236572266 -30.024887084960938
908 85.85606384277344 -29.612926483154297
909 85.80992126464844 -29.30450439453125
910 85.52668762207031 -28.748260498046875
911 85.0284652709961 -27.999536514282227
912 84.7564926147461 -27.657238006591797
913 84.54839324951172 -27.46638298034668
914 84.07469177246094 -27.1503963470459
915 83.77681732177734 -26.965063095092773
916 83.55037689208984 -26.792831420898438
917 83.30091094970703 -26.552265167236328
918 83.0363540649414 -26.24724578857422
919 82.9192123413086 -26.0399112701416
920 80.47464752197266 -19.577625274658203
921 80.38640594482422 -19.30817985534668
922 80.3038330078125 -18.929136276245117
923 80.25753021240234 -18.63199234008789
924 80.24169158935547 -17.944950103759766
925 80.2099838256836 -17.62232780456543
926 79.05609130859375 -13.588093757629395
927 78.96505737304688 -13.103442192077637
928 78.98042297363281 -12.609410285949707
929 78.9427490234375 -12.271060943603516
930 78.87552642822266 -11.847929000854492
931 78.81462097167969 -11.543768882751465
932 78.79878234863281 -11.133654594421387
933 78.68228912353516 -10.911808013916016
934 78.18922424316406 -10.653714179992676
935 77.36868286132812 -10.772246360778809
936 76.80223846435547 -10.939034461975098
937 76.63188934326172 -11.022801399230957
938 76.15753936767578 -11.366658210754395
939 75.52233123779297 -11.725852966308594
940 74.81401062011719 -11.908169746398926
941 74.4302978515625 -11.866508483886719
942 73.96761322021484 -11.845609664916992
943 73.70693969726562 -11.846198081970215
944 73.44200897216797 -11.924552917480469
945 73.10392761230469 -12.129386901855469
946 72.4854507446289 -12.703312873840332
947 72.28791809082031 -12.97428035736084
948 71.97518920898438 -13.452803611755371
949 71.45834350585938 -14.116497993469238
950 71.22698974609375 -14.331902503967285
951 70.89155578613281 -14.662538528442383
952 70.57701110839844 -14.923553466796875
953 70.32916259765625 -15.080801963806152
954 69.86764526367188 -15.308419227600098
955 69.31285858154297 -15.571256637573242
956 69.06734466552734 -15.603489875793457
957 68.63848876953125 -15.874899864196777
958 68.37215423583984 -16.131427764892578
959 67.89159393310547 -16.61322784423828
960 67.84294128417969 -16.716655731201172
961 68.24064636230469 -17.202774047851562
962 68.50770568847656 -17.39263343811035
963 69.23258972167969 -17.637229919433594
964 69.94660949707031 -17.681989669799805
965 70.37291717529297 -17.609167098999023
966 70.7659912109375 -17.440162658691406
967 71.51589965820312 -17.1090087890625
968 71.72590637207031 -17.126928329467773
969 71.92616271972656 -17.31759262084961
970 72.25921630859375 -18.450782775878906
971 72.3157958984375 -18.707883834838867
972 72.42554473876953 -18.962509155273438
973 72.92659759521484 -19.929405212402344
974 73.06278991699219 -20.208223342895508
975 73.23705291748047 -20.609487533569336
976 73.58971405029297 -21.28902816772461
977 73.782470703125 -21.62714385986328
978 73.9081039428711 -21.88663673400879
979 74.31452941894531 -22.12534523010254
980 74.66027069091797 -22.175212860107422
981 75.22618103027344 -22.352581024169922
982 75.56929779052734 -22.26158332824707
983 75.72871398925781 -22.215316772460938
984 75.9436264038086 -22.23509407043457
985 87.46710205078125 -27.632810592651367
986 87.67364501953125 -27.748842239379883
987 87.97935485839844 -27.9626522064209
988 88.22931671142578 -28.13804054260254
989 89.07676696777344 -28.466955184936523
990 89.27301788330078 -28.542659759521484
991 89.69217681884766 -28.70050811767578
992 91.07279205322266 -29.314334869384766
993 91.27960968017578 -29.441089630126953
994 91.31359100341797 -29.533370971679688
995 90.6424789428711 -30.627681732177734
996 90.48362731933594 -30.80817985534668
997 89.9186019897461 -31.339893341064453
998 89.80482482910156 -31.369047164916992
999 89.7022933959961 -31.356643676757812
