0 19.420089721679688 -70.73900604248047
1 19.4184627532959 -70.60676574707031
2 19.330224990844727 -70.35453033447266
3 18.974824905395508 -69.5797348022461
4 18.888561248779297 -69.42959594726562
5 15.24443531036377 -65.43411254882812
6 15.315597534179688 -65.26375579833984
7 15.467958450317383 -65.0501708984375
8 15.658685684204102 -64.77552795410156
9 15.975390434265137 -64.05843353271484
10 15.997676849365234 -63.88493728637695
11 15.867986679077148 -63.72334289550781
12 15.707411766052246 -63.60447692871094
13 15.546038627624512 -63.53279495239258
14 6.72567892074585 -60.841670989990234
15 6.4915361404418945 -60.76692199707031
16 6.2386040687561035 -60.69414138793945
17 6.003082752227783 -60.63337326049805
18 5.585123538970947 -60.65721893310547
19 4.751246452331543 -60.87594985961914
20 4.301525115966797 -60.955204010009766
21 4.032498836517334 -60.935546875
22 3.8470513820648193 -60.84475326538086
23 3.3563246726989746 -60.838462829589844
24 3.202852249145508 -60.8383903503418
25 2.9906933307647705 -60.616912841796875
26 2.768291473388672 -60.391353607177734
27 -4.167786598205566 -52.908565521240234
28 -4.326254367828369 -52.79413986206055
29 -4.6823344230651855 -52.57728576660156
30 -5.2131571769714355 -52.179283142089844
31 -5.464685440063477 -51.95680236816406
32 -5.589484214782715 -51.706626892089844
33 -5.6430745124816895 -51.37394332885742
34 -5.717581748962402 -50.95858383178711
35 -5.708839416503906 -50.7044563293457
36 -5.677474021911621 -50.526695251464844
37 21.63593292236328 -63.502655029296875
38 21.8078556060791 -63.376869201660156
39 22.094085693359375 -63.0797004699707
40 22.31458854675293 -63.0013542175293
41 22.643476486206055 -63.017730712890625
42 22.953842163085938 -63.15741729736328
43 23.188203811645508 -63.28285598754883
44 23.5018253326416 -63.48127365112305
45 23.720352172851562 -63.59123611450195
46 24.0044002532959 -63.6274299621582
47 24.496286392211914 -63.58717727661133
48 24.82476043701172 -63.51350021362305
49 25.17938804626465 -63.42405700683594
50 25.546659469604492 -63.35795211791992
51 25.938215255737305 -63.39250183105469
52 26.461450576782227 -63.546566009521484
53 26.938230514526367 -63.95549774169922
54 27.161691665649414 -64.19044494628906
55 27.352245330810547 -64.72402954101562
56 27.3421688079834 -64.95463562011719
57 27.206445693969727 -65.14566040039062
58 26.923294067382812 -65.41639709472656
59 26.585735321044922 -65.7142562866211
60 23.762039184570312 -67.98916625976562
61 23.460418701171875 -68.18448638916016
62 23.189218521118164 -68.28118896484375
63 22.777263641357422 -68.39730834960938
64 22.512699127197266 -68.37994384765625
65 22.05516815185547 -68.22613525390625
66 21.766254425048828 -68.08125305175781
67 21.45380401611328 -67.92343139648438
68 21.099258422851562 -67.7678451538086
69 20.584434509277344 -67.56938171386719
70 20.218534469604492 -67.51507568359375
71 19.961957931518555 -67.56759643554688
72 19.73613929748535 -67.69168090820312
73 19.607057571411133 -67.79141235351562
74 12.54458999633789 -76.35357666015625
75 12.265703201293945 -76.33961486816406
76 12.069687843322754 -76.33424377441406
77 11.891744613647461 -76.18201446533203
78 11.744769096374512 -75.83087158203125
79 11.614652633666992 -75.39617156982422
80 11.333456039428711 -74.92035675048828
81 11.140324592590332 -74.80513000488281
82 10.617952346801758 -74.7939453125
83 10.225089073181152 -74.89582061767578
84 9.960875511169434 -74.87568664550781
85 9.817358016967773 -74.68866729736328
86 9.639493942260742 -74.33658599853516
87 9.244668006896973 -73.88384246826172
88 8.761897087097168 -73.6241683959961
89 8.552569389343262 -73.53662872314453
90 8.170516967773438 -73.35444641113281
91 7.862008571624756 -73.1956558227539
92 7.423873424530029 -72.9916763305664
93 7.079055309295654 -72.9156723022461
94 6.87404727935791 -72.857666015625
95 6.509232044219971 -72.72981262207031
96 6.2662272453308105 -72.63947296142578
97 5.802788257598877 -72.48440551757812
98 5.517664909362793 -72.4544906616211
99 5.1498188972473145 -72.24154663085938
100 4.921654224395752 -72.05560302734375
101 4.880056858062744 -71.71028900146484
102 4.95575475692749 -71.43515014648438
103 5.237728595733643 -71.00875854492188
104 5.524808883666992 -70.7941665649414
105 5.839375972747803 -70.6484603881836
106 6.046499252319336 -70.63265991210938
107 6.272739887237549 -70.54759979248047
108 6.4475250244140625 -70.54085540771484
109 6.678702354431152 -70.4702377319336
110 14.646331787109375 -66.7336196899414
111 14.740049362182617 -66.69075012207031
112 14.819358825683594 -66.62772369384766
113 22.442941665649414 -52.815670013427734
114 22.367891311645508 -52.89045333862305
115 22.157495498657227 -53.034912109375
116 21.961061477661133 -53.17156219482422
117 21.29430389404297 -53.79767608642578
118 21.229808807373047 -53.93115997314453
119 21.245004653930664 -54.46879577636719
120 21.245668411254883 -54.73625946044922
121 21.225393295288086 -55.2332878112793
122 21.207304000854492 -55.91295623779297
123 21.170053482055664 -56.1353645324707
124 20.89086151123047 -56.42930221557617
125 20.529693603515625 -56.75505828857422
126 20.30088233947754 -56.9397087097168
127 20.183273315429688 -57.04793167114258
128 20.059709548950195 -57.39104461669922
129 19.820295333862305 -57.91812515258789
130 19.588951110839844 -58.404869079589844
131 19.421825408935547 -58.67205810546875
132 19.22228240966797 -58.99930953979492
133 19.03723907470703 -59.24134826660156
134 18.747446060180664 -59.46516799926758
135 18.48639488220215 -59.598602294921875
136 18.16218376159668 -59.58760070800781
137 17.636812210083008 -59.52817153930664
138 17.280441284179688 -59.47578811645508
139 16.834508895874023 -59.400169372558594
140 16.546051025390625 -59.40108108520508
141 -2.9987361431121826 -60.61562728881836
142 -3.053908109664917 -60.604740142822266
143 -3.0475330352783203 -60.59456253051758
144 11.883634567260742 -43.94319152832031
145 11.915189743041992 -43.9925422668457
146 11.921041488647461 -44.09556579589844
147 8.98867416381836 -54.77754211425781
148 9.000865936279297 -54.629859924316406
149 9.016596794128418 -54.37982177734375
150 9.02880573272705 -54.13991165161133
151 8.967933654785156 -53.725406646728516
152 8.949241638183594 -53.409366607666016
153 8.89899730682373 -53.27482223510742
154 8.740553855895996 -52.87656784057617
155 8.250357627868652 -52.22925567626953
156 8.017815589904785 -52.15046691894531
157 7.5507707595825195 -52.508033752441406
158 7.384175777435303 -52.80310821533203
159 7.34989595413208 -52.941646575927734
160 7.360850811004639 -53.15934371948242
161 7.394614219665527 -53.349456787109375
162 16.594844818115234 -49.607975006103516
163 16.874509811401367 -49.54823303222656
164 17.193679809570312 -49.52168655395508
165 17.446701049804688 -49.48302459716797
166 17.959962844848633 -49.431663513183594
167 18.195293426513672 -49.310386657714844
168 18.31306266784668 -49.20322036743164
169 18.269454956054688 -49.166542053222656
170 15.664844512939453 -50.328895568847656
171 15.156965255737305 -50.774131774902344
172 14.783817291259766 -51.25849914550781
173 14.55541706085205 -51.601844787597656
174 14.36058521270752 -51.95955276489258
175 14.172289848327637 -52.31996154785156
176 14.044411659240723 -52.654300689697266
177 13.957021713256836 -52.84071350097656
178 13.958660125732422 -53.0776481628418
179 14.202207565307617 -53.40171432495117
180 14.351622581481934 -53.998748779296875
181 14.31161117553711 -54.29768753051758
182 14.261205673217773 -54.796897888183594
183 14.328227043151855 -55.11655807495117
184 14.312643051147461 -55.28235626220703
185 14.187206268310547 -55.42339324951172
186 13.845691680908203 -55.6771240234375
187 13.509902954101562 -55.853477478027344
188 13.311351776123047 -55.85687255859375
189 12.979578018188477 -55.62820816040039
190 12.483207702636719 -54.94384765625
191 12.326706886291504 -54.7488899230957
192 12.287980079650879 -54.521060943603516
193 12.264715194702148 -54.1765022277832
194 12.208599090576172 -54.03112030029297
195 12.100507736206055 -53.69486999511719
196 12.002397537231445 -53.32835388183594
197 11.911639213562012 -52.62456512451172
198 11.625866889953613 -52.45085525512695
199 11.081616401672363 -52.100772857666016
200 10.81831169128418 -52.099151611328125
201 10.611004829406738 -52.30225372314453
202 10.547215461730957 -52.727256774902344
203 10.578017234802246 -53.05433654785156
204 10.628497123718262 -53.32005310058594
205 10.685737609863281 -54.134193420410156
206 10.696196556091309 -54.642887115478516
207 10.617470741271973 -55.1829719543457
208 10.339085578918457 -55.62548065185547
209 10.178078651428223 -55.778419494628906
210 9.993647575378418 -55.82746887207031
211 9.343809127807617 -55.96482849121094
212 8.915452003479004 -56.10708236694336
213 8.192817687988281 -56.24732208251953
214 8.003348350524902 -56.19956970214844
215 7.672501564025879 -56.25012969970703
216 7.232138156890869 -56.14874267578125
217 6.996332168579102 -55.93113327026367
218 6.638990879058838 -55.614662170410156
219 6.494775295257568 -55.4911003112793
220 6.206684589385986 -55.13314437866211
221 6.075172424316406 -54.81423568725586
222 6.036050319671631 -54.39820861816406
223 6.008450508117676 -53.785118103027344
224 5.927013874053955 -52.67192840576172
225 5.931678771972656 -52.19111251831055
226 5.953082084655762 -51.772125244140625
227 6.043465614318848 -51.5088996887207
228 6.243188858032227 -51.20578384399414
229 6.678673267364502 -50.89448165893555
230 6.883703231811523 -50.80569076538086
231 7.151313304901123 -50.686004638671875
232 7.536350250244141 -50.456520080566406
233 7.890644073486328 -50.33345413208008
234 8.215780258178711 -50.3223991394043
235 8.556148529052734 -50.42360305786133
236 8.811735153198242 -50.55059051513672
237 9.142311096191406 -50.47676467895508
238 9.277961730957031 -50.37113571166992
239 9.390212059020996 -50.34965515136719
240 9.777782440185547 -50.18645095825195
241 9.959060668945312 -49.98385238647461
242 10.166387557983398 -49.712791442871094
243 10.397905349731445 -49.36591720581055
244 10.583853721618652 -49.157142639160156
245 10.928906440734863 -48.79010009765625
246 11.280322074890137 -48.42586135864258
247 11.427719116210938 -48.18518829345703
248 11.579421997070312 -47.666725158691406
249 11.6033353805542 -47.22461700439453
250 11.461438179016113 -46.876983642578125
251 11.370018005371094 -46.6202392578125
252 11.058392524719238 -46.699283599853516
253 10.649653434753418 -46.86935806274414
254 9.94168758392334 -47.25020217895508
255 9.404032707214355 -47.590702056884766
256 8.939637184143066 -47.8464469909668
257 8.333759307861328 -48.10599899291992
258 7.912276744842529 -48.24071502685547
259 7.424732208251953 -48.349605560302734
260 6.966595649719238 -48.504398345947266
261 6.651008605957031 -48.49026107788086
262 6.2111592292785645 -48.40278625488281
263 5.718690395355225 -48.231117248535156
264 5.17387056350708 -48.0738525390625
265 4.775347709655762 -48.04829025268555
266 4.464912414550781 -48.301963806152344
267 4.345373630523682 -48.55185317993164
268 4.3617844581604 -48.864864349365234
269 4.431101322174072 -49.25938034057617
270 4.476175785064697 -49.43162155151367
271 4.45188045501709 -49.61881637573242
272 4.43934440612793 -49.8461799621582
273 4.290404319763184 -50.446529388427734
274 4.104127883911133 -50.84838104248047
275 3.942171812057495 -51.18356704711914
276 3.82147216796875 -51.37245559692383
277 0.6007985472679138 -60.38908004760742
278 0.5881622433662415 -60.57965087890625
279 0.48343151807785034 -61.13349533081055
280 0.5266373753547668 -61.446075439453125
281 0.6247267723083496 -61.63493728637695
282 0.8336126208305359 -61.866249084472656
283 1.207633137702942 -62.11298751831055
284 1.5395435094833374 -62.193641662597656
285 1.6583129167556763 -62.191287994384766
286 1.8451125621795654 -62.228450775146484
287 2.166628122329712 -62.43962478637695
288 2.5185482501983643 -62.74335861206055
289 2.691648006439209 -62.96250534057617
290 8.285087585449219 -71.13902282714844
291 8.376094818115234 -71.2177963256836
292 8.608418464660645 -71.35260009765625
293 8.9779634475708 -71.44013977050781
294 9.244776725769043 -71.45896911621094
295 9.588602066040039 -71.3577651977539
296 9.88042163848877 -71.28182983398438
297 9.92948055267334 -71.04358673095703
298 9.91258716583252 -70.9034423828125
299 9.916399002075195 -70.24420166015625
300 9.908098220825195 -69.94361877441406
301 9.72604751586914 -69.53567504882812
302 9.502911567687988 -69.36647033691406
303 9.20474910736084 -69.24624633789062
304 8.885274887084961 -69.22303009033203
305 8.420649528503418 -69.25341796875
306 8.306526184082031 -69.19866180419922
307 8.167540550231934 -69.09799194335938
308 8.01901912689209 -68.83641052246094
309 7.970829963684082 -68.4798355102539
310 8.146734237670898 -68.20071411132812
311 8.410165786743164 -67.75284576416016
312 8.491987228393555 -67.45327758789062
313 4.807447910308838 -53.95552062988281
314 4.6943888664245605 -53.74258804321289
315 4.480820655822754 -53.494171142578125
316 4.0929107666015625 -53.142032623291016
317 3.6178488731384277 -52.831050872802734
318 3.105783462524414 -52.65790557861328
319 2.7911410331726074 -52.731773376464844
320 2.638352394104004 -52.955440521240234
321 2.793013572692871 -53.31810760498047
322 2.9691708087921143 -53.684688568115234
323 3.146045684814453 -53.923030853271484
324 4.622576713562012 -56.27302551269531
325 4.7207183837890625 -56.52201461791992
326 4.888145923614502 -56.922359466552734
327 5.047172546386719 -57.14347839355469
328 5.283917427062988 -57.346073150634766
329 5.574548721313477 -57.53112030029297
330 5.73869514465332 -57.65754318237305
331 5.905745029449463 -57.828125
332 6.282049655914307 -58.160499572753906
333 6.644757270812988 -58.289833068847656
334 6.932196140289307 -58.473167419433594
335 7.199039459228516 -58.65671920776367
336 7.416542053222656 -58.83609390258789
337 7.697381496429443 -59.291500091552734
338 7.856743335723877 -59.66893005371094
339 8.0067777633667 -59.92148208618164
340 8.217645645141602 -60.11252212524414
341 8.47327995300293 -60.342899322509766
342 10.616256713867188 -63.46967315673828
343 10.74311351776123 -63.76542663574219
344 10.873124122619629 -64.0773696899414
345 11.11633014678955 -64.71240997314453
346 11.239550590515137 -65.04399108886719
347 11.375204086303711 -65.66004180908203
348 11.326146125793457 -66.08610534667969
349 11.19367790222168 -66.38227081298828
350 10.894129753112793 -66.76380157470703
351 10.425084114074707 -67.3996353149414
352 10.37899112701416 -67.62201690673828
353 10.496203422546387 -67.76898956298828
354 10.820670127868652 -67.7025375366211
355 11.10984992980957 -67.62135314941406
356 11.516557693481445 -67.45989990234375
357 12.018804550170898 -67.26021575927734
358 12.207990646362305 -67.28096771240234
359 12.541293144226074 -67.32757568359375
360 12.723987579345703 -67.41266632080078
361 12.938117027282715 -67.55587768554688
362 13.215777397155762 -67.73624420166016
363 13.539878845214844 -67.8353042602539
364 13.769637107849121 -67.97113037109375
365 14.204294204711914 -68.21723175048828
366 14.970304489135742 -68.44996643066406
367 15.29432201385498 -68.4719467163086
368 15.488675117492676 -68.44209289550781
369 15.918072700500488 -68.30622863769531
370 16.88398551940918 -67.9309310913086
371 17.039886474609375 -67.87545776367188
372 17.166584014892578 -67.7006607055664
373 17.27153778076172 -67.45025634765625
374 17.298444747924805 -67.06712341308594
375 17.260053634643555 -66.65010070800781
376 17.269624710083008 -66.41075134277344
377 17.36399269104004 -66.11775970458984
378 17.62571907043457 -65.81954193115234
379 17.918190002441406 -65.57601165771484
380 18.03304100036621 -65.42009735107422
381 18.095956802368164 -64.86225128173828
382 18.396747589111328 -64.3044204711914
383 18.565153121948242 -64.1720962524414
384 18.563465118408203 -64.16519927978516
385 17.15093231201172 -72.21155548095703
386 17.158039093017578 -72.36386108398438
387 17.101110458374023 -72.68033599853516
388 16.942779541015625 -72.98704528808594
389 16.701229095458984 -73.27064514160156
390 16.45090675354004 -73.40326690673828
391 16.02978515625 -73.50509643554688
392 15.713479995727539 -73.42491149902344
393 15.41895580291748 -73.31089782714844
394 14.654022216796875 -73.02591705322266
395 13.738525390625 -72.74011993408203
396 13.392398834228516 -72.61298370361328
397 12.950325012207031 -72.37841796875
398 12.641508102416992 -72.19957733154297
399 12.483619689941406 -72.0369644165039
400 9.750494956970215 -59.245094299316406
401 9.828605651855469 -59.039188385009766
402 10.011282920837402 -58.671993255615234
403 10.31403636932373 -58.15669250488281
404 10.62997817993164 -57.69851303100586
405 10.913105964660645 -57.44342803955078
406 11.341968536376953 -57.15667724609375
407 11.531167984008789 -57.09840774536133
408 11.733842849731445 -57.08669662475586
409 12.315361022949219 -57.15032196044922
410 12.679977416992188 -57.30469512939453
411 12.994958877563477 -57.448394775390625
412 13.115859985351562 -57.59087371826172
413 13.061813354492188 -57.8641357421875
414 13.106568336486816 -58.30527114868164
415 13.17366886138916 -58.59290313720703
416 13.118380546569824 -58.81953048706055
417 13.13241958618164 -59.17366409301758
418 13.045180320739746 -59.47723388671875
419 12.85308837890625 -59.99599838256836
420 12.829331398010254 -60.277565002441406
421 12.832015037536621 -60.82788848876953
422 12.719173431396484 -61.209197998046875
423 12.65794849395752 -61.41642761230469
424 12.524571418762207 -61.73613739013672
425 12.38502311706543 -62.005760192871094
426 12.134967803955078 -62.41560745239258
427 11.975914001464844 -62.77021408081055
428 11.770293235778809 -69.0149154663086
429 11.7373685836792 -69.21144104003906
430 11.677416801452637 -69.4041519165039
431 11.626531600952148 -69.62589263916016
432 11.810028076171875 -70.41869354248047
433 11.883394241333008 -70.58910369873047
434 12.06130599975586 -70.61664581298828
435 12.436799049377441 -70.55260467529297
436 13.18809986114502 -70.27684783935547
437 13.46877384185791 -70.18522644042969
438 13.693940162658691 -70.21402740478516
439 13.885028839111328 -70.31782531738281
440 14.233692169189453 -70.5928955078125
441 14.495382308959961 -70.84363555908203
442 14.754279136657715 -70.97865295410156
443 15.184633255004883 -70.8813247680664
444 15.589972496032715 -70.7206039428711
445 15.993900299072266 -70.59359741210938
446 16.494291305541992 -70.39083099365234
447 16.74612045288086 -70.22745513916016
448 16.75190544128418 -70.11026000976562
449 10.489049911499023 -61.80317687988281
450 10.463350296020508 -61.62871170043945
451 10.454011917114258 -61.52109146118164
452 10.373558044433594 -61.06305694580078
453 10.298864364624023 -60.69362258911133
454 10.287686347961426 -60.450439453125
455 10.516155242919922 -60.1923713684082
456 10.856282234191895 -59.91799545288086
457 11.10561466217041 -59.69729995727539
458 11.200897216796875 -59.537899017333984
459 14.372715950012207 -47.68455123901367
460 14.531998634338379 -47.45747375488281
461 14.720073699951172 -47.22727584838867
462 15.028924942016602 -46.95872497558594
463 15.259756088256836 -46.84501266479492
464 15.485169410705566 -46.820194244384766
465 20.33681869506836 -61.240657806396484
466 20.35673713684082 -61.451324462890625
467 20.317733764648438 -61.784027099609375
468 20.220787048339844 -62.030235290527344
469 20.045024871826172 -62.45390319824219
470 20.00929069519043 -62.589866638183594
471 -1.2672910690307617 -65.44129943847656
472 -1.3586735725402832 -65.69957733154297
473 -1.5536266565322876 -66.20182037353516
474 -1.481432557106018 -66.29492950439453
475 -1.101378083229065 -66.2350845336914
476 -0.6659535765647888 -66.3127670288086
477 -0.44725826382637024 -66.65301513671875
478 -0.3144681751728058 -67.19400024414062
479 -0.160084068775177 -67.3934097290039
480 0.057258013635873795 -67.427734375
481 0.5130047798156738 -67.17591857910156
482 0.7153627872467041 -67.01653289794922
483 0.9917535185813904 -66.62994384765625
484 1.2366373538970947 -66.42837524414062
485 1.411749005317688 -66.35957336425781
486 1.6362384557724 -66.24262237548828
487 1.7715963125228882 -65.94188690185547
488 1.745753526687622 -64.6376953125
489 1.6229114532470703 -64.2721176147461
490 1.3136416673660278 -64.11598205566406
491 1.1402777433395386 -64.22259521484375
492 0.860140323638916 -64.48955535888672
493 0.800406813621521 -64.76412963867188
494 0.27581116557121277 -70.27304077148438
495 0.18706856667995453 -70.42909240722656
496 0.05894409120082855 -70.58676147460938
497 -0.10305032134056091 -70.67938995361328
498 -0.6345391273498535 -71.00679016113281
499 -0.8738718628883362 -71.05786895751953
500 -1.2087022066116333 -70.94038391113281
501 -1.5386332273483276 -70.85931396484375
502 -1.6040557622909546 -70.66891479492188
503 -1.5044926404953003 -70.30875396728516
504 -1.4246704578399658 -69.8119888305664
505 -1.3821316957473755 -69.3394546508789
506 -1.2995048761367798 -69.09640502929688
507 -1.2052879333496094 -68.86609649658203
508 -0.6078912615776062 -63.905540466308594
509 -0.6936709880828857 -63.62876892089844
510 -0.7921147346496582 -63.50377655029297
511 -1.0725418329238892 -63.259254455566406
512 -1.3822015523910522 -62.925994873046875
513 -1.5792386531829834 -62.76156234741211
514 -1.7762250900268555 -62.72844696044922
515 -1.9608070850372314 -62.75463104248047
516 -2.301229953765869 -63.09727096557617
517 -2.3954522609710693 -63.22617721557617
518 -2.865194320678711 -63.901676177978516
519 -3.0685648918151855 -64.12712097167969
520 -3.155552625656128 -64.44076538085938
521 -3.174957275390625 -64.63760375976562
522 -3.1020407676696777 -64.89140319824219
523 2.7304317951202393 -65.21519470214844
524 2.992964744567871 -65.29661560058594
525 3.324305772781372 -65.31380462646484
526 3.5070748329162598 -65.2026596069336
527 3.618582248687744 -65.09380340576172
528 3.7689125537872314 -64.625244140625
529 3.844971179962158 -64.16273498535156
530 3.891605854034424 -63.84709930419922
531 5.014012813568115 -61.929325103759766
532 5.1088104248046875 -61.70682907104492
533 4.939333915710449 -59.85499572753906
534 4.873694896697998 -59.674293518066406
535 4.734798908233643 -59.394439697265625
536 4.566767692565918 -59.19355773925781
537 4.316958427429199 -58.97945022583008
538 4.071439743041992 -58.789894104003906
539 0.9279654622077942 -46.94233322143555
540 0.9546716213226318 -46.7999267578125
541 1.0237455368041992 -46.6490478515625
542 1.180372953414917 -46.272010803222656
543 1.293201208114624 -45.54045867919922
544 1.268378496170044 -45.06846618652344
545 1.2136348485946655 -44.537540435791016
546 1.220580816268921 -44.34288024902344
547 1.2147908210754395 -44.10409164428711
548 7.72153377532959 -64.22643280029297
549 7.626765251159668 -64.38882446289062
550 7.357628345489502 -64.6173095703125
551 7.100766658782959 -64.68504333496094
552 6.799381732940674 -64.56719207763672
553 6.471256732940674 -64.48867797851562
554 6.107612609863281 -64.56852722167969
555 5.789236068725586 -64.73241424560547
556 5.342111110687256 -65.01974487304688
557 5.24065637588501 -64.98133850097656
558 5.136430740356445 -64.86726379394531
559 -0.05993881821632385 -54.861454010009766
560 0.11560823768377304 -54.753013610839844
561 0.3515745997428894 -54.69868087768555
562 0.7388195395469666 -54.7056999206543
563 1.1387978792190552 -54.71295928955078
564 1.5089631080627441 -54.81216812133789
565 1.7660671472549438 -54.982887268066406
566 2.0976316928863525 -55.306053161621094
567 2.245633363723755 -55.55632019042969
568 2.5427796840667725 -55.95400619506836
569 2.81427001953125 -56.383235931396484
570 2.903688907623291 -56.8076286315918
571 2.865974187850952 -57.136024475097656
572 2.7917754650115967 -57.17863464355469
573 -1.8819308280944824 -50.36280059814453
574 -1.9100220203399658 -49.92510986328125
575 -1.8919562101364136 -49.70216369628906
576 -1.6061159372329712 -49.76614761352539
577 -1.3015512228012085 -49.8952522277832
578 -0.8697193264961243 -50.087623596191406
579 -0.35770368576049805 -50.29606246948242
580 0.1252632737159729 -50.39815902709961
581 0.5338857769966125 -50.38279342651367
582 1.2050023078918457 -50.12407302856445
583 1.4434422254562378 -49.99045944213867
584 1.7530601024627686 -49.838165283203125
585 1.9161269664764404 -49.81782913208008
586 -4.308452129364014 -72.23500061035156
587 -4.175757884979248 -72.45134735107422
588 -3.969655990600586 -72.68671417236328
589 -3.759204387664795 -72.88159942626953
590 -3.4938666820526123 -73.14535522460938
591 -3.1977057456970215 -73.5933837890625
592 -3.0651321411132812 -74.0331802368164
593 -3.0269980430603027 -74.33533477783203
594 -2.9897141456604004 -74.66158294677734
595 -2.8865292072296143 -75.01517486572266
596 -2.673449993133545 -75.41144561767578
597 -2.139383554458618 -75.98839569091797
598 -1.7357051372528076 -76.29119110107422
599 -1.2850098609924316 -76.54096984863281
600 -0.9819362759590149 -76.63126373291016
601 -0.631123960018158 -76.6675796508789
602 -0.10079782456159592 -76.64530181884766
603 0.19911208748817444 -76.66180419921875
604 0.5806673169136047 -76.77982330322266
605 0.9132390022277832 -76.83094787597656
606 1.2207131385803223 -76.882568359375
607 1.4919050931930542 -76.87721252441406
608 9.501477241516113 -66.26507568359375
609 9.575630187988281 -66.03823852539062
610 9.581596374511719 -65.73535919189453
611 9.552929878234863 -65.4380874633789
612 9.440670013427734 -65.25921630859375
613 9.169389724731445 -64.98379516601562
614 9.08012580871582 -64.95354461669922
615 4.686569690704346 -74.98445129394531
616 4.465375900268555 -75.00719451904297
617 4.190952301025391 -74.95616149902344
618 3.8863370418548584 -74.77766418457031
619 3.464251756668091 -74.19160461425781
620 3.3105759620666504 -73.7191390991211
621 3.2008848190307617 -73.36775207519531
622 3.084320068359375 -73.21930694580078
623 2.9046435356140137 -73.11359405517578
624 1.9453306198120117 -73.44638061523438
625 1.6631280183792114 -73.4507827758789
626 1.317100167274475 -73.46858215332031
627 1.1634129285812378 -73.302490234375
628 0.890935480594635 -73.0030288696289
629 0.7521547079086304 -72.72840118408203
630 -3.148669958114624 -68.45221710205078
631 -3.463282346725464 -68.37973022460938
632 -3.8311593532562256 -68.26858520507812
633 -4.130744457244873 -68.26457214355469
634 -4.491572380065918 -68.24006652832031
635 -4.939594268798828 -68.16594696044922
636 -5.236817359924316 -67.97581481933594
637 -5.430111885070801 -67.67790222167969
638 -5.680100917816162 -67.2173080444336
639 -5.810215950012207 -66.86854553222656
640 -6.037548542022705 -66.08208465576172
641 -6.159982681274414 -65.77758026123047
642 -6.337562561035156 -65.44366455078125
643 -6.4415669441223145 -65.12837982177734
644 -6.668298721313477 -64.51197814941406
645 -6.736536026000977 -64.24723815917969
646 -6.768893718719482 -63.84040832519531
647 -6.750956058502197 -63.454105377197266
648 -6.660144329071045 -63.075103759765625
649 -6.514859676361084 -62.82479476928711
650 -6.280028820037842 -62.47815704345703
651 -6.193758487701416 -62.21472930908203
652 -6.13761568069458 -61.661590576171875
653 -6.179978847503662 -61.11373519897461
654 -6.22412109375 -60.489532470703125
655 -6.242577075958252 -59.7550163269043
656 -6.188819885253906 -59.49332046508789
657 -6.087957382202148 -59.17144775390625
658 -5.942234516143799 -58.79411315917969
659 -5.711503028869629 -58.19136428833008
660 -5.607297897338867 -57.91716766357422
661 -5.482482433319092 -57.61076736450195
662 -5.344902992248535 -57.4190673828125
663 -5.180914402008057 -57.244258880615234
664 -4.81077241897583 -56.6901741027832
665 -4.228457927703857 -55.926849365234375
666 -3.9424405097961426 -55.661949157714844
667 -3.7155532836914062 -55.49368667602539
668 -3.185263156890869 -55.07234191894531
669 -2.875675916671753 -54.81673812866211
670 -2.48830509185791 -54.44905471801758
671 -2.1064538955688477 -53.94794464111328
672 -1.9602582454681396 -53.76988220214844
673 -1.789433240890503 -53.626949310302734
674 -0.6637551784515381 -52.79370880126953
675 -0.34362903237342834 -52.60441589355469
676 -0.06424633413553238 -52.51268005371094
677 0.22813045978546143 -52.540164947509766
678 0.5169578194618225 -52.62396240234375
679 3.967022657394409 -55.1855583190918
680 4.058264255523682 -55.308616638183594
681 4.184234142303467 -55.315914154052734
682 8.768506050109863 -61.50358581542969
683 8.836376190185547 -61.731781005859375
684 8.907989501953125 -62.04730987548828
685 8.983619689941406 -62.47521209716797
686 9.075055122375488 -62.84416961669922
687 9.113893508911133 -63.17457962036133
688 8.987552642822266 -63.1397819519043
689 7.747354507446289 -62.474281311035156
690 7.42754602432251 -62.38890838623047
691 7.178102016448975 -62.389976501464844
692 6.8572211265563965 -62.442012786865234
693 6.678687572479248 -62.54298400878906
694 6.5673909187316895 -62.54567337036133
695 6.038519859313965 -62.746665954589844
696 5.698844909667969 -62.991310119628906
697 5.429819583892822 -63.2708740234375
698 5.25058650970459 -63.369476318359375
699 5.013952255249023 -63.296695709228516
700 4.356719493865967 -63.024776458740234
701 4.088284969329834 -62.84318161010742
702 3.8920350074768066 -62.51917266845703
703 3.9154584407806396 -62.44535827636719
704 16.02375602722168 -53.277313232421875
705 16.185359954833984 -53.01171112060547
706 16.3483829498291 -52.69260787963867
707 16.492572784423828 -52.54578399658203
708 17.131494522094727 -52.31120681762695
709 17.970474243164062 -52.02631759643555
710 18.304244995117188 -51.98954391479492
711 18.607036590576172 -51.95737838745117
712 18.775732040405273 -52.106597900390625
713 18.899139404296875 -52.31334686279297
714 18.89400291442871 -52.72848892211914
715 18.607431411743164 -53.70001983642578
716 18.453832626342773 -54.20387268066406
717 18.32918357849121 -54.56074905395508
718 18.170368194580078 -54.928489685058594
719 18.004844665527344 -55.102535247802734
720 17.642580032348633 -55.24182891845703
721 17.279876708984375 -55.29996109008789
722 16.765050888061523 -55.2393913269043
723 16.615148544311523 -55.299068450927734
724 16.414796829223633 -55.36737823486328
725 16.07746696472168 -55.358985900878906
726 6.314747333526611 -46.041568756103516
727 6.1930084228515625 -46.00263977050781
728 5.968920707702637 -46.00874328613281
729 5.676774501800537 -45.872459411621094
730 5.428095817565918 -45.612483978271484
731 5.174947738647461 -45.276458740234375
732 5.180254936218262 -44.91315460205078
733 5.329300403594971 -44.60711669921875
734 5.564088821411133 -44.2465934753418
735 5.990928649902344 -43.88943099975586
736 6.35576057434082 -43.6745719909668
737 6.751291275024414 -43.55168914794922
738 6.9125590324401855 -43.55250930786133
739 7.2469916343688965 -43.655250549316406
740 7.6417341232299805 -43.92334747314453
741 7.968725204467773 -44.17013931274414
742 8.208900451660156 -44.38343811035156
743 8.545058250427246 -44.68996047973633
744 8.71094036102295 -45.025630950927734
745 8.793179512023926 -45.44552993774414
746 8.882877349853516 -45.80039978027344
747 8.907743453979492 -45.987308502197266
748 9.304556846618652 -57.20246887207031
749 9.278251647949219 -57.32762145996094
750 9.120658874511719 -57.59052658081055
751 8.849623680114746 -57.79950714111328
752 8.605043411254883 -57.94224548339844
753 1.1798748970031738 -57.372337341308594
754 0.8417868614196777 -57.26377868652344
755 0.5862802863121033 -57.1907958984375
756 0.26107102632522583 -57.1861457824707
757 -0.049676403403282166 -57.13513946533203
758 -0.9468885660171509 -56.919036865234375
759 -1.2766311168670654 -56.933746337890625
760 -1.5009080171585083 -57.1072883605957
761 -1.5848826169967651 -57.292198181152344
762 -1.622192621231079 -57.517555236816406
763 -1.403434157371521 -58.11351776123047
764 -1.1714417934417725 -58.615440368652344
765 -1.0631272792816162 -58.77792739868164
766 -0.8575143218040466 -58.92467498779297
767 -0.33523645997047424 -59.06228256225586
768 0.1238175481557846 -59.09272384643555
769 0.6200879812240601 -59.07184600830078
770 1.040371060371399 -59.03280258178711
771 1.6895543336868286 -58.942481994628906
772 2.0312283039093018 -58.958370208740234
773 2.214507579803467 -59.0689811706543
774 2.2885191440582275 -59.17296600341797
775 3.094265937805176 -67.63894653320312
776 3.128920316696167 -68.09666442871094
777 3.2005629539489746 -68.52826690673828
778 3.287459135055542 -68.8607177734375
779 3.4334022998809814 -69.50682067871094
780 3.470672845840454 -69.80888366699219
781 3.5061819553375244 -70.28502655029297
782 3.3209292888641357 -70.9830093383789
783 3.2220520973205566 -71.11197662353516
784 2.9790501594543457 -71.07276916503906
785 2.718336582183838 -70.9649887084961
786 2.3322770595550537 -70.49591827392578
787 2.159047842025757 -70.27592468261719
788 1.8658889532089233 -69.6959457397461
789 1.7263479232788086 -69.41350555419922
790 1.5867903232574463 -69.06230926513672
791 1.547478199005127 -68.8281021118164
792 1.4642378091812134 -68.50093078613281
793 1.4236401319503784 -68.4097900390625
794 4.333254814147949 -78.04547882080078
795 4.476838111877441 -78.0760726928711
796 4.751260280609131 -78.04763793945312
797 5.290221214294434 -77.92162322998047
798 5.692468643188477 -77.79312896728516
799 5.94313907623291 -77.92449188232422
800 6.1935224533081055 -78.32513427734375
801 6.389369964599609 -78.63884735107422
802 6.6341681480407715 -78.9937973022461
803 6.870971202850342 -79.28634643554688
804 7.587133407592773 -79.97923278808594
805 7.921749114990234 -80.18743133544922
806 8.346816062927246 -80.34192657470703
807 8.665558815002441 -80.37834167480469
808 9.112442016601562 -80.31674194335938
809 9.624808311462402 -80.11223602294922
810 10.167182922363281 -79.87596130371094
811 10.741177558898926 -79.73179626464844
812 11.10246753692627 -79.66929626464844
813 11.507034301757812 -79.57189178466797
814 11.821666717529297 -79.4420166015625
815 12.0746431350708 -79.24314880371094
816 12.317758560180664 -79.0573501586914
817 12.628284454345703 -78.85511016845703
818 13.147579193115234 -78.50592041015625
819 13.808029174804688 -78.05724334716797
820 14.064270973205566 -77.80811309814453
821 14.468973159790039 -77.36552429199219
822 14.772875785827637 -77.07636260986328
823 14.96722412109375 -76.72333526611328
824 14.973139762878418 -76.52607727050781
825 14.887293815612793 -76.29203796386719
826 14.685426712036133 -76.09008026123047
827 14.278728485107422 -75.4123764038086
828 14.073814392089844 -75.02178192138672
829 13.905854225158691 -74.82207489013672
830 13.589601516723633 -74.45050048828125
831 13.295866966247559 -74.19039916992188
832 13.160237312316895 -74.04988861083984
833 11.972970008850098 -50.646080017089844
834 12.08601188659668 -50.59275817871094
835 12.531694412231445 -50.49416732788086
836 12.853755950927734 -50.3296012878418
837 13.122244834899902 -50.173282623291016
838 13.40392780303955 -49.89720153808594
839 13.785466194152832 -49.50067901611328
840 13.928871154785156 -49.38542938232422
841 13.979065895080566 -49.35608673095703
842 6.404199123382568 -68.5297622680664
843 6.2601237297058105 -68.68836212158203
844 6.069495677947998 -68.85292053222656
845 5.610522747039795 -69.00990295410156
846 5.399712085723877 -68.93457794189453
847 5.203836441040039 -68.7332763671875
848 5.152989864349365 -68.64380645751953
849 5.121176719665527 -68.41154479980469
850 4.603787899017334 -67.81169128417969
851 4.42744779586792 -67.64429473876953
852 4.336547374725342 -67.4014663696289
853 4.348949909210205 -67.12373352050781
854 4.38682746887207 -66.92008972167969
855 4.8403000831604 -66.57084655761719
856 4.9823784828186035 -66.52461242675781
857 5.306148052215576 -66.47282409667969
858 5.651719093322754 -66.46605682373047
859 5.997866630554199 -66.50525665283203
860 6.411810398101807 -66.46208190917969
861 6.8249006271362305 -66.47103118896484
862 7.344081401824951 -66.495849609375
863 7.609869003295898 -66.44843292236328
864 7.818046569824219 -66.4347152709961
865 7.924558162689209 -66.44368743896484
866 17.81138801574707 -76.49075317382812
867 18.082069396972656 -76.4304428100586
868 18.232725143432617 -76.33341217041016
869 18.521684646606445 -76.0244369506836
870 18.781227111816406 -75.66735076904297
871 19.17890167236328 -74.99494171142578
872 19.579025268554688 -74.49835205078125
873 19.96656608581543 -74.24854278564453
874 20.186922073364258 -74.07025909423828
875 20.2951717376709 -73.99530029296875
876 20.450084686279297 -73.61713409423828
877 20.5949764251709 -73.30962371826172
878 20.642770767211914 -73.07713317871094
879 20.760236740112305 -72.54326629638672
880 20.837209701538086 -71.95417785644531
881 20.85160255432129 -71.60397338867188
882 20.99892807006836 -71.08766174316406
883 21.395221710205078 -70.76673889160156
884 21.73456382751465 -70.77381896972656
885 21.985088348388672 -70.86471557617188
886 22.407352447509766 -71.08028411865234
887 22.86977195739746 -71.40708923339844
888 23.42341423034668 -71.82225036621094
889 23.624496459960938 -71.96878814697266
890 24.056777954101562 -72.0332260131836
891 24.680227279663086 -72.1324691772461
892 24.88783836364746 -72.12078094482422
893 25.020740509033203 -72.05970001220703
894 25.27798843383789 -71.92901611328125
895 25.481252670288086 -71.83113861083984
896 26.10335922241211 -71.304931640625
897 26.563505172729492 -70.91111755371094
898 26.83707046508789 -70.6473159790039
899 27.041061401367188 -70.38395690917969
900 27.05497932434082 -70.17755889892578
901 26.93708038330078 -69.88333129882812
902 26.70203971862793 -69.4168930053711
903 26.505640029907227 -69.02666473388672
904 26.423791885375977 -68.88513946533203
905 26.205480575561523 -68.60511779785156
906 25.88722801208496 -68.20561981201172
907 25.143789291381836 -67.25142669677734
908 24.91953468322754 -66.96748352050781
909 24.758140563964844 -66.723876953125
910 24.499324798583984 -66.50552368164062
911 24.07781219482422 -66.3329849243164
912 23.03783416748047 -65.87627410888672
913 22.828245162963867 -65.80670166015625
914 22.490262985229492 -65.68995666503906
915 21.786100387573242 -65.52584075927734
916 21.0876522064209 -65.32357788085938
917 20.718461990356445 -65.23301696777344
918 20.430686950683594 -65.24427032470703
919 11.163445472717285 -72.54217529296875
920 11.048453330993652 -72.8023910522461
921 10.903695106506348 -72.91407012939453
922 10.555808067321777 -73.0904312133789
923 8.017353057861328 -74.98493194580078
924 7.713523864746094 -75.2611083984375
925 7.607335090637207 -75.49250793457031
926 7.562528133392334 -75.6871109008789
927 7.622002601623535 -76.1195297241211
928 7.895957946777344 -76.55919647216797
929 8.229803085327148 -76.9010238647461
930 8.640317916870117 -77.27140045166016
931 8.838294982910156 -77.47032928466797
932 8.928703308105469 -77.46961975097656
933 18.044036865234375 -62.32158279418945
934 17.880447387695312 -62.27314376831055
935 17.606557846069336 -62.18167495727539
936 17.258705139160156 -62.084503173828125
937 16.74125862121582 -61.75245666503906
938 16.601985931396484 -61.66810989379883
939 16.31033706665039 -61.54578399658203
940 15.892350196838379 -61.261474609375
941 15.536295890808105 -61.027374267578125
942 15.354203224182129 -61.06085968017578
943 15.050985336303711 -61.37773513793945
944 14.86741828918457 -61.687156677246094
945 14.6281156539917 -61.971065521240234
946 14.43639087677002 -62.158626556396484
947 14.327399253845215 -62.25407409667969
948 14.175378799438477 -62.44929504394531
949 13.98613166809082 -62.696773529052734
950 13.665077209472656 -63.081722259521484
951 13.362711906433105 -63.43964767456055
952 12.879143714904785 -63.896263122558594
953 12.729841232299805 -64.05887603759766
954 12.626876831054688 -64.32073211669922
955 12.667030334472656 -64.756103515625
956 12.816530227661133 -65.01490783691406
957 12.993546485900879 -65.1697998046875
958 13.174921989440918 -65.24589538574219
959 13.326703071594238 -65.25733184814453
960 14.91758918762207 -58.9363899230957
961 14.992877960205078 -58.61945343017578
962 15.082058906555176 -58.17158126831055
963 15.163663864135742 -57.82976150512695
964 15.404045104980469 -57.65959930419922
965 15.626944541931152 -57.56725311279297
966 15.862028121948242 -57.5041389465332
967 16.32147789001465 -57.43294906616211
968 16.63361167907715 -57.38468551635742
969 16.827117919921875 -57.361717224121094
970 17.064414978027344 -57.34339141845703
971 17.286815643310547 -57.36756134033203
972 21.173673629760742 -59.24378204345703
973 21.339021682739258 -59.36983871459961
974 21.594436645507812 -59.52262878417969
975 22.241479873657227 -59.861106872558594
976 22.700443267822266 -60.03083419799805
977 22.940649032592773 -60.11854934692383
978 23.22921371459961 -60.162681579589844
979 23.762922286987305 -60.05387496948242
980 24.27153968811035 -59.98849105834961
981 24.74777603149414 -59.83926010131836
982 25.170217514038086 -59.64944839477539
983 25.31623649597168 -59.51445007324219
984 25.49794578552246 -59.10444259643555
985 25.52991485595703 -58.83465576171875
986 25.49677276611328 -58.58524703979492
987 25.254823684692383 -58.29586410522461
988 24.904918670654297 -58.023380279541016
989 24.572580337524414 -57.873592376708984
990 23.65755844116211 -57.544578552246094
991 23.56945037841797 -57.3626823425293
992 23.612550735473633 -57.106319427490234
993 23.606775283813477 -56.85108947753906
994 23.6442813873291 -56.61588668823242
995 24.02088165283203 -56.11601257324219
996 24.26211166381836 -55.79629898071289
997 24.603178024291992 -55.32091522216797
998 24.650236129760742 -55.144927978515625
999 24.70688247680664 -55.0484733581543
