0 26.112632751464844 -83.5293960571289
1 26.096572875976562 -83.39835357666016
2 26.008403778076172 -83.10871887207031
3 25.532917022705078 -82.0969009399414
4 25.370473861694336 -81.89373779296875
5 24.639205932617188 -81.34793853759766
6 24.32760238647461 -81.10967254638672
7 23.93321990966797 -80.86600494384766
8 23.4621524810791 -80.72328186035156
9 22.43311882019043 -80.55255889892578
10 22.193273544311523 -80.52786254882812
11 21.872005462646484 -80.52622985839844
12 21.626888275146484 -80.52668762207031
13 21.45284080505371 -80.53343200683594
14 6.885265350341797 -77.11503601074219
15 6.662533283233643 -77.0604476928711
16 6.369566440582275 -77.04180908203125
17 6.08111572265625 -77.03535461425781
18 5.598057746887207 -77.05921936035156
19 4.702013969421387 -77.22026824951172
20 4.291229724884033 -77.25198364257812
21 4.074172019958496 -77.19351959228516
22 3.8883719444274902 -77.12950897216797
23 3.3016703128814697 -77.20571899414062
24 3.123990774154663 -77.2507095336914
25 2.6118063926696777 -77.22027587890625
26 2.2918574810028076 -77.12689208984375
27 -5.447337627410889 -65.71578979492188
28 -5.524063587188721 -65.52892303466797
29 -5.687542915344238 -65.14834594726562
30 -5.880007743835449 -64.51889038085938
31 -5.957989692687988 -64.18276977539062
32 -5.943017482757568 -63.875919342041016
33 -5.841773986816406 -63.50743103027344
34 -5.696760177612305 -63.07635498046875
35 -5.573265552520752 -62.8223876953125
36 -5.4674296379089355 -62.642486572265625
37 27.4435977935791 -79.45269012451172
38 27.61678695678711 -79.3199462890625
39 27.911956787109375 -78.99414825439453
40 28.1494140625 -78.87168884277344
41 28.531404495239258 -78.79456329345703
42 28.923707962036133 -78.80448150634766
43 29.219348907470703 -78.83647155761719
44 29.62293243408203 -78.99249267578125
45 29.9123477935791 -79.12307739257812
46 30.244596481323242 -79.2157974243164
47 30.83502960205078 -79.32111358642578
48 31.237043380737305 -79.36860656738281
49 31.652629852294922 -79.4067611694336
50 32.0865364074707 -79.42990112304688
51 32.499176025390625 -79.49781036376953
52 33.00221633911133 -79.65895080566406
53 33.54055404663086 -80.03018951416016
54 33.80145263671875 -80.22874450683594
55 34.135990142822266 -80.7091064453125
56 34.19759750366211 -80.93785095214844
57 34.13035583496094 -81.1748046875
58 33.96215057373047 -81.50942993164062
59 33.760597229003906 -81.8573989868164
60 31.352306365966797 -85.8636703491211
61 31.192882537841797 -86.22905731201172
62 31.068208694458008 -86.53780364990234
63 30.93973159790039 -87.25431060791016
64 30.848175048828125 -87.64009094238281
65 30.64451789855957 -88.36385345458984
66 30.486343383789062 -88.73976135253906
67 30.29379653930664 -89.17908477783203
68 30.077184677124023 -89.72552490234375
69 29.765451431274414 -90.367431640625
70 29.549007415771484 -90.8181381225586
71 29.37942886352539 -91.15064239501953
72 29.205808639526367 -91.43177032470703
73 29.097646713256836 -91.57544708251953
74 13.914156913757324 -99.67704772949219
75 13.60612964630127 -99.52378845214844
76 13.36959171295166 -99.40454864501953
77 13.191617012023926 -99.18583679199219
78 13.043221473693848 -98.79859161376953
79 12.895926475524902 -98.32849884033203
80 12.689230918884277 -97.73468780517578
81 12.583409309387207 -97.4541244506836
82 12.379436492919922 -96.78141021728516
83 12.304543495178223 -96.36014556884766
84 12.277798652648926 -95.99630737304688
85 12.213432312011719 -95.73346710205078
86 12.08059024810791 -95.36078643798828
87 11.8508882522583 -94.68073272705078
88 11.621872901916504 -94.10678100585938
89 11.495305061340332 -93.87679290771484
90 11.278822898864746 -93.42925262451172
91 11.123614311218262 -93.096923828125
92 9.754939079284668 -88.79863739013672
93 9.642204284667969 -88.51823425292969
94 9.60261344909668 -88.27970886230469
95 9.578274726867676 -87.78787994384766
96 9.576154708862305 -87.47415161132812
97 9.55569076538086 -86.8946762084961
98 9.52237606048584 -86.61302185058594
99 9.38597297668457 -86.18091583251953
100 9.335858345031738 -85.85342407226562
101 9.392823219299316 -85.45735168457031
102 9.496824264526367 -85.14701080322266
103 9.854941368103027 -84.64855194091797
104 10.238736152648926 -84.41978454589844
105 10.650345802307129 -84.28300476074219
106 10.884530067443848 -84.31341552734375
107 11.127077102661133 -84.4293212890625
108 11.311577796936035 -84.61447143554688
109 11.567005157470703 -84.93145751953125
110 11.830812454223633 -85.2752685546875
111 11.99547004699707 -85.46934509277344
112 12.175294876098633 -85.58507537841797
113 29.127513885498047 -65.19145965576172
114 29.074710845947266 -65.3482437133789
115 28.939647674560547 -65.59142303466797
116 28.81315803527832 -65.8111801147461
117 28.407686233520508 -66.69439697265625
118 28.382314682006836 -66.875
119 28.534934997558594 -67.4265365600586
120 28.612333297729492 -67.69959259033203
121 28.70920753479004 -68.20246887207031
122 28.802692413330078 -69.0242691040039
123 28.804872512817383 -69.28565979003906
124 28.619352340698242 -69.7012710571289
125 28.35555648803711 -70.131591796875
126 28.172042846679688 -70.42930603027344
127 28.076683044433594 -70.58734130859375
128 27.972412109375 -70.95628356933594
129 27.760833740234375 -71.56095886230469
130 27.533964157104492 -72.1077651977539
131 27.328407287597656 -72.44479370117188
132 27.09626007080078 -72.788818359375
133 26.884037017822266 -73.04959106445312
134 26.537649154663086 -73.27616882324219
135 26.169422149658203 -73.38907623291016
136 25.793058395385742 -73.33805084228516
137 25.176000595092773 -73.17235565185547
138 24.80414581298828 -72.99803161621094
139 24.338661193847656 -72.7514877319336
140 24.065500259399414 -72.63307189941406
141 1.924177646636963 -60.648460388183594
142 1.9829989671707153 -60.655399322509766
143 2.1384739875793457 -60.717689514160156
144 3.1809945106506348 -61.149810791015625
145 3.494812250137329 -61.34209060668945
146 3.7101261615753174 -61.53313446044922
147 4.360001564025879 -62.100059509277344
148 5.024406909942627 -62.49419403076172
149 5.744203567504883 -62.875247955322266
150 6.128326416015625 -63.00664520263672
151 6.630875110626221 -63.09593200683594
152 6.939918041229248 -63.16183090209961
153 7.139870643615723 -63.14626693725586
154 7.702674388885498 -63.07457733154297
155 8.669650077819824 -62.944969177246094
156 9.005352020263672 -62.96639633178711
157 9.590269088745117 -63.34687805175781
158 9.867717742919922 -63.587547302246094
159 10.005836486816406 -63.674468994140625
160 10.18326187133789 -63.79802322387695
161 10.432788848876953 -63.9205322265625
162 21.83639907836914 -63.570777893066406
163 22.150041580200195 -63.535491943359375
164 22.543180465698242 -63.526832580566406
165 22.83052635192871 -63.449745178222656
166 23.344959259033203 -63.23497009277344
167 23.510713577270508 -63.02266311645508
168 23.557790756225586 -62.82455062866211
169 23.45793342590332 -62.69205093383789
170 20.007253646850586 -64.17398834228516
171 19.469268798828125 -64.5283203125
172 19.019742965698242 -64.96436309814453
173 18.752525329589844 -65.30189514160156
174 18.52143096923828 -65.64767456054688
175 18.298505783081055 -66.01524353027344
176 18.130647659301758 -66.37232208251953
177 18.01152992248535 -66.5907974243164
178 18.015409469604492 -66.84600067138672
179 18.28888702392578 -67.2476806640625
180 18.505706787109375 -67.94567108154297
181 18.501991271972656 -68.29229736328125
182 18.436147689819336 -68.87297058105469
183 18.46460723876953 -69.2482681274414
184 18.40834617614746 -69.50965881347656
185 18.250465393066406 -69.68514251708984
186 17.878402709960938 -69.98771667480469
187 17.476316452026367 -70.22750091552734
188 17.222185134887695 -70.2402572631836
189 16.853347778320312 -69.95600891113281
190 16.27771759033203 -69.12745666503906
191 16.10459327697754 -68.93399047851562
192 15.969478607177734 -68.73330688476562
193 15.770014762878418 -68.4044418334961
194 15.644763946533203 -68.2643814086914
195 15.354920387268066 -67.99781036376953
196 15.122346878051758 -67.69284057617188
197 14.774685859680176 -67.09378814697266
198 14.448934555053711 -66.94799041748047
199 13.804680824279785 -66.73163604736328
200 13.506808280944824 -66.81319427490234
201 13.270071983337402 -67.08442687988281
202 13.149630546569824 -67.55790710449219
203 13.12838077545166 -67.90994262695312
204 13.12898063659668 -68.184814453125
205 13.170036315917969 -68.90370178222656
206 13.223773002624512 -69.36060333251953
207 13.255707740783691 -69.9076156616211
208 13.214173316955566 -70.51905059814453
209 13.174493789672852 -70.76292419433594
210 13.121929168701172 -70.94779968261719
211 12.9103422164917 -71.47634887695312
212 12.751468658447266 -71.94851684570312
213 12.314539909362793 -72.7016830444336
214 12.181363105773926 -72.84593200683594
215 11.893372535705566 -73.11725616455078
216 9.310107231140137 -74.46778106689453
217 8.997076034545898 -74.50175476074219
218 8.538664817810059 -74.55947875976562
219 8.317747116088867 -74.55833435058594
220 7.767667770385742 -74.39200592041016
221 7.5023112297058105 -74.17890167236328
222 7.469648838043213 -73.83079528808594
223 7.553295135498047 -73.47232055664062
224 12.07645034790039 -65.23426055908203
225 12.18542194366455 -64.96937561035156
226 12.319433212280273 -64.68099975585938
227 12.489686012268066 -64.48092651367188
228 12.7805814743042 -64.2828140258789
229 13.332122802734375 -64.19105529785156
230 13.587814331054688 -64.20364379882812
231 13.893287658691406 -64.22341918945312
232 14.403820991516113 -64.20244598388672
233 14.823387145996094 -64.13689422607422
234 15.168532371520996 -64.02753448486328
235 15.51455020904541 -63.88690948486328
236 15.706236839294434 -63.764739990234375
237 15.882733345031738 -63.31378173828125
238 15.908891677856445 -62.958045959472656
239 16.00483512878418 -62.86210250854492
240 16.472042083740234 -62.53866958618164
241 16.773704528808594 -62.39570999145508
242 17.16231346130371 -62.21553421020508
243 17.608489990234375 -62.05851745605469
244 17.94384002685547 -61.939327239990234
245 18.49520492553711 -61.70755386352539
246 19.0712890625 -61.46321105957031
247 19.38701820373535 -61.2642707824707
248 19.84734535217285 -60.841705322265625
249 20.09251594543457 -60.46818923950195
250 20.168537139892578 -60.047515869140625
251 20.2305908203125 -59.727962493896484
252 19.927810668945312 -59.51486587524414
253 19.504837036132812 -59.31578826904297
254 18.72332000732422 -59.08297348022461
255 18.12057113647461 -59.108158111572266
256 17.582626342773438 -59.19765090942383
257 16.928442001342773 -59.309967041015625
258 16.505149841308594 -59.32545852661133
259 16.01388931274414 -59.27510452270508
260 15.517351150512695 -59.24858474731445
261 15.242446899414062 -59.101016998291016
262 14.854538917541504 -58.83047103881836
263 14.409934043884277 -58.561100006103516
264 13.881667137145996 -58.40271759033203
265 13.49035930633545 -58.38692855834961
266 13.137743949890137 -58.683128356933594
267 12.97016716003418 -58.961875915527344
268 12.885754585266113 -59.28834533691406
269 12.794305801391602 -59.72175598144531
270 12.74306583404541 -59.92586135864258
271 12.664752960205078 -60.15977096557617
272 12.640172004699707 -60.40972137451172
273 12.557707786560059 -61.08907699584961
274 12.47741985321045 -61.59964370727539
275 12.359683990478516 -62.048004150390625
276 12.259509086608887 -62.23649215698242
277 3.532428741455078 -71.7551498413086
278 3.4836277961730957 -71.95599365234375
279 3.3531603813171387 -72.5743637084961
280 3.332648515701294 -72.92330932617188
281 3.3944334983825684 -73.16754913330078
282 3.5315935611724854 -73.50225067138672
283 3.8100762367248535 -73.99563598632812
284 4.036742210388184 -74.30016326904297
285 4.146246433258057 -74.3948974609375
286 4.329129695892334 -74.55321502685547
287 4.626584529876709 -74.87408447265625
288 4.868581295013428 -75.28528594970703
289 5.014009475708008 -75.49571228027344
290 8.02293872833252 -90.79371643066406
291 8.113036155700684 -90.87942504882812
292 8.428261756896973 -91.02869415283203
293 8.895462989807129 -91.16027069091797
294 9.205031394958496 -91.23258209228516
295 9.627880096435547 -91.28192901611328
296 9.985091209411621 -91.32234954833984
297 10.16884994506836 -91.1794204711914
298 10.283689498901367 -91.0638427734375
299 10.845383644104004 -90.49856567382812
300 11.106350898742676 -90.28604888916016
301 11.628705978393555 -90.11830139160156
302 11.94315242767334 -90.12310028076172
303 12.25767707824707 -90.20913696289062
304 12.539459228515625 -90.45783996582031
305 12.95789623260498 -90.8927230834961
306 13.042737007141113 -91.04939270019531
307 13.164855003356934 -91.32978057861328
308 13.274468421936035 -91.7551040649414
309 13.456336975097656 -92.14224243164062
310 13.750361442565918 -92.48397064208984
311 14.18323040008545 -92.61241149902344
312 14.426828384399414 -92.56696319580078
313 8.054682731628418 -71.48189544677734
314 8.020841598510742 -71.25613403320312
315 7.921240329742432 -70.96886444091797
316 7.876923561096191 -70.4854507446289
317 7.918372631072998 -69.96429443359375
318 8.071920394897461 -69.5128402709961
319 8.329727172851562 -69.28230285644531
320 8.669713020324707 -69.15255737304688
321 9.15321159362793 -69.03499603271484
322 9.6798095703125 -68.97286987304688
323 9.991959571838379 -69.09203338623047
324 10.41934871673584 -69.75141906738281
325 10.5520658493042 -70.1159896850586
326 10.658836364746094 -70.79698181152344
327 10.627617835998535 -71.15214538574219
328 10.539938926696777 -71.55391693115234
329 10.379387855529785 -72.10134887695312
330 10.296616554260254 -72.41691589355469
331 10.289121627807617 -72.7524185180664
332 10.409039497375488 -73.56678771972656
333 10.599453926086426 -74.22669219970703
334 10.731016159057617 -74.7535400390625
335 10.910979270935059 -75.16414642333984
336 11.0690279006958 -75.48103332519531
337 11.281402587890625 -76.07240295410156
338 11.430349349975586 -76.55831146240234
339 11.576242446899414 -76.93560791015625
340 11.781216621398926 -77.33335876464844
341 12.003535270690918 -77.88007354736328
342 12.16211986541748 -78.60379791259766
343 12.25175952911377 -79.11851501464844
344 12.325273513793945 -79.44142150878906
345 15.048498153686523 -85.28878784179688
346 15.10926628112793 -85.5362548828125
347 15.054595947265625 -86.0981674194336
348 14.84272575378418 -86.51448059082031
349 14.595169067382812 -86.78429412841797
350 14.207247734069824 -87.10903930664062
351 13.627978324890137 -87.64656829833984
352 13.5258150100708 -87.93537139892578
353 13.625846862792969 -88.22431182861328
354 14.007411003112793 -88.40916442871094
355 14.326437950134277 -88.51204681396484
356 14.77480411529541 -88.60408782958984
357 15.30225658416748 -88.66155242919922
358 15.520315170288086 -88.59723663330078
359 15.892757415771484 -88.52734375
360 16.11546516418457 -88.42796325683594
361 16.351390838623047 -88.23181915283203
362 16.670886993408203 -87.96613311767578
363 17.01369285583496 -87.81877899169922
364 17.324302673339844 -87.812744140625
365 17.81917953491211 -87.89814758300781
366 18.61995506286621 -88.01302337646484
367 18.956113815307617 -88.01395416259766
368 19.160619735717773 -87.94967651367188
369 19.57999610900879 -87.73009490966797
370 20.478872299194336 -87.1162109375
371 20.615121841430664 -87.02043914794922
372 20.78589630126953 -86.82535552978516
373 20.983381271362305 -86.57984924316406
374 21.218463897705078 -86.26165771484375
375 21.501571655273438 -85.93368530273438
376 21.69106101989746 -85.75382995605469
377 21.955421447753906 -85.50297546386719
378 22.32286834716797 -85.21307373046875
379 22.645042419433594 -84.8941421508789
380 22.712329864501953 -84.62904357910156
381 22.455516815185547 -83.90241241455078
382 22.20839500427246 -83.25764465332031
383 22.144960403442383 -83.06993865966797
384 22.092235565185547 -83.038818359375
385 19.30399513244629 -98.26377868652344
386 19.23340606689453 -98.35688018798828
387 18.967453002929688 -98.50936126708984
388 18.600255966186523 -98.56659698486328
389 18.19097328186035 -98.53487396240234
390 17.89254379272461 -98.4103775024414
391 17.44870948791504 -98.12835693359375
392 17.17953109741211 -97.84721374511719
393 16.960716247558594 -97.57633209228516
394 16.366003036499023 -96.784423828125
395 15.827059745788574 -96.06588745117188
396 15.627686500549316 -95.73954772949219
397 15.419535636901855 -95.19886016845703
398 15.252351760864258 -94.8394775390625
399 15.180920600891113 -94.60601043701172
400 13.769437789916992 -75.82860565185547
401 13.758157730102539 -75.55195617675781
402 13.815694808959961 -75.11031341552734
403 13.942370414733887 -74.53895568847656
404 14.150825500488281 -74.0191421508789
405 14.389555931091309 -73.64370727539062
406 14.782803535461426 -73.15914916992188
407 14.97023868560791 -72.97834777832031
408 15.207289695739746 -72.85948181152344
409 15.909125328063965 -72.59236145019531
410 16.3277645111084 -72.61937713623047
411 16.76081085205078 -72.69788360595703
412 16.952346801757812 -72.85039520263672
413 17.0037841796875 -73.15374755859375
414 17.0545597076416 -73.73339080810547
415 17.091625213623047 -74.09561920166016
416 17.039466857910156 -74.36609649658203
417 17.025043487548828 -74.79031372070312
418 16.92660903930664 -75.11520385742188
419 16.746673583984375 -75.52462005615234
420 16.71561622619629 -75.74176025390625
421 17.733097076416016 -84.47996520996094
422 17.715354919433594 -84.73013305664062
423 17.78021240234375 -84.95672607421875
424 17.82107925415039 -85.26249694824219
425 17.846765518188477 -85.49641418457031
426 17.763978958129883 -90.34097290039062
427 17.644285202026367 -90.6526107788086
428 17.465011596679688 -91.12101745605469
429 17.399227142333984 -91.46454620361328
430 17.380096435546875 -91.7165298461914
431 17.364717483520508 -91.9769287109375
432 17.647388458251953 -92.91094207763672
433 17.72609519958496 -93.1252212524414
434 17.909391403198242 -93.2748031616211
435 18.281173706054688 -93.46485137939453
436 19.08143424987793 -93.77549743652344
437 19.382017135620117 -93.89353942871094
438 19.634714126586914 -94.05208587646484
439 19.834463119506836 -94.22203063964844
440 20.228321075439453 -94.56959533691406
441 20.547407150268555 -94.84751892089844
442 20.88075065612793 -95.01961517333984
443 21.45027732849121 -95.04399871826172
444 21.99352264404297 -94.95213317871094
445 22.46181869506836 -94.8155288696289
446 23.039731979370117 -94.59162902832031
447 23.342130661010742 -94.43643951416016
448 23.417041778564453 -94.3259506225586
449 19.699756622314453 -78.72056579589844
450 19.70320701599121 -78.56568145751953
451 19.73118019104004 -78.44493865966797
452 19.85472869873047 -77.94921875
453 19.962814331054688 -77.52818298339844
454 20.09396743774414 -77.23961639404297
455 20.428354263305664 -77.01840209960938
456 20.955318450927734 -76.80690002441406
457 21.339704513549805 -76.64900970458984
458 21.69624900817871 -76.49874114990234
459 22.20160484313965 -76.28484344482422
460 22.709928512573242 -76.16412353515625
461 23.084199905395508 -76.12104797363281
462 23.4907169342041 -76.19186401367188
463 23.79486656188965 -76.285400390625
464 24.26520347595215 -76.4970932006836
465 24.907167434692383 -76.91572570800781
466 25.20151710510254 -77.16136932373047
467 25.398195266723633 -77.41365814208984
468 25.443443298339844 -77.52802276611328
469 -3.912768602371216 -86.99494171142578
470 -3.889080762863159 -86.95214080810547
471 -3.523059606552124 -86.564697265625
472 -3.144606113433838 -86.33494567871094
473 -2.6596860885620117 -86.17034149169922
474 -2.4614391326904297 -86.07443237304688
475 -2.1369879245758057 -85.87418365478516
476 -1.6641446352005005 -85.77266693115234
477 -1.2849397659301758 -85.96695709228516
478 -0.8514610528945923 -86.3492660522461
479 -0.5830401182174683 -86.46920013427734
480 -0.3363524079322815 -86.3919906616211
481 0.04376835376024246 -85.93006896972656
482 0.19191275537014008 -85.6631851196289
483 0.3684087097644806 -85.1421890258789
484 0.5520476698875427 -84.74150085449219
485 0.6444963812828064 -84.50060272216797
486 0.6919180750846863 -84.21589660644531
487 0.60296630859375 -83.866943359375
488 -0.1577465832233429 -83.11245727539062
489 -0.49585244059562683 -82.86468505859375
490 -1.0576382875442505 -82.677001953125
491 -1.3630924224853516 -82.6679916381836
492 -1.9450081586837769 -82.67488861083984
493 -2.3847947120666504 -82.73101806640625
494 -3.1819937229156494 -82.77972412109375
495 -3.4919562339782715 -82.79637908935547
496 -3.783308267593384 -82.85201263427734
497 -4.026810646057129 -82.92345428466797
498 -4.703737735748291 -83.21033477783203
499 -4.992496490478516 -83.26131439208984
500 -5.377377510070801 -83.1668472290039
501 -5.742950916290283 -83.09255981445312
502 -5.865816593170166 -82.88935852050781
503 -5.834221363067627 -82.54410552978516
504 -5.730265140533447 -81.98046112060547
505 -5.595911026000977 -81.47899627685547
506 -5.460705757141113 -81.22550201416016
507 -5.311331748962402 -80.88672637939453
508 -5.092752456665039 -80.07136535644531
509 -5.052565097808838 -79.58476257324219
510 -5.046106815338135 -79.36681365966797
511 -4.91291618347168 -79.00749969482422
512 -4.721835613250732 -78.5610580444336
513 -4.54576301574707 -78.34779357910156
514 -4.3086838722229 -78.29265594482422
515 -4.100352764129639 -78.31202697753906
516 -3.5168585777282715 -78.73484802246094
517 -3.319244861602783 -78.84982299804688
518 -2.5077826976776123 -79.51866912841797
519 -2.2461769580841064 -79.68165588378906
520 -1.985336422920227 -79.89859008789062
521 -1.7418113946914673 -80.03779602050781
522 -1.372684121131897 -80.23509216308594
523 -0.6194701790809631 -80.48755645751953
524 -0.14336943626403809 -80.6845932006836
525 0.41345787048339844 -80.86517333984375
526 0.6797394156455994 -80.86183166503906
527 0.8171390295028687 -80.75975036621094
528 0.9606032371520996 -80.22244262695312
529 0.9823347926139832 -79.65714263916016
530 0.9451243877410889 -79.25431060791016
531 0.8263420462608337 -78.79328918457031
532 0.6178625822067261 -78.48235321044922
533 -0.08285751938819885 -77.79051208496094
534 -0.26367953419685364 -77.6124267578125
535 -0.5154117345809937 -77.23896026611328
536 -0.705178439617157 -76.91992950439453
537 -0.9490910768508911 -76.44561767578125
538 -1.199194073677063 -75.93619537353516
539 -1.5182011127471924 -75.20413208007812
540 -1.5979862213134766 -74.81670379638672
541 -1.4646148681640625 -74.71047973632812
542 -0.9982797503471375 -74.64604949951172
543 -0.28899630904197693 -74.5392837524414
544 0.18371975421905518 -74.58389282226562
545 0.696113109588623 -74.75308990478516
546 0.908395528793335 -74.8769760131836
547 1.2993299961090088 -75.24124908447266
548 1.5407664775848389 -75.57625579833984
549 3.240806818008423 -79.48442077636719
550 3.41414737701416 -80.03340911865234
551 3.378018379211426 -80.35741424560547
552 3.3217365741729736 -80.62923431396484
553 3.160148859024048 -80.87483978271484
554 2.9821949005126953 -81.19374084472656
555 2.851240396499634 -81.59703826904297
556 2.671431541442871 -82.21074676513672
557 2.6143198013305664 -82.22100067138672
558 2.522491931915283 -82.1478500366211
559 -2.5472939014434814 -72.05252075195312
560 -2.3899033069610596 -71.82986450195312
561 -2.1614973545074463 -71.65017700195312
562 -1.787815809249878 -71.49044799804688
563 -1.3520182371139526 -71.30550384521484
564 -0.9302853345870972 -71.17533874511719
565 -0.5828103423118591 -71.10990905761719
566 -0.08397315442562103 -71.03535461425781
567 0.1848139464855194 -70.98311614990234
568 0.6732640266418457 -70.85902404785156
569 1.1388884782791138 -70.64434814453125
570 1.3437817096710205 -70.36880493164062
571 1.3366926908493042 -69.92816162109375
572 1.0559161901474 -69.40593719482422
573 0.5931766033172607 -68.9454574584961
574 0.009189741685986519 -68.41012573242188
575 -0.24726660549640656 -68.17794036865234
576 -0.3938511312007904 -67.88447570800781
577 -0.5044838190078735 -67.59713745117188
578 -0.5972219705581665 -67.15070343017578
579 -0.6212207674980164 -66.56803894042969
580 -0.5638670325279236 -66.02965545654297
581 -0.5320242047309875 -65.51628875732422
582 -0.5241193771362305 -64.6422119140625
583 -0.6136940121650696 -64.33838653564453
584 -0.8075541257858276 -63.95380401611328
585 -0.9564054608345032 -63.810394287109375
586 -7.4047532081604 -72.12683868408203
587 -7.54502010345459 -72.39418029785156
588 -7.6815690994262695 -72.7138900756836
589 -7.766421794891357 -72.99690246582031
590 -7.8703718185424805 -73.37863159179688
591 -8.040067672729492 -73.93268585205078
592 -8.240949630737305 -74.31649017333984
593 -8.385407447814941 -74.55986785888672
594 -8.531912803649902 -74.84886169433594
595 -8.664380073547363 -75.17970275878906
596 -8.771697998046875 -75.56873321533203
597 -8.816335678100586 -75.94784545898438
598 2.396907329559326 -93.22688293457031
599 2.630556106567383 -93.2827377319336
600 2.8931028842926025 -93.32508087158203
601 3.2216885089874268 -93.33566284179688
602 3.7431015968322754 -93.2939682006836
603 4.05239725112915 -93.26392364501953
604 4.437255859375 -93.2286376953125
605 4.7838454246521 -93.12109375
606 5.1493120193481445 -92.95216369628906
607 5.511031150817871 -92.70244598388672
608 5.7938055992126465 -92.33220672607422
609 5.935498237609863 -91.90357208251953
610 5.87047004699707 -91.41405487060547
611 5.677366256713867 -91.02538299560547
612 5.422333717346191 -90.77474212646484
613 4.69834041595459 -90.46053314208984
614 4.3525543212890625 -90.37249755859375
615 3.3633480072021484 -90.28960418701172
616 2.820690870285034 -90.28709411621094
617 2.3892483711242676 -90.2767333984375
618 1.9694995880126953 -90.23441314697266
619 1.2788962125778198 -90.0205307006836
620 0.9004184007644653 -89.80823516845703
621 0.6468836665153503 -89.64366912841797
622 0.42490580677986145 -89.5919418334961
623 0.20348525047302246 -89.63883209228516
624 -0.808890163898468 -90.43134307861328
625 -1.0765621662139893 -90.62974548339844
626 -1.4108906984329224 -90.8855209350586
627 -1.658316731452942 -90.87554931640625
628 -2.133892297744751 -90.72425079345703
629 -2.5088188648223877 -90.56758880615234
630 -3.2867271900177 -90.4389877319336
631 -3.715043544769287 -90.48287200927734
632 -4.15877628326416 -90.53644561767578
633 -4.4837117195129395 -90.59756469726562
634 -4.890906810760498 -90.6488265991211
635 -5.39082145690918 -90.69134521484375
636 -5.786482810974121 -90.61775970458984
637 -6.119439125061035 -90.4448013305664
638 -6.593910217285156 -90.15487670898438
639 -6.905895233154297 -89.9115219116211
640 -7.614787578582764 -89.30284118652344
641 -7.895171165466309 -89.06414031982422
642 -8.205914497375488 -88.80316162109375
643 -8.463454246520996 -88.53755950927734
644 -8.982368469238281 -88.00528717041016
645 -9.180976867675781 -87.78849029541016
646 -9.456121444702148 -87.428955078125
647 -9.671980857849121 -87.06664276123047
648 -9.823692321777344 -86.67040252685547
649 -9.831887245178223 -86.35685729980469
650 -9.797733306884766 -85.90107727050781
651 -9.811758995056152 -85.58545684814453
652 -9.931707382202148 -84.9429931640625
653 -10.113215446472168 -84.37014770507812
654 -10.320446968078613 -83.71289825439453
655 -10.532447814941406 -82.9256591796875
656 -10.57457447052002 -82.62591552734375
657 -10.600427627563477 -82.25164031982422
658 -10.591740608215332 -81.83186340332031
659 -10.570979118347168 -81.17485046386719
660 -10.55539321899414 -80.86515808105469
661 -10.480646133422852 -80.50391387939453
662 -10.353663444519043 -80.26640319824219
663 -10.228141784667969 -80.0743637084961
664 -10.078934669494629 -79.70513153076172
665 -4.905548572540283 -70.04574584960938
666 -4.768064975738525 -69.91752624511719
667 -4.613973617553711 -69.77664947509766
668 -4.195961952209473 -69.37193298339844
669 -3.9351508617401123 -69.10348510742188
670 -3.5791661739349365 -68.80467224121094
671 -3.1674964427948 -68.44747924804688
672 -2.9927804470062256 -68.291015625
673 -2.8685107231140137 -68.21047973632812
674 1.3035236597061157 -66.25482940673828
675 1.5573313236236572 -66.16920471191406
676 1.799222707748413 -66.14599609375
677 2.054870843887329 -66.28229522705078
678 2.2602784633636475 -66.47859954833984
679 6.00486946105957 -71.76646423339844
680 6.050208568572998 -71.87919616699219
681 6.162989139556885 -71.90739440917969
682 9.37239933013916 -77.36587524414062
683 9.454288482666016 -77.64429473876953
684 9.546807289123535 -78.00772094726562
685 9.688000679016113 -78.55411529541016
686 9.7572660446167 -78.9579086303711
687 9.678564071655273 -79.53739166259766
688 9.509554862976074 -79.60888671875
689 8.467521667480469 -79.50281524658203
690 8.099967956542969 -79.52819061279297
691 7.791086673736572 -79.60669708251953
692 7.416667461395264 -79.75658416748047
693 7.219532012939453 -79.91786193847656
694 7.103949546813965 -79.99535369873047
695 6.55082893371582 -80.39702606201172
696 6.159916877746582 -80.59630584716797
697 5.807919025421143 -80.70082092285156
698 5.5725202560424805 -80.62348175048828
699 5.38352108001709 -80.36627197265625
700 5.0895867347717285 -79.61582946777344
701 5.114359378814697 -79.27647399902344
702 5.31564998626709 -78.83341217041016
703 5.45039176940918 -78.72417449951172
704 20.793371200561523 -67.46772003173828
705 20.949384689331055 -67.21401977539062
706 21.1785888671875 -66.86508178710938
707 21.371152877807617 -66.71027374267578
708 22.156879425048828 -66.58519744873047
709 23.140546798706055 -66.48297119140625
710 23.495534896850586 -66.53375244140625
711 23.819185256958008 -66.5992660522461
712 23.979787826538086 -66.8096694946289
713 24.092477798461914 -67.08293914794922
714 24.085247039794922 -67.52957916259766
715 23.83087730407715 -68.5193862915039
716 23.67348861694336 -69.03160858154297
717 23.51771354675293 -69.38465118408203
718 23.30963134765625 -69.7531509399414
719 23.113632202148438 -69.93135833740234
720 22.715404510498047 -70.10612487792969
721 22.332984924316406 -70.21024322509766
722 21.784273147583008 -70.2506103515625
723 21.611770629882812 -70.29707336425781
724 21.39112663269043 -70.31861114501953
725 21.01876449584961 -70.28755187988281
726 6.038969039916992 -59.69270706176758
727 5.980823040008545 -59.57817459106445
728 5.9071197509765625 -59.37416458129883
729 5.7467570304870605 -59.06695556640625
730 5.644717216491699 -58.70302200317383
731 5.564077377319336 -58.291015625
732 5.7785162925720215 -57.94306945800781
733 6.103940963745117 -57.74333190917969
734 6.504972457885742 -57.568912506103516
735 7.039323806762695 -57.537837982177734
736 7.447803020477295 -57.58100509643555
737 7.8380351066589355 -57.7011833190918
738 7.984468460083008 -57.78910446166992
739 8.272729873657227 -58.045814514160156
740 8.583478927612305 -58.44590759277344
741 8.827970504760742 -58.80842208862305
742 9.002443313598633 -59.093074798583984
743 9.259285926818848 -59.55009841918945
744 9.435369491577148 -59.94248580932617
745 9.581842422485352 -60.41118621826172
746 9.710439682006836 -60.869197845458984
747 9.759763717651367 -61.14664077758789
748 10.327178955078125 -66.18169403076172
749 10.298093795776367 -66.36318969726562
750 10.08867073059082 -66.59854125976562
751 9.634549140930176 -66.85855865478516
752 9.117025375366211 -67.0014877319336
753 8.608281135559082 -67.04734802246094
754 8.098787307739258 -66.97544860839844
755 7.815337657928467 -66.8504867553711
756 7.516974925994873 -66.71333312988281
757 7.245480537414551 -66.53087615966797
758 6.619263172149658 -65.889404296875
759 6.339856147766113 -65.72489929199219
760 6.026553630828857 -65.70349884033203
761 5.81056547164917 -65.74472045898438
762 5.584681510925293 -65.86540222167969
763 5.237403869628906 -66.36603546142578
764 4.9492034912109375 -66.84046173095703
765 4.825275421142578 -67.04669952392578
766 4.705047130584717 -67.31258392333984
767 4.578821659088135 -67.82927703857422
768 4.52465295791626 -68.25187683105469
769 4.520441055297852 -68.66606903076172
770 4.6135573387146 -68.99091339111328
771 4.840892791748047 -69.49040222167969
772 4.91569709777832 -69.83102416992188
773 4.904508113861084 -70.09757232666016
774 4.880019664764404 -70.237060546875
775 6.604109764099121 -85.04441833496094
776 6.631805419921875 -85.34066772460938
777 6.671703815460205 -85.67060852050781
778 6.682830810546875 -85.93978881835938
779 6.628599643707275 -86.48939514160156
780 6.542511463165283 -86.76099395751953
781 6.278298854827881 -87.03962707519531
782 5.766102313995361 -87.50101470947266
783 5.586939334869385 -87.60541534423828
784 5.188467025756836 -87.60008239746094
785 4.832183361053467 -87.58480072021484
786 4.317550182342529 -87.36444091796875
787 4.048639297485352 -87.27766418457031
788 3.4812393188476562 -87.05217742919922
789 3.164907932281494 -86.96875
790 2.733171224594116 -86.91191864013672
791 2.4557018280029297 -86.923095703125
792 1.9886282682418823 -86.99536895751953
793 1.8099862337112427 -87.04812622070312
794 -1.3815395832061768 -94.01881408691406
795 -1.3360528945922852 -94.17945861816406
796 -1.181216835975647 -94.4189453125
797 -0.8473652005195618 -94.829345703125
798 -0.5659984946250916 -95.11402893066406
799 -0.47086918354034424 -95.4095230102539
800 -0.45960745215415955 -95.8932113647461
801 -0.4453308880329132 -96.2686767578125
802 -0.4144287705421448 -96.72030639648438
803 -0.36521443724632263 -97.09552764892578
804 -0.14308714866638184 -98.14886474609375
805 -0.0008498781826347113 -98.5423355102539
806 0.230902761220932 -98.9731216430664
807 0.44792798161506653 -99.24430084228516
808 0.8262721300125122 -99.56145477294922
809 1.342767596244812 -99.84806060791016
810 1.9118708372116089 -100.13082122802734
811 2.485934019088745 -100.47913360595703
812 2.830549478530884 -100.68258666992188
813 3.2473673820495605 -100.8848648071289
814 3.6352577209472656 -101.00935363769531
815 4.006383419036865 -101.06599426269531
816 4.358832836151123 -101.11092376708984
817 4.792956352233887 -101.16035461425781
818 5.559389591217041 -101.21551513671875
819 6.470423221588135 -101.240234375
820 6.84757137298584 -101.221923828125
821 7.491556167602539 -101.19586181640625
822 7.980753421783447 -101.23719787597656
823 8.450311660766602 -101.20659637451172
824 8.628495216369629 -101.1102066040039
825 8.776884078979492 -100.91187286376953
826 8.804742813110352 -100.59110260009766
827 9.059416770935059 -99.80335235595703
828 9.229599952697754 -99.3645248413086
829 9.334809303283691 -99.1282958984375
830 9.457244873046875 -98.65076446533203
831 9.562277793884277 -98.22712707519531
832 9.620909690856934 -97.99623107910156
833 16.446392059326172 -78.07949829101562
834 16.295251846313477 -78.00050354003906
835 15.818166732788086 -77.86775970458984
836 15.48587417602539 -77.93158721923828
837 15.176692962646484 -78.16962432861328
838 14.892983436584473 -78.42073059082031
839 14.488007545471191 -78.81991577148438
840 14.35152530670166 -78.9360580444336
841 14.278074264526367 -78.993408203125
842 10.86538028717041 -81.44213104248047
843 10.656275749206543 -81.61439514160156
844 10.43847370147705 -81.80213928222656
845 9.809327125549316 -82.1124496459961
846 9.507195472717285 -82.22134399414062
847 9.10082721710205 -82.33778381347656
848 8.959892272949219 -82.37002563476562
849 8.74498462677002 -82.41513061523438
850 7.271565914154053 -83.08255767822266
851 7.008908748626709 -83.16586303710938
852 6.707862854003906 -83.18197631835938
853 6.386199474334717 -83.1402359008789
854 6.14821195602417 -83.13892364501953
855 5.276242733001709 -83.43448638916016
856 5.102309226989746 -83.5029067993164
857 4.701533317565918 -83.68046569824219
858 4.341672897338867 -83.87235260009766
859 3.9964849948883057 -84.10285186767578
860 3.7179460525512695 -84.24748992919922
861 3.593675374984741 -84.36614227294922
862 20.75884437561035 -90.4460678100586
863 20.96538543701172 -90.4012680053711
864 21.450145721435547 -90.40381622314453
865 21.745939254760742 -90.46824645996094
866 22.354869842529297 -90.534423828125
867 22.911502838134766 -90.5032730102539
868 23.15616798400879 -90.43714141845703
869 23.58156967163086 -90.1780014038086
870 23.884593963623047 -89.85709381103516
871 24.282920837402344 -89.226318359375
872 24.66017723083496 -88.69915771484375
873 25.005809783935547 -88.35917663574219
874 25.194232940673828 -88.1337890625
875 25.276309967041016 -88.03021240234375
876 25.457029342651367 -87.67196655273438
877 25.6268367767334 -87.3641586303711
878 25.74403953552246 -87.15025329589844
879 26.08330535888672 -86.74501037597656
880 26.447038650512695 -86.34366607666016
881 26.687175750732422 -86.17803192138672
882 27.135961532592773 -86.00346374511719
883 27.741363525390625 -86.0176773071289
884 28.07350730895996 -86.07270812988281
885 28.295156478881836 -86.13629913330078
886 28.636127471923828 -86.2660903930664
887 28.936899185180664 -86.43817138671875
888 33.241641998291016 -88.9028091430664
889 33.3773193359375 -88.9693832397461
890 33.804386138916016 -88.93003845214844
891 34.47507095336914 -88.89745330810547
892 34.69137191772461 -88.83428955078125
893 34.81196212768555 -88.71833801269531
894 35.020137786865234 -88.47348022460938
895 35.17171859741211 -88.2966537475586
896 35.550209045410156 -87.58539581298828
897 35.819908142089844 -87.04375457763672
898 35.97292709350586 -86.67984008789062
899 36.060359954833984 -86.3364486694336
900 35.99094009399414 -86.1208267211914
901 35.77989196777344 -85.84934997558594
902 35.400577545166016 -85.45030212402344
903 35.049930572509766 -85.13602447509766
904 34.893211364746094 -85.02899932861328
905 34.539024353027344 -84.83322143554688
906 34.042564392089844 -84.58348083496094
907 32.8292350769043 -83.98011779785156
908 32.513118743896484 -83.79248046875
909 32.261329650878906 -83.61988067626953
910 31.964616775512695 -83.44027709960938
911 31.558351516723633 -83.28814697265625
912 30.72020149230957 -82.93485260009766
913 30.531896591186523 -82.8734130859375
914 30.220544815063477 -82.76699829101562
915 29.578702926635742 -82.6274642944336
916 28.972057342529297 -82.46002960205078
917 28.600358963012695 -82.3792495727539
918 28.336633682250977 -82.36272430419922
919 9.689713478088379 -95.07025146484375
920 9.504850387573242 -95.17821502685547
921 9.252241134643555 -95.20873260498047
922 8.76641845703125 -95.22517395019531
923 8.198723793029785 -95.32903289794922
924 7.7142720222473145 -95.49757385253906
925 7.4074320793151855 -95.6379623413086
926 7.18768835067749 -95.754150390625
927 6.6636152267456055 -96.0101547241211
928 6.131415367126465 -96.33143615722656
929 5.6977105140686035 -96.63937377929688
930 5.225731372833252 -96.96749877929688
931 4.857193946838379 -97.10797882080078
932 4.517868995666504 -97.08442687988281
933 3.912947654724121 -97.00529479980469
934 3.6579883098602295 -96.86082458496094
935 3.3995065689086914 -96.6578369140625
936 3.3342537879943848 -96.51937103271484
937 17.67888832092285 -80.2082748413086
938 17.779218673706055 -80.27201080322266
939 17.998872756958008 -80.53778839111328
940 18.3681640625 -80.97802734375
941 18.66466522216797 -81.37644958496094
942 18.68343162536621 -81.62010192871094
943 18.448348999023438 -82.10645294189453
944 18.13564682006836 -82.29833984375
945 17.640945434570312 -82.36800384521484
946 17.272804260253906 -82.38011169433594
947 17.08693504333496 -82.37468719482422
948 16.843887329101562 -82.44036102294922
949 16.517610549926758 -82.50458526611328
950 15.908102989196777 -82.51091003417969
951 15.296830177307129 -82.54582977294922
952 14.611197471618652 -82.7197494506836
953 14.364662170410156 -82.81214904785156
954 14.076494216918945 -82.9556884765625
955 13.610841751098633 -83.02789306640625
956 13.34896183013916 -82.90291595458984
957 13.171775817871094 -82.74179077148438
958 13.078042030334473 -82.48087310791016
959 12.98513412475586 -82.2273941040039
960 19.268680572509766 -74.25885772705078
961 19.384939193725586 -73.99482727050781
962 19.533283233642578 -73.5361328125
963 19.657325744628906 -73.19115447998047
964 19.909069061279297 -73.01344299316406
965 20.1644229888916 -72.9417495727539
966 20.443584442138672 -72.92047882080078
967 20.936983108520508 -72.93772888183594
968 21.273136138916016 -72.98287963867188
969 21.48027801513672 -73.0051040649414
970 21.714054107666016 -72.9998550415039
971 21.90016746520996 -73.03746032714844
972 29.148639678955078 -74.64603424072266
973 29.32317352294922 -74.69155883789062
974 29.617660522460938 -74.77552032470703
975 30.401037216186523 -74.98748779296875
976 30.91621971130371 -75.07962799072266
977 31.210798263549805 -75.12577056884766
978 31.54865837097168 -75.12397003173828
979 32.07895278930664 -74.95591735839844
980 32.56480407714844 -74.8380126953125
981 33.03250503540039 -74.65021514892578
982 33.44720458984375 -74.4596939086914
983 33.6137809753418 -74.3161392211914
984 33.88587951660156 -73.91049194335938
985 33.99564743041992 -73.63624572753906
986 34.03958511352539 -73.35649108886719
987 33.931278228759766 -72.9651107788086
988 33.72127151489258 -72.56807708740234
989 33.49594497680664 -72.29839324951172
990 32.82712936401367 -71.61747741699219
991 32.745948791503906 -71.41573333740234
992 32.75261306762695 -71.1347427368164
993 32.731178283691406 -70.85101318359375
994 32.74728012084961 -70.59202575683594
995 32.99907302856445 -70.01979064941406
996 33.16012954711914 -69.64923858642578
997 33.380897521972656 -69.08850860595703
998 33.41585922241211 -68.88451385498047
999 33.44664764404297 -68.79023742675781
