0 -28.08442497253418 58.328369140625
1 -28.184528350830078 58.38877868652344
2 -28.486515045166016 58.58988571166992
3 -28.75599479675293 58.76094436645508
4 -29.174516677856445 59.05131530761719
5 -29.3983097076416 59.219879150390625
6 -29.49138641357422 59.3588981628418
7 -29.566556930541992 59.50592041015625
8 -29.616670608520508 59.68692398071289
9 -29.730552673339844 59.888092041015625
10 -29.88878631591797 59.98188018798828
11 -30.1329345703125 60.104793548583984
12 -30.578109741210938 60.326656341552734
13 -30.974102020263672 60.57805633544922
14 -31.207721710205078 60.64699172973633
15 -31.40228271484375 60.718162536621094
16 -31.737531661987305 60.70165252685547
17 -31.91559410095215 60.665069580078125
18 -31.998144149780273 60.5170783996582
19 -32.124664306640625 60.2979736328125
20 -32.28422546386719 60.110679626464844
21 -32.60820388793945 59.88930130004883
22 -32.96342086791992 59.871070861816406
23 -33.40670394897461 59.85292053222656
24 -33.74787521362305 59.806793212890625
25 -33.97504806518555 59.8782958984375
26 -34.25291442871094 60.049781799316406
27 -34.413082122802734 60.23386001586914
28 -34.50511169433594 60.39346694946289
29 -34.62559127807617 60.6243896484375
30 -34.78485870361328 60.84236526489258
31 -34.98106384277344 61.130611419677734
32 -35.304969787597656 61.43708038330078
33 -35.70328140258789 61.831729888916016
34 -35.964595794677734 62.04935836791992
35 -36.38072204589844 62.311771392822266
36 -36.69127655029297 62.343467712402344
37 -37.01539993286133 62.30195617675781
38 -37.2568473815918 61.977943420410156
39 -37.30992126464844 61.773231506347656
40 -37.30794143676758 61.586082458496094
41 -37.14933395385742 61.257503509521484
42 -37.017513275146484 61.045814514160156
43 -36.90635299682617 60.86738204956055
44 -36.815948486328125 60.61642074584961
45 -36.77792739868164 60.25299835205078
46 -36.78677749633789 59.94192123413086
47 -36.728816986083984 59.48451232910156
48 -36.71144485473633 58.92893600463867
49 -36.82143020629883 58.630496978759766
50 -37.177467346191406 58.35985565185547
51 -37.4180793762207 58.2548713684082
52 -37.5903205871582 58.16964340209961
53 -37.84657287597656 58.06441116333008
54 -38.36880111694336 57.7608528137207
55 -38.551475524902344 57.6280517578125
56 -38.68522262573242 57.383331298828125
57 -38.917755126953125 56.86835479736328
58 -38.97684097290039 56.547950744628906
59 -38.977359771728516 56.28288650512695
60 -38.82112121582031 56.08016586303711
61 -38.618412017822266 55.97376251220703
62 -38.357154846191406 55.903846740722656
63 -37.9998664855957 55.715736389160156
64 -37.6787223815918 55.51034164428711
65 -37.31515121459961 55.31652069091797
66 -36.91681671142578 55.160404205322266
67 -36.56831359863281 55.0455207824707
68 -36.32096862792969 55.101924896240234
69 -36.10679244995117 55.163124084472656
70 -35.863704681396484 55.20288848876953
71 -35.65623474121094 55.318668365478516
72 -35.40491485595703 55.46517562866211
73 -35.26313781738281 55.70691680908203
74 -34.9553337097168 55.61713790893555
75 -34.5433464050293 55.72676467895508
76 -34.3543815612793 55.70649719238281
77 -34.28212356567383 55.41620635986328
78 -34.17505645751953 55.15559005737305
79 -34.18914794921875 54.75213623046875
80 -34.25544357299805 54.38368606567383
81 -34.17864990234375 54.147422790527344
82 -34.04328536987305 53.93902587890625
83 -33.63554000854492 53.500431060791016
84 -33.2689323425293 53.1963996887207
85 -33.002315521240234 53.0535888671875
86 -32.85697555541992 53.0417366027832
87 -32.602638244628906 53.38443374633789
88 -32.27836227416992 53.798648834228516
89 -31.960697174072266 53.86402130126953
90 -31.804147720336914 53.90975570678711
91 -31.704774856567383 54.019893646240234
92 -31.61197853088379 54.32831954956055
93 -31.4727783203125 54.71310806274414
94 -31.339223861694336 54.90657424926758
95 -31.157934188842773 55.066566467285156
96 -31.015398025512695 55.203556060791016
97 -30.830074310302734 55.28715133666992
98 -30.443164825439453 55.52308654785156
99 -30.212095260620117 55.6016731262207
100 -29.661226272583008 55.52414321899414
101 -29.488115310668945 55.519134521484375
102 -29.10906410217285 55.55065155029297
103 -28.711145401000977 55.52082824707031
104 -28.290882110595703 55.50550079345703
105 -27.997455596923828 55.30461883544922
106 -27.658199310302734 54.910953521728516
107 -27.610271453857422 54.735572814941406
108 -27.672622680664062 54.379058837890625
109 -27.78997230529785 54.05598831176758
110 -27.977373123168945 53.6806640625
111 -28.068279266357422 53.52912902832031
112 -28.386690139770508 53.258689880371094
113 -28.675189971923828 53.015594482421875
114 -28.891258239746094 52.80044937133789
115 -29.137094497680664 52.53655242919922
116 -29.440279006958008 52.31576919555664
117 -29.637062072753906 52.03341293334961
118 -29.847137451171875 51.729248046875
119 -30.13262367248535 51.34519577026367
120 -30.488483428955078 50.71169662475586
121 -30.515684127807617 50.56601333618164
122 -30.412809371948242 50.471221923828125
123 -29.990665435791016 50.48021697998047
124 -29.2549991607666 50.63755798339844
125 -29.020843505859375 50.5567741394043
126 -28.87447738647461 50.47061538696289
127 -28.655027389526367 50.4576416015625
128 -28.299638748168945 50.62413024902344
129 -28.053863525390625 50.76850128173828
130 -27.903528213500977 50.863311767578125
131 -27.708681106567383 51.00186538696289
132 -27.518550872802734 51.10524368286133
133 -27.022682189941406 51.35689926147461
134 -26.526948928833008 51.608970642089844
135 -26.180429458618164 51.68574142456055
136 -25.922639846801758 51.715843200683594
137 -25.56479263305664 51.75699234008789
138 -25.10675048828125 51.8422966003418
139 -24.81741714477539 51.82369613647461
140 -24.630220413208008 51.74374008178711
141 -24.41657066345215 51.594112396240234
142 -24.22658920288086 51.485679626464844
143 -24.076356887817383 51.38506317138672
144 -23.89887809753418 51.00621795654297
145 -23.577301025390625 50.746829986572266
146 -23.461605072021484 50.58228302001953
147 -23.516193389892578 50.08258819580078
148 -23.594303131103516 49.78437805175781
149 -23.860258102416992 49.79878616333008
150 -24.174806594848633 49.89395523071289
151 -24.44960594177246 49.787540435791016
152 -24.891704559326172 49.43251037597656
153 -25.060577392578125 49.17753601074219
154 -25.055315017700195 48.884117126464844
155 -24.894058227539062 48.3361701965332
156 -24.766597747802734 47.939544677734375
157 -24.68794059753418 47.745540618896484
158 -24.528411865234375 47.48130416870117
159 -24.391836166381836 47.253883361816406
160 -24.319894790649414 47.11017990112305
161 -24.240013122558594 46.962059020996094
162 -24.00757598876953 46.42588806152344
163 -23.9141788482666 46.089359283447266
164 -23.821956634521484 45.54660415649414
165 -23.75214958190918 45.181331634521484
166 -23.687774658203125 45.027427673339844
167 -23.653921127319336 44.92165756225586
168 -23.552562713623047 44.768211364746094
169 -23.491121292114258 44.605918884277344
170 -23.299997329711914 44.31443786621094
171 -23.128772735595703 44.0788459777832
172 -22.858665466308594 43.82402801513672
173 -22.593372344970703 43.624969482421875
174 -22.40943145751953 43.43190383911133
175 -22.20965003967285 43.16550827026367
176 -22.098249435424805 42.950931549072266
177 -21.842304229736328 42.72304916381836
178 -21.492158889770508 42.60227966308594
179 -21.181154251098633 42.56883239746094
180 -20.660661697387695 42.57366943359375
181 -20.19808578491211 42.669803619384766
182 -19.736400604248047 42.82754135131836
183 -19.555295944213867 43.087379455566406
184 -19.501056671142578 43.45538330078125
185 -19.5845890045166 43.84199523925781
186 -19.681283950805664 44.45716094970703
187 -19.691022872924805 44.88557434082031
188 -19.696369171142578 45.15359878540039
189 -19.682336807250977 45.78910446166992
190 -19.704113006591797 46.28470230102539
191 -19.67111587524414 46.73073196411133
192 -19.425748825073242 47.10717010498047
193 -18.821449279785156 47.24863815307617
194 -18.452144622802734 47.22618103027344
195 -18.149799346923828 47.14762496948242
196 -17.948596954345703 47.03865432739258
197 -17.7185115814209 46.937347412109375
198 -17.549205780029297 46.73921203613281
199 -17.122034072875977 46.22218322753906
200 -16.94563865661621 45.94742202758789
201 -16.765625 45.6623649597168
202 -16.543941497802734 45.403663635253906
203 -16.160140991210938 45.20034408569336
204 -15.727800369262695 45.227230072021484
205 -15.341813087463379 45.370208740234375
206 -14.880376815795898 45.5594367980957
207 -14.744354248046875 45.655277252197266
208 -14.68796157836914 45.837215423583984
209 -14.51455307006836 46.058624267578125
210 -14.206107139587402 46.44646453857422
211 -13.898893356323242 46.722171783447266
212 -13.710099220275879 46.906124114990234
213 -13.639359474182129 47.008018493652344
214 -13.42420768737793 47.17920684814453
215 -13.180278778076172 47.26740264892578
216 -12.948591232299805 47.308406829833984
217 -12.772163391113281 47.484619140625
218 -12.357159614562988 47.913021087646484
219 -12.180659294128418 48.17461013793945
220 -12.137292861938477 48.54386520385742
221 -11.983181953430176 49.01181411743164
222 -11.912149429321289 49.19295120239258
223 -11.983074188232422 49.380489349365234
224 -12.244296073913574 49.59065246582031
225 -12.748209953308105 50.00977325439453
226 -12.97711181640625 50.259490966796875
227 -13.085060119628906 50.3410530090332
228 -13.32284164428711 50.64434814453125
229 -13.484923362731934 50.94231414794922
230 -13.525918960571289 51.396663665771484
231 -13.552693367004395 52.02907180786133
232 -13.573378562927246 52.36003494262695
233 -13.834136009216309 52.65379333496094
234 -14.158366203308105 52.905216217041016
235 -14.415297508239746 52.931007385253906
236 -14.938922882080078 52.667781829833984
237 -15.184237480163574 52.55952453613281
238 -15.384995460510254 52.49284744262695
239 -15.698275566101074 52.339054107666016
240 -15.866522789001465 52.233184814453125
241 -16.148757934570312 52.05280685424805
242 -16.528934478759766 51.98402404785156
243 -16.786163330078125 52.1231803894043
244 -16.886762619018555 52.29035949707031
245 -17.17128562927246 52.60662841796875
246 -17.396596908569336 53.035221099853516
247 -17.472257614135742 53.26065444946289
248 -17.518001556396484 53.594425201416016
249 -17.475317001342773 53.81464767456055
250 -17.421340942382812 54.05533981323242
251 -17.380428314208984 54.40789031982422
252 -17.39251708984375 54.72846603393555
253 -17.416677474975586 55.08147048950195
254 -17.468338012695312 55.24443435668945
255 -17.495410919189453 55.33156967163086
256 -24.095138549804688 72.73902893066406
257 -23.883573532104492 72.77919006347656
258 -23.55695152282715 72.731201171875
259 -23.235105514526367 72.63107299804688
260 -22.971389770507812 72.56798553466797
261 -22.5523624420166 72.5601806640625
262 -22.18846893310547 72.55877685546875
263 -22.001392364501953 72.66744995117188
264 -21.76831817626953 72.77226257324219
265 -21.553897857666016 73.04957580566406
266 -21.05502700805664 73.51930236816406
267 -20.876245498657227 73.70020294189453
268 -20.796178817749023 73.9215087890625
269 -20.79425811767578 74.05650329589844
270 -20.942668914794922 74.55506896972656
271 -21.076583862304688 75.11236572265625
272 -21.15830421447754 75.38826751708984
273 -21.220006942749023 75.74510192871094
274 -21.208189010620117 76.0135726928711
275 -21.46148681640625 76.07262420654297
276 -21.797935485839844 76.10868072509766
277 -22.00904083251953 76.12037658691406
278 -22.292190551757812 76.0703125
279 -22.749650955200195 75.81043243408203
280 -23.04793930053711 75.63751220703125
281 -23.22989273071289 75.55260467529297
282 -23.435483932495117 75.65287017822266
283 -23.65411949157715 75.81196594238281
284 -23.94879722595215 76.16907501220703
285 -24.42688751220703 76.44603729248047
286 -24.539121627807617 76.53714752197266
287 -24.769920349121094 76.82052612304688
288 -24.936420440673828 77.03385925292969
289 -25.300270080566406 77.60826873779297
290 -25.379032135009766 77.75743103027344
291 -25.438724517822266 77.96310424804688
292 -25.422975540161133 78.1340560913086
293 -25.394899368286133 78.3375473022461
294 -25.46209716796875 78.60802459716797
295 -25.64208221435547 79.07100677490234
296 -25.597150802612305 79.31156158447266
297 -25.460216522216797 79.51083374023438
298 -24.8156681060791 79.87659454345703
299 -24.662939071655273 80.11392211914062
300 -24.66832733154297 80.30615234375
301 -24.73289680480957 80.53630065917969
302 -24.94286346435547 80.84209442138672
303 -25.249408721923828 81.06822204589844
304 -25.567684173583984 81.19048309326172
305 -25.90041160583496 81.25908660888672
306 -26.36553382873535 81.23481750488281
307 -26.685096740722656 81.02872467041016
308 -26.853513717651367 80.97019958496094
309 -27.029098510742188 80.85913848876953
310 -27.278696060180664 80.69115447998047
311 -27.447486877441406 80.41995239257812
312 -27.60116958618164 80.12059020996094
313 -27.729021072387695 79.93083190917969
314 -27.83143424987793 79.84086608886719
315 -28.105222702026367 79.69475555419922
316 -28.386884689331055 79.59077453613281
317 -28.786855697631836 79.40074157714844
318 -29.157440185546875 79.2837142944336
319 -29.363988876342773 79.2459487915039
320 -29.669654846191406 79.21524810791016
321 -30.86505889892578 79.32574462890625
322 -30.978736877441406 79.3160400390625
323 -31.13701629638672 79.2562484741211
324 -31.487682342529297 79.00579833984375
325 -31.691225051879883 78.82898712158203
326 -31.866464614868164 78.71292877197266
327 -32.17055130004883 78.2838363647461
328 -32.481224060058594 77.96173858642578
329 -32.77791976928711 77.60104370117188
330 -33.01133346557617 77.2891845703125
331 -33.443389892578125 76.7610092163086
332 -33.56239318847656 76.67338562011719
333 -33.73796463012695 76.52684783935547
334 -33.916744232177734 76.37864685058594
335 -34.290531158447266 76.00452423095703
336 -34.53348159790039 75.68782806396484
337 -34.71017074584961 75.4581298828125
338 -34.82270050048828 75.20819091796875
339 -34.913944244384766 73.76375579833984
340 -34.927738189697266 73.65242767333984
341 -35.027400970458984 73.75178527832031
342 -35.27030563354492 73.93203735351562
343 -35.63146209716797 74.23634338378906
344 -35.74356460571289 74.32801055908203
345 -36.04392623901367 74.45087432861328
346 -36.564353942871094 74.65177154541016
347 -36.810359954833984 74.65172576904297
348 -37.02096176147461 74.59456634521484
349 -37.31643295288086 74.42829132080078
350 -37.612579345703125 74.276611328125
351 -37.83920669555664 74.14501953125
352 -37.98988723754883 74.0131607055664
353 -38.13653564453125 73.71306610107422
354 -38.2113037109375 73.34468078613281
355 -38.138736724853516 73.02538299560547
356 -38.048709869384766 72.700927734375
357 -38.0191535949707 72.51313781738281
358 -38.00890350341797 72.32388305664062
359 -37.94891357421875 72.08055114746094
360 -37.84974670410156 71.82110595703125
361 -37.69436264038086 71.56307983398438
362 -37.41063690185547 70.989990234375
363 -37.2175407409668 70.52421569824219
364 -37.143959045410156 70.28892517089844
365 -37.03385925292969 69.82706451416016
366 -36.944087982177734 69.51678466796875
367 -36.911563873291016 69.38079071044922
368 -36.800811767578125 69.14637756347656
369 -36.6085090637207 68.72213745117188
370 -36.4820556640625 68.40496826171875
371 -36.425724029541016 68.2757339477539
372 -36.323909759521484 68.01626586914062
373 -36.278099060058594 67.81936645507812
374 -36.26581573486328 67.27864074707031
375 -36.26483154296875 67.07284545898438
376 -36.28525924682617 66.93926239013672
377 -36.36521530151367 66.5499038696289
378 -36.31781768798828 66.15392303466797
379 -36.24323272705078 65.95591735839844
380 -36.054290771484375 65.87818908691406
381 -35.619300842285156 65.89712524414062
382 -35.31962203979492 65.95108032226562
383 -35.015533447265625 65.93116760253906
384 -34.72072219848633 65.73841857910156
385 -34.59473419189453 65.43992614746094
386 -34.61505126953125 64.93460083007812
387 -34.57041931152344 64.72770690917969
388 -34.555538177490234 64.53133392333984
389 -34.39289474487305 64.37378692626953
390 -34.15320587158203 64.33070373535156
391 -33.511878967285156 64.24337768554688
392 -33.12437438964844 64.19886779785156
393 -32.766822814941406 64.17440795898438
394 -32.663429260253906 64.17526245117188
395 -21.301902770996094 61.115745544433594
396 -21.104108810424805 61.130210876464844
397 -20.84833335876465 61.226783752441406
398 -20.63701629638672 61.35457229614258
399 -20.393550872802734 61.74955368041992
400 -20.16716766357422 62.20779037475586
401 -20.03445053100586 62.369014739990234
402 -19.751012802124023 62.50003433227539
403 -19.00887107849121 62.549278259277344
404 -18.41312026977539 62.48064422607422
405 -18.1522159576416 62.5031623840332
406 -17.952510833740234 62.57062530517578
407 -17.731191635131836 62.72077941894531
408 -17.678730010986328 62.77401351928711
409 -17.689754486083984 62.9989128112793
410 -17.809621810913086 63.54042053222656
411 -17.91204071044922 64.19902038574219
412 -17.85805892944336 64.36056518554688
413 -17.75925064086914 64.45774841308594
414 -17.71342658996582 64.75125122070312
415 -17.564321517944336 65.11772918701172
416 -17.425331115722656 65.3441162109375
417 -17.75528335571289 65.43913269042969
418 -18.147462844848633 65.47711181640625
419 -18.354095458984375 65.48548889160156
420 -18.540199279785156 65.60688781738281
421 -18.734909057617188 65.88571166992188
422 -18.824302673339844 66.1243667602539
423 -18.91863441467285 66.36804962158203
424 -19.191980361938477 66.8020248413086
425 -19.62158203125 67.26652526855469
426 -19.980173110961914 67.44667053222656
427 -20.387632369995117 67.54658508300781
428 -20.682239532470703 67.58724212646484
429 -20.8830509185791 67.55792999267578
430 -21.275630950927734 67.40504455566406
431 -23.514141082763672 66.50497436523438
432 -23.861730575561523 66.36808776855469
433 -24.117908477783203 66.28759002685547
434 -24.29303741455078 66.32107543945312
435 -24.3885440826416 66.49988555908203
436 -24.56368064880371 67.09027099609375
437 -24.736421585083008 67.41249084472656
438 -24.855152130126953 67.68273162841797
439 -24.865564346313477 67.98040008544922
440 -24.759498596191406 68.17510986328125
441 -24.165496826171875 68.75712585449219
442 -23.918832778930664 69.00993347167969
443 -23.579486846923828 69.16264343261719
444 -23.37263298034668 69.08464813232422
445 -23.074356079101562 68.96697998046875
446 -22.52895736694336 68.66236877441406
447 -22.42203712463379 68.4837875366211
448 -22.402984619140625 68.18280029296875
449 -22.420757293701172 67.78349304199219
450 -22.42231559753418 67.4735107421875
451 -22.27930450439453 66.60321807861328
452 -22.20680809020996 66.31885528564453
453 -22.107778549194336 66.1489486694336
454 -21.975231170654297 65.90388488769531
455 -21.818822860717773 65.5849380493164
456 -21.726415634155273 65.36968231201172
457 -21.65597152709961 64.97216033935547
458 -21.635826110839844 64.70173645019531
459 -21.678184509277344 64.4202880859375
460 -21.78130531311035 64.19285583496094
461 -21.925405502319336 63.92139434814453
462 -22.214624404907227 63.6180305480957
463 -22.612546920776367 63.29844665527344
464 -22.76947593688965 63.122901916503906
465 -22.873640060424805 62.874732971191406
466 -23.023372650146484 62.6822509765625
467 -23.125638961791992 62.46765899658203
468 -23.208091735839844 62.30773162841797
469 -23.408132553100586 61.743377685546875
470 -23.533010482788086 61.287296295166016
471 -23.708667755126953 60.860076904296875
472 -23.97527313232422 60.55415725708008
473 -24.21401596069336 60.345420837402344
474 -24.589378356933594 60.16398620605469
475 -24.94861602783203 59.940948486328125
476 -25.151918411254883 59.82039260864258
477 -25.396474838256836 59.7108154296875
478 -25.74000358581543 59.678958892822266
479 -25.997962951660156 59.72501754760742
480 -26.196250915527344 59.790218353271484
481 -26.464521408081055 59.86757278442383
482 -40.6760368347168 62.56241226196289
483 -40.522762298583984 62.679542541503906
484 -40.421199798583984 62.764122009277344
485 -40.334861755371094 62.8542594909668
486 -40.22598648071289 63.16328811645508
487 -40.021705627441406 63.55606460571289
488 -39.84093475341797 63.95066452026367
489 -39.77772521972656 64.2515640258789
490 -39.83000183105469 64.68620300292969
491 -39.96891784667969 65.09876251220703
492 -40.072391510009766 65.26388549804688
493 -40.25168991088867 65.47400665283203
494 -40.355987548828125 65.7334213256836
495 -40.43938064575195 66.00348663330078
496 -40.46634292602539 66.20108795166016
497 -40.45938491821289 66.49439239501953
498 -40.450443267822266 66.7763900756836
499 -40.39387512207031 67.06615447998047
500 -40.39802169799805 67.18937683105469
501 -40.42359161376953 67.36783599853516
502 -40.5869026184082 67.72441101074219
503 -40.66096115112305 67.94589233398438
504 -40.835227966308594 68.19611358642578
505 -41.058624267578125 68.55708312988281
506 -41.24298858642578 68.89249420166016
507 -41.381221771240234 69.22239685058594
508 -41.53342819213867 69.46887969970703
509 -41.723419189453125 69.64265441894531
510 -42.0366096496582 69.8930435180664
511 -42.425907135009766 70.1737289428711
512 -42.70629119873047 70.30657958984375
513 -42.85954284667969 70.37580871582031
514 -43.1269645690918 70.47459411621094
515 -43.44652557373047 70.70417022705078
516 -43.89274215698242 71.10796356201172
517 -44.16279602050781 71.34040832519531
518 -44.55210876464844 71.62841033935547
519 -44.72220230102539 71.83995819091797
520 -44.774131774902344 71.956787109375
521 -44.844993591308594 72.20939636230469
522 -44.87673568725586 72.38932800292969
523 -44.89119338989258 72.73575592041016
524 -44.92072677612305 73.2870864868164
525 -44.99690628051758 73.5866928100586
526 -45.143375396728516 74.1197738647461
527 -45.290252685546875 74.58023834228516
528 -45.310760498046875 74.80088806152344
529 -45.353511810302734 75.07451629638672
530 -45.3970947265625 75.33653259277344
531 -45.444820404052734 75.55882263183594
532 -45.4649772644043 75.86275482177734
533 -45.44936752319336 76.16705322265625
534 -45.24840545654297 76.32465362548828
535 -45.1683235168457 76.41486358642578
536 -44.96575164794922 76.64539337158203
537 -44.74714279174805 76.9105453491211
538 -44.65347671508789 77.20337677001953
539 -44.51719284057617 77.53826141357422
540 -44.374671936035156 77.78324127197266
541 -44.226863861083984 78.03714752197266
542 -44.115787506103516 78.32354736328125
543 -43.985389709472656 78.77957916259766
544 -43.92605209350586 78.91691589355469
545 -43.735469818115234 78.89005279541016
546 -43.15060043334961 78.51492309570312
547 -42.81654739379883 78.42092895507812
548 -42.4991340637207 78.32844543457031
549 -42.251792907714844 78.25162506103516
550 -42.11885070800781 78.1326675415039
551 -42.00165939331055 78.02649688720703
552 -41.778995513916016 77.73249053955078
553 -41.48508834838867 77.40559387207031
554 -41.189693450927734 77.22590637207031
555 -40.96184539794922 77.2585220336914
556 -40.7800407409668 77.47096252441406
557 -40.46099090576172 77.9105224609375
558 -40.17329025268555 78.2314453125
559 -40.02395248413086 78.6413345336914
560 -39.957313537597656 78.70974731445312
561 -39.87759017944336 78.74642944335938
562 -39.59880447387695 78.87483978271484
563 -38.947425842285156 78.92032623291016
564 -38.61400604248047 78.99080657958984
565 -38.02179718017578 78.95880126953125
566 -37.82822036743164 78.82649993896484
567 -37.799285888671875 78.58841705322266
568 -38.026363372802734 78.20893859863281
569 -38.170597076416016 77.83601379394531
570 -38.16354751586914 77.53688049316406
571 -38.084781646728516 77.42190551757812
572 -37.979576110839844 77.35811614990234
573 -37.75283432006836 77.1543197631836
574 -30.683137893676758 71.0407943725586
575 -30.627361297607422 70.8441390991211
576 -30.669260025024414 70.6546630859375
577 -30.826452255249023 70.21147918701172
578 -30.777664184570312 69.96458435058594
579 -30.654659271240234 69.71282196044922
580 -30.456945419311523 69.58814239501953
581 -30.205869674682617 69.55455017089844
582 -29.826303482055664 69.50201416015625
583 -29.451940536499023 69.43938446044922
584 -29.18663215637207 69.39838409423828
585 -29.047908782958984 69.27949523925781
586 -28.77337646484375 68.92572784423828
587 -28.617284774780273 68.67947387695312
588 -28.587068557739258 68.54879760742188
589 -28.63979148864746 68.28981018066406
590 -28.721040725708008 67.80277252197266
591 -28.86542510986328 67.40673828125
592 -29.049715042114258 67.1380844116211
593 -29.231550216674805 66.94153594970703
594 -29.53622055053711 66.748046875
595 -29.796422958374023 66.46458435058594
596 -29.984338760375977 66.22115325927734
597 -29.9670352935791 65.96258544921875
598 -29.82538414001465 65.52176666259766
599 -29.592945098876953 65.18911743164062
600 -29.48775291442871 64.93195343017578
601 -29.377111434936523 64.63479614257812
602 -29.194557189941406 64.42892456054688
603 -28.953052520751953 64.25186157226562
604 -28.738977432250977 64.1960220336914
605 -28.500520706176758 64.22185516357422
606 -28.156627655029297 64.25788116455078
607 -27.907672882080078 64.32454681396484
608 -27.74761962890625 64.41639709472656
609 -27.277193069458008 64.91285705566406
610 -27.049331665039062 65.12096405029297
611 -26.725826263427734 65.16448211669922
612 -26.39303970336914 64.98893737792969
613 -26.155364990234375 64.84638214111328
614 -25.916791915893555 64.46102905273438
615 -25.85027503967285 64.17918395996094
616 -25.75014305114746 63.79487228393555
617 -25.658096313476562 63.41828536987305
618 -25.634742736816406 63.24185562133789
619 -25.61591911315918 63.04133605957031
620 -25.597333908081055 62.5587272644043
621 -24.782594680786133 57.98398208618164
622 -24.801668167114258 57.634239196777344
623 -24.825429916381836 57.33142852783203
624 -24.82929801940918 57.04623794555664
625 -24.740747451782227 56.702632904052734
626 -24.669185638427734 56.45840072631836
627 -24.310157775878906 55.93012237548828
628 -24.10346221923828 55.67802429199219
629 -23.936235427856445 55.52932357788086
630 -23.78420066833496 55.42011260986328
631 -23.597002029418945 55.266361236572266
632 -23.231042861938477 55.13919448852539
633 -22.732877731323242 55.05401611328125
634 -22.483644485473633 55.07574462890625
635 -22.263626098632812 55.252410888671875
636 -21.97722816467285 55.586097717285156
637 -21.70003890991211 55.89420700073242
638 -21.46315574645996 56.110984802246094
639 -21.313518524169922 56.25037384033203
640 -20.76475715637207 56.62106704711914
641 -20.189979553222656 56.9289436340332
642 -19.918399810791016 57.072635650634766
643 -19.671123504638672 57.19970703125
644 -19.368167877197266 57.386268615722656
645 -19.0509090423584 57.56351852416992
646 -18.905397415161133 57.63805389404297
647 -18.734939575195312 57.7096061706543
648 -18.486186981201172 57.80352783203125
649 -17.997133255004883 57.968753814697266
650 -17.514955520629883 58.09238815307617
651 -17.318180084228516 58.15142822265625
652 -17.036279678344727 58.24730682373047
653 -16.367727279663086 58.390689849853516
654 -16.026063919067383 58.45866394042969
655 -15.781808853149414 58.449867248535156
656 -15.456878662109375 58.3582649230957
657 -15.242995262145996 58.23329162597656
658 -14.982529640197754 58.1088981628418
659 -14.594629287719727 57.96017837524414
660 -14.063271522521973 57.88239669799805
661 -13.746801376342773 57.971527099609375
662 -13.578873634338379 58.018611907958984
663 -13.486233711242676 58.26282501220703
664 -13.404803276062012 58.64497756958008
665 -13.349406242370605 59.02256393432617
666 -13.161825180053711 59.19260025024414
667 -12.89520263671875 59.2936897277832
668 -12.593554496765137 59.358734130859375
669 -11.853231430053711 59.44533157348633
670 -11.604439735412598 59.44952392578125
671 -11.207755088806152 59.34394454956055
672 -10.821860313415527 59.170536041259766
673 -10.541257858276367 59.1227912902832
674 -10.250772476196289 59.09206008911133
675 -9.763825416564941 59.03379440307617
676 -9.51875114440918 58.964256286621094
677 -9.261418342590332 58.9219856262207
678 -9.002206802368164 59.0731086730957
679 -8.646598815917969 59.30106735229492
680 -8.521624565124512 59.4761848449707
681 -8.626923561096191 59.801876068115234
682 -9.058378219604492 60.35722351074219
683 -9.531967163085938 60.88009262084961
684 -9.832820892333984 61.278961181640625
685 -9.995065689086914 61.50605392456055
686 -9.990544319152832 61.59174346923828
687 -9.901840209960938 61.77448272705078
688 -9.578377723693848 61.898460388183594
689 -9.314948081970215 62.00541687011719
690 -8.872010231018066 62.059547424316406
691 -8.59056282043457 62.119056701660156
692 -8.44701099395752 62.144840240478516
693 -8.233169555664062 62.20206832885742
694 -7.874908447265625 62.30479049682617
695 -7.475473880767822 62.39934539794922
696 -7.168394565582275 62.658935546875
697 -6.983663558959961 62.93124008178711
698 -6.765138626098633 63.16459655761719
699 -6.58012056350708 63.51533889770508
700 -6.477757930755615 63.78609848022461
701 -6.307171821594238 63.98351287841797
702 -6.045694828033447 64.1947250366211
703 -5.909377574920654 64.27592468261719
704 -5.7566986083984375 64.43081665039062
705 -5.593175411224365 64.57443237304688
706 -5.416111469268799 64.82723999023438
707 -5.131501197814941 65.15184783935547
708 -5.010369300842285 65.4616470336914
709 -5.112823963165283 65.6477279663086
710 -5.370230674743652 65.8690414428711
711 -5.5833516120910645 66.1007308959961
712 -5.800506114959717 66.20974731445312
713 -6.245963096618652 66.44361877441406
714 -6.612105369567871 66.47444152832031
715 -7.008292198181152 66.39463806152344
716 -7.314018726348877 66.36311340332031
717 -7.772177696228027 66.3818588256836
718 -8.043233871459961 66.35633850097656
719 -8.372896194458008 66.33727264404297
720 -8.548559188842773 66.27017974853516
721 -8.5773344039917 66.09724426269531
722 -8.772266387939453 65.89635467529297
723 -9.143974304199219 65.67040252685547
724 -9.383501052856445 65.57022857666016
725 -9.502130508422852 65.50172424316406
726 -9.605819702148438 65.47737884521484
727 -10.01685619354248 65.32770538330078
728 -10.519549369812012 65.12808990478516
729 -10.718955039978027 65.05818176269531
730 -11.092253684997559 65.04887390136719
731 -11.353361129760742 65.03030395507812
732 -11.670957565307617 64.99130249023438
733 -11.862457275390625 65.13810729980469
734 -12.237369537353516 65.44438171386719
735 -12.292668342590332 65.79158782958984
736 -12.327709197998047 65.99571990966797
737 -12.202838897705078 66.29238891601562
738 -11.946259498596191 66.61554718017578
739 -11.699766159057617 67.02141571044922
740 -11.528687477111816 67.28094482421875
741 -11.40285873413086 67.47987365722656
742 -11.25439739227295 67.81072235107422
743 -11.171628952026367 68.10047149658203
744 -11.191924095153809 68.33541107177734
745 -11.216438293457031 68.4893798828125
746 -11.10067367553711 68.80774688720703
747 -10.972025871276855 69.01874542236328
748 -10.744187355041504 69.16368103027344
749 -10.432153701782227 69.33610534667969
750 -10.220309257507324 69.40326690673828
751 -9.888946533203125 69.56873321533203
752 -9.377108573913574 69.80426025390625
753 -8.923873901367188 69.97354125976562
754 -8.63041877746582 70.10384368896484
755 -8.351335525512695 70.0848617553711
756 -7.745376110076904 69.71599578857422
757 -7.5499396324157715 69.63330841064453
758 -7.073586463928223 69.62385559082031
759 -6.8105292320251465 69.713134765625
760 -6.674213886260986 69.77059173583984
761 -6.616870880126953 70.0130844116211
762 -6.397453308105469 70.67723083496094
763 -6.256769180297852 70.99678802490234
764 -5.990253925323486 71.19638061523438
765 -5.590501308441162 71.35435485839844
766 -5.056778907775879 71.53499603271484
767 -4.77972412109375 71.74250030517578
768 -4.7143964767456055 72.15302276611328
769 -4.702831745147705 72.39695739746094
770 -4.807892799377441 72.5845718383789
771 -5.1959004402160645 72.97081756591797
772 -5.69716215133667 73.35066223144531
773 -5.823009014129639 73.4552230834961
774 -6.00037956237793 73.60448455810547
775 -6.283151149749756 74.03111267089844
776 -6.424201488494873 74.46519470214844
777 -6.721935749053955 74.84772491455078
778 -6.81620454788208 74.93294525146484
779 -7.02101469039917 74.8708724975586
780 -7.308349132537842 74.64295959472656
781 -7.713690280914307 74.23979187011719
782 -8.096916198730469 74.0377197265625
783 -8.303040504455566 74.02616119384766
784 -8.481189727783203 74.00316619873047
785 -8.836565971374512 73.95702362060547
786 -9.32387638092041 73.99779510498047
787 -9.485319137573242 73.91849517822266
788 -9.690191268920898 73.70661163330078
789 -10.102554321289062 73.40956115722656
790 -10.563833236694336 73.18347930908203
791 -10.852343559265137 73.21519470214844
792 -11.06157398223877 73.249755859375
793 -11.194398880004883 73.32164764404297
794 -11.449470520019531 73.4836196899414
795 -11.686583518981934 73.678955078125
796 -11.84577465057373 74.0245132446289
797 -11.965728759765625 74.36750030517578
798 -12.01162052154541 74.859375
799 -12.048206329345703 75.04656982421875
800 -12.272192001342773 75.10177612304688
801 -12.659049034118652 75.14558410644531
802 -13.059103965759277 75.1854019165039
803 -13.22689151763916 75.17277526855469
804 -13.55041790008545 75.4128646850586
805 -13.877327919006348 75.71219635009766
806 -14.17790412902832 76.09723663330078
807 -14.450394630432129 76.3376693725586
808 -14.65560531616211 76.52362823486328
809 -14.878724098205566 76.66459655761719
810 -15.205896377563477 76.71125030517578
811 -15.583196640014648 76.67326354980469
812 -15.859646797180176 76.62748718261719
813 -16.2377872467041 76.66712188720703
814 -16.722597122192383 76.7541275024414
815 -16.86107063293457 76.82240295410156
816 -17.131452560424805 77.16263580322266
817 -17.304519653320312 77.46615600585938
818 -17.259010314941406 77.69168853759766
819 -17.079910278320312 77.9350814819336
820 -16.79034423828125 78.19068145751953
821 -16.5559024810791 78.34111022949219
822 -16.31113624572754 78.53656768798828
823 -16.080795288085938 78.79048156738281
824 -15.921241760253906 79.11665344238281
825 -15.80634593963623 79.58019256591797
826 -15.827369689941406 79.89761352539062
827 -15.953673362731934 80.20834350585938
828 -16.16018295288086 80.63459777832031
829 -16.314599990844727 80.90341186523438
830 -16.50973129272461 81.27513122558594
831 -16.61042594909668 81.5509033203125
832 -16.647409439086914 81.85638427734375
833 -16.66168785095215 82.25355529785156
834 -16.611404418945312 82.54534149169922
835 -16.50227928161621 82.94639587402344
836 -16.442487716674805 83.2846908569336
837 -16.31654930114746 83.6058349609375
838 -16.18377685546875 83.8252182006836
839 -16.027868270874023 84.14019012451172
840 -15.759679794311523 84.5223159790039
841 -15.559791564941406 84.80460357666016
842 -15.449610710144043 84.91024017333984
843 -15.290958404541016 84.98402404785156
844 -15.045910835266113 84.94287872314453
845 -14.545356750488281 84.94493865966797
846 -14.193340301513672 84.9959945678711
847 -13.960470199584961 84.9876937866211
848 -13.611725807189941 84.86482238769531
849 -13.32375717163086 84.70018005371094
850 -13.1497163772583 84.52568054199219
851 -13.009820938110352 84.43046569824219
852 -12.690394401550293 83.94764709472656
853 -12.545350074768066 83.66461944580078
854 -12.468138694763184 83.45895385742188
855 -12.371662139892578 83.15313720703125
856 -12.33699893951416 82.99693298339844
857 -12.172940254211426 82.65428161621094
858 -12.003108024597168 82.28319549560547
859 -11.894057273864746 81.90049743652344
860 -11.742512702941895 81.46533966064453
861 -11.614517211914062 81.16923522949219
862 -11.317803382873535 80.67491912841797
863 -11.193521499633789 80.49718475341797
864 -10.999300003051758 80.21588897705078
865 -10.777143478393555 79.71469116210938
866 -10.80461311340332 79.41139221191406
867 -10.9276704788208 79.0460205078125
868 -11.058101654052734 78.73068237304688
869 -11.155505180358887 78.41738891601562
870 -11.247977256774902 78.16717529296875
871 -11.35008430480957 77.9366226196289
872 -16.43729019165039 73.67729949951172
873 -16.474884033203125 73.597412109375
874 -16.428268432617188 73.52365112304688
875 -16.245336532592773 73.35765838623047
876 -15.65259075164795 73.08462524414062
877 -15.010478973388672 72.70880889892578
878 -14.879836082458496 72.47731018066406
879 -14.632561683654785 72.24356079101562
880 -14.280867576599121 71.97789764404297
881 -14.124236106872559 71.793701171875
882 -14.086835861206055 71.47357940673828
883 -14.033977508544922 71.13182067871094
884 -14.059435844421387 70.57601165771484
885 -14.145752906799316 70.28300476074219
886 -14.28960132598877 70.1788101196289
887 -14.632224082946777 70.15731048583984
888 -15.171422004699707 70.24755859375
889 -15.990423202514648 70.1234130859375
890 -16.114267349243164 70.0782699584961
891 -16.153356552124023 70.13371276855469
892 -16.44023895263672 70.3242416381836
893 -16.71101188659668 70.29344177246094
894 -16.97378158569336 70.22119903564453
895 -17.693265914916992 69.92465209960938
896 -17.98187255859375 69.79744720458984
897 -18.172910690307617 69.80518341064453
898 -18.639543533325195 70.00958251953125
899 -18.901805877685547 70.14802551269531
900 -19.13128662109375 70.24945068359375
901 -19.40265464782715 70.289794921875
902 -19.592620849609375 70.2801513671875
903 -26.199411392211914 71.87589263916016
904 -26.554502487182617 71.96100616455078
905 -26.846593856811523 71.96700286865234
906 -27.13052749633789 72.00398254394531
907 -27.431737899780273 72.09782409667969
908 -27.744144439697266 72.24738311767578
909 -28.02242088317871 72.3153076171875
910 -28.170106887817383 72.41026306152344
911 -28.277870178222656 72.62974548339844
912 -28.606964111328125 73.11161804199219
913 -28.789400100708008 73.37506866455078
914 -28.849872589111328 73.51011657714844
915 -29.083782196044922 73.60681915283203
916 -29.474876403808594 73.66374969482422
917 -30.021297454833984 73.77532196044922
918 -30.35495376586914 73.78832244873047
919 -30.568546295166016 73.71471405029297
920 -30.823373794555664 73.53014373779297
921 -31.228389739990234 73.15524291992188
922 -31.56085777282715 72.84956359863281
923 -31.767505645751953 72.64596557617188
924 -32.212867736816406 72.23834228515625
925 -32.489524841308594 71.90836334228516
926 -32.76893997192383 71.52832794189453
927 -33.274253845214844 70.83856964111328
928 -33.516700744628906 70.52201080322266
929 -33.64176559448242 70.40097045898438
930 -33.768089294433594 70.3346939086914
931 -34.001121520996094 70.2873764038086
932 -47.002567291259766 66.91777038574219
933 -47.185951232910156 66.95989227294922
934 -47.50175094604492 66.95874786376953
935 -47.81835174560547 66.91934204101562
936 -48.09838104248047 66.90840148925781
937 -48.29227066040039 66.85623168945312
938 -48.45759963989258 66.81710052490234
939 -48.68383026123047 66.83761596679688
940 -48.98973083496094 66.68994140625
941 -49.31830596923828 66.55888366699219
942 -49.56678009033203 66.31929779052734
943 -49.76625442504883 65.95701599121094
944 -49.816627502441406 65.70999145507812
945 -49.86674880981445 65.45706176757812
946 -49.91480255126953 65.31262969970703
947 -50.17262268066406 64.93716430664062
948 -50.2525634765625 64.77424621582031
949 -50.481727600097656 64.18180847167969
950 -50.615989685058594 63.86851501464844
951 -50.83694076538086 63.455142974853516
952 -51.014949798583984 63.209049224853516
953 -51.14664077758789 62.97012710571289
954 -51.32807159423828 62.55747985839844
955 -51.50190734863281 62.18195724487305
956 -51.49653244018555 62.048885345458984
957 -51.41056442260742 61.91292190551758
958 -51.17490768432617 61.82534408569336
959 -50.827152252197266 61.725318908691406
960 -50.37393569946289 61.41390609741211
961 -49.821102142333984 61.49991226196289
962 -49.1510009765625 61.619789123535156
963 -48.973304748535156 61.619239807128906
964 -48.839054107666016 61.649993896484375
965 -48.60013198852539 61.78532791137695
966 -48.329002380371094 61.914371490478516
967 -48.069183349609375 62.03834533691406
968 -47.74616622924805 62.118247985839844
969 -47.744319915771484 62.221683502197266
970 -47.53382110595703 62.54759979248047
971 -47.44131851196289 62.75399398803711
972 -47.39309310913086 63.05813980102539
973 -47.078365325927734 62.99503707885742
974 -46.48491668701172 62.71700668334961
975 -45.89140701293945 62.6139030456543
976 -45.74541473388672 62.622005462646484
977 -45.67564392089844 62.63618850708008
978 -45.42952346801758 62.67276382446289
979 -45.20126724243164 62.60161590576172
980 -45.04115295410156 62.58797073364258
981 -44.936859130859375 62.43119812011719
982 -44.70016098022461 62.19038391113281
983 -44.375755310058594 61.98114776611328
984 -43.99750518798828 61.591373443603516
985 -43.90244674682617 61.29640197753906
986 -43.923072814941406 60.824798583984375
987 -44.05086135864258 60.49402618408203
988 -44.37836837768555 60.373512268066406
989 -44.52252197265625 60.31230163574219
990 -44.661319732666016 60.21240234375
991 -44.945716857910156 60.01350402832031
992 -45.19728088378906 59.897621154785156
993 -45.32965087890625 59.74185562133789
994 -45.439918518066406 59.57688522338867
995 -45.63014221191406 59.25075149536133
996 -45.707210540771484 59.023799896240234
997 -45.76988220214844 58.77351760864258
998 -45.81778335571289 58.68461990356445
999 -45.84524154663086 58.63565444946289
