0 5.210559844970703 -12.081603050231934
1 5.303086757659912 -12.24442195892334
2 5.4926252365112305 -12.63283920288086
3 5.672763347625732 -12.993785858154297
4 5.832245826721191 -13.132648468017578
5 6.387763500213623 -13.39946460723877
6 6.991144180297852 -13.628928184509277
7 7.35477352142334 -13.794909477233887
8 7.631685256958008 -13.945125579833984
9 7.90612268447876 -14.060554504394531
10 8.132311820983887 -14.098634719848633
11 8.473199844360352 -14.040843963623047
12 8.88727855682373 -13.98635196685791
13 9.190972328186035 -13.931654930114746
14 9.536741256713867 -13.857646942138672
15 9.799863815307617 -13.797616004943848
16 27.897268295288086 -7.270768165588379
17 27.889068603515625 -7.525362968444824
18 27.87136459350586 -7.795452117919922
19 27.798418045043945 -8.12035083770752
20 27.619121551513672 -8.415458679199219
21 27.263044357299805 -8.653594017028809
22 26.89261817932129 -8.783407211303711
23 26.480113983154297 -8.811875343322754
24 26.125957489013672 -8.761374473571777
25 25.750093460083008 -8.621923446655273
26 25.37516975402832 -8.357918739318848
27 24.21303367614746 -7.394698143005371
28 23.979736328125 -7.140609264373779
29 23.94282341003418 -6.962064743041992
30 24.0274715423584 -6.529856204986572
31 24.155410766601562 -6.086252689361572
32 24.35514259338379 -5.705861568450928
33 24.70838737487793 -5.2491559982299805
34 24.905492782592773 -5.001745700836182
35 25.01152992248535 -4.654390335083008
36 25.02509880065918 -4.348491191864014
37 24.938060760498047 -3.9912357330322266
38 24.82859992980957 -3.5862059593200684
39 24.678848266601562 -3.330172538757324
40 24.39680290222168 -3.116732358932495
41 24.015071868896484 -3.043193817138672
42 23.501359939575195 -2.9104373455047607
43 23.205846786499023 -2.7162225246429443
44 23.108230590820312 -2.517343759536743
45 22.939943313598633 -2.2176425457000732
46 22.826810836791992 -1.8277661800384521
47 23.00030517578125 -1.5496348142623901
48 23.370126724243164 -1.1581896543502808
49 23.819969177246094 -0.7952395677566528
50 24.15564727783203 -0.5599246025085449
51 24.568830490112305 -0.2871755063533783
52 24.8524112701416 -0.07176302373409271
53 25.100217819213867 0.11946895718574524
54 25.358062744140625 0.28637874126434326
55 25.72182273864746 0.534619927406311
56 26.241140365600586 0.9018670320510864
57 26.458267211914062 1.0748506784439087
58 26.80038070678711 1.3399440050125122
59 27.134830474853516 1.5452461242675781
60 27.43778419494629 1.610439419746399
61 27.68140983581543 1.5826797485351562
62 28.141162872314453 1.4051271677017212
63 28.88448715209961 0.9869047403335571
64 29.082937240600586 0.8503376245498657
65 29.102249145507812 0.6115874648094177
66 29.118053436279297 0.016988642513751984
67 29.144573211669922 -0.388778954744339
68 29.009876251220703 -0.7895455956459045
69 28.797161102294922 -1.1163790225982666
70 28.453752517700195 -1.5440776348114014
71 28.28573226928711 -1.7323286533355713
72 27.967952728271484 -1.82253098487854
73 27.593425750732422 -1.849000334739685
74 27.26342010498047 -1.8818658590316772
75 26.902572631835938 -1.951957106590271
76 26.729995727539062 -2.035623550415039
77 18.74443817138672 -9.034393310546875
78 18.852481842041016 -9.277148246765137
79 19.04369354248047 -9.484281539916992
80 19.3284912109375 -9.720762252807617
81 19.644153594970703 -9.967613220214844
82 19.859355926513672 -10.021628379821777
83 20.277685165405273 -10.1238374710083
84 20.806856155395508 -10.164749145507812
85 21.31681251525879 -10.176946640014648
86 21.72947120666504 -10.21137809753418
87 22.02654457092285 -10.311492919921875
88 22.2186336517334 -10.359084129333496
89 22.671113967895508 -10.129884719848633
90 22.9706974029541 -9.973477363586426
91 29.41498565673828 -5.087303638458252
92 29.772478103637695 -5.020797252655029
93 30.127641677856445 -4.9828362464904785
94 30.45522689819336 -4.9099931716918945
95 30.896915435791016 -4.669345855712891
96 31.36065101623535 -4.344630718231201
97 31.672924041748047 -4.067900657653809
98 31.894622802734375 -3.7660820484161377
99 32.0341796875 -3.470090389251709
100 32.12654113769531 -3.100755453109741
101 32.18600082397461 -2.4972848892211914
102 32.15553665161133 -2.0947682857513428
103 32.02943801879883 -1.851271629333496
104 31.800291061401367 -1.565691590309143
105 31.558622360229492 -1.222191572189331
106 25.78765296936035 12.076667785644531
107 25.688032150268555 12.23287582397461
108 25.46399688720703 12.389359474182129
109 25.299760818481445 12.461852073669434
110 25.119709014892578 12.538310050964355
111 24.998266220092773 12.71268367767334
112 24.642168045043945 13.34239387512207
113 24.438196182250977 13.909815788269043
114 24.402862548828125 14.163872718811035
115 24.382183074951172 14.720462799072266
116 24.37734603881836 15.091580390930176
117 24.38329315185547 15.666393280029297
118 24.38796043395996 16.015317916870117
119 24.413129806518555 16.24473762512207
120 24.40959930419922 16.53431510925293
121 24.36777687072754 16.887372970581055
122 24.2218074798584 17.266727447509766
123 24.078107833862305 17.60443687438965
124 23.909212112426758 17.68300437927246
125 23.785175323486328 17.745262145996094
126 6.385949611663818 20.477264404296875
127 6.2769622802734375 20.391613006591797
128 5.993228435516357 20.18257713317871
129 5.688005447387695 19.963151931762695
130 5.499698638916016 19.883695602416992
131 5.355099678039551 19.768817901611328
132 5.223074436187744 19.65302085876465
133 4.967300891876221 19.502260208129883
134 4.602261543273926 19.31220817565918
135 4.247017860412598 19.20570182800293
136 3.7358970642089844 19.19548225402832
137 3.3439528942108154 19.18515396118164
138 2.9415292739868164 19.079402923583984
139 2.736196279525757 19.00727081298828
140 -1.1678677797317505 15.398165702819824
141 -1.226938009262085 15.076545715332031
142 -1.2473210096359253 14.800113677978516
143 -1.1057504415512085 14.50809097290039
144 -0.8298593759536743 14.199687957763672
145 -0.5487607717514038 13.888880729675293
146 -0.3663584589958191 13.872264862060547
147 -0.005149398930370808 14.134439468383789
148 0.3427947461605072 14.490873336791992
149 0.48685166239738464 14.65833854675293
150 0.6522512435913086 14.841238021850586
151 1.3489933013916016 15.364832878112793
152 1.6354538202285767 15.546878814697266
153 1.8296312093734741 15.616582870483398
154 2.0823655128479004 15.772785186767578
155 2.338191032409668 15.94078254699707
156 2.894359827041626 16.289587020874023
157 3.3997228145599365 16.65638542175293
158 3.55245041847229 16.920751571655273
159 3.438246488571167 17.392044067382812
160 3.2121641635894775 17.63620376586914
161 2.565479040145874 17.82707977294922
162 2.0111873149871826 17.958829879760742
163 1.5993813276290894 18.02506446838379
164 1.381974220275879 18.06081199645996
165 1.176348090171814 17.94477081298828
166 0.9362924695014954 17.66826629638672
167 0.7656345367431641 17.33835792541504
168 0.6304539442062378 16.923070907592773
169 0.46989521384239197 16.751665115356445
170 0.24297605454921722 16.793006896972656
171 0.06190299615263939 16.838542938232422
172 -0.7155804634094238 17.071502685546875
173 -1.016696810722351 17.161806106567383
174 -1.3282077312469482 17.349946975708008
175 -1.4371297359466553 17.52923011779785
176 -1.483711838722229 17.906600952148438
177 -1.533060073852539 18.177526473999023
178 -1.6240761280059814 18.50354766845703
179 -1.7513556480407715 18.68732452392578
180 -2.0935428142547607 19.012088775634766
181 -2.395747661590576 19.090150833129883
182 -2.679838180541992 19.016077041625977
183 -2.995941400527954 18.657093048095703
184 -3.1681902408599854 18.38987159729004
185 -3.298191785812378 18.058025360107422
186 -3.5557444095611572 17.133962631225586
187 -3.585388422012329 16.60779571533203
188 -3.6187310218811035 16.089147567749023
189 -3.651541233062744 15.765722274780273
190 -3.610957145690918 15.472328186035156
191 -3.588437795639038 14.809833526611328
192 -3.4758613109588623 14.257670402526855
193 -3.3005950450897217 13.86606502532959
194 -3.0632569789886475 13.477017402648926
195 -2.9802539348602295 13.251164436340332
196 -2.801366090774536 12.90092945098877
197 -2.3794538974761963 12.305742263793945
198 -2.1697895526885986 12.06986141204834
199 -1.959851861000061 11.906384468078613
200 -1.4559125900268555 11.717954635620117
201 -0.25040337443351746 11.394061088562012
202 0.17866621911525726 11.345132827758789
203 0.5330185890197754 11.328726768493652
204 0.6972828507423401 11.321510314941406
205 1.1482467651367188 11.2308931350708
206 1.7765306234359741 11.161701202392578
207 2.3951363563537598 11.225752830505371
208 2.919785499572754 11.338982582092285
209 3.2370049953460693 11.412028312683105
210 3.644887924194336 11.488616943359375
211 3.835301399230957 11.420843124389648
212 4.30583381652832 11.170443534851074
213 4.533545970916748 11.018547058105469
214 4.8248419761657715 10.899332046508789
215 5.350396633148193 10.796039581298828
216 5.60307502746582 10.746018409729004
217 5.98556661605835 10.686285018920898
218 6.304543972015381 10.605058670043945
219 10.427742958068848 7.637689590454102
220 10.535125732421875 7.472686290740967
221 12.222012519836426 -6.66643762588501
222 12.261783599853516 -7.001678943634033
223 12.323153495788574 -7.371974945068359
224 12.40989875793457 -7.553184986114502
225 12.643943786621094 -7.722972869873047
226 13.060870170593262 -7.851288318634033
227 13.695895195007324 -7.8889641761779785
228 14.059854507446289 -7.739162445068359
229 14.45070743560791 -7.352601528167725
230 14.805181503295898 -6.841892242431641
231 14.943418502807617 -6.458772659301758
232 15.069708824157715 -6.1502861976623535
233 15.189444541931152 -5.77038049697876
234 15.206277847290039 -5.497533321380615
235 15.088966369628906 -5.122692108154297
236 14.832359313964844 -4.83136510848999
237 14.527556419372559 -4.5895256996154785
238 14.010355949401855 -3.917745351791382
239 14.051214218139648 -3.80832839012146
240 14.240140914916992 -3.5998260974884033
241 14.668643951416016 -3.4239256381988525
242 14.884355545043945 -3.363201141357422
243 15.322911262512207 -3.214383363723755
244 15.67879867553711 -3.0485498905181885
245 15.991344451904297 -2.905813217163086
246 16.235971450805664 -2.7704153060913086
247 14.162416458129883 24.206411361694336
248 14.022905349731445 24.031261444091797
249 13.947126388549805 23.923856735229492
250 13.946159362792969 23.733108520507812
251 13.992372512817383 23.402080535888672
252 14.060833930969238 23.132652282714844
253 14.24492359161377 22.724267959594727
254 14.405911445617676 22.367456436157227
255 14.47661304473877 22.14086151123047
256 14.563089370727539 21.779151916503906
257 14.152538299560547 0.5074225664138794
258 14.174727439880371 0.2511484622955322
259 14.047221183776855 -0.12032739818096161
260 13.799009323120117 -0.5856596231460571
261 13.580205917358398 -1.0264619588851929
262 13.480917930603027 -1.1894216537475586
263 13.313234329223633 -1.3225990533828735
264 12.916777610778809 -1.653381109237671
265 12.444659233093262 -2.0381739139556885
266 12.147100448608398 -2.059915781021118
267 11.903569221496582 -1.9655187129974365
268 11.693243026733398 -1.6868150234222412
269 11.578733444213867 -1.445046067237854
270 11.462305068969727 -1.0580092668533325
271 11.383159637451172 -0.7549939751625061
272 11.353062629699707 -0.45130231976509094
273 11.38143539428711 0.007525400724261999
274 11.301884651184082 0.4449269473552704
275 11.11609935760498 0.8838963508605957
276 10.978056907653809 1.2413617372512817
277 10.803211212158203 1.7050995826721191
278 10.528417587280273 2.3276681900024414
279 10.274604797363281 2.87321400642395
280 9.818904876708984 3.493961811065674
281 9.58077621459961 3.6950111389160156
282 9.121450424194336 3.793734312057495
283 8.717653274536133 3.741973400115967
284 8.233291625976562 3.6153647899627686
285 7.966460227966309 3.5396087169647217
286 7.391571998596191 3.2984108924865723
287 7.1002583503723145 3.154171943664551
288 6.4084014892578125 2.9127891063690186
289 6.206381797790527 2.859370470046997
290 5.840878009796143 2.982264518737793
291 5.563846111297607 3.2202181816101074
292 5.3261332511901855 3.614164352416992
293 5.38700532913208 3.7456607818603516
294 5.481656074523926 3.9728329181671143
295 5.827288627624512 4.254090785980225
296 7.0087890625 4.698665142059326
297 7.26174783706665 4.83200740814209
298 7.693991184234619 5.028743743896484
299 7.820852279663086 5.081270694732666
300 20.856637954711914 17.033967971801758
301 20.8499813079834 17.16958236694336
302 20.789518356323242 17.45459747314453
303 20.692888259887695 17.834583282470703
304 20.49762535095215 18.584335327148438
305 20.38902473449707 19.05312156677246
306 20.31899070739746 19.370901107788086
307 20.197786331176758 19.843355178833008
308 20.162776947021484 20.06243133544922
309 20.1378116607666 20.4184513092041
310 20.1054744720459 20.85765838623047
311 20.06206703186035 21.343402862548828
312 20.056697845458984 21.441604614257812
313 20.057682037353516 21.61831283569336
314 9.043007850646973 -8.986044883728027
315 8.834504127502441 -9.057451248168945
316 8.545097351074219 -9.090063095092773
317 8.066164016723633 -9.04835033416748
318 7.7155256271362305 -9.002388000488281
319 7.450951099395752 -8.969388008117676
320 7.113869667053223 -8.849235534667969
321 6.636866092681885 -8.72499942779541
322 6.51944637298584 -8.511615753173828
323 6.594736099243164 -8.061094284057617
324 6.690179347991943 -7.7669548988342285
325 6.847484111785889 -7.461772441864014
326 6.9342780113220215 -7.24981689453125
327 9.134481430053711 8.827300071716309
328 9.192696571350098 8.961614608764648
329 9.260848999023438 9.025543212890625
330 9.79825496673584 9.615401268005371
331 10.105311393737793 9.917293548583984
332 10.268223762512207 10.100470542907715
333 10.611847877502441 10.31911563873291
334 10.779293060302734 10.495686531066895
335 10.877939224243164 10.7876558303833
336 10.94837760925293 10.981243133544922
337 11.299171447753906 11.253498077392578
338 11.617532730102539 11.573467254638672
339 11.816146850585938 11.784151077270508
340 12.039812088012695 11.98216724395752
341 12.3256196975708 12.236364364624023
342 12.661569595336914 12.664640426635742
343 12.784253120422363 12.852540969848633
344 12.836365699768066 13.148716926574707
345 12.917126655578613 13.583549499511719
346 13.0156888961792 13.833647727966309
347 13.052310943603516 14.033783912658691
348 12.988750457763672 14.972225189208984
349 13.070356369018555 15.25505542755127
350 13.195985794067383 15.50503158569336
351 13.290099143981934 16.01654052734375
352 13.218316078186035 16.403987884521484
353 13.050817489624023 16.6477108001709
354 12.477444648742676 17.215330123901367
355 12.073851585388184 17.49449348449707
356 11.619811058044434 17.67595100402832
357 11.341004371643066 17.77762794494629
358 11.08529281616211 17.907018661499023
359 10.885711669921875 18.080535888671875
360 10.630290031433105 18.32611656188965
361 10.294656753540039 18.773609161376953
362 10.099534034729004 19.066150665283203
363 9.891130447387695 19.348655700683594
364 9.627514839172363 19.607419967651367
365 9.356133460998535 19.721595764160156
366 9.06295394897461 19.699827194213867
367 8.614950180053711 19.4874210357666
368 8.183706283569336 19.137298583984375
369 7.935483932495117 18.80611228942871
370 7.687394142150879 18.37751007080078
371 7.655863285064697 18.325714111328125
372 7.503974914550781 18.22378921508789
373 4.401902675628662 15.400936126708984
374 4.293996810913086 15.120641708374023
375 4.2879319190979 14.843369483947754
376 4.3469061851501465 14.590250015258789
377 4.529641628265381 14.285616874694824
378 4.766094207763672 14.092828750610352
379 4.875383377075195 13.956940650939941
380 5.04768705368042 13.771528244018555
381 5.179356098175049 13.576239585876465
382 5.441537857055664 12.809526443481445
383 5.489697456359863 12.576044082641602
384 5.520925998687744 12.346587181091309
385 5.5697407722473145 12.176360130310059
386 6.149285793304443 9.204940795898438
387 6.29676628112793 8.930719375610352
388 6.226195812225342 8.815348625183105
389 6.992879390716553 -1.6803241968154907
390 7.085443496704102 -1.8611446619033813
391 7.42802095413208 -2.3952345848083496
392 7.7633771896362305 -2.890350580215454
393 7.935678958892822 -3.0774447917938232
394 8.413866996765137 -3.346994400024414
395 8.670929908752441 -3.426933765411377
396 8.860699653625488 -3.3207340240478516
397 9.05864429473877 -3.036679744720459
398 9.168143272399902 -2.684706449508667
399 9.217954635620117 -2.2931292057037354
400 9.129488945007324 -1.3271676301956177
401 9.15105152130127 -1.141653299331665
402 9.169681549072266 -1.0223703384399414
403 9.274641036987305 -0.9610797166824341
404 16.13166046142578 -0.3267848789691925
405 16.31768798828125 -0.2371072769165039
406 16.371732711791992 -0.06178562343120575
407 16.398204803466797 0.20009638369083405
408 16.3280029296875 0.6123840808868408
409 16.208709716796875 0.9442999362945557
410 15.947450637817383 1.4507323503494263
411 15.700349807739258 1.7851694822311401
412 15.526698112487793 1.9281392097473145
413 15.328191757202148 2.035510540008545
414 14.678362846374512 2.2666640281677246
415 14.120644569396973 2.5204508304595947
416 13.767498970031738 2.65322208404541
417 13.615961074829102 2.727393388748169
418 13.32509708404541 2.9482569694519043
419 13.201554298400879 3.11055850982666
420 13.020853996276855 3.3561294078826904
421 12.71584415435791 3.636827230453491
422 12.402456283569336 3.7857301235198975
423 12.06491756439209 4.0112457275390625
424 11.808677673339844 4.375863552093506
425 11.62491512298584 4.736313343048096
426 11.423145294189453 5.026715278625488
427 11.257360458374023 5.2737579345703125
428 7.9971747398376465 10.147200584411621
429 7.970792770385742 10.337053298950195
430 7.946728229522705 10.841439247131348
431 7.923184871673584 11.125090599060059
432 7.888335704803467 11.551383972167969
433 7.940877437591553 12.01412296295166
434 8.026835441589355 12.28097915649414
435 8.031538009643555 12.751052856445312
436 7.9897661209106445 13.083568572998047
437 7.99674129486084 13.291634559631348
438 8.092046737670898 13.448593139648438
439 12.559869766235352 19.717931747436523
440 12.58244514465332 19.922256469726562
441 12.492654800415039 20.2227783203125
442 12.346979141235352 20.5980281829834
443 12.172661781311035 20.880508422851562
444 11.956414222717285 21.12740135192871
445 11.582696914672852 21.359413146972656
446 11.233627319335938 21.488067626953125
447 10.814305305480957 21.609760284423828
448 10.295541763305664 21.87626838684082
449 9.998899459838867 22.00343894958496
450 9.821832656860352 22.1296329498291
451 9.819671630859375 22.508377075195312
452 10.041069984436035 22.82509994506836
453 10.224896430969238 23.006370544433594
454 10.479866981506348 23.411758422851562
455 10.563041687011719 23.634408950805664
456 10.569073677062988 24.039194107055664
457 10.377649307250977 24.442440032958984
458 10.007051467895508 24.94085693359375
459 9.816084861755371 24.98822021484375
460 9.579047203063965 24.922550201416016
461 9.1444730758667 24.7720947265625
462 8.643714904785156 24.549327850341797
463 8.258298873901367 24.395973205566406
464 7.876068592071533 24.227787017822266
465 7.493436336517334 24.054250717163086
466 7.256231307983398 23.91901397705078
467 7.038677215576172 23.757455825805664
468 6.538516521453857 23.37097930908203
469 6.099339962005615 23.026416778564453
470 5.817355632781982 22.924427032470703
471 5.665487289428711 22.829439163208008
472 5.348386764526367 22.690227508544922
473 4.776297092437744 22.51630210876465
474 4.4333720207214355 22.26473045349121
475 4.03987455368042 21.947099685668945
476 3.660062789916992 21.742481231689453
477 3.297884464263916 21.488052368164062
478 2.9711453914642334 21.415401458740234
479 2.752466917037964 21.493741989135742
480 2.5046308040618896 21.76443099975586
481 2.0791773796081543 22.175479888916016
482 1.6626838445663452 22.47300148010254
483 1.3038805723190308 22.5883731842041
484 0.9566602110862732 22.571626663208008
485 0.5629975199699402 22.577573776245117
486 0.1618649810552597 22.581134796142578
487 -0.15735794603824615 22.571306228637695
488 -0.3959624767303467 22.31039810180664
489 -0.5979616641998291 21.83402442932129
490 -0.5919325947761536 21.48296546936035
491 -0.4855993390083313 21.164831161499023
492 0.031383026391267776 20.69382095336914
493 0.22795137763023376 20.507028579711914
494 0.5264261960983276 20.277090072631836
495 0.8905827403068542 20.110916137695312
496 1.0716475248336792 20.20097541809082
497 1.2753781080245972 20.44026756286621
498 1.4898762702941895 20.75855827331543
499 2.8680307865142822 23.958471298217773
500 2.7388336658477783 24.11088752746582
501 2.5160040855407715 24.246049880981445
502 1.7837334871292114 24.70347785949707
503 1.3875638246536255 24.91098403930664
504 1.1775076389312744 24.9397029876709
505 0.6800510287284851 24.873184204101562
506 0.19795814156532288 24.740577697753906
507 0.006286322604864836 24.76976776123047
508 -0.5576476454734802 24.79030990600586
509 -0.881673276424408 24.84371566772461
510 -1.185263752937317 25.021072387695312
511 -1.6225532293319702 25.323974609375
512 -1.8922152519226074 25.693899154663086
513 -2.084322214126587 26.158525466918945
514 -1.9203239679336548 26.52505874633789
515 -1.6417746543884277 26.928693771362305
516 -1.3555467128753662 27.22992515563965
517 -1.0971555709838867 27.52213478088379
518 -0.3988158404827118 28.075279235839844
519 -0.21406883001327515 28.17089080810547
520 0.1342872828245163 28.34890365600586
521 0.4456866681575775 28.491321563720703
522 0.8616366982460022 28.50921058654785
523 1.1727927923202515 28.453548431396484
524 1.507276177406311 28.377365112304688
525 1.902590274810791 28.214527130126953
526 2.3363890647888184 27.921720504760742
527 2.7655410766601562 27.62761688232422
528 3.046943426132202 27.507766723632812
529 3.669438600540161 27.353668212890625
530 4.187228679656982 27.324893951416016
531 4.504594802856445 27.369293212890625
532 4.912717819213867 27.490615844726562
533 5.392675399780273 27.712038040161133
534 5.7228474617004395 27.845327377319336
535 6.149289608001709 27.983963012695312
536 6.553153038024902 27.97014045715332
537 7.057191371917725 27.921798706054688
538 7.236867904663086 27.910436630249023
539 15.576414108276367 14.399428367614746
540 15.7164945602417 14.221007347106934
541 15.899360656738281 14.00537395477295
542 16.207002639770508 13.727335929870605
543 16.508533477783203 13.517693519592285
544 16.67489242553711 13.290478706359863
545 16.75057029724121 13.098670959472656
546 16.70459747314453 12.817878723144531
547 16.539636611938477 12.474105834960938
548 16.33896827697754 11.988960266113281
549 16.299213409423828 11.676198959350586
550 16.270864486694336 11.527544021606445
551 0.5524007678031921 8.924219131469727
552 0.5769136548042297 8.64545726776123
553 0.6763086915016174 8.514568328857422
554 0.9136533141136169 8.492361068725586
555 1.3408094644546509 8.706110000610352
556 1.8542009592056274 9.073678970336914
557 2.0525670051574707 9.149492263793945
558 2.4551687240600586 9.192021369934082
559 2.7134146690368652 9.257240295410156
560 3.049553394317627 9.28165340423584
561 3.9012563228607178 9.141242980957031
562 4.049206733703613 9.0795316696167
563 4.310246467590332 8.950053215026855
564 4.586132049560547 8.839170455932617
565 7.090793132781982 7.813684463500977
566 7.316755294799805 7.713178634643555
567 7.98765230178833 7.375483989715576
568 8.292295455932617 7.105122089385986
569 8.50584888458252 6.867363452911377
570 8.824986457824707 6.565021514892578
571 9.070022583007812 6.3280253410339355
572 9.174810409545898 6.174983024597168
573 28.00921058654785 4.544909954071045
574 27.9729061126709 4.671319961547852
575 27.81945037841797 4.999861717224121
576 27.618968963623047 5.334090709686279
577 27.381608963012695 5.5634002685546875
578 27.023990631103516 5.792969226837158
579 26.305259704589844 6.087911128997803
580 26.0123348236084 6.177183151245117
581 25.46170997619629 6.293437957763672
582 24.759580612182617 6.343360424041748
583 24.372570037841797 6.280865669250488
584 23.972562789916992 6.027570724487305
585 23.799962997436523 5.8272247314453125
586 23.714466094970703 5.421987056732178
587 23.813270568847656 4.819172382354736
588 23.868202209472656 4.713587760925293
589 23.97769546508789 4.368978977203369
590 24.225446701049805 3.836282253265381
591 24.37635612487793 3.424474000930786
592 24.296321868896484 3.238436698913574
593 24.144412994384766 3.107151746749878
594 23.59958839416504 3.175407886505127
595 23.18604278564453 3.2970919609069824
596 22.512826919555664 3.4614250659942627
597 22.335132598876953 3.370957851409912
598 22.210851669311523 2.8139021396636963
599 22.07448959350586 2.32808780670166
600 22.00276756286621 2.0777320861816406
601 21.990976333618164 1.710763692855835
602 21.908405303955078 1.3807480335235596
603 21.724706649780273 1.0521721839904785
604 21.467056274414062 0.5071843862533569
605 21.177759170532227 0.11521594226360321
606 21.026779174804688 0.10271210968494415
607 20.727663040161133 0.16619352996349335
608 20.52240753173828 0.38553300499916077
609 20.161170959472656 1.0301614999771118
610 19.953231811523438 1.3673095703125
611 19.88499641418457 1.5084761381149292
612 19.666162490844727 1.9962327480316162
613 19.401531219482422 2.485515594482422
614 19.24024200439453 2.822150468826294
615 19.17131805419922 3.1496288776397705
616 19.076929092407227 3.486975908279419
617 18.88612937927246 3.69653582572937
618 18.534805297851562 3.8562538623809814
619 18.261911392211914 3.909304618835449
620 18.07420539855957 3.9063596725463867
621 17.790313720703125 3.8511221408843994
622 17.445697784423828 3.6917433738708496
623 17.237871170043945 3.692901849746704
624 0.3156920075416565 3.968209981918335
625 0.17419680953025818 4.263372898101807
626 0.10725362598896027 4.338953495025635
627 0.009895438328385353 4.729516983032227
628 -0.1521415114402771 5.249197483062744
629 -0.21302135288715363 5.557197570800781
630 -0.2724900543689728 5.915371417999268
631 -0.40123677253723145 6.291510581970215
632 -0.730709433555603 6.625843524932861
633 -1.320493459701538 6.799780368804932
634 -1.5304900407791138 6.7206711769104
635 -1.975821852684021 6.351738452911377
636 -2.3088479042053223 6.085080623626709
637 -2.5686182975769043 5.737657070159912
638 -2.6098792552948 5.47774076461792
639 -2.6614675521850586 4.987206935882568
640 -2.698338508605957 4.355262279510498
641 -2.703240156173706 3.7397103309631348
642 -2.7737817764282227 3.443040609359741
643 -2.93123722076416 3.1544907093048096
644 -3.54133677482605 2.6868062019348145
645 -3.930598497390747 2.632596731185913
646 -4.253972053527832 2.6588706970214844
647 -4.584725379943848 2.8141839504241943
648 -4.783990383148193 2.958998203277588
649 -5.007766246795654 3.3991448879241943
650 -5.246110439300537 3.7424774169921875
651 -5.440730571746826 4.010320663452148
652 -5.7168707847595215 4.368305683135986
653 -5.866036415100098 4.606858253479004
654 -5.929039478302002 4.803160667419434
655 6.730233669281006 14.850321769714355
656 6.710009574890137 15.043850898742676
657 6.744239807128906 15.457930564880371
658 6.705610275268555 15.701862335205078
659 6.471606254577637 15.906305313110352
660 6.1366095542907715 16.227245330810547
661 5.908371925354004 16.52591896057129
662 5.7524847984313965 16.695796966552734
663 5.512777805328369 16.730365753173828
664 5.324417591094971 16.705320358276367
665 2.983001947402954 14.105337142944336
666 2.7596893310546875 13.87332534790039
667 2.610365629196167 13.746240615844727
668 2.304386854171753 13.402796745300293
669 2.1005117893218994 13.197983741760254
670 1.957326054573059 12.944718360900879
671 1.4177117347717285 5.933365821838379
672 1.6560540199279785 5.548506259918213
673 1.936918020248413 5.238585472106934
674 2.2311244010925293 5.015527725219727
675 2.4698221683502197 4.635368347167969
676 2.5026185512542725 4.436644077301025
677 2.434467315673828 4.053462982177734
678 2.3869881629943848 3.7743337154388428
679 2.461930274963379 3.583414316177368
680 3.101109743118286 2.957019329071045
681 3.0461292266845703 2.736954927444458
682 2.9202985763549805 2.488971471786499
683 2.440650463104248 2.2486367225646973
684 2.071146011352539 2.155503988265991
685 1.8138073682785034 2.009113073348999
686 1.4389575719833374 1.7753477096557617
687 1.1890383958816528 1.5348721742630005
688 1.112852692604065 1.3868993520736694
689 1.0358253717422485 1.202552318572998
690 -0.49593350291252136 -4.478049278259277
691 -0.6487346887588501 -5.042057991027832
692 -0.7249667048454285 -5.525396347045898
693 -0.7564405202865601 -5.933825492858887
694 -0.7852662205696106 -6.270447731018066
695 -0.7143494486808777 -6.506804943084717
696 -0.5361571907997131 -6.729844093322754
697 -0.2594080865383148 -6.928232669830322
698 0.11337612569332123 -7.081344127655029
699 0.675722062587738 -7.235563278198242
700 0.8578624129295349 -7.273890495300293
701 18.33388900756836 -0.8965499997138977
702 18.375869750976562 -0.9139708876609802
703 18.453083038330078 -1.13039231300354
704 18.79450225830078 -1.7388836145401
705 18.83632469177246 -2.0452158451080322
706 18.8204402923584 -2.336578130722046
707 18.588558197021484 -3.161961793899536
708 18.461750030517578 -3.3731331825256348
709 18.14965057373047 -3.9363701343536377
710 17.973344802856445 -4.346324920654297
711 17.896196365356445 -4.6571245193481445
712 17.894622802734375 -5.076519012451172
713 17.918556213378906 -5.478848457336426
714 18.042970657348633 -6.083528518676758
715 18.272138595581055 -6.408797740936279
716 18.653308868408203 -6.602928161621094
717 19.061105728149414 -6.649789333343506
718 19.806222915649414 -6.541479587554932
719 20.141319274902344 -6.434359550476074
720 20.434144973754883 -6.238614082336426
721 20.71431541442871 -5.892707824707031
722 20.962047576904297 -5.603044033050537
723 21.01569366455078 -4.964987754821777
724 21.04757308959961 -4.708466529846191
725 21.00804328918457 -4.410379409790039
726 20.7741641998291 -3.9583358764648438
727 20.566713333129883 -3.7573094367980957
728 20.41944694519043 -3.719292163848877
729 16.20417022705078 -10.126753807067871
730 16.08991813659668 -10.368525505065918
731 15.930397033691406 -10.551056861877441
732 15.718412399291992 -10.775345802307129
733 15.4474458694458 -11.075178146362305
734 15.24571704864502 -11.229310989379883
735 15.295499801635742 4.294191837310791
736 15.296987533569336 4.477717399597168
737 15.261457443237305 4.808817386627197
738 14.99223518371582 5.1233601570129395
739 14.665070533752441 5.37962007522583
740 14.512750625610352 5.521007061004639
741 14.301213264465332 5.692356109619141
742 14.17326831817627 5.881447792053223
743 14.183136940002441 6.247519016265869
744 23.19049835205078 8.347378730773926
745 23.33563232421875 8.39438247680664
746 23.71319580078125 8.552605628967285
747 24.014623641967773 8.695602416992188
748 24.513484954833984 8.892800331115723
749 24.76957893371582 9.01173210144043
750 24.970123291015625 9.122314453125
751 25.338214874267578 9.217952728271484
752 25.83945083618164 9.225052833557129
753 26.28322982788086 9.20882511138916
754 26.666179656982422 9.229118347167969
755 26.8669490814209 9.229159355163574
756 27.069849014282227 9.20621395111084
757 27.48211669921875 9.1234130859375
758 27.854463577270508 8.95860481262207
759 28.15412712097168 8.781478881835938
760 28.412687301635742 8.624393463134766
761 28.741561889648438 8.46403980255127
762 29.253694534301758 8.253715515136719
763 29.73453140258789 8.053018569946289
764 30.411596298217773 7.7465643882751465
765 30.70030403137207 7.6346354484558105
766 31.15989112854004 7.483272075653076
767 31.434110641479492 7.379362106323242
768 31.620222091674805 7.261643886566162
769 31.984760284423828 6.91237735748291
770 32.16923904418945 6.560011863708496
771 32.14501190185547 6.2714738845825195
772 32.06704330444336 5.90266227722168
773 32.08798599243164 5.528388500213623
774 32.17870330810547 4.992060661315918
775 32.28672409057617 4.752784252166748
776 32.39522933959961 4.546362400054932
777 32.70234680175781 3.922203779220581
778 32.8254280090332 3.6344451904296875
779 32.85236358642578 3.4799699783325195
780 32.822818756103516 3.3715457916259766
781 6.191864490509033 -4.7833333015441895
782 5.997148513793945 -4.904264450073242
783 5.653317928314209 -5.1548542976379395
784 5.236788272857666 -5.384125232696533
785 4.936518669128418 -5.492259979248047
786 4.710544586181641 -5.495923042297363
787 4.20357608795166 -5.301986217498779
788 3.681459426879883 -5.015556335449219
789 3.5954604148864746 -4.872048377990723
790 3.651259422302246 -4.689385890960693
791 3.72310471534729 -4.379531383514404
792 3.86324405670166 -4.121950626373291
793 4.179419994354248 -3.498812198638916
794 4.337194442749023 -3.280059576034546
795 4.606997966766357 -3.0278420448303223
796 4.875043869018555 -2.801032543182373
797 18.700698852539062 8.66636848449707
798 18.70197868347168 8.811413764953613
799 18.674644470214844 9.129054069519043
800 18.706748962402344 9.39277172088623
801 18.80709457397461 9.900432586669922
802 18.936176300048828 10.339585304260254
803 18.97789764404297 10.656723976135254
804 18.942758560180664 10.982160568237305
805 18.818151473999023 11.217236518859863
806 18.702423095703125 11.332958221435547
807 18.514556884765625 11.547669410705566
808 14.376446723937988 18.23526954650879
809 14.422544479370117 18.35684585571289
810 14.619675636291504 18.474342346191406
811 15.092019081115723 18.61082649230957
812 15.623981475830078 18.863988876342773
813 15.744950294494629 18.896728515625
814 15.8958101272583 18.736083984375
815 16.466053009033203 18.05752182006836
816 16.651813507080078 17.816059112548828
817 16.745624542236328 17.6138916015625
818 16.84547996520996 17.200197219848633
819 16.868228912353516 16.89258575439453
820 16.974088668823242 16.610258102416992
821 17.053754806518555 16.470197677612305
822 17.251548767089844 16.23806381225586
823 17.46725082397461 15.990008354187012
824 17.790685653686523 15.716405868530273
825 18.038311004638672 15.439297676086426
826 18.64237403869629 14.856517791748047
827 18.863971710205078 14.613722801208496
828 19.32671356201172 14.116616249084473
829 19.529142379760742 13.853703498840332
830 19.939319610595703 13.47496223449707
831 20.20250129699707 13.242602348327637
832 20.420862197875977 13.021981239318848
833 20.805953979492188 12.637822151184082
834 21.05890464782715 12.328190803527832
835 21.20970344543457 11.984015464782715
836 21.365928649902344 11.397610664367676
837 21.429086685180664 11.031038284301758
838 21.503032684326172 10.221724510192871
839 21.455717086791992 9.917183876037598
840 21.338163375854492 9.297548294067383
841 21.17167091369629 8.865066528320312
842 20.962507247924805 8.45512866973877
843 20.837690353393555 8.081999778747559
844 20.71135711669922 7.705035209655762
845 20.648672103881836 7.266541481018066
846 20.67870330810547 6.7849931716918945
847 20.58675765991211 6.390637397766113
848 20.342100143432617 6.142852783203125
849 19.866811752319336 6.0402374267578125
850 19.740297317504883 5.9805097579956055
851 19.419713973999023 5.90731954574585
852 12.467582702636719 7.041708946228027
853 12.36319351196289 7.154731273651123
854 12.274409294128418 7.444797039031982
855 12.255436897277832 7.9235711097717285
856 12.369501113891602 8.433038711547852
857 12.598085403442383 8.90778923034668
858 12.827966690063477 9.165326118469238
859 13.223199844360352 9.538216590881348
860 13.481081008911133 9.723222732543945
861 13.797768592834473 9.964000701904297
862 13.971635818481445 10.110902786254883
863 14.130254745483398 10.285859107971191
864 14.148118019104004 10.473348617553711
865 14.175816535949707 10.827935218811035
866 14.269680976867676 11.295291900634766
867 14.211496353149414 11.439748764038086
868 14.001973152160645 11.484808921813965
869 -7.591550827026367 14.862631797790527
870 -7.586178302764893 14.792964935302734
871 -7.529399394989014 14.649409294128418
872 -7.372851848602295 14.364551544189453
873 -7.01925802230835 13.81599235534668
874 -6.883690357208252 13.6188383102417
875 -6.709932327270508 13.359012603759766
876 -6.557709693908691 13.16459846496582
877 -6.480294704437256 12.950272560119629
878 3.976653575897217 0.9989731311798096
879 4.114481449127197 0.8650020360946655
880 4.259438514709473 0.7599745392799377
881 4.712797164916992 0.49862363934516907
882 4.981657981872559 0.27897804975509644
883 4.978382587432861 -0.003378343302756548
884 4.860880374908447 -0.3571908473968506
885 4.691925525665283 -0.5258390307426453
886 4.319150447845459 -0.6540209650993347
887 3.8655567169189453 -0.7432330846786499
888 3.564735174179077 -0.7531933784484863
889 3.0064547061920166 -0.760659396648407
890 2.675222873687744 -0.915770947933197
891 2.46230149269104 -1.1303327083587646
892 2.3139305114746094 -1.3455754518508911
893 2.1774585247039795 -1.6278012990951538
894 1.9420464038848877 -1.9958416223526
895 1.7305407524108887 -2.065664768218994
896 1.0598359107971191 -1.9079891443252563
897 0.3550114333629608 -1.8700590133666992
898 -0.02964174933731556 -1.8147093057632446
899 -0.36125636100769043 -1.798296570777893
900 -0.5085285305976868 -1.6417821645736694
901 -0.7221250534057617 -1.3022172451019287
902 -1.0673818588256836 -0.9432116150856018
903 -1.4074889421463013 -0.6334583163261414
904 -1.5946171283721924 -0.37280192971229553
905 -1.7373325824737549 -0.04967059940099716
906 -1.7216023206710815 0.322173148393631
907 -1.7190024852752686 0.5819715857505798
908 -1.7607743740081787 0.9105791449546814
909 -1.81575608253479 1.1029592752456665
910 -5.236252307891846 7.7772979736328125
911 -5.302783012390137 8.1431884765625
912 -5.333150386810303 8.647211074829102
913 -5.317086696624756 9.173669815063477
914 -5.294612407684326 9.72132396697998
915 -5.243289947509766 9.964238166809082
916 -5.036755561828613 10.217683792114258
917 -4.822552680969238 10.398539543151855
918 -4.523745536804199 10.33920955657959
919 -4.105314254760742 10.258277893066406
920 -3.5171806812286377 10.107827186584473
921 -3.2816271781921387 9.989568710327148
922 -2.826206922531128 9.653861045837402
923 -2.590318202972412 9.438053131103516
924 -2.227337121963501 9.203307151794434
925 -1.8211854696273804 9.100174903869629
926 -1.6317251920700073 9.204996109008789
927 -1.3982011079788208 9.562996864318848
928 -1.221104621887207 9.945672035217285
929 -1.0715231895446777 10.092535972595215
930 8.397644996643066 16.30433464050293
931 8.623136520385742 16.325878143310547
932 8.860237121582031 16.083940505981445
933 9.105566024780273 15.58419132232666
934 9.288742065429688 15.392824172973633
935 9.563230514526367 15.246329307556152
936 9.89989185333252 15.065311431884766
937 10.35181999206543 14.813297271728516
938 10.53678035736084 14.600011825561523
939 10.601202011108398 14.358596801757812
940 10.742013931274414 13.867236137390137
941 10.778231620788574 13.714226722717285
942 12.282903671264648 -11.276053428649902
943 12.063523292541504 -11.28282356262207
944 11.742110252380371 -11.250813484191895
945 11.510709762573242 -11.225730895996094
946 11.198969841003418 -11.12118911743164
947 11.019844055175781 -11.026698112487793
948 10.872697830200195 -10.866018295288086
949 9.354776382446289 -6.272548198699951
950 9.391436576843262 -6.084664821624756
951 9.465027809143066 -5.952406883239746
952 9.698171615600586 -5.683559894561768
953 10.018001556396484 -5.43262243270874
954 10.542585372924805 -4.9871826171875
955 10.849148750305176 -4.711577415466309
956 11.251457214355469 -4.461451053619385
957 11.558154106140137 -4.29715633392334
958 11.754476547241211 -4.218212604522705
959 16.868879318237305 5.639084339141846
960 17.16448402404785 5.988517761230469
961 17.33739471435547 6.188470363616943
962 17.392887115478516 6.415634632110596
963 17.278308868408203 6.702325820922852
964 17.152700424194336 7.038859844207764
965 17.019775390625 7.419029235839844
966 16.91522789001465 7.777689456939697
967 16.575305938720703 8.215245246887207
968 16.340211868286133 8.413141250610352
969 16.035112380981445 8.560999870300293
970 15.563787460327148 8.619996070861816
971 15.322393417358398 8.615294456481934
972 15.094959259033203 8.582871437072754
973 2.2237682342529297 7.304582595825195
974 2.2953782081604004 7.156891345977783
975 2.4375505447387695 7.055178642272949
976 2.6101057529449463 7.011755466461182
977 3.0542123317718506 7.028871536254883
978 3.770104169845581 7.112240314483643
979 3.984407663345337 7.066893577575684
980 4.023427486419678 6.531254291534424
981 4.153446197509766 6.421842098236084
982 4.573614120483398 6.479381084442139
983 4.998631477355957 6.672938823699951
984 5.307632923126221 6.74285364151001
985 5.641224384307861 6.705533981323242
986 5.733902931213379 6.575231552124023
987 5.743692398071289 6.220478534698486
988 5.797214508056641 5.838222026824951
989 5.891716003417969 5.502325534820557
990 7.136416435241699 1.210913896560669
991 7.331705093383789 0.9944545030593872
992 7.745246887207031 0.7890709638595581
993 7.925690650939941 0.6587353944778442
994 8.200285911560059 0.7218762040138245
995 8.423883438110352 0.9136399030685425
996 8.65690803527832 1.5480459928512573
997 8.736205101013184 1.6872873306274414
998 8.861793518066406 1.779801845550537
999 8.92502212524414 1.7756690979003906
