0 -48.31634521484375 21.110689163208008
1 -48.33902359008789 21.006053924560547
2 -48.38813781738281 20.799034118652344
3 -48.41338348388672 20.502931594848633
4 -48.40377426147461 20.240251541137695
5 -48.2950553894043 19.87348747253418
6 -48.159053802490234 19.56755256652832
7 -48.03798294067383 19.306249618530273
8 -47.94060516357422 19.066558837890625
9 -47.80440902709961 18.950416564941406
10 -47.46161651611328 18.90852165222168
11 -46.65842819213867 18.745603561401367
12 -46.13688659667969 18.733495712280273
13 -45.81216049194336 18.831254959106445
14 -45.541229248046875 19.114307403564453
15 -45.11198806762695 19.74725914001465
16 -44.983089447021484 19.971466064453125
17 -44.922462463378906 20.12587547302246
18 -44.8607292175293 20.27383041381836
19 -34.78826141357422 41.47795867919922
20 -34.6473274230957 41.450111389160156
21 -34.462093353271484 41.40910720825195
22 -34.22816848754883 41.31184387207031
23 -33.80027770996094 41.08271789550781
24 -33.51383590698242 40.90683364868164
25 -33.177608489990234 40.715728759765625
26 -32.723045349121094 40.509517669677734
27 -32.42776107788086 40.37370300292969
28 -32.23109817504883 40.246246337890625
29 -32.15489196777344 40.00587844848633
30 -32.063838958740234 39.570335388183594
31 -32.04375457763672 39.3663330078125
32 -32.04425811767578 38.795658111572266
33 -32.088157653808594 38.58840560913086
34 -32.242515563964844 38.37823486328125
35 -32.37727737426758 38.20528030395508
36 -32.66676330566406 37.902164459228516
37 -33.025169372558594 37.557064056396484
38 -33.097137451171875 37.418212890625
39 -33.316436767578125 37.043617248535156
40 -33.48849105834961 36.75565719604492
41 -33.618465423583984 36.557464599609375
42 -33.74638366699219 36.371421813964844
43 -33.94596862792969 36.07870864868164
44 -34.09075927734375 35.83649444580078
45 -34.23044204711914 35.570308685302734
46 -34.56877136230469 35.093624114990234
47 -34.71949768066406 34.91434860229492
48 -34.95378875732422 34.76980209350586
49 -35.292972564697266 34.6083984375
50 -35.540218353271484 34.55815505981445
51 -35.83483123779297 34.50934982299805
52 -36.16133117675781 34.4068603515625
53 -36.333831787109375 34.36354446411133
54 -36.62356185913086 34.48974609375
55 -37.09565734863281 34.682655334472656
56 -37.34115219116211 34.73876190185547
57 -37.53725051879883 34.79603576660156
58 -37.80988693237305 34.86383819580078
59 -38.1600227355957 34.93114471435547
60 -38.505043029785156 34.950923919677734
61 -39.10057830810547 34.92641067504883
62 -39.4373779296875 34.93295669555664
63 -39.715633392333984 35.013710021972656
64 -39.97007751464844 35.16550827026367
65 -40.113834381103516 35.39677047729492
66 -40.27840042114258 35.79056930541992
67 -40.42239761352539 36.237701416015625
68 -40.43856430053711 36.50973892211914
69 -40.430580139160156 36.799530029296875
70 -40.40617370605469 37.13071060180664
71 -40.37700271606445 37.493228912353516
72 -40.37945556640625 37.95106506347656
73 -40.41614532470703 38.28954315185547
74 -40.45649719238281 38.7237548828125
75 -40.49365997314453 38.990699768066406
76 -40.544193267822266 39.26292037963867
77 -40.587162017822266 39.677616119384766
78 -40.59264373779297 39.878047943115234
79 -40.69350051879883 40.05595397949219
80 -40.98102951049805 40.53739929199219
81 -41.14995193481445 40.80887985229492
82 -41.335655212402344 41.08464050292969
83 -41.45751190185547 41.2268180847168
84 -41.69252014160156 41.442527770996094
85 -42.30343246459961 42.13718795776367
86 -42.4362678527832 42.216251373291016
87 -42.63134002685547 42.38100814819336
88 -42.796939849853516 42.46363830566406
89 -53.876731872558594 39.779720306396484
90 -54.0946159362793 39.66059875488281
91 -54.41869354248047 39.428321838378906
92 -54.74711608886719 39.172203063964844
93 -55.07003402709961 38.862091064453125
94 -55.457977294921875 38.42026138305664
95 -55.58917236328125 38.2040901184082
96 -55.67538833618164 37.95967102050781
97 -55.753292083740234 37.64938735961914
98 -55.79450225830078 37.436279296875
99 -55.924034118652344 36.75302505493164
100 -55.968997955322266 36.46685791015625
101 -55.940879821777344 36.131290435791016
102 -55.89999771118164 35.67555236816406
103 -55.93647766113281 35.37901306152344
104 -55.97578048706055 35.141361236572266
105 -56.1387825012207 35.01591110229492
106 -56.66828918457031 34.81977844238281
107 -57.1553955078125 34.56888198852539
108 -57.46776580810547 34.53352737426758
109 -57.82626724243164 34.54943084716797
110 -58.10043716430664 34.57431411743164
111 -58.44657516479492 34.62921142578125
112 -59.0469856262207 34.856285095214844
113 -59.235626220703125 35.01027297973633
114 -59.374305725097656 35.282413482666016
115 -59.48267364501953 35.683494567871094
116 -59.50877380371094 35.983802795410156
117 -59.45985794067383 36.506778717041016
118 -59.43434143066406 36.83740234375
119 -59.373756408691406 37.15468215942383
120 -59.347190856933594 37.45549774169922
121 -59.36604690551758 37.604278564453125
122 -59.419254302978516 37.827274322509766
123 -66.85302734375 47.19510269165039
124 -66.96442413330078 47.40959548950195
125 -67.12252807617188 47.841644287109375
126 -67.25727081298828 48.1450080871582
127 -67.39701843261719 48.42852783203125
128 -67.60722351074219 48.638973236083984
129 -67.85304260253906 48.93218231201172
130 -68.00052642822266 49.0989990234375
131 -68.13043975830078 49.339900970458984
132 -68.33333587646484 49.878238677978516
133 -68.3761978149414 49.98445129394531
134 -68.43692016601562 50.117061614990234
135 -42.14560317993164 54.080196380615234
136 -41.87947463989258 53.99890899658203
137 -41.58051300048828 53.89912796020508
138 -41.277061462402344 53.77345275878906
139 -41.06706619262695 53.626007080078125
140 -40.83539962768555 53.4487190246582
141 -40.41970443725586 53.05937957763672
142 -40.15176773071289 52.72880554199219
143 -40.03466796875 52.585147857666016
144 -39.90047836303711 52.281829833984375
145 -39.817054748535156 52.04656982421875
146 -39.755035400390625 51.474708557128906
147 -39.68327713012695 51.164466857910156
148 -39.62759017944336 50.9240608215332
149 -39.61176681518555 50.734153747558594
150 -39.39484786987305 49.74612045288086
151 -39.30998611450195 49.37734603881836
152 -39.18004608154297 48.84829330444336
153 -39.10069274902344 48.55079650878906
154 -39.051116943359375 48.24738693237305
155 -39.034263610839844 47.953853607177734
156 -39.06825637817383 47.58373260498047
157 -39.19478225708008 46.57209396362305
158 -39.27434158325195 46.30011749267578
159 -39.46152114868164 46.1168098449707
160 -39.82076644897461 45.88369369506836
161 -40.10823440551758 45.717525482177734
162 -40.3241081237793 45.60081481933594
163 -70.31108856201172 46.29214096069336
164 -70.51145935058594 46.28858947753906
165 -70.80377960205078 46.31046676635742
166 -71.22825622558594 46.231319427490234
167 -71.54191589355469 46.179222106933594
168 -71.65283203125 46.145938873291016
169 -71.87321472167969 45.99297332763672
170 -72.23017883300781 45.74964904785156
171 -72.72366333007812 45.35043716430664
172 -72.89009857177734 45.100555419921875
173 -72.8978500366211 44.82862854003906
174 -72.88861083984375 44.580116271972656
175 -72.96585845947266 44.305198669433594
176 -72.98303985595703 44.112342834472656
177 -73.14546203613281 42.14695739746094
178 -73.18899536132812 41.872222900390625
179 -73.23750305175781 41.57632827758789
180 -73.30651092529297 41.07231521606445
181 -73.34272766113281 40.761573791503906
182 -73.39009094238281 40.30414581298828
183 -73.40116119384766 39.84991455078125
184 -73.3707046508789 39.55929183959961
185 -73.34402465820312 39.226287841796875
186 -73.37293243408203 38.840904235839844
187 -73.40977478027344 38.47494888305664
188 -73.42741394042969 38.05630111694336
189 -73.43701934814453 37.8814811706543
190 -73.3477783203125 36.78846740722656
191 -73.3156967163086 36.63637161254883
192 -73.26940155029297 36.251731872558594
193 -73.22766876220703 35.9985466003418
194 -73.18365478515625 35.769866943359375
195 -73.12606048583984 35.41539001464844
196 -73.06130981445312 34.87620544433594
197 -73.02180480957031 34.44181823730469
198 -73.00961303710938 33.699642181396484
199 -73.05931854248047 33.3023681640625
200 -73.10136413574219 33.045501708984375
201 -73.29695892333984 32.716190338134766
202 -73.55118560791016 32.318626403808594
203 -73.79598236083984 32.02846908569336
204 -74.10807037353516 31.747236251831055
205 -74.47632598876953 31.637447357177734
206 -74.78215026855469 31.597023010253906
207 -75.21013641357422 31.59088706970215
208 -75.63008117675781 31.62969207763672
209 -76.08220672607422 31.703317642211914
210 -76.34209442138672 31.725929260253906
211 -76.52023315429688 31.766510009765625
212 -76.77326965332031 31.84833335876465
213 -77.15293884277344 32.023414611816406
214 -77.70816802978516 32.27947998046875
215 -77.81306457519531 32.3189811706543
216 -78.21601104736328 32.469451904296875
217 -78.97488403320312 32.6556282043457
218 -79.31533813476562 32.668243408203125
219 -79.66742706298828 32.684303283691406
220 -79.9308853149414 32.63508224487305
221 -80.30936431884766 32.5380744934082
222 -80.6375961303711 32.46390914916992
223 -81.02516174316406 32.29235076904297
224 -81.31292724609375 32.08382034301758
225 -81.60514831542969 31.76753807067871
226 -81.82289123535156 31.46308135986328
227 -81.99614715576172 31.1318416595459
228 -82.21299743652344 30.68179702758789
229 -82.5107650756836 29.985496520996094
230 -82.7586898803711 29.458066940307617
231 -82.9015121459961 29.15122413635254
232 -83.04212951660156 28.811243057250977
233 -83.21040344238281 28.410350799560547
234 -83.65557098388672 27.794038772583008
235 -83.73931121826172 27.570405960083008
236 -83.7493667602539 27.398311614990234
237 -83.70625305175781 26.817453384399414
238 -83.7327880859375 26.447002410888672
239 -83.73002624511719 26.274917602539062
240 -83.58103942871094 25.822113037109375
241 -83.46512603759766 25.577882766723633
242 -83.11277770996094 25.042724609375
243 -82.76821899414062 24.680788040161133
244 -82.53408813476562 24.484580993652344
245 -82.2918701171875 24.450763702392578
246 -81.48365783691406 24.408096313476562
247 -81.17733764648438 24.422842025756836
248 -80.8696517944336 24.412384033203125
249 -80.50099182128906 24.34998893737793
250 -80.12403869628906 24.262161254882812
251 -79.8239974975586 24.148876190185547
252 -79.55158996582031 24.002235412597656
253 -78.97317504882812 23.606632232666016
254 -78.72933197021484 23.454191207885742
255 -78.48463439941406 23.345802307128906
256 -78.09140014648438 23.378379821777344
257 -77.15363311767578 23.49993324279785
258 -76.77713012695312 23.582048416137695
259 -76.4933853149414 23.639720916748047
260 -76.2499008178711 23.786277770996094
261 -75.85836029052734 24.051815032958984
262 -75.65868377685547 24.203210830688477
263 -75.4681167602539 24.289371490478516
264 -75.24484252929688 24.356367111206055
265 -74.9794692993164 24.395069122314453
266 -74.75839233398438 24.405303955078125
267 -74.37881469726562 24.387182235717773
268 -74.09142303466797 24.352657318115234
269 -73.78121185302734 24.30820083618164
270 -73.45499420166016 24.23538589477539
271 -73.07478332519531 24.13634490966797
272 -72.65020751953125 24.0786075592041
273 -72.3399429321289 24.03567123413086
274 -71.98534393310547 24.003074645996094
275 -71.80001068115234 24.005916595458984
276 -71.40228271484375 24.04134750366211
277 -71.10013580322266 24.073087692260742
278 -70.60774230957031 24.01608657836914
279 -69.82328796386719 23.857784271240234
280 -69.51863861083984 23.812654495239258
281 -69.28672790527344 23.817378997802734
282 -69.00924682617188 23.907501220703125
283 -68.8186264038086 24.150772094726562
284 -68.79496765136719 24.615028381347656
285 -68.9580078125 24.964879989624023
286 -69.02216339111328 25.13232421875
287 -69.22621154785156 25.352294921875
288 -69.54450988769531 25.63855743408203
289 -69.83222198486328 25.938465118408203
290 -70.06847381591797 26.271024703979492
291 -70.26969146728516 26.774784088134766
292 -70.3572006225586 27.016172409057617
293 -70.32284545898438 27.245248794555664
294 -70.18848419189453 27.51150131225586
295 -69.8930435180664 27.635454177856445
296 -69.5171890258789 27.55898666381836
297 -69.07611846923828 27.483654022216797
298 -68.7121810913086 27.489952087402344
299 -68.29592895507812 27.464868545532227
300 -67.91654968261719 27.41554832458496
301 -67.39972686767578 27.28897476196289
302 -67.10935974121094 27.237564086914062
303 -66.79370880126953 27.260128021240234
304 -66.23162841796875 27.337827682495117
305 -65.88687133789062 27.382661819458008
306 -65.5791244506836 27.426923751831055
307 -65.0723876953125 27.52587890625
308 -64.64202117919922 27.629579544067383
309 -64.4677734375 27.66527557373047
310 -64.2255630493164 27.797290802001953
311 -63.907073974609375 27.998605728149414
312 -63.4151725769043 28.4793701171875
313 -63.1378059387207 28.783580780029297
314 -62.977783203125 28.976730346679688
315 -62.72610092163086 29.28130340576172
316 -62.67047882080078 29.44906997680664
317 -62.62636947631836 29.59603500366211
318 -62.47816848754883 29.85094451904297
319 -62.3021240234375 30.16219139099121
320 -62.0217399597168 30.47903060913086
321 -61.724185943603516 30.784202575683594
322 -61.625362396240234 30.882417678833008
323 -61.403690338134766 30.894865036010742
324 -61.084468841552734 30.871307373046875
325 -60.32646942138672 30.681594848632812
326 -60.06039810180664 30.58020782470703
327 -59.915096282958984 30.479171752929688
328 -53.76518630981445 11.440499305725098
329 -53.60977554321289 11.2609281539917
330 -53.45213317871094 11.106027603149414
331 -52.950828552246094 10.596742630004883
332 -52.819271087646484 10.372893333435059
333 -52.62110900878906 10.308722496032715
334 -52.34313201904297 10.27708911895752
335 -51.984039306640625 10.261429786682129
336 -51.61927032470703 10.256105422973633
337 -51.361907958984375 10.316986083984375
338 -51.07819366455078 10.437817573547363
339 -50.81304931640625 10.577625274658203
340 -50.57319641113281 10.756868362426758
341 -50.349876403808594 10.909399032592773
342 -50.17990493774414 11.045307159423828
343 -49.90001678466797 11.324783325195312
344 -49.57634735107422 11.705826759338379
345 -49.43735122680664 11.890545845031738
346 -49.265708923339844 12.188552856445312
347 -50.33975601196289 44.82748031616211
348 -50.33224868774414 44.88737869262695
349 -50.354896545410156 45.041778564453125
350 -50.4207763671875 45.391693115234375
351 -50.478057861328125 45.760860443115234
352 -50.567996978759766 46.02521514892578
353 -50.78266906738281 46.638938903808594
354 -50.88520050048828 47.045589447021484
355 -50.92544174194336 47.26686096191406
356 -50.921531677246094 47.75529098510742
357 -50.854827880859375 48.35282516479492
358 -50.867881774902344 48.67384719848633
359 -50.946781158447266 48.99630355834961
360 -51.07797622680664 49.26629638671875
361 -51.13874053955078 49.38861846923828
362 -51.414066314697266 49.81574630737305
363 -51.61933135986328 49.99209213256836
364 -51.936546325683594 50.15388870239258
365 -52.535648345947266 50.2802619934082
366 -52.79292297363281 50.28358840942383
367 -53.23220443725586 50.05911636352539
368 -53.511070251464844 49.649044036865234
369 -53.677494049072266 49.43387985229492
370 -53.80732727050781 49.215782165527344
371 -53.98331832885742 48.71630859375
372 -54.06941223144531 48.512428283691406
373 -54.22772979736328 48.18001174926758
374 -54.29148864746094 47.969268798828125
375 -54.34370422363281 47.74324417114258
376 -54.43196487426758 47.41936111450195
377 -54.6330680847168 46.80463409423828
378 -54.7789421081543 46.43935775756836
379 -54.93626403808594 46.0428581237793
380 -55.05033874511719 45.60795593261719
381 -55.1388053894043 45.29334259033203
382 -55.2160758972168 45.05965042114258
383 -55.466949462890625 44.82101058959961
384 -55.82286071777344 44.478790283203125
385 -56.2327766418457 44.14574432373047
386 -56.40640640258789 43.99137878417969
387 -56.70331954956055 43.73540496826172
388 -56.90383529663086 43.560272216796875
389 -57.03791427612305 43.45269012451172
390 -57.515811920166016 43.10871505737305
391 -58.131988525390625 42.72779083251953
392 -58.51063919067383 42.537376403808594
393 -58.90145492553711 42.414894104003906
394 -59.3958625793457 42.34187316894531
395 -59.62814712524414 42.35346221923828
396 -59.79145431518555 42.43264389038086
397 -59.8959846496582 42.585205078125
398 -60.05556106567383 42.85088348388672
399 -59.4344596862793 59.24163818359375
400 -59.4933967590332 59.43925857543945
401 -59.56190490722656 59.6170539855957
402 -59.68092727661133 59.94363021850586
403 -59.847015380859375 60.229957580566406
404 -60.00930404663086 60.48625946044922
405 -60.167354583740234 60.6651496887207
406 -60.46661376953125 60.969085693359375
407 -60.831661224365234 61.27375030517578
408 -61.08994674682617 61.47843933105469
409 -61.33457946777344 61.672706604003906
410 -61.611576080322266 61.89315414428711
411 -61.92864227294922 62.14091873168945
412 -62.33537292480469 62.50248336791992
413 -62.59996032714844 62.759437561035156
414 -62.94830322265625 63.1434440612793
415 -63.14829635620117 63.36581802368164
416 -63.37134552001953 63.51548385620117
417 -63.70701599121094 63.74553298950195
418 -63.84516525268555 63.80767822265625
419 -64.05120086669922 63.82695388793945
420 -64.61678314208984 63.67403030395508
421 -64.74403381347656 63.61898422241211
422 -65.0171127319336 63.49114990234375
423 -65.23155975341797 63.41786193847656
424 -65.57701110839844 63.29543685913086
425 -65.943603515625 63.1480712890625
426 -66.37834167480469 62.962589263916016
427 -66.55811309814453 62.870975494384766
428 -66.79977416992188 62.74513244628906
429 -67.19413757324219 62.51569366455078
430 -68.14459228515625 62.04651641845703
431 -68.44713592529297 61.90839767456055
432 -68.78935241699219 61.68346405029297
433 -68.96312713623047 61.53136444091797
434 -69.27007293701172 61.198455810546875
435 -69.55362701416016 60.801570892333984
436 -69.70085906982422 60.547386169433594
437 -69.9448013305664 60.192848205566406
438 -70.04446411132812 60.04863357543945
439 -70.05168914794922 59.70417785644531
440 -70.01187133789062 59.34363555908203
441 -70.01277160644531 58.959659576416016
442 -70.01087188720703 58.648033142089844
443 -69.93292236328125 58.19819259643555
444 -69.7170639038086 57.61899948120117
445 -69.58074951171875 57.46046829223633
446 -69.41387939453125 57.37767028808594
447 -69.00211334228516 57.40375518798828
448 -68.60845184326172 57.41162109375
449 -68.0412826538086 57.42942428588867
450 -67.70608520507812 57.413116455078125
451 -67.39454650878906 57.400733947753906
452 -66.93206024169922 57.372528076171875
453 -66.52606201171875 57.37516403198242
454 -66.25043487548828 57.354530334472656
455 -66.03077697753906 57.264381408691406
456 -65.61759948730469 57.16246032714844
457 -65.24745178222656 56.941566467285156
458 -65.25749969482422 56.601261138916016
459 -65.4862060546875 56.162479400634766
460 -65.67936706542969 55.875972747802734
461 -65.898681640625 55.65421676635742
462 -66.10568237304688 55.332244873046875
463 -66.1233901977539 55.17375946044922
464 -65.89311218261719 54.919498443603516
465 -65.5996322631836 54.637428283691406
466 -65.35254669189453 54.484500885009766
467 -65.12535858154297 54.378700256347656
468 -64.83756256103516 54.295650482177734
469 -64.34248352050781 54.25485610961914
470 -63.95844650268555 54.36701583862305
471 -63.75318145751953 54.42145538330078
472 -63.49253845214844 54.419464111328125
473 -63.04640579223633 54.40512466430664
474 -62.673030853271484 54.43458938598633
475 -62.13615036010742 54.4714241027832
476 -61.810264587402344 54.5008430480957
477 -60.82855224609375 54.721710205078125
478 -60.20211410522461 54.84840393066406
479 -59.94479751586914 54.89142990112305
480 -59.488887786865234 54.945472717285156
481 -59.10852813720703 54.95526123046875
482 -58.6174430847168 54.96525955200195
483 -58.27328109741211 54.9936637878418
484 -57.837860107421875 55.0634880065918
485 -57.49817657470703 55.12473678588867
486 -57.120506286621094 55.173858642578125
487 -56.80574035644531 55.19717025756836
488 -56.2796630859375 55.26515197753906
489 -55.99884033203125 55.29401397705078
490 -55.75358963012695 55.30852127075195
491 -55.46848678588867 55.51588821411133
492 -55.134883880615234 55.76564407348633
493 -54.85760498046875 55.946956634521484
494 -54.637245178222656 56.07308578491211
495 -54.28358840942383 56.25389862060547
496 -54.05893325805664 56.42517852783203
497 -53.53988265991211 56.98468780517578
498 -52.998226165771484 57.57963943481445
499 -52.837158203125 57.74457550048828
500 -52.64523696899414 57.94062805175781
501 -52.47395706176758 58.08195877075195
502 -52.29536056518555 58.169761657714844
503 -51.81120681762695 58.33946228027344
504 -51.52467727661133 58.47018814086914
505 -51.276180267333984 58.312355041503906
506 -50.829368591308594 58.09504699707031
507 -50.49186325073242 57.92716979980469
508 -50.2390022277832 57.747501373291016
509 -49.93491744995117 57.60662841796875
510 -49.74287033081055 57.48760986328125
511 -49.66486740112305 57.3381462097168
512 -49.3997688293457 56.896366119384766
513 -49.266693115234375 56.672794342041016
514 -48.997528076171875 56.325355529785156
515 -48.68449020385742 55.89292526245117
516 -48.39073181152344 55.48624038696289
517 -48.202701568603516 55.14799499511719
518 -48.11134338378906 54.88390350341797
519 -48.058021545410156 54.648597717285156
520 -48.10376739501953 54.39083480834961
521 -48.215850830078125 53.9986686706543
522 -48.27070617675781 53.7317008972168
523 -48.27273941040039 53.61918258666992
524 -48.06349182128906 53.38017654418945
525 -47.77853012084961 52.90388107299805
526 -47.627803802490234 52.616886138916016
527 -47.4940185546875 52.36005783081055
528 -47.07590103149414 52.03089904785156
529 -46.76986312866211 51.84267807006836
530 -46.48295974731445 51.680171966552734
531 -46.03398132324219 51.42930603027344
532 -45.75924301147461 51.14802169799805
533 -45.67859649658203 50.89485549926758
534 -45.693260192871094 50.63608169555664
535 -45.83252716064453 50.38164520263672
536 -46.0609245300293 50.099952697753906
537 -46.17155075073242 49.954673767089844
538 -59.61785888671875 16.502901077270508
539 -59.79289245605469 16.38810157775879
540 -59.931758880615234 16.311424255371094
541 -60.51792526245117 16.128572463989258
542 -60.763362884521484 16.059921264648438
543 -60.94757843017578 15.941788673400879
544 -61.245574951171875 15.700106620788574
545 -61.495845794677734 15.468815803527832
546 -61.84286880493164 15.177901268005371
547 -62.19913864135742 14.905513763427734
548 -62.47296142578125 14.710599899291992
549 -62.701133728027344 14.579669952392578
550 -62.93130874633789 14.429157257080078
551 -63.121253967285156 14.350615501403809
552 -63.52788543701172 14.057692527770996
553 -63.828826904296875 13.7913236618042
554 -64.05917358398438 13.545775413513184
555 -64.26443481445312 13.238506317138672
556 -64.43914031982422 12.786559104919434
557 -64.59532928466797 12.31672477722168
558 -64.74134063720703 11.96568489074707
559 -64.72206115722656 11.770463943481445
560 -64.55829620361328 11.442367553710938
561 -64.38609313964844 11.190217971801758
562 -63.856502532958984 10.87232780456543
563 -63.38405227661133 10.690165519714355
564 -63.11465835571289 10.641263961791992
565 -62.88292694091797 10.62235164642334
566 -62.435848236083984 10.607462882995605
567 -62.11286163330078 10.595046997070312
568 -61.892669677734375 10.492108345031738
569 -61.682411193847656 10.199674606323242
570 -61.672420501708984 10.076197624206543
571 -61.580318450927734 9.813864707946777
572 -61.4500846862793 9.558145523071289
573 -61.080116271972656 9.069356918334961
574 -60.788780212402344 8.764156341552734
575 -60.36851119995117 8.563819885253906
576 -60.05478286743164 8.459105491638184
577 -59.777252197265625 8.404459953308105
578 -59.51931381225586 8.437971115112305
579 -59.08060836791992 8.582098960876465
580 -58.690250396728516 8.68758773803711
581 -58.32669448852539 8.822009086608887
582 -58.13453674316406 9.027652740478516
583 -57.98141098022461 9.376041412353516
584 -57.94108963012695 9.874205589294434
585 -57.84559631347656 10.438407897949219
586 -57.8419075012207 10.656275749206543
587 -57.87934112548828 11.157150268554688
588 -57.920387268066406 11.48399829864502
589 -58.041351318359375 11.653410911560059
590 -58.20389938354492 11.858348846435547
591 -58.364646911621094 12.146828651428223
592 -58.51013946533203 12.519148826599121
593 -58.5576057434082 12.871582984924316
594 -63.87519073486328 38.69915771484375
595 -63.906063079833984 38.8723030090332
596 -63.93354034423828 39.38761901855469
597 -63.94886779785156 39.608943939208984
598 -63.902809143066406 39.8570671081543
599 -63.7960319519043 40.1461181640625
600 -63.69512176513672 40.47065734863281
601 -63.566986083984375 40.832252502441406
602 -63.649532318115234 41.065425872802734
603 -63.864097595214844 41.26319122314453
604 -64.2482681274414 41.37225341796875
605 -64.45958709716797 41.50000762939453
606 -72.3076171875 50.5122184753418
607 -72.53885650634766 50.707611083984375
608 -72.78857421875 50.906654357910156
609 -73.10853576660156 51.15726089477539
610 -73.4415283203125 51.41856384277344
611 -73.66697692871094 51.610191345214844
612 -73.86312866210938 51.802433013916016
613 -74.35372161865234 52.28779220581055
614 -74.53290557861328 52.483524322509766
615 -74.6059341430664 52.59026336669922
616 -74.77538299560547 52.81486892700195
617 -75.05211639404297 53.107337951660156
618 -75.3230209350586 53.37742614746094
619 -75.46113586425781 53.51018142700195
620 -75.73773956298828 53.70906448364258
621 -76.1246109008789 53.88237762451172
622 -76.53864288330078 53.962825775146484
623 -77.17744445800781 54.07198715209961
624 -77.42346954345703 54.124576568603516
625 -77.54562377929688 54.049232482910156
626 -77.9253921508789 53.7702751159668
627 -78.31146240234375 53.52174758911133
628 -78.54341125488281 53.347999572753906
629 -78.68975830078125 53.1402702331543
630 -78.8424301147461 52.812313079833984
631 -78.97685241699219 52.531280517578125
632 -79.1457290649414 52.226356506347656
633 -79.32908630371094 51.97175598144531
634 -79.49874114990234 51.76262283325195
635 -79.6853256225586 51.49766159057617
636 -79.86345672607422 51.258914947509766
637 -80.18140411376953 50.824867248535156
638 -80.34848022460938 50.61716079711914
639 -80.57431030273438 50.34843444824219
640 -80.79773712158203 50.04395294189453
641 -80.95145416259766 49.82359313964844
642 -81.1230239868164 49.55103302001953
643 -81.19686889648438 49.22755813598633
644 -81.37261962890625 48.81513977050781
645 -81.38938903808594 48.680118560791016
646 -81.4289779663086 48.49333953857422
647 -81.4983139038086 48.10055160522461
648 -81.53355407714844 47.72220230102539
649 -81.57405853271484 47.40781784057617
650 -81.6106185913086 47.07493209838867
651 -81.62744140625 46.899662017822266
652 -69.28207397460938 19.056962966918945
653 -69.17621612548828 19.035104751586914
654 -68.83126831054688 19.04933738708496
655 -68.40865325927734 19.048892974853516
656 -67.66200256347656 19.060129165649414
657 -67.50485229492188 19.05087661743164
658 -67.15340423583984 19.062660217285156
659 -66.87992095947266 19.080612182617188
660 -66.68890380859375 19.09876823425293
661 -66.36705780029297 19.16240692138672
662 -65.83194732666016 19.258188247680664
663 -65.55489349365234 19.3190860748291
664 -65.21392059326172 19.405229568481445
665 -64.9736328125 19.4447078704834
666 -64.8209228515625 19.414087295532227
667 -64.67982482910156 19.654125213623047
668 -64.43942260742188 19.936328887939453
669 -64.25999450683594 20.084877014160156
670 -64.08684539794922 20.20643424987793
671 -63.868751525878906 20.342679977416992
672 -63.44941329956055 20.604217529296875
673 -63.00108337402344 20.879467010498047
674 -62.44796371459961 21.1888484954834
675 -62.211971282958984 21.326112747192383
676 -62.012977600097656 21.42770767211914
677 -61.788211822509766 21.557132720947266
678 -61.48445129394531 21.718406677246094
679 -61.225738525390625 21.881834030151367
680 -60.89506530761719 22.1473445892334
681 -60.83161163330078 22.208593368530273
682 -60.58799362182617 22.58643913269043
683 -60.39286804199219 23.023677825927734
684 -60.24858474731445 23.401403427124023
685 -60.141998291015625 23.583133697509766
686 -59.709686279296875 23.89309310913086
687 -59.41870880126953 23.93271827697754
688 -59.16057586669922 23.699735641479492
689 -58.93436050415039 23.248638153076172
690 -58.903560638427734 22.865306854248047
691 -59.00270080566406 21.935646057128906
692 -59.005550384521484 21.630687713623047
693 -58.899940490722656 21.224441528320312
694 -58.76762008666992 20.894136428833008
695 -58.465633392333984 20.57383918762207
696 -58.25757598876953 20.412906646728516
697 -58.09740447998047 20.36249351501465
698 -57.72127914428711 20.579748153686523
699 -57.37770080566406 20.819303512573242
700 -57.317359924316406 21.03960609436035
701 -57.23061752319336 21.289710998535156
702 -56.9972038269043 21.497722625732422
703 -56.675933837890625 21.574993133544922
704 -56.247005462646484 21.459213256835938
705 -55.89338684082031 21.329790115356445
706 -55.40703201293945 21.315452575683594
707 -55.1256103515625 21.409635543823242
708 -54.9350471496582 21.557880401611328
709 -54.928497314453125 21.979280471801758
710 -54.83937072753906 22.589214324951172
711 -54.68013381958008 23.070240020751953
712 -54.53874588012695 23.548282623291016
713 -54.376564025878906 24.156034469604492
714 -54.3485221862793 24.564722061157227
715 -54.51528549194336 24.691085815429688
716 -54.787635803222656 24.74773597717285
717 -55.38140106201172 24.83460807800293
718 -56.091800689697266 25.056915283203125
719 -56.327903747558594 25.247411727905273
720 -56.46275329589844 25.438539505004883
721 -56.68993377685547 25.867115020751953
722 -56.79431915283203 26.157732009887695
723 -56.83798599243164 26.394458770751953
724 -56.83574295043945 26.76947021484375
725 -56.83123779296875 27.043811798095703
726 -56.74960708618164 27.383596420288086
727 -56.583152770996094 27.984088897705078
728 -56.439823150634766 28.291080474853516
729 -56.23717498779297 28.737741470336914
730 -55.94569778442383 29.355674743652344
731 -55.65565490722656 29.865995407104492
732 -55.428314208984375 30.265666961669922
733 -55.269901275634766 30.395713806152344
734 -54.98551940917969 30.5682430267334
735 -54.65666198730469 30.737585067749023
736 -54.25826644897461 30.908384323120117
737 -53.9488639831543 30.994321823120117
738 -53.39470291137695 31.04629135131836
739 -53.160160064697266 30.97303581237793
740 -52.780277252197266 30.653675079345703
741 -52.56332778930664 30.374425888061523
742 -52.45869064331055 30.111186981201172
743 -52.35260772705078 29.775300979614258
744 -52.227813720703125 29.45802116394043
745 -52.1374397277832 29.256214141845703
746 -51.98287582397461 29.025691986083984
747 -51.73914337158203 28.824552536010742
748 -51.37818145751953 28.70625877380371
749 -51.031864166259766 28.63529396057129
750 -50.77098846435547 28.600814819335938
751 -50.41188049316406 28.635589599609375
752 -49.9829216003418 28.673734664916992
753 -49.676116943359375 28.697086334228516
754 -49.43593978881836 28.718547821044922
755 -49.14988708496094 28.746328353881836
756 -48.6469612121582 28.54940414428711
757 -48.32513427734375 28.282550811767578
758 -48.230892181396484 28.054012298583984
759 -48.114585876464844 27.595291137695312
760 -48.05403137207031 27.26602554321289
761 -48.1241569519043 26.517803192138672
762 -48.24445343017578 26.055469512939453
763 -48.37160110473633 25.832813262939453
764 -48.574623107910156 25.576824188232422
765 -48.822078704833984 25.30168914794922
766 -48.99827575683594 25.04446029663086
767 -49.413841247558594 24.262678146362305
768 -49.787540435791016 23.540252685546875
769 -49.99015426635742 23.217018127441406
770 -50.2213020324707 22.821237564086914
771 -50.418373107910156 22.482839584350586
772 -50.606483459472656 22.17111587524414
773 -50.812232971191406 21.828065872192383
774 -51.03517150878906 21.45375633239746
775 -51.310821533203125 20.991989135742188
776 -51.44121170043945 20.710725784301758
777 -51.55885696411133 20.28196144104004
778 -51.6971435546875 19.639450073242188
779 -51.83583068847656 19.221363067626953
780 -51.95991897583008 18.9420223236084
781 -52.1756591796875 18.485549926757812
782 -52.326961517333984 18.2222900390625
783 -52.470985412597656 17.940889358520508
784 -52.60387420654297 17.692829132080078
785 -52.74683380126953 17.390892028808594
786 -52.95877456665039 16.936683654785156
787 -53.02446746826172 16.78573989868164
788 -53.26342010498047 16.455921173095703
789 -53.40232467651367 16.26435661315918
790 -53.70861053466797 16.055522918701172
791 -54.28446578979492 15.64586353302002
792 -54.52114486694336 15.53797435760498
793 -54.726688385009766 15.476040840148926
794 -55.11215591430664 15.41251277923584
795 -55.435150146484375 15.378992080688477
796 -55.69156265258789 15.432597160339355
797 -55.88153076171875 15.520867347717285
798 -56.04580307006836 15.622072219848633
799 -44.605159759521484 25.015670776367188
800 -44.45468521118164 25.105810165405273
801 -44.115509033203125 25.321313858032227
802 -43.77099609375 25.548118591308594
803 -43.535430908203125 25.699108123779297
804 -43.24069595336914 25.884552001953125
805 -42.831905364990234 26.130462646484375
806 -42.51757049560547 26.28748893737793
807 -42.196407318115234 26.48601722717285
808 -42.02997589111328 26.663293838500977
809 -41.867897033691406 27.03801155090332
810 -41.89106750488281 27.21533966064453
811 -41.92372131347656 27.625228881835938
812 -41.942771911621094 28.239442825317383
813 -41.89261245727539 28.49274444580078
814 -42.00171661376953 28.6817626953125
815 -42.17481231689453 28.98650360107422
816 -42.25914001464844 29.185636520385742
817 -42.37760543823242 29.31739044189453
818 -42.501136779785156 29.515581130981445
819 -42.6687126159668 29.83097267150879
820 -42.89910125732422 30.233551025390625
821 -43.187278747558594 30.580379486083984
822 -43.46182632446289 30.766010284423828
823 -43.781436920166016 30.88553810119629
824 -44.26689529418945 31.096576690673828
825 -44.77342224121094 31.413625717163086
826 -45.116119384765625 31.653514862060547
827 -45.53819274902344 31.93116569519043
828 -45.822509765625 32.13687515258789
829 -46.056549072265625 32.3050422668457
830 -46.21076202392578 32.38177490234375
831 -46.35502243041992 32.605690002441406
832 -46.557003021240234 33.13187789916992
833 -46.605934143066406 33.35865783691406
834 -46.62565612792969 33.6585578918457
835 -46.550750732421875 34.62543487548828
836 -46.56354904174805 35.015159606933594
837 -46.603885650634766 35.199974060058594
838 -46.77785873413086 35.45608901977539
839 -47.04124450683594 35.634803771972656
840 -47.278499603271484 35.70625686645508
841 -47.6512451171875 35.69359588623047
842 -48.11669921875 35.54937744140625
843 -48.55742645263672 35.4390754699707
844 -48.81907653808594 35.368282318115234
845 -49.11227798461914 35.293983459472656
846 -49.31635284423828 35.32072067260742
847 -49.60539627075195 35.47092056274414
848 -49.79989242553711 35.643680572509766
849 -50.035011291503906 35.861656188964844
850 -50.38794708251953 36.110870361328125
851 -50.86447525024414 36.40034484863281
852 -51.03398132324219 36.48186492919922
853 -51.51100540161133 36.63843536376953
854 -51.64264678955078 36.693756103515625
855 -51.70706558227539 36.71957015991211
856 -65.06561279296875 34.93848419189453
857 -65.40547943115234 34.94178009033203
858 -65.6737289428711 34.99106216430664
859 -65.97620391845703 35.1317253112793
860 -66.17852020263672 35.271663665771484
861 -66.4631576538086 35.47826385498047
862 -66.89073944091797 35.863887786865234
863 -67.26972198486328 36.212852478027344
864 -67.5377426147461 36.46273422241211
865 -67.75830078125 36.66977310180664
866 -67.87825775146484 36.840755462646484
867 -68.26587677001953 37.62458419799805
868 -68.39061737060547 37.827510833740234
869 -68.52569580078125 38.065067291259766
870 -68.62762451171875 38.29472732543945
871 -68.61457061767578 38.63176727294922
872 -68.59066772460938 38.840675354003906
873 -68.55829620361328 39.23582077026367
874 -68.53768157958984 39.69819259643555
875 -68.5382080078125 40.06717300415039
876 -68.51285552978516 40.35734558105469
877 -68.4592056274414 40.615596771240234
878 -68.34126281738281 41.02512741088867
879 -68.14945220947266 41.491790771484375
880 -67.96820831298828 41.75080871582031
881 -67.68844604492188 42.01369094848633
882 -67.31896209716797 42.30742645263672
883 -66.73628234863281 42.74291229248047
884 -66.3604965209961 43.06239700317383
885 -65.91015625 43.4962043762207
886 -65.19758605957031 44.06333923339844
887 -64.95207977294922 44.24644088745117
888 -64.72137451171875 44.36222839355469
889 -64.56367492675781 44.43897247314453
890 -64.44967651367188 44.51567077636719
891 -64.22349548339844 44.62636184692383
892 -63.95494842529297 44.80501937866211
893 -63.69608688354492 44.961936950683594
894 -63.48003005981445 45.075904846191406
895 -63.15849304199219 45.417205810546875
896 -62.67478561401367 46.01823425292969
897 -62.495147705078125 46.36539840698242
898 -62.45158386230469 46.571590423583984
899 -62.50773620605469 46.956905364990234
900 -62.619598388671875 47.25817108154297
901 -62.78754806518555 47.662593841552734
902 -62.966064453125 48.11034393310547
903 -63.201969146728516 48.7437744140625
904 -63.26451873779297 48.955841064453125
905 -63.264286041259766 49.14076232910156
906 -63.13360595703125 49.35085678100586
907 -62.30830001831055 49.657501220703125
908 -62.00845718383789 49.800514221191406
909 -61.635013580322266 50.062076568603516
910 -61.340084075927734 50.22221374511719
911 -60.990482330322266 50.33500289916992
912 -60.6790771484375 50.4785270690918
913 -60.42781448364258 50.601463317871094
914 -60.15114212036133 50.629981994628906
915 -59.87751007080078 50.52260971069336
916 -59.5071907043457 50.20585632324219
917 -59.24678421020508 50.05723190307617
918 -59.22774887084961 49.80331802368164
919 -59.17452621459961 49.483055114746094
920 -58.96963882446289 49.145179748535156
921 -58.613739013671875 48.65924072265625
922 -58.15768814086914 48.18264389038086
923 -58.01185607910156 47.975406646728516
924 -57.95876693725586 47.80924606323242
925 -57.8609619140625 47.50955581665039
926 -57.793846130371094 47.331504821777344
927 -57.732540130615234 47.04743576049805
928 -57.64400100708008 46.71276092529297
929 -57.522369384765625 46.335941314697266
930 -53.32075881958008 42.67573165893555
931 -53.00651168823242 42.475486755371094
932 -52.78514099121094 42.36951446533203
933 -52.46320343017578 42.15681457519531
934 -52.21922302246094 41.99398422241211
935 -51.64778518676758 41.60670471191406
936 -51.31539535522461 41.40303421020508
937 -51.12723922729492 41.3160400390625
938 -50.69818115234375 41.107940673828125
939 -50.36930847167969 40.966880798339844
940 -50.11620330810547 40.867313385009766
941 -49.81349182128906 40.738765716552734
942 -49.46221160888672 40.62860107421875
943 -49.046897888183594 40.53888702392578
944 -48.69135665893555 40.51388168334961
945 -48.28207015991211 40.63912582397461
946 -47.958030700683594 40.83430099487305
947 -47.659610748291016 40.984073638916016
948 -47.423973083496094 41.115272521972656
949 -47.199432373046875 41.28456497192383
950 -46.901676177978516 41.598236083984375
951 -46.7146110534668 41.80403518676758
952 -46.548683166503906 42.09235382080078
953 -46.424224853515625 42.389286041259766
954 -46.371551513671875 42.68580627441406
955 -46.346065521240234 42.98700714111328
956 -46.33268737792969 43.5788688659668
957 -46.32630920410156 44.02897262573242
958 -46.270259857177734 44.473846435546875
959 -46.21989440917969 44.93454360961914
960 -46.21136474609375 45.135562896728516
961 -46.179988861083984 45.404048919677734
962 -46.14185333251953 45.799320220947266
963 -46.14191436767578 46.0999755859375
964 -46.17176818847656 46.243534088134766
965 -46.286415100097656 46.56312942504883
966 -51.01701736450195 62.98675537109375
967 -51.13842010498047 63.2126350402832
968 -51.330909729003906 63.53745651245117
969 -51.6511116027832 64.03472900390625
970 -51.75662612915039 64.21080780029297
971 -51.83989715576172 64.26605987548828
972 -52.01042556762695 64.37516784667969
973 -52.285491943359375 64.54295349121094
974 -52.77986526489258 64.82402801513672
975 -53.39021682739258 65.11598205566406
976 -53.69342803955078 65.17471313476562
977 -53.97404098510742 65.19764709472656
978 -54.605865478515625 65.23231506347656
979 -55.015953063964844 65.23485565185547
980 -55.32162094116211 65.242431640625
981 -55.687286376953125 65.3449935913086
982 -55.805137634277344 65.49324798583984
983 -55.88307571411133 65.75752258300781
984 -56.01074981689453 66.18008422851562
985 -56.174442291259766 66.94986724853516
986 -56.29942321777344 67.37812805175781
987 -56.52241134643555 68.13592529296875
988 -56.54582595825195 68.22476196289062
989 -56.61996078491211 68.45557403564453
990 -56.88581466674805 69.16996002197266
991 -57.01615524291992 69.52957916259766
992 -57.06796646118164 69.6433334350586
993 -57.11312484741211 69.71743774414062
994 -57.22563934326172 69.9534683227539
995 -57.53202819824219 70.59986877441406
996 -57.66554641723633 70.88825988769531
997 -57.78520202636719 71.13396453857422
998 -57.87026596069336 71.27021026611328
999 -57.93883514404297 71.40347290039062
