0 47.875770568847656 -17.521982192993164
1 47.7747802734375 -17.56955337524414
2 47.551090240478516 -17.681652069091797
3 47.27245330810547 -17.921030044555664
4 47.020111083984375 -18.34010124206543
5 46.813880920410156 -18.764806747436523
6 46.84608840942383 -19.051498413085938
7 46.89824295043945 -19.370580673217773
8 46.93674850463867 -19.725114822387695
9 51.251258850097656 -27.188716888427734
10 51.078128814697266 -27.188488006591797
11 50.739498138427734 -27.155609130859375
12 50.48788070678711 -27.076087951660156
13 50.3975715637207 -26.827451705932617
14 50.36320114135742 -26.521286010742188
15 50.401973724365234 -26.008180618286133
16 50.329750061035156 -25.66623878479004
17 50.25175857543945 -25.34922218322754
18 50.24652099609375 -24.86234474182129
19 50.35343933105469 -24.154085159301758
20 50.42326354980469 -23.937278747558594
21 56.110172271728516 -20.822986602783203
22 56.21831512451172 -20.677614212036133
23 56.36298751831055 -20.578895568847656
24 56.423309326171875 -20.55121612548828
25 55.04231262207031 -17.907955169677734
26 55.07907485961914 -17.705486297607422
27 55.32292938232422 -17.24107551574707
28 55.434539794921875 -17.13504981994629
29 55.776771545410156 -17.054136276245117
30 55.97862243652344 -16.913715362548828
31 56.11459732055664 -16.645944595336914
32 56.205074310302734 -16.403915405273438
33 56.139923095703125 -15.981836318969727
34 56.04262161254883 -15.784914016723633
35 56.12514877319336 -15.837972640991211
36 56.64114761352539 -16.46998405456543
37 56.81351852416992 -16.755489349365234
38 56.93272018432617 -16.924468994140625
39 64.0460433959961 -29.140893936157227
40 64.21382141113281 -29.242521286010742
41 64.41734313964844 -29.33639144897461
42 64.78592681884766 -29.386075973510742
43 65.05668640136719 -29.28487205505371
44 65.20500946044922 -29.115358352661133
45 66.36943817138672 -13.845093727111816
46 58.14810562133789 -10.036593437194824
47 58.03681945800781 -9.949374198913574
48 57.85896301269531 -9.59699821472168
49 57.60350799560547 -9.3287353515625
50 57.43128204345703 -9.336933135986328
51 57.160743713378906 -9.360445022583008
52 57.006248474121094 -9.423951148986816
53 56.8873176574707 -9.617417335510254
54 57.05746841430664 -17.62822151184082
55 57.02007293701172 -17.7669620513916
56 58.32847595214844 -30.438552856445312
57 58.24623107910156 -30.39963150024414
58 58.11457824707031 -30.335988998413086
59 57.702457427978516 -29.832401275634766
60 57.57050704956055 -29.621957778930664
61 57.383689880371094 -29.3162784576416
62 57.26408386230469 -29.088050842285156
63 57.165130615234375 -28.939592361450195
64 46.97114562988281 -15.78609848022461
65 46.91825866699219 -15.621644020080566
66 46.76893997192383 -15.175447463989258
67 46.68721389770508 -14.880599975585938
68 46.674476623535156 -14.607221603393555
69 47.21809387207031 -13.723048210144043
70 47.40829086303711 -13.532093048095703
71 47.64756393432617 -13.366215705871582
72 47.873626708984375 -13.221240043640137
73 48.15766143798828 -13.071442604064941
74 48.38402557373047 -12.981715202331543
75 48.73440170288086 -12.871705055236816
76 51.563899993896484 -11.116226196289062
77 51.7038459777832 -11.032078742980957
78 52.079429626464844 -10.865662574768066
79 52.43403625488281 -10.727771759033203
80 52.633338928222656 -10.5732421875
81 52.97772979736328 -10.528158187866211
82 53.21677780151367 -10.640050888061523
83 53.38803482055664 -10.782181739807129
84 53.54669952392578 -10.971410751342773
85 53.59612274169922 -11.161502838134766
86 52.48750305175781 -16.359111785888672
87 52.52040100097656 -16.41315269470215
88 52.70140075683594 -16.271169662475586
89 52.955726623535156 -15.982287406921387
90 53.04273986816406 -15.877992630004883
91 53.10411071777344 -15.710817337036133
92 53.07695007324219 -15.67236042022705
93 52.036712646484375 -15.39767074584961
94 52.11491775512695 -15.415700912475586
95 56.40013122558594 -19.403663635253906
96 56.4696159362793 -19.65093231201172
97 56.21553421020508 -19.684186935424805
98 56.03754806518555 -19.57276725769043
99 55.779266357421875 -19.29078483581543
100 55.667537689208984 -19.101612091064453
101 55.68870544433594 -18.830257415771484
102 55.75238037109375 -18.549108505249023
103 55.86772918701172 -18.38384437561035
104 56.149898529052734 -18.207521438598633
105 56.34442138671875 -18.119319915771484
106 56.484466552734375 -18.195539474487305
107 55.901241302490234 -31.00224494934082
108 55.852439880371094 -30.897838592529297
109 55.77120590209961 -30.66301727294922
110 55.65912628173828 -30.455211639404297
111 55.62274169921875 -30.266921997070312
112 55.444705963134766 -29.55595588684082
113 55.409461975097656 -29.217910766601562
114 55.32656478881836 -28.926616668701172
115 54.51361846923828 -26.18977165222168
116 54.425025939941406 -25.965105056762695
117 54.46126174926758 -25.854036331176758
118 54.46975326538086 -25.707595825195312
119 54.04573059082031 -25.097238540649414
120 53.91670227050781 -24.88840675354004
121 52.74668502807617 -17.669130325317383
122 52.82009506225586 -17.638673782348633
123 53.18186950683594 -17.524213790893555
124 53.65591812133789 -17.427108764648438
125 53.873329162597656 -17.407426834106445
126 54.121681213378906 -17.339689254760742
127 54.319610595703125 -17.29253387451172
128 63.36549758911133 -7.8854522705078125
129 63.3310661315918 -7.724185943603516
130 63.302490234375 -7.497076988220215
131 63.50480651855469 -6.6984686851501465
132 63.53815460205078 -6.320221900939941
133 63.52588653564453 -5.9787445068359375
134 63.50843811035156 -5.868956089019775
135 63.52910614013672 -5.755429744720459
136 50.60166549682617 -8.40583610534668
137 50.57480239868164 -8.594062805175781
138 50.57333755493164 -8.687580108642578
139 50.550193786621094 -8.974413871765137
140 50.75623321533203 -9.614325523376465
141 50.88066482543945 -9.92070484161377
142 55.90291976928711 -15.09997844696045
143 56.00112533569336 -15.134143829345703
144 62.05009460449219 -24.91358757019043
145 61.84326934814453 -25.127412796020508
146 61.71665954589844 -25.156877517700195
147 61.620967864990234 -25.245920181274414
148 61.45686721801758 -25.585668563842773
149 61.16654968261719 -25.793914794921875
150 60.91427993774414 -26.13081932067871
151 60.96029281616211 -26.2855167388916
152 61.31746292114258 -26.67192840576172
153 61.543087005615234 -26.86726188659668
154 61.802398681640625 -27.16025161743164
155 61.944923400878906 -27.371967315673828
156 62.12482452392578 -27.876388549804688
157 62.10280227661133 -28.001083374023438
158 61.50718688964844 -28.064931869506836
159 61.23429489135742 -28.015825271606445
160 60.76770782470703 -27.802946090698242
161 60.46625900268555 -27.609394073486328
162 60.24768829345703 -27.42518424987793
163 59.96213150024414 -27.225311279296875
164 59.706878662109375 -27.13604164123535
165 59.274192810058594 -27.17833137512207
166 59.14239501953125 -27.308534622192383
167 59.118797302246094 -27.60881996154785
168 59.2839241027832 -28.533447265625
169 59.36392593383789 -28.71552085876465
170 59.663055419921875 -29.037607192993164
171 59.884918212890625 -29.253067016601562
172 60.01932144165039 -29.372840881347656
173 60.10198211669922 -29.90668296813965
174 60.167442321777344 -30.283540725708008
175 60.21215057373047 -30.480701446533203
176 60.19830322265625 -30.55538558959961
177 53.234554290771484 -20.11332893371582
178 53.037349700927734 -20.200048446655273
179 52.90331268310547 -20.36220359802246
180 52.72434616088867 -20.848711013793945
181 52.7458610534668 -21.045917510986328
182 52.798954010009766 -21.394811630249023
183 52.779945373535156 -21.56281280517578
184 52.66970443725586 -21.692787170410156
185 52.37970733642578 -21.830307006835938
186 52.1915168762207 -22.036739349365234
187 52.0622444152832 -22.281063079833984
188 51.84733963012695 -22.56155776977539
189 51.62118148803711 -22.638395309448242
190 51.06383514404297 -22.612497329711914
191 50.92733383178711 -22.59001350402832
192 47.15263366699219 -21.227066040039062
193 47.114601135253906 -21.21290397644043
194 62.58032989501953 -30.693153381347656
195 62.571712493896484 -30.526050567626953
196 62.497188568115234 -30.28824234008789
197 62.33872604370117 -30.003076553344727
198 62.17715072631836 -29.77479362487793
199 59.73020935058594 -25.51848793029785
200 59.64338302612305 -25.12641143798828
201 59.595794677734375 -25.05179214477539
202 59.44570541381836 -24.855154037475586
203 59.234249114990234 -24.773000717163086
204 59.06755828857422 -24.676597595214844
205 58.71636199951172 -24.4079532623291
206 58.4260139465332 -24.195968627929688
207 58.2545051574707 -24.129133224487305
208 58.13332748413086 -23.878124237060547
209 58.078880310058594 -23.59358024597168
210 58.00416946411133 -23.092288970947266
211 57.895137786865234 -22.83452606201172
212 57.6722297668457 -23.10223960876465
213 57.51118087768555 -23.18794822692871
214 57.397335052490234 -22.939476013183594
215 57.262149810791016 -22.482906341552734
216 57.22871780395508 -22.304697036743164
217 49.176307678222656 -15.785989761352539
218 49.0577392578125 -15.693710327148438
219 48.9648551940918 -15.263683319091797
220 49.0812873840332 -14.804573059082031
221 49.2304801940918 -14.671462059020996
222 49.82999801635742 -14.618430137634277
223 49.974098205566406 -14.622973442077637
224 50.35588073730469 -14.709051132202148
225 66.38359069824219 -21.43202018737793
226 66.41258239746094 -21.413724899291992
227 66.18940734863281 -20.93794822692871
228 66.103759765625 -20.849702835083008
229 65.86861419677734 -20.7523250579834
230 65.45206451416016 -20.6273250579834
231 65.26982879638672 -20.57257080078125
232 64.97021484375 -20.558122634887695
233 64.6988754272461 -20.668298721313477
234 64.52527618408203 -20.84935188293457
235 63.63808059692383 -24.75982666015625
236 63.56876754760742 -24.804758071899414
237 63.54124069213867 -24.829179763793945
238 63.511043548583984 -24.89358139038086
239 52.412986755371094 -26.017902374267578
240 52.35563659667969 -25.983983993530273
241 59.14085388183594 -3.1885933876037598
242 59.18796920776367 -2.992546796798706
243 59.270938873291016 -2.692709445953369
244 59.48472213745117 -2.358407974243164
245 59.62003707885742 -2.200312376022339
246 59.73020935058594 -2.130012273788452
247 71.55197143554688 -11.786897659301758
248 71.56376647949219 -11.974442481994629
249 71.56343078613281 -12.691474914550781
250 71.57300567626953 -12.923481941223145
251 71.82341003417969 -13.155037879943848
252 72.47872161865234 -13.85013198852539
253 72.7391128540039 -14.232897758483887
254 72.96746826171875 -14.818483352661133
255 73.03064727783203 -15.287331581115723
256 72.98080444335938 -15.57386589050293
257 72.90078735351562 -15.699873924255371
258 49.258670806884766 -17.26841926574707
259 49.32143020629883 -17.259296417236328
260 57.64834213256836 -16.630916595458984
261 57.82916259765625 -16.573862075805664
262 57.93368911743164 -16.42806625366211
263 57.99055099487305 -16.26555633544922
264 58.134273529052734 -16.169275283813477
265 58.34747314453125 -16.180883407592773
266 58.46413803100586 -16.24262809753418
267 69.51410675048828 -27.47284507751465
268 69.52645111083984 -27.48297882080078
269 69.50587463378906 -27.440019607543945
270 69.47319793701172 -27.377681732177734
271 54.322689056396484 -5.777810096740723
272 54.2923583984375 -5.792385578155518
273 54.28611373901367 -5.846087455749512
274 54.33106994628906 -5.990113735198975
275 55.727596282958984 -11.255565643310547
276 55.828521728515625 -11.467644691467285
277 56.0102653503418 -11.918633460998535
278 56.10039138793945 -12.205761909484863
279 56.07737731933594 -12.53456974029541
280 55.95234298706055 -12.945032119750977
281 55.252357482910156 -13.082942008972168
282 55.18318176269531 -12.992335319519043
283 55.190147399902344 -12.872055053710938
284 61.79147720336914 -12.550740242004395
285 61.921852111816406 -12.551088333129883
286 62.08461380004883 -12.403129577636719
287 62.2684440612793 -12.311572074890137
288 62.63628005981445 -12.373598098754883
289 62.74846649169922 -12.435341835021973
290 62.98701858520508 -12.375782012939453
291 63.13563537597656 -12.232247352600098
292 63.465850830078125 -11.717413902282715
293 63.56180953979492 -11.586200714111328
294 63.71819305419922 -11.555906295776367
295 63.999351501464844 -11.417001724243164
296 64.13327026367188 -11.393671035766602
297 57.09751510620117 -12.677916526794434
298 57.0098762512207 -12.637167930603027
299 56.66699981689453 -12.588456153869629
300 55.251888275146484 -12.126487731933594
301 54.90312957763672 -11.8944091796875
302 54.753326416015625 -11.844005584716797
303 54.72962951660156 -11.79989242553711
304 65.58576202392578 -9.505444526672363
305 65.62049865722656 -9.571508407592773
306 65.59805297851562 -9.848383903503418
307 65.58194732666016 -10.11215877532959
308 65.62809753417969 -10.317000389099121
309 65.77436065673828 -10.418869018554688
310 66.38752746582031 -10.440235137939453
311 66.68374633789062 -10.208897590637207
312 67.26416015625 -9.71838665008545
313 67.28693389892578 -9.510217666625977
314 67.40155029296875 -9.090815544128418
315 67.41060638427734 -8.768891334533691
316 67.5182113647461 -8.425461769104004
317 67.54297637939453 -8.262869834899902
318 67.48715209960938 -7.982076644897461
319 67.3377685546875 -7.662186622619629
320 66.851318359375 -7.330290794372559
321 66.4769058227539 -7.175295829772949
322 66.07221984863281 -7.034602642059326
323 65.66979217529297 -6.878114700317383
324 65.46380615234375 -6.918118476867676
325 65.13807678222656 -7.34307861328125
326 64.91265869140625 -7.906736373901367
327 64.78654479980469 -8.408949851989746
328 64.64732360839844 -8.768607139587402
329 64.2673110961914 -9.482012748718262
330 64.12027740478516 -9.710226058959961
331 63.99129867553711 -9.917431831359863
332 63.72821044921875 -10.073163986206055
333 63.4964714050293 -10.143975257873535
334 62.88113784790039 -10.535662651062012
335 62.6089973449707 -10.764118194580078
336 62.40798568725586 -10.801692008972168
337 59.615562438964844 -10.90034008026123
338 59.43515396118164 -10.957447052001953
339 57.39676284790039 -12.645370483398438
340 56.74949645996094 -13.362483024597168
341 56.54245376586914 -13.52926254272461
342 56.36732482910156 -13.788838386535645
343 56.05052947998047 -13.903653144836426
344 55.610111236572266 -14.12171745300293
345 55.53422927856445 -14.200178146362305
346 55.47737121582031 -14.49451732635498
347 55.30302429199219 -14.690603256225586
348 55.13552474975586 -14.694978713989258
349 53.47969436645508 -14.277711868286133
350 53.13603591918945 -14.189277648925781
351 53.0025520324707 -14.133974075317383
352 52.89931869506836 -14.157400131225586
353 52.13370132446289 -14.302718162536621
354 51.17754364013672 -15.022591590881348
355 50.921043395996094 -15.333747863769531
356 50.694061279296875 -15.91266918182373
357 50.52045440673828 -16.509052276611328
358 50.529388427734375 -16.649553298950195
359 50.60649490356445 -16.731184005737305
360 62.121124267578125 -21.46500015258789
361 62.323028564453125 -21.565677642822266
362 62.87472915649414 -21.988182067871094
363 63.34844207763672 -22.397661209106445
364 63.8778190612793 -22.889556884765625
365 64.16349792480469 -23.170381546020508
366 64.27593231201172 -23.329252243041992
367 64.49248504638672 -23.65821075439453
368 64.5630874633789 -23.83968734741211
369 64.55683135986328 -23.997119903564453
370 64.22991180419922 -27.20607566833496
371 64.19676208496094 -27.260343551635742
372 64.08528137207031 -27.230972290039062
373 63.92359924316406 -27.116979598999023
374 63.648468017578125 -26.874401092529297
375 63.416378021240234 -26.563222885131836
376 63.274539947509766 -26.29665756225586
377 63.24861526489258 -26.216325759887695
378 58.7504997253418 -17.404117584228516
379 58.815372467041016 -17.322561264038086
380 59.07973861694336 -17.175556182861328
381 59.29615020751953 -17.030349731445312
382 59.46979904174805 -17.058687210083008
383 65.29515075683594 -22.045949935913086
384 65.35872650146484 -22.300823211669922
385 65.31006622314453 -22.34495735168457
386 65.19020080566406 -22.355281829833984
387 64.85621643066406 -22.275617599487305
388 49.29020690917969 -19.147974014282227
389 49.369327545166016 -19.060291290283203
390 49.69129180908203 -18.908645629882812
391 49.89134216308594 -18.9050350189209
392 50.10160827636719 -18.917802810668945
393 50.70170593261719 -18.944549560546875
394 51.081871032714844 -19.05411148071289
395 51.18345260620117 -19.258678436279297
396 51.2620964050293 -19.529470443725586
397 51.4156494140625 -19.924041748046875
398 51.308502197265625 -20.159608840942383
399 50.31114196777344 -20.388269424438477
400 49.83516311645508 -20.462772369384766
401 49.21168518066406 -20.732532501220703
402 49.137821197509766 -20.856464385986328
403 49.10798263549805 -20.91815757751465
404 49.25358200073242 -21.11334991455078
405 49.61174011230469 -21.445148468017578
406 49.917903900146484 -21.53533172607422
407 50.019657135009766 -21.506244659423828
408 50.42167663574219 -21.15752410888672
409 50.692115783691406 -20.97860336303711
410 51.5037727355957 -18.062118530273438
411 51.53913879394531 -17.73872947692871
412 51.563907623291016 -17.52877426147461
413 56.19906234741211 -8.278369903564453
414 56.085670471191406 -8.147794723510742
415 55.51072311401367 -7.682714462280273
416 55.33352279663086 -7.681817531585693
417 55.25724411010742 -7.7681097984313965
418 54.00986862182617 -18.845897674560547
419 54.074928283691406 -18.961124420166016
420 54.22319793701172 -18.989681243896484
421 54.41484451293945 -19.147560119628906
422 54.52076721191406 -19.497224807739258
423 54.54510498046875 -19.677600860595703
424 54.30095291137695 -20.0330753326416
425 54.15643310546875 -20.383514404296875
426 54.1219367980957 -20.672893524169922
427 54.32583999633789 -20.748315811157227
428 55.01699447631836 -20.837858200073242
429 55.14857482910156 -20.97535514831543
430 55.276763916015625 -24.87998390197754
431 55.2705078125 -25.12797737121582
432 53.934173583984375 -29.381296157836914
433 53.790855407714844 -29.375703811645508
434 53.21826171875 -28.900707244873047
435 53.11824035644531 -28.762126922607422
436 53.08340835571289 -28.408185958862305
437 53.15514373779297 -28.124902725219727
438 53.42900085449219 -27.3121337890625
439 53.51505661010742 -27.095687866210938
440 53.67044448852539 -27.108747482299805
441 54.10672378540039 -27.24763298034668
442 54.41136169433594 -27.353086471557617
443 54.832176208496094 -27.519433975219727
444 55.065269470214844 -27.592050552368164
445 55.49418258666992 -27.707311630249023
446 56.200984954833984 -27.879972457885742
447 56.596553802490234 -27.774333953857422
448 56.71387481689453 -27.693836212158203
449 56.65775680541992 -27.606977462768555
450 56.198238372802734 -27.33561897277832
451 56.0915412902832 -27.139841079711914
452 56.048709869384766 -26.883682250976562
453 56.04930877685547 -26.709800720214844
454 56.13724899291992 -26.23465919494629
455 56.217288970947266 -25.869352340698242
456 56.29764938354492 -25.654722213745117
457 56.56904602050781 -24.837160110473633
458 56.65174102783203 -24.754459381103516
459 56.85040283203125 -24.930004119873047
460 57.11419677734375 -25.237722396850586
461 57.45881271362305 -25.58124351501465
462 57.67791748046875 -25.78908920288086
463 57.845550537109375 -25.937231063842773
464 57.92063903808594 -26.07329559326172
465 57.937713623046875 -26.317079544067383
466 57.85511016845703 -26.569108963012695
467 57.76448440551758 -26.675235748291016
468 57.7398567199707 -26.77031898498535
469 67.61727905273438 -11.206694602966309
470 67.5556411743164 -11.2086763381958
471 56.13999557495117 -23.71428680419922
472 56.05008316040039 -23.686450958251953
473 55.7882194519043 -23.72031021118164
474 55.40497589111328 -23.74550437927246
475 55.15531921386719 -23.649913787841797
476 54.954654693603516 -23.595413208007812
477 54.650672912597656 -23.620513916015625
478 53.99762725830078 -23.608110427856445
479 53.64845657348633 -23.605302810668945
480 53.5753059387207 -23.518495559692383
481 53.8187141418457 -22.941171646118164
482 53.9189453125 -22.70116424560547
483 53.96827697753906 -22.62706756591797
484 54.12797927856445 -22.315078735351562
485 54.31695556640625 -22.004924774169922
486 54.59017562866211 -21.87213706970215
487 54.87775421142578 -21.8519287109375
488 55.18893814086914 -22.04950714111328
489 55.47578430175781 -22.248937606811523
490 55.7889404296875 -22.39814567565918
491 56.06989288330078 -22.321327209472656
492 56.203121185302734 -22.077587127685547
493 56.31727981567383 -21.75557518005371
494 62.28529357910156 -22.730566024780273
495 62.40852355957031 -22.797481536865234
496 62.768009185791016 -22.86130714416504
497 62.8170051574707 -22.955312728881836
498 62.66704559326172 -23.33315658569336
499 62.43309020996094 -23.694700241088867
500 62.36577224731445 -23.7900333404541
501 62.24569320678711 -23.785764694213867
502 61.06480407714844 -24.026275634765625
503 60.981910705566406 -24.025184631347656
504 60.86249923706055 -23.91439437866211
505 60.70500564575195 -23.90889549255371
506 59.915504455566406 -23.547916412353516
507 59.73363494873047 -23.428972244262695
508 59.511497497558594 -23.058868408203125
509 59.36357879638672 -22.896347045898438
510 58.97750473022461 -22.57290267944336
511 58.8846321105957 -22.33381462097168
512 58.24687194824219 -20.374004364013672
513 58.2247314453125 -20.20835304260254
514 58.07414245605469 -20.085527420043945
515 58.107757568359375 -19.561351776123047
516 58.20043182373047 -19.24746322631836
517 58.21704864501953 -19.176414489746094
518 58.07181167602539 -19.174819946289062
519 57.71815872192383 -19.223426818847656
520 57.413429260253906 -19.19032096862793
521 57.29375457763672 -19.214784622192383
522 57.24776840209961 -19.104778289794922
523 55.415809631347656 -10.009186744689941
524 55.389930725097656 -9.890756607055664
525 55.316429138183594 -9.846102714538574
526 55.18054962158203 -9.741565704345703
527 54.76136779785156 -9.3828706741333
528 54.553855895996094 -9.184218406677246
529 54.27657699584961 -8.976662635803223
530 54.167537689208984 -8.90872573852539
531 53.08552169799805 -8.188769340515137
532 52.84156036376953 -8.0657958984375
533 52.75380325317383 -8.014561653137207
534 52.61024856567383 -7.904664993286133
535 52.594329833984375 -7.8619184494018555
536 66.33370971679688 -27.543493270874023
537 66.5096664428711 -27.495569229125977
538 66.87940979003906 -27.31855010986328
539 67.00582122802734 -27.138076782226562
540 67.16564178466797 -26.656890869140625
541 67.2596435546875 -26.236501693725586
542 67.40919494628906 -25.981809616088867
543 67.51708984375 -25.822004318237305
544 67.50853729248047 -25.63707160949707
545 67.45903015136719 -25.422828674316406
546 61.362335205078125 -22.71762466430664
547 61.26689529418945 -22.552082061767578
548 61.088897705078125 -22.372406005859375
549 60.9122428894043 -22.43523597717285
550 60.66661071777344 -22.391035079956055
551 60.40763473510742 -22.310468673706055
552 60.15428161621094 -22.096145629882812
553 60.07686996459961 -21.93221664428711
554 60.06497573852539 -21.57242774963379
555 60.092254638671875 -21.482128143310547
556 67.38829803466797 -20.30040740966797
557 67.4939193725586 -20.36641502380371
558 67.57327270507812 -20.69146728515625
559 67.69971466064453 -20.840648651123047
560 67.94627380371094 -20.99947738647461
561 68.7916030883789 -21.241235733032227
562 68.91614532470703 -21.25308609008789
563 69.09442138671875 -21.315013885498047
564 69.36615753173828 -21.269569396972656
565 69.86925506591797 -21.139450073242188
566 70.2518310546875 -21.074695587158203
567 70.36910247802734 -20.988346099853516
568 70.3565673828125 -20.776945114135742
569 69.48307037353516 -18.956960678100586
570 69.59080505371094 -18.80290985107422
571 69.84813690185547 -18.924938201904297
572 70.01610565185547 -19.059988021850586
573 70.10150146484375 -19.3695068359375
574 70.04205322265625 -19.775636672973633
575 69.84111022949219 -19.830093383789062
576 69.49532318115234 -19.773178100585938
577 68.67036437988281 -19.57408332824707
578 68.4361801147461 -19.50741958618164
579 68.24996185302734 -19.275596618652344
580 68.09114074707031 -18.869150161743164
581 67.9499740600586 -18.47772979736328
582 67.59618377685547 -18.0803165435791
583 67.18484497070312 -17.53339385986328
584 66.95730590820312 -17.096633911132812
585 66.79985046386719 -16.87979507446289
586 66.40563201904297 -16.602184295654297
587 66.18834686279297 -16.52281379699707
588 66.07904052734375 -16.482973098754883
589 70.896240234375 -25.415632247924805
590 70.87640380859375 -25.414047241210938
591 63.746070861816406 -21.445436477661133
592 63.644447326660156 -21.337337493896484
593 63.632591247558594 -21.315624237060547
594 63.29807662963867 -20.99073028564453
595 63.15633010864258 -20.69688606262207
596 63.00955581665039 -20.48363494873047
597 62.779083251953125 -20.242063522338867
598 62.36714553833008 -19.95504379272461
599 62.08169174194336 -19.74703025817871
600 59.93302917480469 -18.709535598754883
601 59.77094650268555 -18.504375457763672
602 57.33234786987305 -15.499099731445312
603 57.230770111083984 -15.325541496276855
604 57.18291473388672 -15.149762153625488
605 57.133338928222656 -14.88120174407959
606 57.19989776611328 -14.608600616455078
607 57.32087707519531 -14.364813804626465
608 57.34657669067383 -14.079353332519531
609 57.21274948120117 -13.998247146606445
610 52.524017333984375 -12.651426315307617
611 52.26799011230469 -12.679265975952148
612 51.940982818603516 -12.742919921875
613 51.799400329589844 -12.872604370117188
614 51.517520904541016 -13.338944435119629
615 51.42839050292969 -13.568753242492676
616 51.405887603759766 -13.801803588867188
617 51.53523254394531 -14.013083457946777
618 54.33690643310547 -15.847904205322266
619 54.412689208984375 -15.946675300598145
620 54.554603576660156 -16.009754180908203
621 54.74562072753906 -16.08228874206543
622 54.8339958190918 -16.130037307739258
623 64.97277069091797 -25.490312576293945
624 65.01815795898438 -25.506765365600586
625 65.11298370361328 -25.54143524169922
626 65.26846313476562 -25.59697914123535
627 65.51639556884766 -25.66289520263672
628 53.66263961791992 -12.659172058105469
629 53.70720291137695 -12.787276268005371
630 53.769927978515625 -13.002497673034668
631 53.96932601928711 -13.275832176208496
632 54.16987609863281 -13.554376602172852
633 54.3923225402832 -13.830717086791992
634 54.619544982910156 -14.162288665771484
635 54.28463363647461 -14.646849632263184
636 54.03214645385742 -14.71457290649414
637 53.88615798950195 -14.75709056854248
638 50.310035705566406 -12.772214889526367
639 50.15988540649414 -12.613179206848145
640 50.08950424194336 -12.470931053161621
641 49.963382720947266 -12.098054885864258
642 49.74781799316406 -11.68047046661377
643 49.58426284790039 -11.4910306930542
644 49.471988677978516 -11.397202491760254
645 49.21390151977539 -11.126609802246094
646 49.039703369140625 -10.859253883361816
647 48.886688232421875 -10.547619819641113
648 48.840980529785156 -10.427637100219727
649 60.617469787597656 -11.484539985656738
650 60.712982177734375 -11.573395729064941
651 60.972713470458984 -11.54111385345459
652 61.15574264526367 -11.52337646484375
653 61.508663177490234 -11.46519660949707
654 65.6087875366211 -15.259747505187988
655 65.65283203125 -15.112370491027832
656 65.69810485839844 -14.920241355895996
657 65.69100189208984 -14.762755393981934
658 65.59086608886719 -14.485247611999512
659 65.13806915283203 -14.327990531921387
660 64.88502502441406 -14.314454078674316
661 64.56118774414062 -14.345080375671387
662 64.36907196044922 -14.32244873046875
663 64.13040161132812 -14.308588981628418
664 63.96818923950195 -14.29300594329834
665 59.944488525390625 -12.00540828704834
666 59.55860137939453 -11.978554725646973
667 59.36513900756836 -12.15696907043457
668 59.10830307006836 -12.45300006866455
669 59.0598030090332 -12.724028587341309
670 59.19038009643555 -12.871862411499023
671 59.55772018432617 -12.991525650024414
672 59.67010498046875 -12.975788116455078
673 68.76045227050781 -10.738887786865234
674 68.90635681152344 -10.604290962219238
675 69.14080047607422 -10.4017333984375
676 69.19055938720703 -9.98440170288086
677 69.25822448730469 -9.618548393249512
678 69.39137268066406 -9.39644718170166
679 69.74906921386719 -8.532904624938965
680 69.78460693359375 -8.24474048614502
681 69.73873901367188 -7.879621505737305
682 69.59040832519531 -7.269028663635254
683 69.25181579589844 -6.067253112792969
684 69.17394256591797 -5.866799831390381
685 69.00041961669922 -5.5938334465026855
686 68.88231658935547 -5.539130687713623
687 61.786380767822266 -4.760119915008545
688 61.67363357543945 -4.816723823547363
689 61.550106048583984 -5.095952033996582
690 61.454593658447266 -8.7999906539917
691 61.91587448120117 -9.126787185668945
692 62.191505432128906 -9.33820915222168
693 62.328128814697266 -9.442680358886719
694 62.289405822753906 -9.593602180480957
695 60.77640151977539 -12.580024719238281
696 60.76884841918945 -12.750231742858887
697 60.65031051635742 -13.080731391906738
698 60.62776184082031 -13.265843391418457
699 60.776756286621094 -13.58643913269043
700 61.001983642578125 -13.682942390441895
701 61.14706802368164 -13.787094116210938
702 61.25840377807617 -13.903658866882324
703 61.58355712890625 -14.22327995300293
704 61.7026252746582 -14.415045738220215
705 61.68415069580078 -14.547834396362305
706 61.57851028442383 -14.625173568725586
707 61.00605392456055 -14.858260154724121
708 60.86668014526367 -14.922919273376465
709 60.758453369140625 -14.996667861938477
710 59.13695526123047 -9.893574714660645
711 59.17591857910156 -9.568092346191406
712 59.33045959472656 -9.460257530212402
713 59.485694885253906 -9.387386322021484
714 59.847938537597656 -9.541251182556152
715 60.22795486450195 -9.702775001525879
716 60.60039520263672 -9.660846710205078
717 60.7987174987793 -9.82439136505127
718 60.922332763671875 -9.986041069030762
719 60.98744201660156 -10.238578796386719
720 61.0366096496582 -10.470991134643555
721 61.06022262573242 -10.653166770935059
722 61.21925735473633 -15.940834999084473
723 61.21430206298828 -16.01087188720703
724 61.27601623535156 -16.07107925415039
725 65.12195587158203 -18.87641143798828
726 65.19842529296875 -18.97136116027832
727 65.57234191894531 -19.278823852539062
728 65.86393737792969 -19.47445297241211
729 66.05894470214844 -19.48086929321289
730 66.3555908203125 -19.315425872802734
731 66.61383056640625 -19.123958587646484
732 66.72764587402344 -18.943740844726562
733 66.5679702758789 -18.575292587280273
734 66.28780364990234 -18.26976203918457
735 66.08467102050781 -18.15026092529297
736 65.86062622070312 -18.10662841796875
737 65.4404067993164 -18.039730072021484
738 64.86023712158203 -17.976905822753906
739 64.32523345947266 -17.86031150817871
740 64.05255889892578 -17.789154052734375
741 63.96171188354492 -17.848913192749023
742 63.86467742919922 -18.207372665405273
743 63.758277893066406 -18.253496170043945
744 63.44184112548828 -18.21980857849121
745 63.16395568847656 -18.298358917236328
746 62.86688995361328 -18.47909927368164
747 62.70094680786133 -18.732582092285156
748 62.90721130371094 -18.932315826416016
749 63.40316390991211 -19.214069366455078
750 63.56373977661133 -19.264984130859375
751 63.884517669677734 -19.315649032592773
752 64.27314758300781 -19.434370040893555
753 64.41780853271484 -19.561716079711914
754 67.04447937011719 -22.70458984375
755 67.20537567138672 -22.757808685302734
756 67.51463317871094 -22.6607723236084
757 67.64216613769531 -22.615346908569336
758 67.684814453125 -22.542423248291016
759 61.506771087646484 -19.129497528076172
760 61.29399871826172 -19.019004821777344
761 61.1918830871582 -18.936344146728516
762 61.03047561645508 -18.76681137084961
763 61.013763427734375 -18.623605728149414
764 61.3389778137207 -18.273380279541016
765 61.696231842041016 -18.117919921875
766 61.92509460449219 -17.9049129486084
767 62.102317810058594 -17.6640567779541
768 62.0819091796875 -17.535682678222656
769 61.9402961730957 -17.477203369140625
770 61.11236572265625 -16.943506240844727
771 60.53387451171875 -16.665006637573242
772 60.415489196777344 -16.6220703125
773 60.26088333129883 -16.42694091796875
774 60.22386932373047 -16.254274368286133
775 60.123905181884766 -15.925524711608887
776 59.923545837402344 -15.751731872558594
777 59.79016876220703 -15.619513511657715
778 59.55963134765625 -15.570236206054688
779 59.43138885498047 -15.48550796508789
780 59.33110427856445 -15.428482055664062
781 59.15536880493164 -15.333978652954102
782 58.891990661621094 -15.175261497497559
783 58.638729095458984 -15.02767276763916
784 58.30767822265625 -14.828856468200684
785 58.2038688659668 -14.812420845031738
786 58.08769989013672 -14.771583557128906
787 57.23336410522461 -7.569460868835449
788 57.15494918823242 -7.328396797180176
789 57.08369445800781 -7.008419513702393
790 56.9946403503418 -6.621011734008789
791 57.06575012207031 -6.197991847991943
792 57.31320571899414 -5.886795520782471
793 57.469947814941406 -5.772401809692383
794 57.717044830322266 -5.880134105682373
795 58.448020935058594 -6.235824108123779
796 58.71334457397461 -6.572047710418701
797 58.794708251953125 -6.893294811248779
798 58.76445770263672 -7.1156463623046875
799 58.57878875732422 -8.17348861694336
800 58.78487777709961 -8.210882186889648
801 58.92339324951172 -8.181780815124512
802 58.97976303100586 -8.123082160949707
803 52.589847564697266 -18.668222427368164
804 52.672218322753906 -18.727767944335938
805 52.68135452270508 -18.76764678955078
806 52.528743743896484 -19.043127059936523
807 52.44930648803711 -19.162622451782227
808 71.55838775634766 -18.05927848815918
809 71.88036346435547 -17.944734573364258
810 72.08354949951172 -17.96658706665039
811 72.56424713134766 -18.110815048217773
812 72.91831970214844 -18.396015167236328
813 73.07500457763672 -18.6518497467041
814 73.06024169921875 -18.967737197875977
815 72.85855102539062 -19.33965492248535
816 72.39495086669922 -20.108966827392578
817 72.31993865966797 -20.480209350585938
818 72.2747573852539 -20.60872459411621
819 66.81370544433594 -23.915447235107422
820 66.45250701904297 -23.862823486328125
821 66.20540618896484 -23.88922691345215
822 66.13246154785156 -24.01264762878418
823 65.85885620117188 -24.175617218017578
824 65.68012237548828 -24.26186752319336
825 53.073829650878906 -24.615406036376953
826 52.92273712158203 -24.58409881591797
827 52.57461166381836 -24.455852508544922
828 52.168701171875 -24.33479118347168
829 51.96804428100586 -24.197296142578125
830 51.83053207397461 -23.955585479736328
831 51.808048248291016 -23.855239868164062
832 57.169456481933594 -21.414474487304688
833 57.40501403808594 -21.31155776977539
834 57.606624603271484 -21.341522216796875
835 57.8172607421875 -21.399858474731445
836 57.94371795654297 -21.303796768188477
837 58.679588317871094 -21.21912956237793
838 58.819950103759766 -21.142465591430664
839 59.13904571533203 -20.874040603637695
840 59.25193405151367 -20.83251953125
841 59.29216003417969 -20.676076889038086
842 59.380489349365234 -20.504915237426758
843 59.5667724609375 -20.419986724853516
844 59.84257507324219 -20.531280517578125
845 60.264347076416016 -20.697324752807617
846 61.067176818847656 -20.964570999145508
847 61.31492233276367 -20.912376403808594
848 61.4522705078125 -20.840824127197266
849 61.51762390136719 -20.73450469970703
850 61.41929244995117 -20.50040626525879
851 61.26932907104492 -20.25914192199707
852 60.8472900390625 -19.90812873840332
853 60.61907958984375 -19.747724533081055
854 60.4261474609375 -19.653650283813477
855 59.90554428100586 -19.529043197631836
856 59.551551818847656 -19.292367935180664
857 59.43958282470703 -19.1759090423584
858 59.231361389160156 -18.732608795166016
859 58.892669677734375 -18.2508602142334
860 58.67796325683594 -18.101791381835938
861 58.2076530456543 -18.101337432861328
862 57.95211410522461 -18.112674713134766
863 57.77766799926758 -18.07205581665039
864 57.83137512207031 -17.742935180664062
865 63.672943115234375 -15.894339561462402
866 63.90873336791992 -15.848567008972168
867 64.20368194580078 -15.70129108428955
868 64.14098358154297 -15.505668640136719
869 63.56148147583008 -15.292091369628906
870 63.23408126831055 -15.274222373962402
871 62.96466827392578 -15.48154354095459
872 62.75248718261719 -15.686102867126465
873 62.656429290771484 -15.7219877243042
874 62.43933868408203 -15.793778419494629
875 62.253849029541016 -15.828426361083984
876 61.93287658691406 -16.152481079101562
877 61.936370849609375 -16.378694534301758
878 62.00553512573242 -16.48331069946289
879 47.87866973876953 -24.835695266723633
880 47.71678161621094 -24.678735733032227
881 47.68529510498047 -24.429086685180664
882 47.59416580200195 -23.932777404785156
883 47.700340270996094 -23.756567001342773
884 47.800506591796875 -23.529264450073242
885 47.93132019042969 -23.456104278564453
886 48.37504577636719 -23.29860496520996
887 48.54145431518555 -23.260271072387695
888 48.790771484375 -23.1632080078125
889 49.05616760253906 -23.035240173339844
890 68.512939453125 -15.393407821655273
891 68.69571685791016 -15.698758125305176
892 68.83354187011719 -16.217079162597656
893 68.77671813964844 -16.50709342956543
894 68.59730529785156 -16.639686584472656
895 68.43273162841797 -16.730043411254883
896 68.10448455810547 -16.666135787963867
897 67.85859680175781 -16.46104621887207
898 67.56339263916016 -16.1632080078125
899 67.30569458007812 -15.819421768188477
900 67.16241455078125 -15.534017562866211
901 67.123779296875 -15.13608455657959
902 67.1029052734375 -14.845102310180664
903 67.16692352294922 -14.472372055053711
904 67.24604797363281 -14.45038890838623
905 70.1576919555664 -16.7557373046875
906 70.31594848632812 -16.756589889526367
907 70.46823120117188 -16.564773559570312
908 70.59754180908203 -16.228302001953125
909 70.56548309326172 -15.991002082824707
910 70.34488677978516 -15.5693998336792
911 69.9892807006836 -14.97325611114502
912 69.92396545410156 -14.626102447509766
913 69.86919403076172 -14.414144515991211
914 69.8388442993164 -13.943848609924316
915 69.81861114501953 -13.654706954956055
916 69.70864868164062 -13.476509094238281
917 69.50211334228516 -13.30061149597168
918 69.19976043701172 -13.122925758361816
919 68.87701416015625 -13.081581115722656
920 68.3972396850586 -13.061150550842285
921 68.0644302368164 -13.048443794250488
922 67.7571029663086 -13.040013313293457
923 67.52018737792969 -12.9788818359375
924 67.14875793457031 -12.719182968139648
925 66.97725677490234 -12.539163589477539
926 66.74241638183594 -12.4158935546875
927 61.929813385009766 -7.841803550720215
928 61.8366584777832 -7.4868927001953125
929 61.63252639770508 -7.262317180633545
930 61.36639404296875 -7.024926662445068
931 61.16704177856445 -6.837181568145752
932 60.92011642456055 -6.466189861297607
933 60.760066986083984 -6.366328239440918
934 60.4544792175293 -6.543098449707031
935 60.24950408935547 -7.249218940734863
936 60.16391372680664 -7.6691789627075195
937 60.18459701538086 -7.808444023132324
938 60.33168029785156 -8.157965660095215
939 60.4661865234375 -8.531415939331055
940 65.08325958251953 -12.238886833190918
941 65.34359741210938 -12.231769561767578
942 65.49833679199219 -12.325372695922852
943 65.57986450195312 -12.389652252197266
944 65.5105972290039 -12.513943672180176
945 65.2699966430664 -12.733715057373047
946 64.62977600097656 -12.910943031311035
947 64.33600616455078 -12.967576026916504
948 63.94057083129883 -13.13134479522705
949 63.48711395263672 -13.541884422302246
950 63.21945571899414 -13.662802696228027
951 62.90168380737305 -13.77441120147705
952 62.76400375366211 -13.820548057556152
953 62.64228057861328 -13.851880073547363
954 62.31459045410156 -13.885847091674805
955 59.99365234375 -14.229572296142578
956 59.84823989868164 -14.20739459991455
957 59.431602478027344 -14.106172561645508
958 59.106529235839844 -14.0658540725708
959 58.59952926635742 -13.803630828857422
960 58.50092315673828 -13.698653221130371
961 58.275604248046875 -13.682103157043457
962 58.16006851196289 -13.590667724609375
963 58.06587600708008 -13.282764434814453
964 58.1388053894043 -12.774859428405762
965 58.21494674682617 -12.341403007507324
966 58.314483642578125 -11.970396995544434
967 58.507354736328125 -11.469047546386719
968 58.45244216918945 -11.37649154663086
969 58.315704345703125 -11.30439567565918
970 57.86382293701172 -11.253034591674805
971 57.64594650268555 -11.079533576965332
972 57.44857406616211 -10.956901550292969
973 56.99126052856445 -10.980289459228516
974 56.80602264404297 -10.918798446655273
975 56.82624816894531 -11.093100547790527
976 60.09699630737305 -17.732013702392578
977 60.1662483215332 -17.75848960876465
978 60.262691497802734 -17.737953186035156
979 60.56731033325195 -17.697431564331055
980 60.819122314453125 -17.53844451904297
981 62.9317512512207 -17.05422592163086
982 63.291282653808594 -16.828615188598633
983 63.51979446411133 -16.76154899597168
984 64.06062316894531 -16.72473907470703
985 64.73905944824219 -16.670255661010742
986 65.0298843383789 -16.776002883911133
987 65.14928436279297 -16.90880584716797
988 65.17970275878906 -17.039718627929688
989 69.56964111328125 -22.57775115966797
990 69.65027618408203 -22.63299560546875
991 69.8938217163086 -22.817140579223633
992 70.68350982666016 -23.532575607299805
993 70.81986236572266 -23.6680965423584
994 70.80864715576172 -23.727384567260742
995 69.66107177734375 -24.234926223754883
996 69.42411041259766 -24.285306930541992
997 68.78856658935547 -24.29376220703125
998 68.70867156982422 -24.24448585510254
999 68.6556396484375 -24.17183494567871
