0 -31.81865119934082 -16.290035247802734
1 -31.912681579589844 -16.486665725708008
2 -32.2021369934082 -16.92645263671875
3 -32.31718063354492 -17.129880905151367
4 -32.535919189453125 -17.620744705200195
5 -32.81111526489258 -18.25464630126953
6 -32.977115631103516 -18.632366180419922
7 -32.97971725463867 -18.889968872070312
8 -32.96599197387695 -19.138916015625
9 -32.83797836303711 -19.443145751953125
10 -32.52836608886719 -19.583250045776367
11 -32.06003189086914 -19.805831909179688
12 -31.793350219726562 -19.8854923248291
13 -31.57790756225586 -19.81251335144043
14 -31.333999633789062 -19.73149871826172
15 -31.163345336914062 -19.62929344177246
16 -30.9544677734375 -19.482803344726562
17 -30.324758529663086 -19.11937141418457
18 -30.249683380126953 -19.036073684692383
19 -29.899320602416992 -18.88121223449707
20 -29.544836044311523 -18.6627254486084
21 -29.293842315673828 -18.51265525817871
22 -29.059242248535156 -18.397340774536133
23 -28.7822208404541 -18.35553741455078
24 -28.308382034301758 -18.399675369262695
25 -28.074440002441406 -18.42399024963379
26 -27.346668243408203 -18.76449203491211
27 -27.007387161254883 -18.900211334228516
28 -26.534212112426758 -19.039318084716797
29 -25.852766036987305 -19.24416732788086
30 -25.498910903930664 -19.291759490966797
31 -25.108095169067383 -19.34583854675293
32 -24.492521286010742 -19.461177825927734
33 -24.264583587646484 -19.51036262512207
34 -23.923362731933594 -19.5484561920166
35 -23.34398651123047 -19.65318489074707
36 -23.043184280395508 -19.69503402709961
37 -22.73057746887207 -19.6810359954834
38 -22.269943237304688 -19.65283203125
39 -21.72840690612793 -19.625688552856445
40 -21.438644409179688 -19.641870498657227
41 -21.149526596069336 -19.705089569091797
42 -20.70757484436035 -19.827808380126953
43 -20.058216094970703 -19.98603630065918
44 -19.78001594543457 -20.0401668548584
45 -19.486370086669922 -20.174766540527344
46 -19.220186233520508 -20.355669021606445
47 -18.824861526489258 -20.61227035522461
48 -18.439340591430664 -20.763317108154297
49 -17.94582748413086 -20.925792694091797
50 -17.306337356567383 -21.09217071533203
51 -16.674409866333008 -21.204906463623047
52 -16.327058792114258 -21.209304809570312
53 -15.948851585388184 -21.239177703857422
54 -15.620573043823242 -21.25534439086914
55 -15.105671882629395 -21.205158233642578
56 -14.73490047454834 -21.157663345336914
57 -14.384499549865723 -21.094804763793945
58 -14.161148071289062 -20.95636749267578
59 -13.859046936035156 -20.700237274169922
60 -13.416908264160156 -20.271263122558594
61 -13.210447311401367 -20.05306053161621
62 -13.014070510864258 -19.69386100769043
63 -12.925971031188965 -19.43764305114746
64 -12.830411911010742 -19.111894607543945
65 -12.74870491027832 -18.845548629760742
66 -12.650226593017578 -18.4796085357666
67 -12.616226196289062 -18.17881965637207
68 -12.468372344970703 -17.59212875366211
69 -12.35340404510498 -17.308738708496094
70 -12.040815353393555 -16.778831481933594
71 -11.79780387878418 -16.7003116607666
72 -11.587676048278809 -16.691986083984375
73 -10.726284980773926 -16.736095428466797
74 -10.439652442932129 -16.850004196166992
75 -9.829325675964355 -17.27349853515625
76 -9.591522216796875 -17.436447143554688
77 -9.320075035095215 -17.6844482421875
78 -8.992183685302734 -18.022871017456055
79 -8.619850158691406 -18.377410888671875
80 -8.417415618896484 -18.592021942138672
81 -7.891875743865967 -19.197097778320312
82 -7.788939952850342 -19.285381317138672
83 -7.672802448272705 -19.456666946411133
84 -7.537111282348633 -19.822641372680664
85 -7.554848670959473 -20.152877807617188
86 -7.724530220031738 -20.575902938842773
87 -7.905008792877197 -20.974777221679688
88 -8.181082725524902 -21.360260009765625
89 -8.456757545471191 -21.698413848876953
90 -8.64086627960205 -21.953933715820312
91 -8.68048095703125 -22.09623908996582
92 -8.636700630187988 -22.375171661376953
93 -8.505660057067871 -22.827579498291016
94 -8.506902694702148 -23.15752601623535
95 -8.653660774230957 -23.398971557617188
96 -9.136636734008789 -23.808286666870117
97 -9.29489803314209 -23.895532608032227
98 -9.682415008544922 -24.0230712890625
99 -10.20560359954834 -24.191484451293945
100 -10.712540626525879 -24.343416213989258
101 -11.094927787780762 -24.39558219909668
102 -11.785048484802246 -24.26370620727539
103 -12.089712142944336 -24.192930221557617
104 -12.18952465057373 -24.184995651245117
105 -12.431201934814453 -24.576608657836914
106 -12.708342552185059 -24.89481544494629
107 -13.091819763183594 -25.408781051635742
108 -13.182751655578613 -25.662763595581055
109 -13.016685485839844 -25.85660171508789
110 -12.84857177734375 -26.059267044067383
111 -12.565621376037598 -26.131807327270508
112 -12.00369644165039 -26.389530181884766
113 -11.622458457946777 -26.598995208740234
114 -10.961302757263184 -26.769397735595703
115 -10.079917907714844 -26.970136642456055
116 -9.577263832092285 -27.017364501953125
117 -9.310418128967285 -27.190731048583984
118 -8.951584815979004 -27.453039169311523
119 -8.970065116882324 -27.72329330444336
120 -9.225762367248535 -28.220935821533203
121 -9.411507606506348 -28.345844268798828
122 -10.299208641052246 -28.509613037109375
123 -11.08610725402832 -28.69782829284668
124 -11.553702354431152 -28.85654067993164
125 -11.759528160095215 -28.876890182495117
126 -12.351902961730957 -29.004981994628906
127 -12.740853309631348 -29.111909866333008
128 -13.153252601623535 -29.25876808166504
129 -13.492096900939941 -29.36067771911621
130 -13.76549243927002 -29.42795753479004
131 -14.023486137390137 -29.34520721435547
132 -14.4478120803833 -28.9437198638916
133 -14.700943946838379 -28.65230941772461
134 -14.908443450927734 -28.484561920166016
135 -15.282979011535645 -28.242162704467773
136 -15.804819107055664 -28.07452964782715
137 -15.96337604522705 -28.016279220581055
138 -16.503583908081055 -27.96819496154785
139 -17.18136215209961 -27.859813690185547
140 -17.517539978027344 -27.854156494140625
141 -17.803558349609375 -27.83939552307129
142 -18.011817932128906 -27.804607391357422
143 -18.279088973999023 -27.781869888305664
144 -18.643085479736328 -27.881301879882812
145 -19.07179832458496 -28.128742218017578
146 -19.66622543334961 -28.364580154418945
147 -20.23077964782715 -28.585731506347656
148 -20.557960510253906 -28.79676055908203
149 -20.806337356567383 -29.03723907470703
150 -20.831815719604492 -29.217287063598633
151 -20.705772399902344 -29.638469696044922
152 -20.50918197631836 -29.927610397338867
153 -20.351442337036133 -30.356618881225586
154 -20.17286491394043 -30.670351028442383
155 -19.854232788085938 -30.967058181762695
156 -19.452011108398438 -31.203983306884766
157 -19.026456832885742 -31.268590927124023
158 -18.65484619140625 -31.310806274414062
159 -18.318538665771484 -31.27794647216797
160 -17.25896644592285 -31.093017578125
161 -16.837051391601562 -31.078311920166016
162 -16.651397705078125 -31.198959350585938
163 -16.583066940307617 -31.603919982910156
164 -16.6258602142334 -31.97626495361328
165 -16.829341888427734 -32.25265884399414
166 -16.994598388671875 -32.47902297973633
167 -17.085433959960938 -32.71030044555664
168 -17.150468826293945 -33.330894470214844
169 -17.122522354125977 -33.629188537597656
170 -16.95665168762207 -33.900360107421875
171 -16.451059341430664 -34.482967376708984
172 -16.206003189086914 -34.598140716552734
173 -15.890373229980469 -34.580787658691406
174 -15.559632301330566 -34.53281784057617
175 -15.111777305603027 -34.40941619873047
176 -14.990273475646973 -34.38499450683594
177 -14.906804084777832 -34.24807357788086
178 -14.75797176361084 -33.817440032958984
179 -14.668452262878418 -33.47092819213867
180 -14.032567977905273 -32.36931228637695
181 -13.831628799438477 -32.28514099121094
182 -13.501140594482422 -32.181148529052734
183 -13.113420486450195 -32.1861457824707
184 -12.719569206237793 -32.148494720458984
185 -12.533105850219727 -32.21066665649414
186 -12.421710014343262 -32.4017333984375
187 -12.325470924377441 -32.78988265991211
188 -12.174959182739258 -33.113121032714844
189 -12.060230255126953 -33.54269790649414
190 -11.94192886352539 -33.918216705322266
191 -11.75452995300293 -34.493282318115234
192 -11.448982238769531 -35.35053253173828
193 -11.306293487548828 -35.749263763427734
194 -11.170248031616211 -36.187740325927734
195 -11.028888702392578 -36.833961486816406
196 -11.021322250366211 -37.116172790527344
197 -11.131053924560547 -37.405792236328125
198 -11.340178489685059 -37.57113265991211
199 -11.708964347839355 -37.796180725097656
200 -12.2151517868042 -38.10304260253906
201 -12.443377494812012 -38.22038650512695
202 -12.597334861755371 -38.32439422607422
203 -12.974319458007812 -38.525909423828125
204 -13.151291847229004 -38.6154670715332
205 -5.745997905731201 -16.43520736694336
206 -5.773897647857666 -16.267305374145508
207 -5.783405780792236 -15.807967185974121
208 -5.781559467315674 -15.538881301879883
209 -5.954176425933838 -15.097973823547363
210 -6.197836399078369 -14.717182159423828
211 -6.458195686340332 -14.564838409423828
212 -7.1037750244140625 -14.251559257507324
213 -7.48304557800293 -13.962116241455078
214 -7.706320285797119 -13.805986404418945
215 -8.056915283203125 -13.710403442382812
216 -8.426260948181152 -13.570442199707031
217 -8.820770263671875 -13.328254699707031
218 -9.000782012939453 -13.176456451416016
219 -9.318238258361816 -13.0719575881958
220 -9.660572052001953 -13.028882026672363
221 -9.86422348022461 -13.158256530761719
222 -10.1586332321167 -13.310470581054688
223 -10.53423023223877 -13.425148963928223
224 -11.1578950881958 -13.727705955505371
225 -11.43017864227295 -13.835915565490723
226 -15.950163841247559 -16.05925941467285
227 -16.086992263793945 -16.134323120117188
228 -16.41485595703125 -16.18454360961914
229 -16.854944229125977 -16.229246139526367
230 -17.158029556274414 -16.137195587158203
231 -17.469459533691406 -16.08733367919922
232 -17.644025802612305 -15.89097785949707
233 -17.68859100341797 -15.645550727844238
234 -17.744064331054688 -15.08437442779541
235 -17.77324867248535 -14.484423637390137
236 -17.663803100585938 -14.245588302612305
237 -17.239490509033203 -14.05261516571045
238 -16.340234756469727 -13.897749900817871
239 -15.502933502197266 -13.941425323486328
240 -15.059318542480469 -13.96965217590332
241 -14.762229919433594 -13.874761581420898
242 -14.229701042175293 -13.546441078186035
243 -14.063043594360352 -13.388876914978027
244 -14.024748802185059 -12.959367752075195
245 -14.111855506896973 -12.354368209838867
246 -14.21368408203125 -11.866795539855957
247 -14.291488647460938 -11.535046577453613
248 -14.637451171875 -10.964920997619629
249 -14.98664379119873 -10.541407585144043
250 -15.205160140991211 -10.447257041931152
251 -16.167043685913086 -10.503993034362793
252 -16.63872528076172 -10.61388111114502
253 -17.698665618896484 -10.943822860717773
254 -18.11583137512207 -11.116584777832031
255 -18.49535369873047 -11.285930633544922
256 -18.8903751373291 -11.428730964660645
257 -19.187885284423828 -11.508194923400879
258 -19.514842987060547 -11.533324241638184
259 -20.353456497192383 -11.798421859741211
260 -20.674835205078125 -11.852889060974121
261 -21.004182815551758 -11.834877967834473
262 -21.893293380737305 -11.745803833007812
263 -22.283082962036133 -11.780159950256348
264 -22.65635871887207 -11.921544075012207
265 -22.87252426147461 -12.307799339294434
266 -22.929231643676758 -12.57640266418457
267 -22.968257904052734 -12.906524658203125
268 -22.99342918395996 -13.067474365234375
269 -23.144712448120117 -13.759747505187988
270 -23.279560089111328 -14.14247989654541
271 -23.5430908203125 -14.681591033935547
272 -23.679576873779297 -14.873213768005371
273 -24.119882583618164 -15.184401512145996
274 -24.507274627685547 -15.269306182861328
275 -25.13022232055664 -15.112930297851562
276 -25.449399948120117 -14.998212814331055
277 -25.782541275024414 -14.808445930480957
278 -26.594514846801758 -14.427638053894043
279 -26.926300048828125 -14.300951957702637
280 -27.292724609375 -14.197410583496094
281 -27.665786743164062 -14.052996635437012
282 -28.196683883666992 -13.83383560180664
283 -28.70992088317871 -13.604135513305664
284 -29.159732818603516 -13.323928833007812
285 -29.614032745361328 -13.037787437438965
286 -29.937541961669922 -12.846702575683594
287 -30.367218017578125 -12.617435455322266
288 -31.108169555664062 -11.912763595581055
289 -31.32307243347168 -11.56863784790039
290 -31.381486892700195 -11.246380805969238
291 -31.437870025634766 -10.30784797668457
292 -31.443256378173828 -9.940670013427734
293 -31.45606803894043 -9.524847030639648
294 -31.4848575592041 -9.096114158630371
295 -31.556045532226562 -8.661147117614746
296 -31.595129013061523 -8.381795883178711
297 -31.644752502441406 -8.17337417602539
298 -32.035945892333984 -7.504768371582031
299 -32.30518341064453 -7.11836576461792
300 -32.49507141113281 -6.872506141662598
301 -32.73339080810547 -6.595072269439697
302 -32.97427749633789 -6.1438469886779785
303 -32.98482131958008 -5.8479132652282715
304 -32.835182189941406 -5.519439220428467
305 -32.67520523071289 -5.226921081542969
306 -32.58201217651367 -5.046319007873535
307 -32.3466796875 -4.831943511962891
308 -31.904184341430664 -4.570936679840088
309 -31.636133193969727 -4.394913196563721
310 -31.416324615478516 -4.224358081817627
311 -31.000207901000977 -3.8708791732788086
312 -30.701080322265625 -3.605292320251465
313 -30.298620223999023 -3.393585205078125
314 -29.949201583862305 -3.3173909187316895
315 -29.645116806030273 -3.3069002628326416
316 -29.399423599243164 -3.2696712017059326
317 -28.824249267578125 -3.1534743309020996
318 -28.06990623474121 -3.138166666030884
319 -27.643991470336914 -3.18656587600708
320 -27.31240463256836 -3.3023886680603027
321 -27.10584831237793 -3.439882755279541
322 -27.082080841064453 -3.7551379203796387
323 -27.082033157348633 -4.030766010284424
324 -27.131383895874023 -4.460495471954346
325 -27.15053939819336 -4.909619331359863
326 -27.190418243408203 -5.268063545227051
327 -27.196455001831055 -6.254002094268799
328 -27.178009033203125 -6.575060844421387
329 -27.20170021057129 -6.798334121704102
330 -27.27070426940918 -6.9860687255859375
331 -27.53965187072754 -7.6034064292907715
332 -27.690977096557617 -7.928011417388916
333 -27.912729263305664 -8.78600788116455
334 -27.892284393310547 -9.122160911560059
335 -27.686521530151367 -9.511326789855957
336 -27.249284744262695 -10.035161972045898
337 -27.181968688964844 -10.070984840393066
338 -26.9658203125 -10.177234649658203
339 -17.575510025024414 9.270736694335938
340 -17.484651565551758 9.439004898071289
341 -17.29184913635254 9.703174591064453
342 -17.054096221923828 10.004521369934082
343 -16.83746910095215 10.26240062713623
344 -16.687467575073242 10.500771522521973
345 -16.609451293945312 10.60053539276123
346 -16.294971466064453 11.14948558807373
347 -16.177684783935547 11.223042488098145
348 -15.778777122497559 11.362017631530762
349 -15.224583625793457 11.624820709228516
350 -14.636215209960938 11.895339965820312
351 -14.255231857299805 11.953635215759277
352 -13.912772178649902 11.81348991394043
353 -13.690362930297852 11.676095008850098
354 -13.642587661743164 11.437055587768555
355 -13.768492698669434 10.62074089050293
356 -13.773111343383789 10.432611465454102
357 -23.5699520111084 -3.6835718154907227
358 -23.593109130859375 -4.030614376068115
359 -23.583959579467773 -4.331597328186035
360 -23.49771499633789 -4.820971488952637
361 -23.385818481445312 -5.36194372177124
362 -23.26981544494629 -5.575551509857178
363 -23.150142669677734 -5.774518013000488
364 -23.028968811035156 -6.160604476928711
365 -23.010112762451172 -6.4987969398498535
366 -23.08151626586914 -6.954522609710693
367 -23.140567779541016 -7.400437831878662
368 -23.091794967651367 -7.842641353607178
369 -22.867189407348633 -8.422449111938477
370 -22.669963836669922 -8.677207946777344
371 -22.38245391845703 -8.746938705444336
372 -22.17549705505371 -8.672115325927734
373 -21.613462448120117 -8.381797790527344
374 -21.213768005371094 -8.116348266601562
375 -20.82501983642578 -7.951237201690674
376 -20.430822372436523 -7.931081771850586
377 -19.76432228088379 -7.909722805023193
378 -19.441932678222656 -7.8052239418029785
379 -19.272418975830078 -7.547723293304443
380 -19.12903594970703 -7.014976978302002
381 -19.08129119873047 -6.536268711090088
382 -19.211713790893555 -5.81645393371582
383 -19.33328628540039 -5.529129981994629
384 -19.48986053466797 -5.298565864562988
385 -19.666244506835938 -5.117355823516846
386 -19.907804489135742 -4.878292083740234
387 -20.356664657592773 -4.497962474822998
388 -20.83998680114746 -4.1583685874938965
389 -21.06654930114746 -3.977128505706787
390 -21.314617156982422 -3.7431235313415527
391 -21.6331729888916 -3.2412469387054443
392 -21.956499099731445 -2.70819354057312
393 -22.14818000793457 -2.322600841522217
394 -22.212682723999023 -1.935937523841858
395 -22.206031799316406 -1.6820491552352905
396 -22.07909393310547 -1.4681285619735718
397 -21.866273880004883 -1.0917630195617676
398 -21.5731143951416 -0.9466891288757324
399 -21.014883041381836 -0.8061304688453674
400 -20.59075355529785 -0.6843869686126709
401 -20.422733306884766 -0.6898727416992188
402 -20.06635284423828 -0.7822302579879761
403 -19.552011489868164 -0.9600834250450134
404 -19.093748092651367 -1.1278769969940186
405 -18.723003387451172 -1.3246674537658691
406 -18.28851318359375 -1.6214207410812378
407 -18.051834106445312 -1.7573223114013672
408 -17.923368453979492 -1.9281858205795288
409 -17.709121704101562 -2.3470618724823
410 -17.47808837890625 -2.780491352081299
411 -17.286806106567383 -3.0493502616882324
412 -16.91377067565918 -3.388676881790161
413 -16.766300201416016 -3.44994854927063
414 -16.494630813598633 -3.510563373565674
415 -16.136167526245117 -3.526247262954712
416 -15.898728370666504 -3.393836498260498
417 -15.496319770812988 -3.07181715965271
418 -15.302680969238281 -2.8523268699645996
419 -14.871682167053223 -2.1635470390319824
420 -14.671184539794922 -1.7662461996078491
421 -14.39747142791748 -1.079821228981018
422 -14.32492446899414 -0.8705772757530212
423 -14.202072143554688 -0.5365369915962219
424 -14.122720718383789 -0.26236727833747864
425 -13.999399185180664 0.30756431818008423
426 -13.929038047790527 0.6530805230140686
427 -13.812200546264648 0.8089674711227417
428 -13.341146469116211 1.1621607542037964
429 -13.085348129272461 1.4026240110397339
430 -12.850040435791016 1.6225297451019287
431 -12.459474563598633 1.6965526342391968
432 -12.121072769165039 1.6628875732421875
433 -11.912392616271973 1.6064064502716064
434 -11.71938419342041 1.371865153312683
435 -11.196290016174316 0.779639482498169
436 -11.054115295410156 0.5563885569572449
437 -11.00042724609375 0.33541902899742126
438 -10.862895011901855 0.02635115385055542
439 -10.595525741577148 -0.3248418867588043
440 -10.447092056274414 -0.4529710114002228
441 -9.968196868896484 -0.8462823629379272
442 -9.57341194152832 -1.32496178150177
443 -9.382555961608887 -1.661043643951416
444 -9.251559257507324 -2.0994675159454346
445 -9.206867218017578 -2.3990728855133057
446 -9.199535369873047 -2.602374315261841
447 -8.997031211853027 -3.1758527755737305
448 -8.773377418518066 -3.442885160446167
449 -8.492331504821777 -3.6764910221099854
450 -8.333296775817871 -3.7524256706237793
451 -7.941364288330078 -3.9574503898620605
452 -7.550397872924805 -4.215847492218018
453 -7.292745113372803 -4.447516918182373
454 -7.086327075958252 -4.674607753753662
455 -6.724182605743408 -4.992539405822754
456 -6.462376117706299 -5.34575891494751
457 -6.417352676391602 -5.693948745727539
458 -6.6654157638549805 -6.044617652893066
459 -7.195162296295166 -6.246662139892578
460 -7.453843116760254 -6.305425643920898
461 -7.6500444412231445 -6.351093292236328
462 -7.982201099395752 -6.488898754119873
463 -8.302850723266602 -6.540986061096191
464 -8.624715805053711 -6.63191032409668
465 -8.868810653686523 -6.614568710327148
466 -9.434470176696777 -6.521979808807373
467 -9.620267868041992 -6.54878044128418
468 -9.72701644897461 -6.622701644897461
469 -10.025364875793457 -6.733209609985352
470 -10.516664505004883 -6.93883752822876
471 -10.919915199279785 -7.0674662590026855
472 -11.38491439819336 -7.288629531860352
473 -11.658666610717773 -7.276797771453857
474 -12.1278715133667 -7.1630072593688965
475 -12.434929847717285 -6.918635368347168
476 -12.721322059631348 -6.588815212249756
477 -12.807676315307617 -6.410309791564941
478 -12.914190292358398 -5.845367908477783
479 -12.95809268951416 -5.429263591766357
480 -12.907903671264648 -5.0037760734558105
481 -12.729595184326172 -4.7134928703308105
482 -12.442326545715332 -4.349306583404541
483 -12.090709686279297 -4.027854919433594
484 -11.793737411499023 -3.808838129043579
485 -11.561849594116211 -3.6552014350891113
486 -11.289983749389648 -3.4798107147216797
487 -6.722556114196777 -1.227697491645813
488 -6.428569316864014 -1.0814452171325684
489 -6.071635723114014 -0.8932472467422485
490 -5.8806471824646 -0.7842961549758911
491 -5.767977714538574 -0.5643577575683594
492 -5.6162214279174805 -0.1760881245136261
493 -5.487737655639648 0.32158350944519043
494 -5.488447189331055 0.6357645988464355
495 -5.545618534088135 0.9752143025398254
496 -5.594467639923096 1.269507646560669
497 -5.644024848937988 1.4980159997940063
498 -5.791318416595459 2.0839717388153076
499 -5.960416793823242 2.533688545227051
500 -6.189128875732422 2.979707717895508
501 -6.422567844390869 3.312093496322632
502 -6.6087446212768555 3.579396963119507
503 -6.736269950866699 3.834373712539673
504 -6.784723281860352 4.0409650802612305
505 -6.812928676605225 4.458585262298584
506 -6.808158874511719 4.780155658721924
507 -6.591752529144287 5.117499828338623
508 -6.29204797744751 5.327511310577393
509 -6.0634846687316895 5.467868328094482
510 -5.826255798339844 5.752954959869385
511 -5.672214984893799 6.243873596191406
512 -5.687464237213135 6.548506736755371
513 -5.924922943115234 7.139885902404785
514 -6.161195755004883 7.466365337371826
515 -6.4348225593566895 7.784000396728516
516 -6.615354537963867 7.964656352996826
517 -7.116985321044922 8.275171279907227
518 -7.307155132293701 8.401911735534668
519 -7.5566487312316895 8.51132869720459
520 -8.027942657470703 8.644515037536621
521 -8.526519775390625 8.740842819213867
522 -8.768550872802734 8.782355308532715
523 -8.90270709991455 8.801652908325195
524 -9.199825286865234 8.77518367767334
525 -9.729301452636719 8.683144569396973
526 -10.17208194732666 8.568597793579102
527 -10.45040512084961 8.406396865844727
528 -10.68198299407959 8.25507640838623
529 -10.89183235168457 8.009475708007812
530 -11.105090141296387 7.8010406494140625
531 -11.35896110534668 7.606545925140381
532 -11.681565284729004 7.429712772369385
533 -12.159137725830078 7.201022624969482
534 -12.77451229095459 6.934067249298096
535 -13.275623321533203 6.707789897918701
536 -13.7310209274292 6.492062568664551
537 -13.990574836730957 6.4625468254089355
538 -14.429801940917969 6.40726900100708
539 -15.158365249633789 6.181002140045166
540 -15.593606948852539 6.0722808837890625
541 -15.950701713562012 6.048996448516846
542 -16.15375328063965 6.07397985458374
543 -16.61793327331543 6.057570457458496
544 -16.86237144470215 6.056701183319092
545 -17.036149978637695 5.96447229385376
546 -17.46581268310547 5.66743803024292
547 -17.744766235351562 5.389488697052002
548 -17.86874008178711 5.162681579589844
549 -18.103498458862305 4.745769023895264
550 -18.421228408813477 4.338285446166992
551 -18.82674217224121 3.736542224884033
552 -18.94740104675293 3.7215800285339355
553 -19.185165405273438 4.126420974731445
554 -19.403244018554688 4.459843158721924
555 -19.67418098449707 5.013078212738037
556 -19.84296417236328 5.311297416687012
557 -19.986038208007812 5.340871334075928
558 -21.134632110595703 5.385737895965576
559 -21.65319061279297 5.45619535446167
560 -21.73876190185547 5.393395900726318
561 -21.90949821472168 5.140578269958496
562 -22.08558464050293 4.797765731811523
563 -22.296371459960938 4.3864426612854
564 -22.565614700317383 4.029208660125732
565 -22.776073455810547 3.859952211380005
566 -23.008684158325195 3.6724467277526855
567 -23.28956413269043 3.508972644805908
568 -23.5499267578125 3.432039737701416
569 -23.950740814208984 3.365389108657837
570 -24.224960327148438 3.2998616695404053
571 -24.46229362487793 3.344021797180176
572 -24.92439842224121 3.3077025413513184
573 -25.175525665283203 3.3695194721221924
574 -25.414127349853516 3.575113534927368
575 -25.610881805419922 3.829597234725952
576 -25.9066219329834 4.267059803009033
577 -26.12037467956543 4.451883316040039
578 -26.36248779296875 4.644217014312744
579 -26.634769439697266 4.812044620513916
580 -27.074371337890625 5.048315048217773
581 -27.311922073364258 5.1645050048828125
582 -27.73300552368164 5.349542140960693
583 -27.98992347717285 5.4882307052612305
584 -28.27766227722168 5.658577919006348
585 -28.658815383911133 5.940858364105225
586 -28.95892906188965 6.1816534996032715
587 -29.114992141723633 6.296606063842773
588 -29.565343856811523 6.605897903442383
589 -29.88062858581543 6.798877239227295
590 -30.187402725219727 6.847161293029785
591 -30.785701751708984 6.81201171875
592 -31.235942840576172 6.7403364181518555
593 -31.508831024169922 6.688921928405762
594 -31.85623550415039 6.57949686050415
595 -32.15704345703125 6.460221767425537
596 -32.36672592163086 6.407804489135742
597 -33.215240478515625 6.421589374542236
598 -33.44041061401367 6.43768310546875
599 -33.691261291503906 6.464271545410156
600 -34.178688049316406 6.551790237426758
601 -34.69573974609375 6.648538112640381
602 -35.00374221801758 6.705227375030518
603 -35.48843765258789 6.7615556716918945
604 -36.196006774902344 6.810845851898193
605 -36.54566192626953 6.825362682342529
606 -36.90852737426758 6.8299689292907715
607 -37.42095184326172 6.823825836181641
608 -37.653472900390625 6.793983459472656
609 -37.96234893798828 6.776389122009277
610 -38.38179016113281 6.661473274230957
611 -38.657684326171875 6.565961837768555
612 -39.07374954223633 6.372764587402344
613 -39.493106842041016 6.215455532073975
614 -39.74394607543945 6.174234867095947
615 -40.314449310302734 6.0782999992370605
616 -40.87802505493164 5.9865827560424805
617 -41.17948913574219 5.9163312911987305
618 -41.398155212402344 5.827905178070068
619 -41.806427001953125 5.642584323883057
620 -42.023597717285156 5.475722312927246
621 -42.371124267578125 5.162161350250244
622 -42.610382080078125 4.890737533569336
623 -42.83354949951172 4.616195201873779
624 -43.048919677734375 4.331331253051758
625 -43.43977355957031 3.6966311931610107
626 -43.58018112182617 3.4581332206726074
627 -43.723690032958984 3.2379708290100098
628 -43.81019973754883 3.059696674346924
629 -44.011043548583984 2.6535744667053223
630 -44.1506462097168 2.3388304710388184
631 -44.195831298828125 2.137666702270508
632 -44.22724914550781 1.7159242630004883
633 -44.2287483215332 1.4174895286560059
634 -44.18529510498047 1.0980690717697144
635 -44.115806579589844 0.6591100692749023
636 -44.06177520751953 0.32545849680900574
637 -44.02200698852539 0.0337933786213398
638 -43.97798156738281 -0.40198060870170593
639 -43.96816635131836 -0.7442525029182434
640 -43.915855407714844 -1.3749090433120728
641 -43.9098014831543 -1.5981956720352173
642 -43.92604446411133 -1.8335729837417603
643 -43.93424606323242 -2.0467545986175537
644 -43.959171295166016 -2.53187894821167
645 -43.9254150390625 -3.0398528575897217
646 -43.79426956176758 -3.864169120788574
647 -43.721797943115234 -4.1261162757873535
648 -43.58916473388672 -4.395021915435791
649 -43.391117095947266 -4.677638053894043
650 -43.13079833984375 -4.97396993637085
651 -42.7694091796875 -5.3275465965271
652 -42.00971984863281 -6.020849227905273
653 -41.63582992553711 -6.37841272354126
654 -41.3202018737793 -6.659391403198242
655 -40.85138702392578 -7.061008930206299
656 -40.71337127685547 -7.203220367431641
657 -40.512821197509766 -7.252311706542969
658 -39.941471099853516 -7.427519798278809
659 -39.749664306640625 -7.47558069229126
660 -39.37866973876953 -7.554810523986816
661 -39.043277740478516 -7.610878944396973
662 -38.579078674316406 -7.676836967468262
663 -38.29476547241211 -7.703246116638184
664 -38.02085876464844 -7.689959526062012
665 -37.7895622253418 -7.645693778991699
666 -37.43901443481445 -7.474358081817627
667 -37.24604415893555 -7.335998058319092
668 -30.248661041259766 9.887945175170898
669 -30.131126403808594 10.075944900512695
670 -29.97913932800293 10.351750373840332
671 -29.86182975769043 10.798250198364258
672 -29.789691925048828 11.029793739318848
673 -29.611061096191406 11.427523612976074
674 -29.41340446472168 11.867600440979004
675 -29.336320877075195 12.242319107055664
676 -29.434362411499023 12.920971870422363
677 -29.56207275390625 13.607084274291992
678 -29.65757942199707 13.94386100769043
679 -29.72834014892578 14.259963989257812
680 -29.90382194519043 14.620880126953125
681 -30.15711212158203 14.730757713317871
682 -30.474374771118164 14.69681167602539
683 -30.780529022216797 14.545327186584473
684 -31.278345108032227 14.118218421936035
685 -31.569990158081055 13.590545654296875
686 -31.61036491394043 13.412989616394043
687 -31.447834014892578 13.206690788269043
688 -31.205617904663086 13.025083541870117
689 -28.075681686401367 12.849686622619629
690 -27.626361846923828 12.603765487670898
691 -27.44077491760254 12.428970336914062
692 -27.3555908203125 12.19395637512207
693 -27.065507888793945 11.384054183959961
694 -26.960338592529297 11.046019554138184
695 -26.791732788085938 10.869636535644531
696 -26.597604751586914 10.76736831665039
697 -26.367935180664062 10.665709495544434
698 -26.065532684326172 10.679841995239258
699 -25.524818420410156 10.93514633178711
700 -25.148849487304688 11.215985298156738
701 -25.04122543334961 11.409445762634277
702 -24.928176879882812 11.741190910339355
703 -24.886388778686523 11.993956565856934
704 -24.853792190551758 12.36963939666748
705 -24.902019500732422 12.759469985961914
706 -25.008644104003906 12.982494354248047
707 -25.21428680419922 13.246689796447754
708 -25.451047897338867 13.728723526000977
709 -25.487754821777344 14.057717323303223
710 -25.40951919555664 14.237669944763184
711 -25.056249618530273 14.379318237304688
712 -24.695850372314453 14.497721672058105
713 -24.13376235961914 14.60092830657959
714 -23.753398895263672 14.666646957397461
715 -23.320087432861328 14.699003219604492
716 -22.941801071166992 14.624848365783691
717 -22.521163940429688 14.533930778503418
718 -22.19211196899414 14.4906587600708
719 -21.85608673095703 14.400713920593262
720 -21.339956283569336 14.225807189941406
721 -20.84560203552246 14.025436401367188
722 -20.522924423217773 13.949505805969238
723 -20.143674850463867 13.9385986328125
724 -19.880748748779297 14.002459526062012
725 -19.54107093811035 14.13746452331543
726 -19.04156494140625 14.399253845214844
727 -18.717960357666016 14.558963775634766
728 -18.119487762451172 14.840691566467285
729 -17.250818252563477 15.201346397399902
730 -16.875308990478516 15.341681480407715
731 -16.494001388549805 15.493815422058105
732 -15.892229080200195 15.664734840393066
733 -15.46573543548584 15.759552001953125
734 -15.005436897277832 15.817865371704102
735 -14.379172325134277 15.830971717834473
736 -13.887804985046387 15.8184814453125
737 -13.459541320800781 15.786497116088867
738 -12.991557121276855 15.766339302062988
739 -12.619494438171387 15.610220909118652
740 -12.203668594360352 15.345921516418457
741 -11.975250244140625 14.961532592773438
742 -11.89236831665039 14.669137954711914
743 -12.001411437988281 14.394380569458008
744 -12.090667724609375 14.137825012207031
745 -12.206925392150879 14.080951690673828
746 -21.4177303314209 10.4609375
747 -21.582340240478516 10.34936237335205
748 -21.66142463684082 10.227594375610352
749 -21.870304107666016 10.074115753173828
750 -22.21746253967285 9.840840339660645
751 -22.649688720703125 9.537454605102539
752 -22.93926429748535 9.289690017700195
753 -23.390857696533203 9.027838706970215
754 -23.689653396606445 8.883448600769043
755 -24.164203643798828 8.707784652709961
756 -24.57239532470703 8.585623741149902
757 -24.911375045776367 8.516378402709961
758 -25.22274398803711 8.465806007385254
759 -25.4790096282959 8.500877380371094
760 -27.18678092956543 21.38783073425293
761 -27.258913040161133 21.29669189453125
762 -27.544475555419922 20.773134231567383
763 -27.80589485168457 20.20172882080078
764 -27.954938888549805 19.864286422729492
765 -28.076372146606445 19.54250144958496
766 -28.157697677612305 19.323341369628906
767 -28.2890625 18.903030395507812
768 -28.32979393005371 18.6928653717041
769 -28.378211975097656 17.91336441040039
770 -28.29319953918457 17.42493438720703
771 -28.13584327697754 17.199066162109375
772 -27.956220626831055 17.143781661987305
773 -27.131288528442383 17.00069808959961
774 -26.67645263671875 17.039043426513672
775 -26.249494552612305 17.170602798461914
776 -25.96510124206543 17.285696029663086
777 -25.670711517333984 17.35770606994629
778 -25.375722885131836 17.393213272094727
779 -24.86358642578125 17.369462966918945
780 -24.4722843170166 17.297515869140625
781 -24.08240509033203 17.188772201538086
782 -23.777027130126953 17.159027099609375
783 -23.508989334106445 17.131595611572266
784 -23.17518424987793 17.109167098999023
785 -22.591876983642578 17.044876098632812
786 -22.20572280883789 16.956480026245117
787 -21.874065399169922 16.891624450683594
788 -21.68345832824707 16.88666534423828
789 -21.220224380493164 16.989057540893555
790 -20.75040054321289 17.2210693359375
791 -20.33403968811035 17.537609100341797
792 -20.132417678833008 17.674427032470703
793 -19.70820426940918 17.99655532836914
794 -19.49625587463379 18.234561920166016
795 -19.213504791259766 18.64990234375
796 -19.033998489379883 18.930557250976562
797 -19.00071144104004 19.165803909301758
798 -19.102725982666016 19.657869338989258
799 -19.217496871948242 19.943275451660156
800 -19.584447860717773 20.229494094848633
801 -19.942272186279297 20.371902465820312
802 -20.380231857299805 20.397361755371094
803 -20.945240020751953 20.39983367919922
804 -21.275577545166016 20.41082763671875
805 -21.70484161376953 20.413402557373047
806 -22.15577507019043 20.45871353149414
807 -22.666263580322266 20.47146224975586
808 -22.879865646362305 20.475156784057617
809 -23.386640548706055 20.578386306762695
810 -24.09101104736328 20.972057342529297
811 -24.274385452270508 21.239572525024414
812 -24.391529083251953 22.0831241607666
813 -24.461204528808594 22.71097183227539
814 -24.52387237548828 23.14218521118164
815 -24.632701873779297 23.472909927368164
816 -24.75654411315918 23.719074249267578
817 -25.095745086669922 24.240684509277344
818 -25.29784393310547 24.524864196777344
819 -25.437837600708008 24.8456974029541
820 -25.451519012451172 25.093584060668945
821 -25.39653778076172 25.450918197631836
822 -25.369976043701172 25.832334518432617
823 -25.370500564575195 26.380159378051758
824 -25.44828224182129 26.82568359375
825 -25.700986862182617 27.536828994750977
826 -25.74675941467285 27.6860294342041
827 -25.797731399536133 28.022945404052734
828 -25.86913299560547 28.457517623901367
829 -25.898725509643555 28.738508224487305
830 -25.899816513061523 29.040435791015625
831 -25.86912727355957 29.383512496948242
832 -25.839658737182617 29.784923553466797
833 -25.785558700561523 30.25832748413086
834 -25.722362518310547 30.604297637939453
835 -25.619121551513672 30.764354705810547
836 -25.336271286010742 30.99691390991211
837 -25.030851364135742 31.1630859375
838 -24.702266693115234 31.366098403930664
839 -24.396472930908203 31.535125732421875
840 -24.04419708251953 31.67167091369629
841 -23.734664916992188 31.78534698486328
842 -23.278223037719727 31.910497665405273
843 -22.921483993530273 32.0068473815918
844 -22.451326370239258 32.007999420166016
845 -22.048500061035156 31.962839126586914
846 -21.60763168334961 31.86530303955078
847 -21.313901901245117 31.79380226135254
848 -20.851133346557617 31.61894416809082
849 -20.48818016052246 31.44748306274414
850 -20.273456573486328 31.28499984741211
851 -19.846837997436523 30.933551788330078
852 -19.44365119934082 30.488252639770508
853 -19.261581420898438 30.280960083007812
854 -18.77076530456543 29.669172286987305
855 -18.606611251831055 29.43449592590332
856 -18.358705520629883 29.065635681152344
857 -18.057525634765625 28.651769638061523
858 -17.846717834472656 28.395854949951172
859 -17.590356826782227 28.09138298034668
860 -17.400815963745117 27.866273880004883
861 -17.133285522460938 27.558792114257812
862 -16.969093322753906 27.365509033203125
863 -16.754915237426758 27.116060256958008
864 -16.586984634399414 26.908674240112305
865 -16.317655563354492 26.56938934326172
866 -15.929837226867676 26.09181022644043
867 -15.701574325561523 25.811954498291016
868 -15.60794734954834 25.651506423950195
869 -15.40906047821045 25.286104202270508
870 -15.349578857421875 25.07061767578125
871 -15.289511680603027 24.80803108215332
872 -15.324746131896973 24.553165435791016
873 -15.400299072265625 24.35761070251465
874 -33.98215103149414 11.973505020141602
875 -34.12409591674805 11.983508110046387
876 -34.358158111572266 11.98377799987793
877 -34.87794494628906 11.98064136505127
878 -35.371826171875 11.934645652770996
879 -35.548919677734375 11.890595436096191
880 -35.91087341308594 11.87818717956543
881 -36.66570281982422 11.962069511413574
882 -37.065486907958984 12.05420970916748
883 -37.24504470825195 12.150582313537598
884 -37.460636138916016 12.243599891662598
885 -37.66988754272461 12.402761459350586
886 -37.94802474975586 12.659814834594727
887 -38.23326873779297 12.880290031433105
888 -38.3754768371582 13.266094207763672
889 -38.34501647949219 13.664207458496094
890 -38.19832229614258 14.050660133361816
891 -38.07318115234375 14.334940910339355
892 -37.8531494140625 14.753680229187012
893 -37.625370025634766 15.011635780334473
894 -37.21494674682617 15.381938934326172
895 -36.915000915527344 15.602468490600586
896 -36.00593948364258 16.168804168701172
897 -35.69548034667969 16.355018615722656
898 -35.382537841796875 16.515356063842773
899 -35.23912811279297 16.58115005493164
900 -34.98961639404297 16.72732162475586
901 -34.43682861328125 17.017051696777344
902 -34.21747589111328 17.15207862854004
903 -33.8748779296875 17.38774299621582
904 -33.480735778808594 17.687597274780273
905 -33.29914855957031 17.87310028076172
906 -33.11813735961914 18.17411231994629
907 -33.02468490600586 18.669614791870117
908 -32.98754119873047 19.198570251464844
909 -33.03276824951172 19.490468978881836
910 -33.28616714477539 20.024084091186523
911 -33.46907043457031 20.342960357666016
912 -33.817962646484375 20.873754501342773
913 -34.07926940917969 21.243471145629883
914 -34.25205993652344 21.593618392944336
915 -34.32271957397461 21.829782485961914
916 -34.327239990234375 22.126127243041992
917 -34.29832458496094 22.352115631103516
918 -34.13346862792969 22.65706443786621
919 -33.88093185424805 23.030166625976562
920 -33.61918640136719 23.43822479248047
921 -33.44176483154297 23.791576385498047
922 -33.332435607910156 24.123661041259766
923 -33.240360260009766 24.257112503051758
924 -32.82449722290039 24.441242218017578
925 -32.50581359863281 24.53038215637207
926 -32.30455017089844 24.558366775512695
927 -31.76527976989746 24.719099044799805
928 -31.408628463745117 24.766460418701172
929 -31.031721115112305 24.522470474243164
930 -30.77832794189453 24.16896629333496
931 -30.675561904907227 23.958786010742188
932 -30.637950897216797 23.760250091552734
933 -30.646381378173828 23.36536979675293
934 -37.56850051879883 2.55753231048584
935 -37.764976501464844 2.3571083545684814
936 -38.097389221191406 2.1110708713531494
937 -38.31379699707031 1.8995834589004517
938 -38.56832504272461 1.5775762796401978
939 -38.6979866027832 1.2327356338500977
940 -38.76542663574219 0.8748028874397278
941 -38.9256477355957 0.6009235382080078
942 -38.85270309448242 0.45994240045547485
943 -38.36483383178711 -0.31946617364883423
944 -38.155616760253906 -0.7309662103652954
945 -37.97721862792969 -1.1095507144927979
946 -37.803916931152344 -1.4602937698364258
947 -37.57850646972656 -1.8416154384613037
948 -37.36520004272461 -2.2104456424713135
949 -37.170753479003906 -2.50262188911438
950 -36.77942657470703 -2.7749550342559814
951 -36.57896423339844 -2.905128240585327
952 -36.23675537109375 -2.9788458347320557
953 -35.80216598510742 -3.005617618560791
954 -35.68486022949219 -2.9287750720977783
955 -35.32997131347656 -2.2181949615478516
956 -35.13792419433594 -1.8862158060073853
957 -34.920204162597656 -1.5622344017028809
958 -34.84196853637695 -1.2975836992263794
959 -34.69814682006836 -0.7897107005119324
960 -34.599334716796875 -0.5006344318389893
961 -34.371490478515625 -0.3009992837905884
962 -34.159034729003906 -0.10474654287099838
963 -33.807106018066406 0.22074846923351288
964 -33.470462799072266 0.5682029724121094
965 -33.31819152832031 0.7528141140937805
966 -33.154624938964844 0.9775869846343994
967 -32.91135025024414 1.3127802610397339
968 -32.56673049926758 1.7941821813583374
969 -32.34414291381836 2.1189980506896973
970 -32.224281311035156 2.2289164066314697
971 -32.06013870239258 2.2205026149749756
972 -31.76201820373535 2.2398736476898193
973 -31.08888053894043 2.360257148742676
974 -30.69986343383789 2.3684189319610596
975 -29.637765884399414 2.2051072120666504
976 -29.29337501525879 2.097221851348877
977 -28.964557647705078 1.7900103330612183
978 -28.70090675354004 1.4061003923416138
979 -28.577598571777344 1.0718246698379517
980 -28.521305084228516 0.8297275900840759
981 -37.126243591308594 -11.95236873626709
982 -37.2620849609375 -12.119380950927734
983 -37.44195556640625 -12.36064624786377
984 -38.09706497192383 -13.053803443908691
985 -38.63885498046875 -13.602965354919434
986 -38.82421112060547 -13.767704963684082
987 -39.00060272216797 -13.977022171020508
988 -39.160430908203125 -14.170438766479492
989 -39.27831268310547 -14.321391105651855
990 -39.65076446533203 -14.7903413772583
991 -39.834007263183594 -15.056617736816406
992 -40.08767318725586 -15.442233085632324
993 -40.27450180053711 -15.730324745178223
994 -40.36502456665039 -15.884099006652832
995 -40.6353874206543 -16.379255294799805
996 -40.796897888183594 -16.672849655151367
997 -40.944461822509766 -16.929710388183594
998 -41.051753997802734 -17.123249053955078
999 -41.0977668762207 -17.203861236572266
