0 40.41579818725586 48.10032272338867
1 40.47928237915039 47.88407897949219
2 40.45741271972656 47.5753288269043
3 40.428985595703125 47.16897201538086
4 40.339599609375 46.501686096191406
5 40.3031005859375 46.00164031982422
6 40.32099151611328 45.57665252685547
7 40.57160949707031 45.028499603271484
8 40.72935485839844 44.784358978271484
9 41.501182556152344 44.29661178588867
10 41.876712799072266 44.21342849731445
11 42.277217864990234 44.3067741394043
12 42.74186325073242 44.523460388183594
13 43.26399612426758 44.80849075317383
14 43.37913131713867 44.979583740234375
15 43.424320220947266 45.33413314819336
16 43.422874450683594 45.6790885925293
17 43.36990737915039 46.492652893066406
18 43.31902313232422 46.87862777709961
19 43.3038444519043 47.48117446899414
20 43.238861083984375 47.945186614990234
21 43.07122039794922 48.08963394165039
22 42.631080627441406 48.199832916259766
23 38.04985427856445 48.386837005615234
24 37.646751403808594 48.40719985961914
25 36.95628356933594 48.3377799987793
26 36.75417709350586 48.334716796875
27 36.057411193847656 48.31315612792969
28 35.78971481323242 48.11900329589844
29 35.333553314208984 47.78129577636719
30 34.902374267578125 47.43585968017578
31 34.65776824951172 47.22440719604492
32 33.86557388305664 46.36428451538086
33 33.71728515625 46.009521484375
34 33.58375549316406 45.34333801269531
35 33.611602783203125 44.978981018066406
36 33.717952728271484 44.68986129760742
37 33.916465759277344 44.458152770996094
38 34.22603988647461 44.22718811035156
39 34.42080307006836 44.00749206542969
40 35.22106170654297 43.257415771484375
41 35.339656829833984 43.2095832824707
42 35.48447799682617 43.28432846069336
43 35.66864776611328 43.39794158935547
44 36.30149459838867 43.686283111572266
45 36.6905403137207 43.7835578918457
46 37.158721923828125 43.92353057861328
47 37.61369323730469 44.188323974609375
48 38.038177490234375 44.512535095214844
49 38.29053497314453 44.66613006591797
50 46.549232482910156 45.795631408691406
51 47.15745162963867 45.69935607910156
52 47.520259857177734 45.54317855834961
53 47.84429168701172 45.3477783203125
54 48.09356689453125 45.27083206176758
55 54.357566833496094 44.9507942199707
56 54.401920318603516 45.01628112792969
57 54.34714889526367 45.17918014526367
58 53.7255973815918 45.713497161865234
59 53.342811584472656 46.01218795776367
60 53.125125885009766 46.23333740234375
61 52.964195251464844 46.46512222290039
62 52.773536682128906 46.578887939453125
63 52.287879943847656 46.563697814941406
64 51.97901916503906 46.43465805053711
65 51.66127014160156 46.105926513671875
66 50.88486862182617 45.46406555175781
67 50.743350982666016 45.265174865722656
68 50.22274398803711 44.61514663696289
69 50.32155990600586 44.51629638671875
70 50.65355682373047 44.322357177734375
71 51.1104850769043 44.02379608154297
72 52.02450180053711 43.39337158203125
73 52.182254791259766 43.21078872680664
74 52.052452087402344 43.113372802734375
75 51.120941162109375 42.61540603637695
76 50.77436065673828 42.45234298706055
77 50.517757415771484 42.351165771484375
78 50.288909912109375 42.288963317871094
79 49.3679313659668 42.28095245361328
80 48.98543930053711 42.18815994262695
81 48.53813171386719 42.03606033325195
82 48.17402648925781 41.95927047729492
83 47.57493209838867 41.97920608520508
84 47.1256217956543 42.06973648071289
85 46.67845153808594 42.197391510009766
86 46.43946838378906 42.288368225097656
87 46.12953567504883 42.46403884887695
88 45.879615783691406 42.61673355102539
89 43.972145080566406 59.1892204284668
90 43.810726165771484 59.53784942626953
91 43.70582580566406 59.665653228759766
92 43.438880920410156 59.77700424194336
93 42.92964172363281 60.0434455871582
94 42.65544128417969 60.15462875366211
95 42.21370315551758 60.25001907348633
96 41.83488464355469 60.34933090209961
97 41.571990966796875 60.46392059326172
98 41.02032470703125 60.76910400390625
99 40.71279525756836 60.83333206176758
100 40.11723709106445 60.846012115478516
101 39.75564956665039 60.833953857421875
102 39.24720764160156 60.797332763671875
103 38.50740432739258 60.7310791015625
104 38.09360122680664 60.72630310058594
105 37.811344146728516 60.74992752075195
106 37.47072219848633 60.79306411743164
107 37.07162094116211 60.845333099365234
108 36.578224182128906 60.898658752441406
109 36.28456115722656 60.759159088134766
110 35.973907470703125 60.47055435180664
111 35.72002029418945 60.22161865234375
112 35.033714294433594 59.64043045043945
113 34.83027267456055 59.40393829345703
114 34.55058288574219 58.8599967956543
115 34.440738677978516 58.256954193115234
116 34.46722412109375 57.173274993896484
117 34.5416374206543 56.72776794433594
118 34.71415328979492 56.129119873046875
119 34.718414306640625 55.93828201293945
120 34.797515869140625 55.308799743652344
121 34.828392028808594 54.62522506713867
122 34.77314758300781 54.240718841552734
123 34.649009704589844 54.047367095947266
124 33.1907958984375 54.28335952758789
125 32.736236572265625 54.33789825439453
126 32.30681610107422 54.389434814453125
127 31.651811599731445 54.468666076660156
128 31.288312911987305 54.590370178222656
129 30.986495971679688 54.88553237915039
130 30.705759048461914 55.5534782409668
131 30.610027313232422 56.04969787597656
132 30.651798248291016 56.222251892089844
133 31.565763473510742 57.542945861816406
134 31.738479614257812 57.75469207763672
135 32.15237045288086 58.034847259521484
136 32.439231872558594 58.10417938232422
137 36.48396301269531 57.217288970947266
138 36.72648620605469 57.138710021972656
139 37.20752716064453 56.912166595458984
140 37.46308898925781 56.79476547241211
141 38.69551086425781 56.430240631103516
142 38.92142868041992 56.421669006347656
143 39.2542724609375 56.449546813964844
144 39.65159606933594 56.58211135864258
145 40.07614517211914 56.7557487487793
146 40.31504440307617 56.90153884887695
147 40.85358810424805 57.18962860107422
148 41.49298858642578 57.312705993652344
149 41.79732131958008 57.134254455566406
150 42.045082092285156 56.64111328125
151 42.099483489990234 55.902198791503906
152 42.01408767700195 55.31650924682617
153 41.89599609375 54.506736755371094
154 41.801876068115234 54.111473083496094
155 41.58615493774414 53.5762939453125
156 40.07748031616211 51.121482849121094
157 39.82965850830078 50.90834045410156
158 39.53303527832031 50.86324691772461
159 38.81510925292969 50.947872161865234
160 38.3232421875 51.12602996826172
161 37.81855773925781 51.45834732055664
162 37.46818161010742 51.83179473876953
163 37.28761291503906 52.29862594604492
164 37.325096130371094 52.80128860473633
165 37.81034851074219 53.57600021362305
166 38.42835998535156 53.89379119873047
167 38.7000732421875 53.93854904174805
168 39.15886306762695 53.75961685180664
169 39.663719177246094 53.38542556762695
170 39.98572540283203 53.01032638549805
171 40.307334899902344 52.7398567199707
172 40.75853729248047 52.440799713134766
173 41.547271728515625 51.7370719909668
174 41.97469711303711 51.40001678466797
175 42.28807067871094 51.322818756103516
176 42.481727600097656 51.43813705444336
177 43.1063346862793 52.46704864501953
178 43.2608757019043 52.74204635620117
179 43.39718246459961 52.959651947021484
180 43.56455612182617 53.33381271362305
181 43.92310333251953 54.70601272583008
182 44.033668518066406 54.83642578125
183 44.2786979675293 54.86670684814453
184 44.78208923339844 54.726104736328125
185 45.34532165527344 54.41712188720703
186 45.58769607543945 54.23970031738281
187 46.13029098510742 53.746761322021484
188 46.32162094116211 53.613712310791016
189 46.64792251586914 53.327754974365234
190 46.92174530029297 52.9901237487793
191 47.14249038696289 52.72358322143555
192 47.60042953491211 52.38646697998047
193 47.78206253051758 52.389862060546875
194 48.18882751464844 52.77722930908203
195 48.323246002197266 53.017303466796875
196 48.260379791259766 54.1282958984375
197 48.39573287963867 54.9505500793457
198 48.6725959777832 55.19704055786133
199 49.39036178588867 55.350162506103516
200 49.90249252319336 55.3731689453125
201 50.23250961303711 55.3334846496582
202 50.798160552978516 55.215110778808594
203 51.07400131225586 55.153011322021484
204 51.569923400878906 54.98655700683594
205 51.98779296875 54.714839935302734
206 52.367210388183594 54.41333770751953
207 52.57087326049805 54.22914505004883
208 52.811363220214844 54.102928161621094
209 53.208980560302734 54.013580322265625
210 53.66685485839844 54.105796813964844
211 54.277076721191406 54.13597106933594
212 54.797325134277344 54.0057373046875
213 54.919986724853516 53.88557052612305
214 54.90708923339844 53.76053237915039
215 53.90643310546875 52.50323486328125
216 53.84700393676758 52.34660339355469
217 53.88013458251953 52.15755081176758
218 53.960662841796875 51.87387466430664
219 55.398075103759766 50.788856506347656
220 55.5562629699707 50.75176239013672
221 56.069576263427734 51.143699645996094
222 56.27568435668945 51.41291046142578
223 56.78605651855469 52.439781188964844
224 56.92288589477539 52.78757858276367
225 57.028724670410156 53.183860778808594
226 57.2530517578125 54.01176834106445
227 57.51091384887695 54.803951263427734
228 57.73212432861328 55.13991165161133
229 57.961856842041016 55.47703552246094
230 58.00111770629883 55.550785064697266
231 52.08278274536133 49.67914962768555
232 52.0897216796875 49.7687873840332
233 52.14027404785156 50.07657241821289
234 52.14204406738281 50.337623596191406
235 52.154048919677734 50.487552642822266
236 54.0366096496582 57.18737030029297
237 54.061195373535156 57.366973876953125
238 54.09296798706055 57.738956451416016
239 54.21720886230469 58.34346389770508
240 54.36993408203125 58.785186767578125
241 54.57107162475586 59.27751159667969
242 54.6622314453125 59.56089401245117
243 54.72858810424805 59.7262077331543
244 55.440731048583984 60.23891067504883
245 56.09648513793945 60.568153381347656
246 56.420631408691406 60.58479690551758
247 56.80316925048828 60.47077941894531
248 57.08707809448242 60.31533432006836
249 57.69740295410156 59.80294418334961
250 57.884666442871094 59.71772003173828
251 58.192928314208984 59.561256408691406
252 59.01956558227539 59.2345085144043
253 59.46085739135742 59.20542907714844
254 59.79695129394531 59.34958267211914
255 60.439945220947266 59.941993713378906
256 60.5832633972168 60.23822784423828
257 60.765377044677734 60.73225784301758
258 60.82560348510742 61.047340393066406
259 60.87977981567383 61.50461196899414
260 60.86141586303711 61.91658020019531
261 60.79007339477539 62.35329055786133
262 60.67866516113281 62.93578338623047
263 60.493125915527344 63.260135650634766
264 59.29500198364258 63.85659408569336
265 59.09513854980469 63.96269989013672
266 58.25021743774414 64.64326477050781
267 58.00361633300781 64.81159973144531
268 57.398597717285156 65.10303497314453
269 56.5233154296875 65.18541717529297
270 56.176937103271484 65.2146987915039
271 55.858009338378906 65.24634552001953
272 30.600229263305664 64.8013916015625
273 30.63922119140625 64.58536529541016
274 30.8019962310791 64.15570068359375
275 30.964828491210938 63.902793884277344
276 31.611562728881836 63.30268859863281
277 32.04143142700195 62.992950439453125
278 32.41323471069336 62.75230026245117
279 32.7611083984375 62.62541198730469
280 33.78616714477539 62.76003646850586
281 34.149234771728516 62.97956466674805
282 34.547386169433594 63.359100341796875
283 34.86949157714844 63.91466522216797
284 35.022308349609375 64.21554565429688
285 35.27336120605469 64.76531219482422
286 35.35660934448242 65.38245391845703
287 35.33868408203125 65.8983383178711
288 35.22235107421875 66.60580444335938
289 35.20090866088867 66.86090850830078
290 35.21987533569336 66.95394897460938
291 35.895835876464844 68.16926574707031
292 35.895023345947266 68.27565002441406
293 35.767147064208984 68.3480453491211
294 34.37660598754883 68.51589965820312
295 34.02788543701172 68.6568603515625
296 33.90007019042969 68.80084991455078
297 33.7638053894043 69.1218032836914
298 33.57758712768555 70.08814239501953
299 33.52555465698242 70.51274871826172
300 33.5825080871582 71.45672607421875
301 33.60890579223633 71.88230895996094
302 33.53976821899414 72.32547760009766
303 33.01057052612305 73.080810546875
304 32.64997482299805 73.29046630859375
305 32.24127960205078 73.34080505371094
306 31.642488479614258 73.13298034667969
307 31.391937255859375 72.8515853881836
308 31.26839828491211 72.49596405029297
309 31.143421173095703 71.94368743896484
310 31.236331939697266 71.33077239990234
311 31.33775520324707 70.94855499267578
312 31.397371292114258 70.66117095947266
313 26.719823837280273 52.23844909667969
314 26.749065399169922 52.137046813964844
315 26.83531951904297 51.93900680541992
316 27.36861228942871 51.013248443603516
317 27.558191299438477 50.77434539794922
318 27.87049102783203 50.48062515258789
319 28.233659744262695 50.27549743652344
320 28.569501876831055 50.13474655151367
321 29.013425827026367 49.93800735473633
322 29.369029998779297 49.789608001708984
323 30.135364532470703 49.54258728027344
324 30.433128356933594 49.48173141479492
325 31.39521598815918 49.45018005371094
326 31.55069923400879 49.47869873046875
327 31.847747802734375 49.58120346069336
328 32.11158752441406 49.75600814819336
329 32.609619140625 50.25651931762695
330 32.8892822265625 50.57819747924805
331 33.13833236694336 50.96179962158203
332 33.42735290527344 51.316593170166016
333 33.59358596801758 51.503116607666016
334 38.431827545166016 63.786293029785156
335 38.96202087402344 63.92539978027344
336 39.0523796081543 63.94223403930664
337 39.695396423339844 63.88018798828125
338 40.27992248535156 63.8272819519043
339 40.65806579589844 63.8524055480957
340 41.18880081176758 64.01675415039062
341 41.30058288574219 64.13064575195312
342 41.07109832763672 65.5870361328125
343 41.017704010009766 65.81101989746094
344 40.31449890136719 67.7896957397461
345 40.1788330078125 67.8821029663086
346 39.54655838012695 68.00672149658203
347 39.18416976928711 67.85317993164062
348 38.79374313354492 67.4380111694336
349 38.5752067565918 67.0549545288086
350 38.52173614501953 66.84870147705078
351 38.530120849609375 66.50662994384766
352 49.183170318603516 58.03689956665039
353 49.43986511230469 58.178340911865234
354 49.6099739074707 58.358577728271484
355 49.70296096801758 58.484764099121094
356 50.55436325073242 59.80393600463867
357 50.65875244140625 59.96857452392578
358 51.18208694458008 60.65568542480469
359 51.39482116699219 60.875938415527344
360 52.97470474243164 61.86356735229492
361 53.05640411376953 61.905391693115234
362 53.01655197143555 61.95103454589844
363 35.05012512207031 87.034423828125
364 35.01272964477539 87.20097351074219
365 34.94474792480469 87.595458984375
366 34.84555435180664 88.14087677001953
367 34.80062484741211 88.5897445678711
368 34.74102783203125 89.07069396972656
369 34.66252136230469 89.44806671142578
370 34.32415771484375 89.74434661865234
371 33.70503616333008 90.22974395751953
372 33.38035202026367 90.4450454711914
373 33.18474578857422 90.50602722167969
374 32.98085403442383 90.53071594238281
375 32.10126876831055 91.05797576904297
376 31.955551147460938 91.06793212890625
377 31.10242462158203 90.79057312011719
378 30.82503890991211 90.54640197753906
379 30.32836151123047 90.0643539428711
380 30.204757690429688 89.84940338134766
381 30.101490020751953 89.49156951904297
382 30.008424758911133 89.21387481689453
383 31.706462860107422 86.64801025390625
384 31.590164184570312 86.37335205078125
385 31.283580780029297 86.115234375
386 30.574941635131836 85.8717269897461
387 30.378263473510742 85.89656829833984
388 30.013864517211914 86.03385162353516
389 29.68233299255371 86.16344451904297
390 29.194026947021484 86.39481353759766
391 28.654626846313477 86.73213195800781
392 28.363121032714844 86.98734283447266
393 28.15399169921875 87.30630493164062
394 26.604328155517578 92.81339263916016
395 26.57685661315918 92.91209411621094
396 26.490272521972656 93.04724884033203
397 25.909086227416992 93.56453704833984
398 25.498018264770508 93.96460723876953
399 25.19960594177246 94.31730651855469
400 24.881000518798828 94.8299789428711
401 24.588003158569336 95.3186264038086
402 24.233049392700195 95.99398040771484
403 24.123689651489258 96.15533447265625
404 23.76841926574707 96.36590576171875
405 23.32305908203125 96.59873962402344
406 22.780370712280273 96.94436645507812
407 22.392597198486328 97.28836059570312
408 22.170658111572266 97.52433013916016
409 21.472047805786133 98.32048797607422
410 21.305574417114258 98.36940002441406
411 20.625354766845703 98.11246490478516
412 20.32593536376953 98.00962829589844
413 20.194604873657227 97.91917419433594
414 19.102020263671875 85.52236938476562
415 19.22121810913086 85.38426208496094
416 19.488643646240234 85.25493621826172
417 19.85703468322754 85.16311645507812
418 20.40087890625 85.1065902709961
419 21.024248123168945 84.96244812011719
420 21.3136043548584 84.73023223876953
421 21.547882080078125 84.3382568359375
422 21.655580520629883 84.04666900634766
423 21.747100830078125 83.63734436035156
424 21.864824295043945 83.28300476074219
425 22.256786346435547 82.95735931396484
426 22.498138427734375 82.84059143066406
427 22.676416397094727 82.78622436523438
428 23.187894821166992 82.53076171875
429 23.596092224121094 82.30319213867188
430 24.646265029907227 81.99464416503906
431 24.732362747192383 82.09971618652344
432 24.722679138183594 82.7001953125
433 24.712141036987305 83.00831604003906
434 24.731996536254883 83.9479751586914
435 24.832609176635742 84.56587982177734
436 25.055095672607422 85.03270721435547
437 25.1112003326416 85.31880187988281
438 25.054475784301758 85.64265441894531
439 24.6816463470459 85.88846588134766
440 24.06494903564453 85.98915100097656
441 23.896005630493164 86.00548553466797
442 30.054262161254883 97.35263061523438
443 30.094482421875 97.41178131103516
444 30.159120559692383 97.49311065673828
445 30.65157127380371 98.09078216552734
446 30.82440185546875 98.17515563964844
447 31.05302619934082 98.16062927246094
448 31.71125030517578 97.99537658691406
449 32.099246978759766 97.84343719482422
450 32.5391731262207 97.56551361083984
451 32.73743438720703 97.36398315429688
452 32.88542938232422 97.19813537597656
453 33.0417366027832 97.03377532958984
454 17.61125373840332 88.81658935546875
455 17.779783248901367 88.80078887939453
456 18.37729835510254 88.74330139160156
457 18.882169723510742 88.64474487304688
458 19.08481216430664 88.6060562133789
459 19.354938507080078 88.58123016357422
460 19.975706100463867 88.53134155273438
461 20.73487663269043 88.42133331298828
462 21.376848220825195 88.4315414428711
463 21.990707397460938 88.36589050292969
464 22.366769790649414 88.3253402709961
465 23.246131896972656 88.40499877929688
466 24.98647689819336 88.92874145507812
467 25.145427703857422 89.04765319824219
468 25.181520462036133 89.26190185546875
469 24.9937801361084 89.7486572265625
470 24.776508331298828 90.14897155761719
471 24.418855667114258 90.41925048828125
472 23.73839569091797 90.7098617553711
473 23.307249069213867 90.68608856201172
474 22.85279655456543 90.54422760009766
475 22.299381256103516 90.38702392578125
476 21.96590805053711 90.4534912109375
477 21.389883041381836 90.94847106933594
478 21.00896453857422 91.27618408203125
479 20.865345001220703 91.56321716308594
480 20.686494827270508 92.28204345703125
481 20.59391975402832 92.62804412841797
482 20.38130760192871 93.03521728515625
483 20.121212005615234 93.47572326660156
484 19.535818099975586 93.83489227294922
485 19.13920783996582 93.94144439697266
486 18.80791664123535 93.86908721923828
487 18.359304428100586 93.57312774658203
488 18.045429229736328 93.2587661743164
489 17.78972625732422 92.8809585571289
490 17.48744010925293 92.20326232910156
491 17.31123161315918 92.06941986083984
492 16.915081024169922 92.14801025390625
493 16.52354621887207 92.28721618652344
494 15.474593162536621 92.44222259521484
495 15.360905647277832 92.57636260986328
496 15.380868911743164 93.46869659423828
497 15.337834358215332 93.92111206054688
498 15.26641845703125 94.3583755493164
499 15.172901153564453 94.76973724365234
500 14.837822914123535 95.69375610351562
501 14.707465171813965 96.02532196044922
502 14.434722900390625 96.43688201904297
503 14.077641487121582 96.88412475585938
504 13.841954231262207 97.08950805664062
505 13.553534507751465 97.16856384277344
506 13.108325958251953 97.23499298095703
507 12.031240463256836 97.0941162109375
508 11.574974060058594 96.94093322753906
509 11.362138748168945 96.7861328125
510 10.990822792053223 96.3870620727539
511 10.851872444152832 96.17112731933594
512 10.137289047241211 95.12165069580078
513 10.11414909362793 94.83039093017578
514 10.102511405944824 94.39730072021484
515 10.024986267089844 93.5701675415039
516 10.05329704284668 93.22403717041016
517 10.14474105834961 92.97199249267578
518 10.461323738098145 92.4304428100586
519 10.705690383911133 92.09294891357422
520 11.114219665527344 91.60283660888672
521 11.499287605285645 91.35550689697266
522 11.847467422485352 91.11266326904297
523 12.237887382507324 90.85806274414062
524 12.445072174072266 90.5786361694336
525 12.389144897460938 89.98655700683594
526 12.304058074951172 89.53616333007812
527 12.003023147583008 89.18257141113281
528 11.599584579467773 88.93714141845703
529 11.128747940063477 88.85598754882812
530 10.618678092956543 88.90351104736328
531 10.383472442626953 88.9765396118164
532 9.743659973144531 89.39736938476562
533 9.43056583404541 89.70990753173828
534 9.099024772644043 90.06887817382812
535 8.676703453063965 90.2504653930664
536 8.103870391845703 90.32462310791016
537 7.64741325378418 90.1245346069336
538 7.264335632324219 89.78520965576172
539 6.907104015350342 89.2378921508789
540 6.838595390319824 88.99819946289062
541 6.659061431884766 88.53670501708984
542 6.485515117645264 88.34056091308594
543 6.088015079498291 88.06615447998047
544 5.878054141998291 87.85126495361328
545 5.678506374359131 87.35198211669922
546 5.634365081787109 86.90642547607422
547 5.646000862121582 86.42127227783203
548 5.7890119552612305 86.26544952392578
549 6.602369785308838 85.81241607666016
550 6.9806718826293945 85.62409973144531
551 7.294976711273193 85.5403823852539
552 7.705284118652344 85.5831527709961
553 8.034903526306152 85.63853454589844
554 8.414861679077148 85.74583435058594
555 9.270726203918457 85.94889831542969
556 9.886589050292969 86.1648178100586
557 10.156970977783203 86.10871887207031
558 10.407703399658203 85.4097671508789
559 10.39865493774414 85.10029602050781
560 10.325605392456055 84.43621063232422
561 10.431802749633789 84.20130157470703
562 10.685789108276367 84.07849884033203
563 11.663629531860352 84.00812530517578
564 12.045690536499023 84.11930847167969
565 12.455613136291504 84.47257995605469
566 12.730589866638184 84.97747039794922
567 12.96295166015625 85.13742065429688
568 13.596315383911133 85.40225982666016
569 13.925046920776367 85.51039123535156
570 14.250578880310059 85.4754638671875
571 15.697239875793457 84.96568298339844
572 15.936062812805176 84.74666595458984
573 16.184377670288086 84.31340789794922
574 16.349441528320312 83.72562408447266
575 16.212833404541016 83.28555297851562
576 15.977437973022461 82.95447540283203
577 14.9029541015625 81.9565658569336
578 14.712364196777344 81.54025268554688
579 14.494247436523438 81.02677154541016
580 14.418381690979004 80.87741088867188
581 13.956148147583008 79.20413970947266
582 13.753759384155273 79.04546356201172
583 13.458252906799316 78.94761657714844
584 13.031272888183594 79.02224731445312
585 12.490219116210938 79.28036499023438
586 11.868086814880371 79.67288970947266
587 11.399112701416016 80.02278137207031
588 10.9326810836792 80.31450653076172
589 10.63929271697998 80.26038360595703
590 10.106435775756836 79.97425842285156
591 9.936880111694336 79.72966003417969
592 9.80907154083252 78.79450988769531
593 9.826004028320312 78.5426025390625
594 9.899300575256348 78.35610961914062
595 13.931365966796875 73.69856262207031
596 14.110128402709961 73.73255920410156
597 14.371602058410645 73.9146499633789
598 14.918898582458496 74.46646118164062
599 15.097329139709473 74.68882751464844
600 15.747361183166504 75.57864379882812
601 16.02208137512207 75.84941864013672
602 16.23709487915039 75.98924255371094
603 17.16939353942871 76.27570343017578
604 17.64557647705078 76.33543395996094
605 17.98439598083496 76.32646942138672
606 18.586437225341797 76.26560974121094
607 18.961475372314453 76.23162078857422
608 19.336891174316406 76.25035858154297
609 19.692794799804688 76.31510925292969
610 20.55925750732422 76.61968994140625
611 20.79131507873535 76.7129135131836
612 21.27796745300293 76.93621063232422
613 22.188600540161133 77.27863311767578
614 22.694841384887695 77.45240783691406
615 23.121437072753906 77.52559661865234
616 23.811756134033203 77.56179809570312
617 24.065500259399414 77.59217071533203
618 24.336013793945312 77.6785659790039
619 24.607311248779297 77.92259979248047
620 25.114377975463867 78.6423568725586
621 25.34319496154785 78.81076049804688
622 25.79486846923828 78.86941528320312
623 26.390811920166016 78.62896728515625
624 26.86687660217285 78.46961212158203
625 27.525894165039062 78.42538452148438
626 27.98133087158203 78.6112060546875
627 28.165924072265625 78.86138916015625
628 28.294654846191406 79.5998306274414
629 28.252534866333008 79.87642669677734
630 28.003978729248047 80.2910385131836
631 27.73821258544922 80.73385620117188
632 27.53315544128418 81.07926177978516
633 27.525815963745117 81.27404022216797
634 27.683399200439453 81.7118911743164
635 27.88419532775879 82.04962921142578
636 28.272672653198242 82.39675903320312
637 28.593814849853516 82.41749572753906
638 29.067989349365234 82.20996856689453
639 29.321317672729492 82.0224380493164
640 29.678075790405273 81.63619995117188
641 30.10297966003418 81.30323028564453
642 30.47298812866211 81.0513687133789
643 31.067527770996094 80.61518859863281
644 31.67829132080078 79.8318099975586
645 31.852338790893555 79.50128173828125
646 31.964649200439453 78.99640655517578
647 32.01716995239258 78.58732604980469
648 32.0730094909668 78.06639099121094
649 32.06692123413086 77.11943817138672
650 31.988739013671875 76.69485473632812
651 31.792871475219727 76.4493179321289
652 31.056764602661133 75.9956283569336
653 30.554580688476562 75.8556900024414
654 30.02935218811035 75.8861083984375
655 29.36588478088379 76.06950378417969
656 28.98558807373047 76.09895324707031
657 27.43667221069336 75.37877655029297
658 27.447193145751953 75.2587890625
659 28.071386337280273 74.54704284667969
660 28.133689880371094 74.37906646728516
661 27.99600601196289 73.97359466552734
662 27.733898162841797 73.56072235107422
663 27.450847625732422 73.4277572631836
664 27.066669464111328 73.36834716796875
665 26.369199752807617 73.52761840820312
666 25.7841739654541 73.64532470703125
667 25.358219146728516 73.734375
668 24.923757553100586 73.73320770263672
669 24.589353561401367 73.65154266357422
670 24.13917350769043 73.36676025390625
671 23.708858489990234 73.10404968261719
672 23.44240379333496 72.79786682128906
673 23.368221282958984 72.48180389404297
674 23.41669273376465 72.26969146728516
675 23.811725616455078 71.65049743652344
676 24.18666648864746 71.46105194091797
677 24.70563507080078 71.28262329101562
678 25.526140213012695 71.06997680664062
679 25.857173919677734 70.83937072753906
680 25.964078903198242 70.58384704589844
681 25.88166046142578 69.88526916503906
682 25.76345443725586 69.43203735351562
683 25.641393661499023 69.03852844238281
684 25.575096130371094 68.77137756347656
685 25.510297775268555 68.27234649658203
686 25.512863159179688 67.91653442382812
687 25.593238830566406 67.57207489013672
688 25.714866638183594 67.05423736572266
689 25.80837631225586 66.69313049316406
690 25.90900993347168 66.25898742675781
691 26.10572052001953 65.64144897460938
692 26.465194702148438 64.88953399658203
693 26.574050903320312 64.58322143554688
694 26.6594295501709 64.23527526855469
695 26.628936767578125 63.477684020996094
696 26.396818161010742 63.27061462402344
697 26.044904708862305 63.22892761230469
698 25.539432525634766 63.33768844604492
699 24.71842384338379 63.38468933105469
700 24.274812698364258 63.409523010253906
701 23.38023567199707 63.493247985839844
702 23.26450538635254 63.59516143798828
703 22.96472930908203 64.52104187011719
704 22.938011169433594 64.8958740234375
705 22.858434677124023 65.19713592529297
706 22.623275756835938 65.61563110351562
707 22.14638900756836 66.02395629882812
708 21.841293334960938 66.02611541748047
709 21.647062301635742 65.68873596191406
710 21.459842681884766 65.23430633544922
711 21.2246036529541 64.80459594726562
712 20.851533889770508 64.43876647949219
713 20.38606071472168 64.04026794433594
714 20.121488571166992 63.8037223815918
715 19.881452560424805 63.65203094482422
716 18.68093490600586 63.01458740234375
717 18.397968292236328 62.98311233520508
718 17.723285675048828 63.117984771728516
719 17.495058059692383 63.239646911621094
720 16.284074783325195 64.3095703125
721 16.186538696289062 64.42913818359375
722 16.10507583618164 64.7115707397461
723 16.051769256591797 65.20843505859375
724 16.051002502441406 65.7524642944336
725 16.075868606567383 65.94217681884766
726 16.298601150512695 66.98863983154297
727 16.40424156188965 67.3237533569336
728 16.55143928527832 67.70975494384766
729 16.660446166992188 67.94352722167969
730 28.491514205932617 68.41242218017578
731 28.687820434570312 68.29600524902344
732 29.091629028320312 68.09029388427734
733 29.35588264465332 67.94524383544922
734 29.661428451538086 67.74669647216797
735 30.026575088500977 67.60369873046875
736 30.955116271972656 67.69732666015625
737 31.320194244384766 67.75941467285156
738 31.5635986328125 67.81510162353516
739 36.568904876708984 70.61851501464844
740 36.694923400878906 70.81963348388672
741 36.92864227294922 71.1934814453125
742 37.066200256347656 71.37757110595703
743 37.80295944213867 72.1904067993164
744 37.76496124267578 72.44075012207031
745 37.53459167480469 72.88802337646484
746 36.99775314331055 73.6850814819336
747 36.88506317138672 73.80181884765625
748 36.592529296875 73.79007720947266
749 36.016273498535156 73.70327758789062
750 29.467491149902344 71.36363983154297
751 29.169092178344727 71.28945922851562
752 28.922412872314453 71.20919799804688
753 28.62905502319336 71.11064910888672
754 21.175256729125977 69.75397491455078
755 20.973299026489258 69.83386993408203
756 20.573923110961914 70.02320098876953
757 20.2097110748291 70.18293762207031
758 19.826444625854492 70.28682708740234
759 19.388465881347656 70.43354797363281
760 18.869911193847656 70.74263763427734
761 18.72684097290039 70.97834777832031
762 18.7658634185791 71.23734283447266
763 19.397342681884766 71.88746643066406
764 19.554075241088867 72.06277465820312
765 19.78868865966797 72.346435546875
766 35.433204650878906 79.90550231933594
767 35.61941146850586 80.11273956298828
768 35.918392181396484 80.47087860107422
769 36.4271240234375 81.06629943847656
770 36.770572662353516 81.64763641357422
771 36.836952209472656 82.01583862304688
772 36.717918395996094 82.44153594970703
773 36.5960693359375 82.71882629394531
774 36.32550048828125 83.03890228271484
775 36.184288024902344 83.1801986694336
776 19.80392837524414 80.16197967529297
777 19.64712142944336 80.23841857910156
778 19.453466415405273 80.35392761230469
779 19.02361297607422 80.68939208984375
780 18.603761672973633 81.10309600830078
781 18.489843368530273 81.25621795654297
782 18.477853775024414 81.32960510253906
783 34.7971076965332 77.24596405029297
784 35.134700775146484 77.20741271972656
785 35.52062225341797 77.22077941894531
786 35.880889892578125 77.30919647216797
787 36.39650344848633 77.35791015625
788 36.90831756591797 77.33291625976562
789 37.39578628540039 77.31131744384766
790 38.28153991699219 77.2444839477539
791 39.02851867675781 77.1892318725586
792 39.30521011352539 77.29081726074219
793 39.595760345458984 77.62915802001953
794 39.687156677246094 77.81351470947266
795 40.52074432373047 87.20513916015625
796 40.56502151489258 87.12860107421875
797 40.66780471801758 86.88019561767578
798 40.95690155029297 86.10596466064453
799 41.04557800292969 85.81509399414062
800 41.14323806762695 85.49423217773438
801 41.29985427856445 84.99211883544922
802 41.50601577758789 84.33695220947266
803 41.5995979309082 84.03272247314453
804 41.77287292480469 83.50816345214844
805 41.85643768310547 83.11837005615234
806 41.82608413696289 82.74781036376953
807 41.71035385131836 82.1907730102539
808 41.606224060058594 81.69821166992188
809 41.419673919677734 80.93359375
810 41.453697204589844 80.66075134277344
811 41.70857238769531 80.30342102050781
812 42.76022720336914 79.7168197631836
813 43.014007568359375 79.71102142333984
814 43.72724533081055 79.98084259033203
815 43.9738883972168 80.09737396240234
816 44.28174591064453 80.25187683105469
817 45.03804397583008 80.59723663330078
818 45.32703399658203 80.76587677001953
819 45.54958724975586 81.01695251464844
820 45.750396728515625 81.31026458740234
821 45.95145034790039 81.72265625
822 46.21092987060547 82.11460876464844
823 46.515621185302734 82.55410766601562
824 46.87944412231445 83.09501647949219
825 47.06615447998047 83.34333038330078
826 47.47021484375 83.96792602539062
827 47.71404266357422 84.29180908203125
828 47.999916076660156 84.46649169921875
829 48.26823043823242 84.53379821777344
830 49.63698196411133 83.91304016113281
831 49.90959930419922 83.78511047363281
832 50.21843338012695 83.47492980957031
833 50.43050765991211 83.26701354980469
834 50.594974517822266 83.00146484375
835 51.06019973754883 82.31637573242188
836 51.06366729736328 82.14256286621094
837 50.26234436035156 81.3719253540039
838 50.089500427246094 81.26498413085938
839 48.98795700073242 80.65508270263672
840 48.78602600097656 80.44819641113281
841 48.50492858886719 79.92581176757812
842 48.46339416503906 79.66240692138672
843 48.75267791748047 78.66222381591797
844 48.838104248046875 78.40867614746094
845 48.902069091796875 78.04042053222656
846 48.91020202636719 77.69195556640625
847 48.83500289916992 77.44279479980469
848 48.53327560424805 76.84673309326172
849 48.201656341552734 76.27716827392578
850 47.94267654418945 75.97982025146484
851 47.63016128540039 75.79931640625
852 46.932403564453125 75.46971893310547
853 46.55744171142578 75.25340270996094
854 45.88175582885742 74.8922348022461
855 45.66663360595703 74.75006103515625
856 45.362953186035156 74.4793472290039
857 45.13480758666992 74.20874786376953
858 44.796363830566406 73.744873046875
859 44.645057678222656 73.5848617553711
860 30.045734405517578 60.833866119384766
861 29.629215240478516 60.433494567871094
862 29.384418487548828 60.21982955932617
863 29.040197372436523 59.89516830444336
864 28.642871856689453 59.58881378173828
865 28.301456451416016 59.411643981933594
866 27.463716506958008 59.280155181884766
867 27.120702743530273 59.31230926513672
868 26.141469955444336 59.65214157104492
869 25.919214248657227 59.756629943847656
870 25.149580001831055 60.05830764770508
871 24.896562576293945 60.12151336669922
872 24.671995162963867 60.09528732299805
873 23.899837493896484 59.77204895019531
874 23.60607147216797 59.622283935546875
875 23.310972213745117 59.425777435302734
876 22.386804580688477 58.663658142089844
877 22.155113220214844 58.42478942871094
878 22.029035568237305 58.230918884277344
879 22.095008850097656 57.17049026489258
880 22.286455154418945 56.876529693603516
881 22.74372100830078 56.55598449707031
882 22.989545822143555 56.480072021484375
883 24.351184844970703 56.55610656738281
884 24.855981826782227 56.70435333251953
885 25.236900329589844 56.90351867675781
886 25.543380737304688 57.09041213989258
887 44.60028076171875 71.61930084228516
888 44.66912841796875 71.4984359741211
889 44.85738754272461 70.92577362060547
890 45.0701789855957 70.06680297851562
891 45.1216926574707 69.7247085571289
892 45.278377532958984 68.83035278320312
893 45.34356689453125 68.5385971069336
894 45.38392639160156 68.42340087890625
895 41.70500564575195 73.08168029785156
896 41.66124725341797 73.02015686035156
897 41.656978607177734 72.81209564208984
898 41.72249221801758 72.25202178955078
899 41.80219650268555 71.75182342529297
900 41.88355255126953 71.32826232910156
901 41.99724578857422 70.73273468017578
902 42.31300354003906 69.74040985107422
903 42.422515869140625 69.37552642822266
904 42.637794494628906 68.39427947998047
905 42.91719055175781 67.72342681884766
906 43.215293884277344 67.0934066772461
907 43.49789810180664 66.67292785644531
908 44.003501892089844 66.20884704589844
909 44.2199821472168 66.10889434814453
910 50.76627731323242 64.06271362304688
911 50.8861198425293 64.10842895507812
912 50.77065658569336 64.18122863769531
913 50.423126220703125 64.31548309326172
914 49.869384765625 64.625244140625
915 49.33525085449219 64.86820983886719
916 48.60569763183594 65.16252899169922
917 48.31636047363281 65.12023162841797
918 47.84212112426758 64.85256958007812
919 47.292030334472656 64.45340728759766
920 47.01370620727539 63.98146438598633
921 47.1851806640625 63.5357666015625
922 47.46933364868164 63.2771110534668
923 47.761924743652344 62.95351791381836
924 48.25979232788086 62.52191162109375
925 48.61217498779297 61.578670501708984
926 48.46884536743164 61.4814453125
927 47.61231994628906 61.474151611328125
928 46.68766403198242 61.80158615112305
929 46.45314025878906 62.00566101074219
930 46.12614822387695 62.377113342285156
931 45.77822494506836 62.63845443725586
932 45.596195220947266 62.566123962402344
933 45.12422561645508 61.983585357666016
934 44.906246185302734 61.92350769042969
935 44.65662384033203 62.100582122802734
936 44.333213806152344 62.431175231933594
937 44.02834701538086 62.798919677734375
938 43.85224151611328 63.33986282348633
939 43.898250579833984 63.54209518432617
940 44.090213775634766 63.72441482543945
941 44.413726806640625 63.90743637084961
942 45.10030746459961 64.70377349853516
943 45.5073127746582 65.36591339111328
944 45.7655029296875 65.71245574951172
945 46.02894592285156 65.85836029052734
946 46.499900817871094 66.09757995605469
947 50.557186126708984 67.91915893554688
948 51.00324630737305 68.08821105957031
949 51.561424255371094 68.29124450683594
950 52.0048713684082 68.44380950927734
951 52.24821472167969 68.54852294921875
952 53.0048828125 69.0726089477539
953 53.49687957763672 69.50540161132812
954 54.19526290893555 70.30000305175781
955 54.461891174316406 70.66178131103516
956 54.761234283447266 71.04584503173828
957 54.829227447509766 71.21941375732422
958 54.77845764160156 71.54508209228516
959 54.69187927246094 72.82945251464844
960 54.57359313964844 73.24947357177734
961 54.41672897338867 73.39911651611328
962 53.9459228515625 73.54023742675781
963 53.55131912231445 73.55317687988281
964 53.102420806884766 73.51757049560547
965 52.75554656982422 73.3770980834961
966 52.29708480834961 73.1275405883789
967 51.44340896606445 72.58655548095703
968 51.26526641845703 72.46979522705078
969 50.34264373779297 71.64324188232422
970 50.1318473815918 71.44037628173828
971 49.75641632080078 71.12862396240234
972 49.27666473388672 70.8502197265625
973 48.903160095214844 70.71543884277344
974 48.49156951904297 70.56327819824219
975 48.144771575927734 70.39009094238281
976 47.971588134765625 70.25440979003906
977 47.628902435302734 69.41939544677734
978 47.635009765625 69.12973022460938
979 47.769927978515625 68.60236358642578
980 47.889747619628906 68.1474380493164
981 47.947391510009766 67.90240478515625
982 48.00333786010742 67.79862976074219
983 46.23602294921875 58.02374267578125
984 46.13682556152344 57.883670806884766
985 45.885250091552734 57.65100860595703
986 45.642967224121094 57.37522888183594
987 45.51675033569336 57.1272087097168
988 46.355411529541016 49.876163482666016
989 46.54035568237305 49.660133361816406
990 46.88533401489258 49.44384002685547
991 47.28992462158203 49.22696304321289
992 48.31995391845703 48.84419631958008
993 48.740455627441406 48.710628509521484
994 49.06800842285156 48.52374267578125
995 49.39692306518555 48.21082305908203
996 49.573333740234375 47.84312438964844
997 49.70187759399414 47.07783889770508
998 49.73418045043945 46.744773864746094
999 49.75863265991211 46.61445999145508
