0 58.250675201416016 -22.34389305114746
1 58.12091827392578 -22.380006790161133
2 57.83727264404297 -22.461143493652344
3 57.36981964111328 -22.64272117614746
4 56.85575866699219 -22.93477439880371
5 56.407005310058594 -23.27553367614746
6 56.21161651611328 -23.558523178100586
7 56.01596450805664 -23.872343063354492
8 55.81013870239258 -24.212261199951172
9 62.77949142456055 -37.582523345947266
10 62.604129791259766 -37.47749328613281
11 62.25334167480469 -37.297325134277344
12 62.03511428833008 -37.059288024902344
13 61.946327209472656 -36.73112869262695
14 61.9136962890625 -36.361717224121094
15 61.94959259033203 -35.76140594482422
16 61.94669723510742 -35.30561828613281
17 61.93384552001953 -34.907630920410156
18 61.96776580810547 -34.393558502197266
19 62.11333084106445 -33.6855354309082
20 62.18410873413086 -33.4736328125
21 67.97976684570312 -26.55069923400879
22 68.05438232421875 -26.29825782775879
23 68.16544342041016 -26.026113510131836
24 68.21028900146484 -25.73746109008789
25 68.09823608398438 -24.9623966217041
26 68.06514739990234 -24.717836380004883
27 67.73208618164062 -21.975425720214844
28 67.74685668945312 -21.795394897460938
29 67.91070556640625 -21.415687561035156
30 67.86769104003906 -21.051454544067383
31 67.6408462524414 -20.58378028869629
32 67.5149917602539 -20.319522857666016
33 67.02165985107422 -20.01144790649414
34 66.45244598388672 -19.96686553955078
35 66.24594116210938 -20.123605728149414
36 66.13419342041016 -20.7757625579834
37 66.19963836669922 -21.04331398010254
38 66.30535888671875 -21.219411849975586
39 79.6951675415039 -39.36854934692383
40 79.8851547241211 -39.38640213012695
41 80.12080383300781 -39.367584228515625
42 80.58731079101562 -39.23703384399414
43 81.01252746582031 -39.02556228637695
44 81.41441345214844 -38.78868865966797
45 81.92778778076172 -38.551517486572266
46 67.63825988769531 -11.220561027526855
47 67.61712646484375 -11.03346061706543
48 67.50300598144531 -10.587793350219727
49 67.17963409423828 -10.22864818572998
50 66.96330261230469 -10.196467399597168
51 66.49776458740234 -10.298213005065918
52 66.27387237548828 -10.437450408935547
53 66.13270568847656 -10.681753158569336
54 67.78053283691406 -23.05699920654297
55 67.73973083496094 -23.16263771057129
56 68.53578186035156 -41.598140716552734
57 68.39826965332031 -41.553009033203125
58 68.22642517089844 -41.474639892578125
59 67.49797058105469 -40.91777420043945
60 67.30809783935547 -40.691471099853516
61 67.05841827392578 -40.312862396240234
62 66.89884185791016 -40.04374313354492
63 66.75489044189453 -39.878936767578125
64 55.19074630737305 -20.36744499206543
65 55.143150329589844 -20.20344352722168
66 54.942806243896484 -19.642515182495117
67 54.85144805908203 -19.30721092224121
68 54.810794830322266 -19.00086784362793
69 55.155452728271484 -17.846920013427734
70 55.2942008972168 -17.59225082397461
71 55.49325180053711 -17.30526351928711
72 55.709800720214844 -16.997196197509766
73 55.944942474365234 -16.658767700195312
74 56.07980728149414 -16.37628936767578
75 56.18613815307617 -15.915155410766602
76 56.12253952026367 -15.224686622619629
77 56.08758544921875 -14.99786376953125
78 56.064849853515625 -14.485197067260742
79 56.01062774658203 -14.021363258361816
80 55.86080551147461 -13.661858558654785
81 55.68638610839844 -13.138647079467773
82 55.57693862915039 -12.760354042053223
83 55.55149841308594 -12.48231029510498
84 55.5814208984375 -12.104873657226562
85 55.619903564453125 -11.98741626739502
86 60.339176177978516 -21.655832290649414
87 60.46427536010742 -21.76294708251953
88 60.729854583740234 -21.74396514892578
89 61.21220779418945 -21.641632080078125
90 61.41048049926758 -21.59893226623535
91 61.70533752441406 -21.600202560424805
92 61.853946685791016 -21.623001098632812
93 62.90998840332031 -21.96314811706543
94 63.02434158325195 -21.98441505432129
95 66.57392883300781 -23.97430419921875
96 66.6401596069336 -24.297405242919922
97 66.29192352294922 -24.5490779876709
98 66.01990509033203 -24.48992347717285
99 65.4981460571289 -24.26142692565918
100 65.24365234375 -24.120834350585938
101 64.91266632080078 -23.681659698486328
102 64.75090026855469 -23.291725158691406
103 64.79346466064453 -23.008268356323242
104 65.08531188964844 -22.60350799560547
105 65.39274597167969 -22.38848114013672
106 65.57870483398438 -22.368268966674805
107 72.67977905273438 -41.994468688964844
108 72.5468978881836 -41.82009506225586
109 72.32752990722656 -41.54046630859375
110 72.1290283203125 -41.31375503540039
111 72.0087661743164 -41.119468688964844
112 71.470703125 -40.257720947265625
113 71.2924575805664 -39.95111083984375
114 71.13145446777344 -39.71564865112305
115 68.70088195800781 -35.20269012451172
116 68.59247589111328 -34.943302154541016
117 68.5463638305664 -34.721839904785156
118 68.47441864013672 -34.5329704284668
119 67.8523178100586 -33.74026870727539
120 67.67952728271484 -33.530540466308594
121 61.900516510009766 -25.760665893554688
122 61.91007995605469 -25.64626121520996
123 62.0565071105957 -25.18179702758789
124 62.32493591308594 -24.645545959472656
125 62.48619842529297 -24.435375213623047
126 62.67359161376953 -24.182981491088867
127 62.8155632019043 -23.960233688354492
128 66.59734344482422 -3.340658187866211
129 66.42655944824219 -3.3279693126678467
130 66.18916320800781 -3.3024489879608154
131 65.30069732666016 -3.1636295318603516
132 64.8738784790039 -3.2083396911621094
133 64.38711547851562 -3.356513261795044
134 64.1903305053711 -3.4453558921813965
135 64.00778198242188 -3.5421087741851807
136 63.33925247192383 -4.230900764465332
137 63.08846664428711 -4.546019554138184
138 63.015438079833984 -4.657362461090088
139 62.856014251708984 -4.89006233215332
140 62.17583084106445 -12.877890586853027
141 62.39183044433594 -13.305130004882812
142 62.765228271484375 -13.693744659423828
143 62.96027755737305 -13.841673851013184
144 79.04670715332031 -31.977039337158203
145 79.0362319946289 -32.43818283081055
146 78.9601821899414 -32.61159133911133
147 78.85994720458984 -32.83955001831055
148 78.69471740722656 -33.35426330566406
149 78.46835327148438 -33.73693084716797
150 78.2733383178711 -34.2279052734375
151 78.32701873779297 -34.451393127441406
152 78.62722778320312 -34.92694854736328
153 78.84365844726562 -35.18862533569336
154 79.10667419433594 -35.540496826171875
155 79.18434143066406 -35.82307052612305
156 79.10648345947266 -36.484413146972656
157 78.96906280517578 -36.65361404418945
158 78.11145782470703 -36.78114700317383
159 77.80472564697266 -36.73486328125
160 77.31209564208984 -36.55355453491211
161 76.95138549804688 -36.386775970458984
162 76.67926788330078 -36.25619125366211
163 76.28775787353516 -36.14373016357422
164 75.91622161865234 -36.11110305786133
165 75.25306701660156 -36.538429260253906
166 75.09661865234375 -36.77046585083008
167 75.07345581054688 -37.10578918457031
168 75.22640991210938 -38.192081451416016
169 75.2839584350586 -38.429473876953125
170 75.53669738769531 -38.92631530761719
171 75.72489929199219 -39.30946731567383
172 75.84712219238281 -39.47340774536133
173 76.008544921875 -40.176544189453125
174 76.14601135253906 -40.59440231323242
175 76.22175598144531 -40.830589294433594
176 76.23929595947266 -40.97989273071289
177 65.5441665649414 -29.49822998046875
178 65.45053100585938 -29.751060485839844
179 65.43986511230469 -30.010610580444336
180 65.57100677490234 -30.715831756591797
181 65.65497589111328 -30.96538734436035
182 65.76736450195312 -31.425214767456055
183 65.72300720214844 -31.66967010498047
184 65.48634338378906 -31.957944869995117
185 65.1618423461914 -32.25529098510742
186 65.00736236572266 -32.559906005859375
187 65.00257110595703 -32.91232681274414
188 65.06414794921875 -33.433563232421875
189 65.03268432617188 -33.753692626953125
190 64.79645538330078 -34.275150299072266
191 64.74269104003906 -34.352237701416016
192 87.02464294433594 -4.789272308349609
193 87.03469848632812 -4.784790515899658
194 85.08891296386719 -30.484783172607422
195 84.89299774169922 -30.373897552490234
196 84.60419464111328 -30.180822372436523
197 84.23229217529297 -29.905170440673828
198 83.83738708496094 -29.594684600830078
199 83.33214569091797 -29.188297271728516
200 82.6811294555664 -28.716646194458008
201 82.47422790527344 -28.63896942138672
202 82.0796127319336 -28.530118942260742
203 81.8611068725586 -28.550186157226562
204 81.71517181396484 -28.55134391784668
205 70.4801254272461 -26.606754302978516
206 70.40100860595703 -26.455900192260742
207 70.40886688232422 -26.27784538269043
208 70.46573638916016 -25.783971786499023
209 70.46591186523438 -25.469884872436523
210 70.43279266357422 -25.026121139526367
211 70.28173065185547 -24.695659637451172
212 69.9759521484375 -24.584274291992188
213 69.75444030761719 -24.403709411621094
214 69.582275390625 -24.130924224853516
215 69.30294036865234 -23.67025375366211
216 69.17446899414062 -23.48089027404785
217 58.92100143432617 -19.40084457397461
218 58.81174850463867 -19.316131591796875
219 58.53616714477539 -18.851354598999023
220 58.43465805053711 -18.266613006591797
221 58.477046966552734 -18.01360511779785
222 58.81884002685547 -17.37500762939453
223 58.86550521850586 -17.274221420288086
224 80.72045135498047 -10.211297988891602
225 81.00122833251953 -10.261817932128906
226 81.1794662475586 -10.247565269470215
227 81.92549133300781 -10.34510326385498
228 82.10504913330078 -10.369369506835938
229 82.39788055419922 -10.500399589538574
230 83.03112030029297 -10.711121559143066
231 83.27197265625 -10.719303131103516
232 83.66567993164062 -10.669981002807617
233 84.09201049804688 -10.533102989196777
234 84.47549438476562 -10.285787582397461
235 85.2310562133789 -9.487578392028809
236 85.37646484375 -9.226534843444824
237 85.57461547851562 -8.844014167785645
238 85.71685791015625 -8.611072540283203
239 86.03713989257812 -7.8957905769348145
240 86.08448028564453 -7.709737777709961
241 68.99287414550781 1.286259412765503
242 69.08000183105469 1.4259768724441528
243 69.24392700195312 1.6126807928085327
244 69.68824768066406 1.7102004289627075
245 69.99234008789062 1.7128793001174927
246 70.54328155517578 1.4271600246429443
247 71.51097106933594 0.7188236117362976
248 71.74849700927734 0.48610919713974
249 72.2932357788086 -0.22186894714832306
250 72.41314697265625 -0.48503056168556213
251 72.50228881835938 -0.5482660531997681
252 93.6088638305664 -15.708301544189453
253 93.49484252929688 -15.872886657714844
254 93.15177917480469 -16.234153747558594
255 92.7699203491211 -16.55077362060547
256 92.45964813232422 -16.720138549804688
257 92.22415161132812 -16.76984214782715
258 90.68707275390625 -16.43520164489746
259 90.5686264038086 -16.396560668945312
260 71.90916442871094 -19.482202529907227
261 71.66914367675781 -19.48004913330078
262 71.38322448730469 -19.422883987426758
263 71.015380859375 -19.326799392700195
264 70.74842071533203 -19.192323684692383
265 70.4251937866211 -19.017066955566406
266 70.39802551269531 -18.98820686340332
267 90.47906494140625 -6.158208847045898
268 90.43762969970703 -6.149159908294678
269 90.30996704101562 -6.148874759674072
270 90.1866455078125 -6.155722618103027
271 59.80705642700195 -4.9195098876953125
272 59.78294372558594 -4.986293315887451
273 59.788795471191406 -5.062244892120361
274 59.824676513671875 -5.171936988830566
275 65.47979736328125 -12.610039710998535
276 65.60965728759766 -12.786571502685547
277 65.91619110107422 -13.275735855102539
278 66.0224380493164 -13.583023071289062
279 65.95140075683594 -13.928255081176758
280 65.72990417480469 -14.215270042419434
281 64.7131118774414 -14.287860870361328
282 64.56828308105469 -14.164206504821777
283 64.5141830444336 -14.005763053894043
284 75.84104919433594 -11.775553703308105
285 76.10444641113281 -11.685345649719238
286 76.48026275634766 -11.44711971282959
287 76.75676727294922 -11.311870574951172
288 77.2342758178711 -11.214310646057129
289 77.47476196289062 -11.142119407653809
290 77.79306030273438 -10.915007591247559
291 77.93927764892578 -10.663485527038574
292 78.13995361328125 -9.836140632629395
293 78.19033813476562 -9.62143325805664
294 78.2974853515625 -9.33761978149414
295 78.46913146972656 -8.885376930236816
296 78.56214904785156 -8.732671737670898
297 68.6502914428711 -15.144384384155273
298 68.54890441894531 -15.100741386413574
299 68.19145202636719 -14.973031044006348
300 67.74385070800781 -14.696542739868164
301 67.5110855102539 -14.385608673095703
302 67.3947525024414 -14.265610694885254
303 67.39796447753906 -14.116902351379395
304 80.02278900146484 -7.105718612670898
305 80.00422668457031 -6.985152721405029
306 79.88731384277344 -6.6922993659973145
307 79.76910400390625 -6.400761127471924
308 79.68942260742188 -6.07024621963501
309 79.81425476074219 -5.881321907043457
310 80.33032989501953 -5.440750598907471
311 80.49896240234375 -5.116541385650635
312 80.77538299560547 -4.477196216583252
313 80.67407989501953 -4.254719257354736
314 80.48424530029297 -3.727489709854126
315 80.240966796875 -3.3345999717712402
316 80.04161834716797 -2.966872215270996
317 79.92827606201172 -2.7967143058776855
318 79.65956115722656 -2.589177131652832
319 79.25215911865234 -2.446255922317505
320 78.549072265625 -2.5028440952301025
321 78.08287811279297 -2.5986998081207275
322 77.60579681396484 -2.747199535369873
323 76.98721313476562 -2.944779634475708
324 76.75367736816406 -3.132824659347534
325 76.55818176269531 -3.6643173694610596
326 76.61518096923828 -4.225542068481445
327 76.90129089355469 -4.743832111358643
328 77.0958251953125 -5.093271255493164
329 77.31928253173828 -5.801972389221191
330 77.34693908691406 -6.115780830383301
331 77.30924987792969 -6.412501335144043
332 77.08282470703125 -6.730010986328125
333 76.827392578125 -6.906957149505615
334 76.36699676513672 -7.395633697509766
335 76.13272094726562 -7.586389064788818
336 75.92395782470703 -7.593720436096191
337 75.0650405883789 -7.118905067443848
338 74.9271469116211 -7.086223125457764
339 67.3410873413086 -15.889694213867188
340 67.0497817993164 -16.07524299621582
341 66.83759307861328 -16.1223201751709
342 66.51893615722656 -16.1546688079834
343 66.04714965820312 -16.08411407470703
344 65.46090698242188 -16.152379989624023
345 65.30475616455078 -16.150115966796875
346 64.9541015625 -16.12490463256836
347 64.55987548828125 -16.04569435119629
348 64.31352233886719 -15.972173690795898
349 63.57141876220703 -15.819204330444336
350 63.11368179321289 -15.716511726379395
351 62.83741760253906 -15.702945709228516
352 62.618003845214844 -15.730329513549805
353 61.787574768066406 -15.743667602539062
354 61.160797119140625 -15.801215171813965
355 60.88134765625 -15.8818359375
356 60.69578170776367 -16.031980514526367
357 75.36416625976562 -27.925918579101562
358 75.4787826538086 -27.91339111328125
359 75.74468231201172 -27.814420700073242
360 76.57182312011719 -27.63901138305664
361 76.95954132080078 -27.67734146118164
362 77.63433074951172 -28.007741928100586
363 78.05559539794922 -28.241069793701172
364 78.61714172363281 -28.506061553955078
365 79.00930786132812 -28.68325424194336
366 79.20099639892578 -28.88933563232422
367 79.49785614013672 -29.2944393157959
368 79.64571380615234 -29.523439407348633
369 79.75048828125 -29.69659423828125
370 83.01115417480469 -35.505332946777344
371 82.9657211303711 -35.5084342956543
372 82.79153442382812 -35.40375518798828
373 82.55309295654297 -35.22642517089844
374 82.17630004882812 -34.910457611083984
375 81.82801818847656 -34.569976806640625
376 81.60625457763672 -34.28266525268555
377 81.55242919921875 -34.1846809387207
378 59.530662536621094 -25.143238067626953
379 59.42963790893555 -25.240018844604492
380 59.111202239990234 -25.545900344848633
381 58.66648483276367 -25.91668701171875
382 58.10399627685547 -26.381031036376953
383 57.42724609375 -26.94251251220703
384 56.88249206542969 -27.459091186523438
385 56.767330169677734 -27.72040367126465
386 56.779396057128906 -28.03899574279785
387 57.04690170288086 -28.69847869873047
388 57.443111419677734 -29.158832550048828
389 57.76255798339844 -29.310169219970703
390 58.367820739746094 -29.26286506652832
391 58.70237731933594 -29.201398849487305
392 58.94404983520508 -29.058582305908203
393 59.7493782043457 -28.3632869720459
394 60.21137237548828 -28.128633499145508
395 60.50236892700195 -28.189044952392578
396 60.796653747558594 -28.37347412109375
397 61.18324279785156 -28.698104858398438
398 61.28578186035156 -29.02008056640625
399 60.985923767089844 -30.007080078125
400 60.9185791015625 -30.37274169921875
401 61.02848815917969 -30.97317886352539
402 61.194332122802734 -31.140329360961914
403 61.347965240478516 -31.229007720947266
404 61.701210021972656 -31.22686004638672
405 62.24525451660156 -31.178564071655273
406 62.568302154541016 -31.025028228759766
407 62.690574645996094 -30.876903533935547
408 62.83124923706055 -30.15510368347168
409 63.003334045410156 -29.69877815246582
410 63.187435150146484 -28.754085540771484
411 63.197166442871094 -28.30652618408203
412 63.19101333618164 -28.071746826171875
413 64.4091567993164 -10.036985397338867
414 64.30123138427734 -10.121045112609863
415 63.72443771362305 -10.753778457641602
416 63.58550262451172 -11.044286727905273
417 63.54683303833008 -11.222525596618652
418 64.05384063720703 -26.13703155517578
419 64.30933380126953 -26.227956771850586
420 64.54086303710938 -26.24610137939453
421 64.9391098022461 -26.360544204711914
422 65.2586441040039 -26.63705825805664
423 65.40441131591797 -26.804170608520508
424 65.53706359863281 -27.352079391479492
425 65.71796417236328 -27.733287811279297
426 65.99160766601562 -27.981361389160156
427 66.2830581665039 -28.007522583007812
428 67.01741790771484 -28.0017032623291
429 67.1494140625 -28.092769622802734
430 66.43073272705078 -35.49907302856445
431 66.39741516113281 -35.76694107055664
432 66.17792510986328 -36.58452606201172
433 66.14815521240234 -36.830013275146484
434 66.38082122802734 -37.49977111816406
435 66.53366088867188 -37.66835021972656
436 66.92610931396484 -37.75952911376953
437 67.23249053955078 -37.718563079833984
438 67.95917510986328 -37.27138137817383
439 68.26106262207031 -37.14900207519531
440 68.41735076904297 -37.19644546508789
441 68.92704010009766 -37.433536529541016
442 69.32189178466797 -37.55685806274414
443 69.82081604003906 -37.737327575683594
444 70.08223724365234 -37.81277084350586
445 70.5641098022461 -37.90089416503906
446 71.39518737792969 -37.96954345703125
447 71.81248474121094 -37.845726013183594
448 72.0022201538086 -37.639404296875
449 71.97789001464844 -37.431640625
450 71.52153778076172 -36.96937942504883
451 71.33609771728516 -36.750587463378906
452 71.12362670898438 -36.42002868652344
453 71.01852416992188 -36.18669891357422
454 70.85273742675781 -35.547279357910156
455 70.75586700439453 -35.06624984741211
456 70.75430297851562 -34.80098342895508
457 70.93563079833984 -33.74458694458008
458 71.04032135009766 -33.623878479003906
459 71.3759994506836 -33.756591796875
460 71.7818832397461 -34.038970947265625
461 72.22080993652344 -34.36320114135742
462 72.47968292236328 -34.68295669555664
463 72.7259750366211 -34.93324279785156
464 72.92658233642578 -35.06076431274414
465 73.2700424194336 -35.06173324584961
466 73.55436706542969 -34.90989685058594
467 73.74906921386719 -34.665252685546875
468 73.89339447021484 -34.46617889404297
469 76.46971130371094 -0.3095793128013611
470 76.44866180419922 -0.323801726102829
471 71.86795043945312 -31.20253562927246
472 71.74330139160156 -31.232921600341797
473 71.36552429199219 -31.36454200744629
474 70.9096450805664 -31.426576614379883
475 70.53497314453125 -31.4404296875
476 70.17879486083984 -31.49471092224121
477 69.75700378417969 -31.626811981201172
478 69.0433578491211 -31.751575469970703
479 68.68497467041016 -31.792325973510742
480 68.507080078125 -31.687240600585938
481 68.1922378540039 -30.80457878112793
482 68.14562225341797 -30.468351364135742
483 68.17281341552734 -30.29121208190918
484 68.22319793701172 -29.81119728088379
485 68.36205291748047 -29.320159912109375
486 68.64634704589844 -28.98446273803711
487 68.97863006591797 -28.849536895751953
488 69.45367431640625 -28.971189498901367
489 69.92345428466797 -29.116666793823242
490 70.42779541015625 -29.228252410888672
491 70.82364654541016 -29.137258529663086
492 70.94964599609375 -28.87742805480957
493 70.99530029296875 -28.56017303466797
494 75.89063262939453 -29.781503677368164
495 76.0349349975586 -29.799846649169922
496 76.74028015136719 -29.751590728759766
497 76.88361358642578 -29.842615127563477
498 77.11045837402344 -30.32265281677246
499 77.19476318359375 -30.80495262145996
500 77.1585693359375 -31.021005630493164
501 77.0863265991211 -31.122018814086914
502 76.22699737548828 -32.47698974609375
503 76.12194061279297 -32.52470397949219
504 75.89335632324219 -32.4503173828125
505 75.7005615234375 -32.445289611816406
506 74.8243637084961 -32.22200393676758
507 74.60981750488281 -32.1197395324707
508 74.2916488647461 -31.818613052368164
509 74.06122589111328 -31.72596549987793
510 73.46997833251953 -31.625389099121094
511 73.38104248046875 -31.540264129638672
512 71.79682922363281 -22.898561477661133
513 71.73590087890625 -22.770030975341797
514 71.55582427978516 -22.623722076416016
515 71.18339538574219 -22.038183212280273
516 70.88794708251953 -21.556739807128906
517 70.77444458007812 -21.418468475341797
518 70.60648345947266 -21.473806381225586
519 70.19413757324219 -21.727588653564453
520 69.78251647949219 -21.926677703857422
521 69.5789794921875 -22.026657104492188
522 69.45681762695312 -21.981388092041016
523 63.37113952636719 -8.19463062286377
524 63.22474670410156 -8.231642723083496
525 63.06037521362305 -8.340189933776855
526 62.772891998291016 -8.526605606079102
527 62.04581069946289 -8.698209762573242
528 61.72144317626953 -8.683066368103027
529 61.330406188964844 -8.618285179138184
530 61.17841720581055 -8.59469223022461
531 59.60797882080078 -8.448587417602539
532 59.290130615234375 -8.440778732299805
533 59.09360885620117 -8.429070472717285
534 58.79325866699219 -8.402982711791992
535 58.647361755371094 -8.38491439819336
536 86.88729858398438 -28.667980194091797
537 86.82688903808594 -28.474571228027344
538 86.610107421875 -27.976398468017578
539 86.42212677001953 -27.767990112304688
540 85.97244262695312 -27.396345138549805
541 85.50758361816406 -27.16980743408203
542 85.09699249267578 -27.008926391601562
543 84.79800415039062 -26.914955139160156
544 84.49931335449219 -26.835390090942383
545 84.04045867919922 -26.73455810546875
546 82.47785186767578 -26.642601013183594
547 82.13326263427734 -26.565279006958008
548 81.6851577758789 -26.4943904876709
549 81.31973266601562 -26.533447265625
550 80.89804077148438 -26.5455322265625
551 80.4173812866211 -26.52280616760254
552 79.85663604736328 -26.378637313842773
553 79.56330871582031 -26.260967254638672
554 79.04083251953125 -25.95194435119629
555 78.96965789794922 -25.859792709350586
556 84.408203125 -23.73322296142578
557 84.52522277832031 -23.74083137512207
558 84.99288177490234 -23.94758415222168
559 85.28612518310547 -24.02705955505371
560 85.58805847167969 -24.094532012939453
561 86.78668212890625 -24.100683212280273
562 86.94009399414062 -24.071083068847656
563 87.14649963378906 -24.067459106445312
564 87.4615707397461 -23.93378257751465
565 87.98062896728516 -23.636301040649414
566 88.35746002197266 -23.41927146911621
567 88.5280532836914 -23.248046875
568 88.62205505371094 -22.979782104492188
569 88.8094253540039 -22.08039093017578
570 88.9316635131836 -21.820615768432617
571 88.83612823486328 -21.492019653320312
572 88.62879943847656 -21.245323181152344
573 88.29690551757812 -21.211101531982422
574 87.72791290283203 -21.384302139282227
575 87.49565124511719 -21.444807052612305
576 87.21681213378906 -21.507095336914062
577 86.35403442382812 -21.637868881225586
578 86.00547790527344 -21.646785736083984
579 85.68424224853516 -21.44184112548828
580 85.36683654785156 -20.919828414916992
581 85.08128356933594 -20.383716583251953
582 84.67462158203125 -19.80605697631836
583 84.30867767333984 -19.130762100219727
584 84.1369400024414 -18.558849334716797
585 83.94271850585938 -18.26430320739746
586 83.4249038696289 -17.893640518188477
587 83.18344116210938 -17.75541877746582
588 83.05096435546875 -17.67984390258789
589 88.98585510253906 -18.434558868408203
590 88.96773529052734 -18.419214248657227
591 82.0088882446289 -16.77469253540039
592 81.79405212402344 -16.84406852722168
593 81.72130584716797 -16.859188079833984
594 81.24232482910156 -17.302976608276367
595 80.98680877685547 -17.621109008789062
596 80.76629638671875 -17.886545181274414
597 80.40693664550781 -18.215789794921875
598 79.93161010742188 -18.48856544494629
599 79.65794372558594 -18.56007194519043
600 69.3171615600586 -19.954914093017578
601 69.16793823242188 -19.74886703491211
602 68.8672866821289 -19.151514053344727
603 68.70902252197266 -18.843652725219727
604 68.60698699951172 -18.530685424804688
605 68.5064926147461 -18.124814987182617
606 68.49725341796875 -17.725563049316406
607 68.5351333618164 -17.350379943847656
608 68.48262786865234 -16.999496459960938
609 68.32706451416016 -16.912555694580078
610 62.10385513305664 -17.45037269592285
611 61.83728790283203 -17.513273239135742
612 61.406246185302734 -17.659883499145508
613 61.29925537109375 -17.821247100830078
614 61.32012176513672 -18.570194244384766
615 61.47867965698242 -18.964174270629883
616 61.778594970703125 -19.272968292236328
617 62.18061828613281 -19.470293045043945
618 63.1379280090332 -19.678682327270508
619 63.37154769897461 -19.78352165222168
620 63.68806076049805 -19.893571853637695
621 64.14256286621094 -20.030567169189453
622 64.33255004882812 -20.104747772216797
623 85.26696014404297 -33.28253173828125
624 85.34324645996094 -33.279808044433594
625 85.48500061035156 -33.278907775878906
626 85.75028228759766 -33.28342056274414
627 86.22166442871094 -33.268428802490234
628 65.23762512207031 -18.63580322265625
629 65.3209457397461 -18.55392074584961
630 65.49459075927734 -18.42494773864746
631 65.83902740478516 -18.2878360748291
632 66.2306900024414 -18.193050384521484
633 66.4814453125 -18.109779357910156
634 66.60946655273438 -18.019941329956055
635 64.23908996582031 -17.69378089904785
636 63.942481994628906 -17.669275283813477
637 63.78010559082031 -17.67788314819336
638 59.79481887817383 -14.647858619689941
639 59.68474197387695 -14.465545654296875
640 59.66695785522461 -14.257323265075684
641 59.6945915222168 -13.77616024017334
642 59.677947998046875 -13.202632904052734
643 59.626338958740234 -12.924823760986328
644 59.59476089477539 -12.775784492492676
645 59.57276153564453 -12.395365715026855
646 59.670589447021484 -12.0221586227417
647 59.84083938598633 -11.599800109863281
648 59.90656661987305 -11.462869644165039
649 75.06755065917969 -9.563518524169922
650 75.20103454589844 -9.613783836364746
651 75.46797943115234 -9.59924602508545
652 75.65091705322266 -9.640621185302734
653 76.00945281982422 -9.700218200683594
654 80.72355651855469 -14.743230819702148
655 80.88835144042969 -14.617501258850098
656 81.11675262451172 -14.402207374572754
657 81.27842712402344 -14.190900802612305
658 81.41924285888672 -13.720842361450195
659 81.1463394165039 -13.212104797363281
660 80.95726776123047 -13.003670692443848
661 80.60665130615234 -12.59988021850586
662 80.42549133300781 -12.400874137878418
663 80.15736389160156 -12.1752347946167
664 79.87090301513672 -11.890893936157227
665 79.63965606689453 -11.702548027038574
666 71.73365020751953 -12.673069953918457
667 71.5755386352539 -12.857026100158691
668 71.30340576171875 -13.160917282104492
669 71.12161254882812 -13.362133026123047
670 70.99886322021484 -13.4225435256958
671 82.53330993652344 -8.151558876037598
672 82.5748291015625 -7.954522132873535
673 82.88804626464844 -6.845949172973633
674 82.99971008300781 -6.487118721008301
675 83.15744018554688 -6.0279436111450195
676 83.15879821777344 -5.4468889236450195
677 83.1922378540039 -4.986384868621826
678 83.2798843383789 -4.698914051055908
679 83.5614013671875 -3.6364188194274902
680 83.5893325805664 -3.3042151927948
681 83.54561614990234 -2.894547939300537
682 83.42304229736328 -2.2657108306884766
683 83.1075439453125 -0.9674780368804932
684 83.03477478027344 -0.7418429255485535
685 82.8764877319336 -0.43757686018943787
686 82.78942108154297 -0.3751261532306671
687 73.17483520507812 -5.997411251068115
688 73.06065368652344 -6.133272171020508
689 72.92442321777344 -6.520195960998535
690 72.83809661865234 -7.010639667510986
691 73.11064147949219 -7.602880954742432
692 73.30828094482422 -8.01258659362793
693 73.43313598632812 -8.228116989135742
694 73.44960021972656 -8.470534324645996
695 73.34656524658203 -9.733932495117188
696 73.33528900146484 -9.994645118713379
697 73.23603057861328 -10.491067886352539
698 73.19998168945312 -10.76552963256836
699 73.25926971435547 -11.395407676696777
700 73.41571044921875 -11.684676170349121
701 73.58784484863281 -11.904841423034668
702 73.74401092529297 -12.131555557250977
703 74.19127655029297 -12.712149620056152
704 74.27410888671875 -12.996296882629395
705 74.20535278320312 -13.22939682006836
706 74.06452178955078 -13.387457847595215
707 73.39713287353516 -13.791460990905762
708 73.22637176513672 -13.893239974975586
709 73.09921264648438 -13.962981224060059
710 68.62474060058594 -8.90324592590332
711 68.64532470703125 -8.674129486083984
712 68.9087905883789 -8.508649826049805
713 69.20430755615234 -8.405608177185059
714 69.855224609375 -8.434802055358887
715 70.4744873046875 -8.474740028381348
716 70.94165802001953 -8.436116218566895
717 71.23509216308594 -8.630339622497559
718 71.44072723388672 -8.996020317077637
719 71.53385162353516 -9.319184303283691
720 71.61322021484375 -9.651394844055176
721 71.6595230102539 -9.898667335510254
722 74.82032012939453 -16.90749168395996
723 74.83792877197266 -16.952470779418945
724 74.90666961669922 -16.957300186157227
725 81.91326141357422 -19.61247444152832
726 82.03923034667969 -19.72994041442871
727 82.56076049804688 -20.18323516845703
728 82.90782928466797 -20.626373291015625
729 83.10102844238281 -20.90216827392578
730 83.26177978515625 -21.210498809814453
731 83.32064819335938 -21.589088439941406
732 83.24818420410156 -21.88089942932129
733 82.80085754394531 -22.14549446105957
734 82.26513671875 -22.267223358154297
735 81.96533203125 -22.235960006713867
736 81.69103240966797 -22.124652862548828
737 81.30891418457031 -21.882877349853516
738 80.86402130126953 -21.5605411529541
739 80.32176971435547 -21.084962844848633
740 80.00218200683594 -20.84866714477539
741 79.89559173583984 -20.931169509887695
742 79.62635803222656 -21.493160247802734
743 79.45687103271484 -21.59876823425293
744 79.10592651367188 -21.71236801147461
745 78.8118667602539 -21.92603874206543
746 78.57893371582031 -22.216176986694336
747 78.53176879882812 -22.627046585083008
748 78.81497192382812 -22.907489776611328
749 79.41832733154297 -23.328889846801758
750 79.61719512939453 -23.422012329101562
751 80.0084228515625 -23.538488388061523
752 80.61595916748047 -23.734411239624023
753 80.86561584472656 -23.910566329956055
754 81.57628631591797 -24.46391487121582
755 81.88756561279297 -24.56657600402832
756 82.48330688476562 -24.570825576782227
757 82.6903305053711 -24.582929611206055
758 82.79846954345703 -24.569650650024414
759 76.57705688476562 -21.98893165588379
760 76.31565856933594 -21.842529296875
761 76.1898193359375 -21.734373092651367
762 76.11140441894531 -21.49371337890625
763 76.18011474609375 -21.2811222076416
764 76.91998291015625 -20.753021240234375
765 77.42446899414062 -20.479833602905273
766 77.81119537353516 -20.09494972229004
767 78.12086486816406 -19.67057991027832
768 78.16759490966797 -19.469968795776367
769 78.10234832763672 -19.439695358276367
770 74.44951629638672 -18.4569091796875
771 73.94723510742188 -18.459381103515625
772 73.75347137451172 -18.451963424682617
773 73.4781494140625 -18.25802230834961
774 73.374755859375 -18.042470932006836
775 73.1597671508789 -17.624177932739258
776 72.81212615966797 -17.466136932373047
777 72.481689453125 -17.400920867919922
778 72.10718536376953 -17.44771957397461
779 71.85075378417969 -17.431549072265625
780 71.58626556396484 -17.394372940063477
781 71.25987243652344 -17.339792251586914
782 70.84817504882812 -17.20627212524414
783 70.4724349975586 -17.058837890625
784 70.00862884521484 -16.863475799560547
785 69.85978698730469 -16.82901382446289
786 69.70132446289062 -16.769868850708008
787 66.27220153808594 -8.359137535095215
788 66.16781616210938 -8.209733009338379
789 66.01851654052734 -7.844331741333008
790 65.83712005615234 -7.412121295928955
791 65.85633087158203 -6.963068962097168
792 66.1175765991211 -6.584100246429443
793 66.29997253417969 -6.42170524597168
794 66.60388946533203 -6.388833522796631
795 67.53297424316406 -6.378331184387207
796 68.01628112792969 -6.428285598754883
797 68.42767333984375 -6.486128330230713
798 68.61282348632812 -6.552670955657959
799 69.70198059082031 -6.808132648468018
800 70.22026062011719 -6.740370750427246
801 70.5684585571289 -6.644644737243652
802 70.71170806884766 -6.585818290710449
803 72.76084899902344 -24.183015823364258
804 72.66252136230469 -24.22275733947754
805 72.49266052246094 -24.280738830566406
806 72.2098159790039 -24.607851028442383
807 72.13529968261719 -24.729673385620117
808 91.1277847290039 -19.285585403442383
809 91.4936752319336 -19.222434997558594
810 91.75663757324219 -19.273733139038086
811 92.40506744384766 -19.468175888061523
812 92.92929077148438 -19.783153533935547
813 93.19148254394531 -20.060667037963867
814 93.28739166259766 -20.429752349853516
815 93.2307357788086 -20.85508155822754
816 92.82533264160156 -21.739715576171875
817 92.70209503173828 -22.119789123535156
818 92.65475463867188 -22.25226402282715
819 82.19828796386719 -31.529165267944336
820 81.83311462402344 -31.452573776245117
821 81.52120208740234 -31.404850006103516
822 81.37512969970703 -31.452922821044922
823 80.88126373291016 -31.416015625
824 80.56238555908203 -31.382349014282227
825 73.81942749023438 -29.7763614654541
826 73.61692810058594 -29.69952964782715
827 73.2442398071289 -29.44809341430664
828 72.89949798583984 -29.119443893432617
829 72.76581573486328 -28.848957061767578
830 72.61719512939453 -28.41067886352539
831 72.57545471191406 -28.144426345825195
832 72.53864288330078 -27.370471954345703
833 72.6443862915039 -26.96317481994629
834 72.83760070800781 -26.693632125854492
835 73.05799865722656 -26.50011444091797
836 73.13387298583984 -26.366268157958984
837 74.08631134033203 -25.911306381225586
838 74.26549530029297 -25.82631492614746
839 74.70578002929688 -25.58816909790039
840 74.89724731445312 -25.5798282623291
841 75.0963363647461 -25.66849136352539
842 75.45985412597656 -25.89845848083496
843 75.70716094970703 -25.84415054321289
844 76.13825225830078 -25.770706176757812
845 76.6009292602539 -25.643699645996094
846 77.31877136230469 -25.371200561523438
847 77.37339782714844 -25.01068115234375
848 77.34211730957031 -24.681360244750977
849 77.20216369628906 -24.338815689086914
850 76.90071105957031 -23.999984741210938
851 76.64991760253906 -23.797039031982422
852 76.00572204589844 -23.541908264160156
853 75.67510223388672 -23.447641372680664
854 75.36315155029297 -23.36693000793457
855 74.68689727783203 -23.222949981689453
856 74.30555725097656 -22.97377586364746
857 74.1353759765625 -22.755817413330078
858 73.86964416503906 -22.2694149017334
859 73.49561309814453 -21.771434783935547
860 73.23442077636719 -21.49053192138672
861 72.86286926269531 -21.322168350219727
862 72.69766235351562 -21.180593490600586
863 72.6661605834961 -20.91559600830078
864 72.88423156738281 -20.33606719970703
865 78.50044250488281 -17.239620208740234
866 78.73733520507812 -17.084728240966797
867 79.1185073852539 -16.61219596862793
868 79.09883117675781 -16.198741912841797
869 78.62135314941406 -15.950489044189453
870 78.24241638183594 -15.922147750854492
871 77.78130340576172 -16.13897132873535
872 77.38878631591797 -16.36881446838379
873 77.20012664794922 -16.446107864379883
874 76.8945541381836 -16.625259399414062
875 76.63743591308594 -16.733530044555664
876 76.23159790039062 -17.164335250854492
877 76.21637725830078 -17.377582550048828
878 76.25787353515625 -17.476112365722656
879 57.84246063232422 -32.53394317626953
880 57.73567581176758 -32.78153991699219
881 57.668495178222656 -33.07272720336914
882 57.49292755126953 -33.639766693115234
883 57.56454086303711 -33.865116119384766
884 57.650150299072266 -34.20909118652344
885 57.772544860839844 -34.358707427978516
886 58.23860549926758 -34.830928802490234
887 58.37070846557617 -34.89274978637695
888 58.485862731933594 -34.92503356933594
889 87.90194702148438 -16.092777252197266
890 87.73823547363281 -16.172256469726562
891 87.49529266357422 -16.349380493164062
892 87.0133285522461 -16.64133644104004
893 86.63998413085938 -16.72966766357422
894 86.23954772949219 -16.677837371826172
895 85.8561782836914 -16.623899459838867
896 85.4054946899414 -16.532878875732422
897 85.08235168457031 -16.360490798950195
898 84.6736068725586 -16.085254669189453
899 84.28446960449219 -15.686049461364746
900 84.05266571044922 -15.342023849487305
901 83.90902709960938 -14.842652320861816
902 83.8667221069336 -14.47595500946045
903 84.06417083740234 -13.828771591186523
904 84.23908996582031 -13.706546783447266
905 85.53507995605469 -13.508207321166992
906 85.86151123046875 -13.436748504638672
907 86.18375396728516 -13.2846097946167
908 86.61868286132812 -13.109824180603027
909 86.92777252197266 -13.075799942016602
910 87.47276306152344 -13.084120750427246
911 88.24723815917969 -13.1105375289917
912 88.7376708984375 -13.075852394104004
913 89.03628540039062 -13.004613876342773
914 89.64125061035156 -12.718750953674316
915 89.9634780883789 -12.490912437438965
916 90.13721466064453 -12.207322120666504
917 90.247802734375 -11.833663940429688
918 90.2519760131836 -11.334046363830566
919 90.0960464477539 -10.935879707336426
920 89.71238708496094 -10.327640533447266
921 89.43162536621094 -9.995512962341309
922 89.1673355102539 -9.793471336364746
923 89.02450561523438 -9.714559555053711
924 73.42524719238281 -3.6545751094818115
925 73.2529067993164 -3.6591503620147705
926 72.81845092773438 -3.724644422531128
927 72.244384765625 -3.6993160247802734
928 71.77940368652344 -3.5004961490631104
929 71.42247009277344 -3.3854777812957764
930 70.94488525390625 -3.201901912689209
931 70.6291732788086 -3.089649200439453
932 70.20350646972656 -2.843379259109497
933 69.93019104003906 -2.839791774749756
934 69.4253921508789 -3.251119375228882
935 69.24723815917969 -4.03546667098999
936 69.21416473388672 -4.516473293304443
937 69.29265594482422 -4.675055503845215
938 69.60967254638672 -4.962184906005859
939 69.87055206298828 -5.2265305519104
940 78.13424682617188 -14.192143440246582
941 78.18050384521484 -14.00200366973877
942 78.08688354492188 -13.71929931640625
943 77.97872161865234 -13.542527198791504
944 77.76219940185547 -13.438652038574219
945 77.403564453125 -13.469808578491211
946 76.62236022949219 -13.663219451904297
947 76.34546661376953 -13.779454231262207
948 75.9755859375 -14.042159080505371
949 75.55843353271484 -14.494263648986816
950 75.31745910644531 -14.65345573425293
951 74.98548126220703 -14.870549201965332
952 74.67729949951172 -15.110987663269043
953 74.39764404296875 -15.251545906066895
954 73.82804107666016 -15.384587287902832
955 73.16424560546875 -15.45635986328125
956 72.90281677246094 -15.404341697692871
957 72.30841827392578 -15.3641357421875
958 71.91463470458984 -15.38492488861084
959 71.20991516113281 -15.274680137634277
960 71.06210327148438 -15.207001686096191
961 70.5654525756836 -15.171436309814453
962 70.32565307617188 -15.071569442749023
963 69.96687316894531 -14.69979190826416
964 69.710205078125 -14.115281105041504
965 69.52159881591797 -13.67113208770752
966 69.32158660888672 -13.273844718933105
967 68.93126678466797 -12.686058044433594
968 68.88518524169922 -12.464730262756348
969 68.93916320800781 -12.187734603881836
970 69.36286926269531 -11.569676399230957
971 69.54286193847656 -11.314160346984863
972 69.74430847167969 -11.209716796875
973 70.4459228515625 -11.391741752624512
974 70.6461181640625 -11.428542137145996
975 70.751953125 -11.600750923156738
976 74.36248016357422 -20.201936721801758
977 74.49394226074219 -20.225284576416016
978 74.67427825927734 -20.146785736083984
979 75.0472412109375 -19.925518035888672
980 75.29331970214844 -19.65808868408203
981 75.8180923461914 -19.34653663635254
982 76.0750961303711 -19.037776947021484
983 76.2146224975586 -18.953516006469727
984 76.4649429321289 -18.91652488708496
985 86.47220611572266 -18.82036018371582
986 86.5692138671875 -19.028579711914062
987 86.5910415649414 -19.36716079711914
988 86.58291625976562 -19.596847534179688
989 90.06031799316406 -24.263324737548828
990 90.11683654785156 -24.366931915283203
991 90.25564575195312 -24.64991569519043
992 90.97657775878906 -25.676483154296875
993 91.10836791992188 -25.88361358642578
994 91.11605072021484 -25.987550735473633
995 90.39794921875 -27.02549171447754
996 90.23259735107422 -27.198440551757812
997 89.58196258544922 -27.671133041381836
998 89.45218658447266 -27.67249870300293
999 89.33133697509766 -27.614503860473633
