0 -21.570369720458984 -24.718717575073242
1 -21.759305953979492 -24.799144744873047
2 -22.148488998413086 -25.08467674255371
3 -22.355022430419922 -25.177038192749023
4 -22.883041381835938 -25.30423927307129
5 -23.543737411499023 -25.47826385498047
6 -23.920923233032227 -25.584976196289062
7 -24.14466094970703 -25.526378631591797
8 -24.352109909057617 -25.457046508789062
9 -24.54784393310547 -25.284278869628906
10 -24.51766014099121 -24.94325828552246
11 -24.473894119262695 -24.467002868652344
12 -24.446014404296875 -24.186277389526367
13 -24.624116897583008 -24.017845153808594
14 -24.779645919799805 -23.796283721923828
15 -24.785608291625977 -23.598901748657227
16 -24.514625549316406 -23.42234992980957
17 -23.803829193115234 -23.087039947509766
18 -23.700359344482422 -23.0637264251709
19 -23.39798355102539 -22.80449867248535
20 -23.112035751342773 -22.562726974487305
21 -22.877269744873047 -22.426116943359375
22 -22.659103393554688 -22.319360733032227
23 -22.389671325683594 -22.292280197143555
24 -21.912010192871094 -22.3049259185791
25 -21.674449920654297 -22.30870246887207
26 -20.82785415649414 -22.54431915283203
27 -20.429222106933594 -22.647584915161133
28 -19.901123046875 -22.756765365600586
29 -19.185497283935547 -22.906452178955078
30 -18.832082748413086 -22.89335060119629
31 -18.44374656677246 -22.840896606445312
32 -17.81646728515625 -22.748348236083984
33 -17.59935188293457 -22.730051040649414
34 -17.293630599975586 -22.648330688476562
35 -16.715530395507812 -22.660680770874023
36 -16.42452621459961 -22.670455932617188
37 -16.141029357910156 -22.61867904663086
38 -15.723402976989746 -22.56182861328125
39 -15.220467567443848 -22.42475700378418
40 -14.944559097290039 -22.395973205566406
41 -14.67623233795166 -22.466033935546875
42 -14.279040336608887 -22.594175338745117
43 -13.707202911376953 -22.70010757446289
44 -13.464407920837402 -22.747882843017578
45 -13.18661117553711 -22.8843994140625
46 -12.905746459960938 -23.02348518371582
47 -12.497777938842773 -23.163633346557617
48 -12.223899841308594 -23.117427825927734
49 -11.929170608520508 -23.041950225830078
50 -5.968682765960693 -14.647592544555664
51 -5.940572738647461 -14.378886222839355
52 -6.012301445007324 -14.145163536071777
53 -6.147979259490967 -13.803094863891602
54 -6.311324596405029 -13.537049293518066
55 -6.622288227081299 -13.188838958740234
56 -6.925290107727051 -12.999524116516113
57 -7.184837818145752 -12.796439170837402
58 -7.188824653625488 -12.587206840515137
59 -7.146326541900635 -12.249900817871094
60 -7.138949871063232 -11.740156173706055
61 -7.071143627166748 -11.476837158203125
62 -6.9070234298706055 -11.11208724975586
63 -6.865483283996582 -10.831021308898926
64 -6.823552131652832 -10.52136516571045
65 -6.7477617263793945 -10.251378059387207
66 -6.628715515136719 -9.868792533874512
67 -6.537106990814209 -9.576135635375977
68 -6.05104923248291 -8.932626724243164
69 -5.81443452835083 -8.721589088439941
70 -5.181697368621826 -8.408113479614258
71 -4.980432510375977 -8.536616325378418
72 -4.8863325119018555 -8.714010238647461
73 -4.762574195861816 -9.588894844055176
74 -4.791253566741943 -9.906961441040039
75 -4.811607837677002 -10.660287857055664
76 -4.678305625915527 -10.87580394744873
77 -4.390003204345703 -10.993901252746582
78 -3.950944423675537 -11.014019012451172
79 -3.468266248703003 -10.962604522705078
80 -3.195103406906128 -10.860599517822266
81 -2.43949294090271 -10.683467864990234
82 -2.2974469661712646 -10.65859603881836
83 -2.1158573627471924 -10.689993858337402
84 -1.7739663124084473 -10.835172653198242
85 -1.614923357963562 -11.087800979614258
86 -1.5750350952148438 -11.522465705871582
87 -1.565527081489563 -11.93627643585205
88 -1.7175136804580688 -12.372187614440918
89 -1.8514834642410278 -12.754886627197266
90 -1.9486712217330933 -13.024276733398438
91 -1.9695347547531128 -13.157532691955566
92 -2.0966506004333496 -13.344935417175293
93 -2.3940067291259766 -13.569398880004883
94 -2.639940023422241 -13.747722625732422
95 -2.7828192710876465 -13.975743293762207
96 -2.991468667984009 -14.454551696777344
97 -3.0380284786224365 -14.583329200744629
98 -3.1067798137664795 -14.866196632385254
99 -3.2425692081451416 -15.285435676574707
100 -3.4065494537353516 -15.68804931640625
101 -3.610661506652832 -15.990571975708008
102 -4.148991107940674 -16.480884552001953
103 -4.3517680168151855 -16.706592559814453
104 -4.393397808074951 -16.781770706176758
105 -3.9948556423187256 -16.974735260009766
106 -3.6828744411468506 -17.226171493530273
107 -3.2162058353424072 -17.535703659057617
108 -2.993398427963257 -17.62785530090332
109 -2.793034791946411 -17.526493072509766
110 -2.577298879623413 -17.449567794799805
111 -2.459578514099121 -17.278465270996094
112 -2.0402467250823975 -16.97708511352539
113 -1.6745996475219727 -16.736894607543945
114 -1.2018648386001587 -16.231374740600586
115 -0.6132785081863403 -15.597137451171875
116 -0.3328302204608917 -15.225563049316406
117 -0.08838074654340744 -14.994000434875488
118 0.24156861007213593 -14.668381690979004
119 0.48359736800193787 -14.606791496276855
120 0.9673397541046143 -14.683300971984863
121 1.0964888334274292 -14.8165864944458
122 1.122249722480774 -15.551589965820312
123 1.1605409383773804 -16.232810974121094
124 1.289701223373413 -16.63695526123047
125 1.2834349870681763 -16.8128719329834
126 1.4051011800765991 -17.302047729492188
127 1.5632362365722656 -17.620014190673828
128 1.8279906511306763 -17.977619171142578
129 1.979546070098877 -18.29133415222168
130 2.030658483505249 -18.540294647216797
131 1.8629369735717773 -18.730127334594727
132 1.2007302045822144 -18.86164093017578
133 0.8656014204025269 -18.884197235107422
134 0.6035565733909607 -18.814414978027344
135 0.1137114092707634 -18.658933639526367
136 -0.41493698954582214 -18.6558780670166
137 -0.5763490200042725 -18.663856506347656
138 -1.0159677267074585 -18.968460083007812
139 -1.469782829284668 -19.274099349975586
140 -1.6752179861068726 -19.4667911529541
141 -1.8190956115722656 -19.623870849609375
142 -1.9782567024230957 -19.695697784423828
143 -2.1336419582366943 -19.828582763671875
144 -2.2956058979034424 -20.09681510925293
145 -2.3336265087127686 -20.45281219482422
146 -2.220315933227539 -23.926244735717773
147 -2.1796576976776123 -24.3365535736084
148 -1.9823776483535767 -24.627824783325195
149 -1.7384015321731567 -24.8315486907959
150 -1.5980616807937622 -24.815258026123047
151 -1.2496552467346191 -24.57726287841797
152 -0.9653093218803406 -24.3514461517334
153 -0.5205775499343872 -24.191226959228516
154 -0.20138008892536163 -24.016740798950195
155 0.1049157977104187 -23.72542381286621
156 0.3912579417228699 -23.393779754638672
157 0.6563239693641663 -23.031171798706055
158 0.8734694719314575 -22.710180282592773
159 1.0057276487350464 -22.403568267822266
160 1.1076383590698242 -21.462953567504883
161 1.1279252767562866 -21.07282829284668
162 0.9885541200637817 -20.920896530151367
163 0.5954799056053162 -20.93914222717285
164 0.2575196623802185 -21.030908584594727
165 -0.015576452948153019 -21.17010498046875
166 -0.21792319416999817 -21.287277221679688
167 -0.45137545466423035 -21.373533248901367
168 -0.9833535552024841 -21.614116668701172
169 -1.265146017074585 -21.684343338012695
170 -1.5589463710784912 -21.81017303466797
171 -2.0753066539764404 -22.2905330657959
172 -2.272186279296875 -22.414005279541016
173 -2.518242359161377 -22.438232421875
174 -2.82167649269104 -22.470170974731445
175 -3.229149580001831 -22.478261947631836
176 -3.3397057056427 -22.53267478942871
177 -3.3855295181274414 -22.43810272216797
178 -3.4300622940063477 -22.048171997070312
179 -3.4392824172973633 -21.69314956665039
180 -3.7815451622009277 -20.677349090576172
181 -3.948528289794922 -20.559358596801758
182 -4.202744483947754 -20.409160614013672
183 -4.535646438598633 -20.38475799560547
184 -4.880929470062256 -20.322202682495117
185 -4.9953718185424805 -20.410797119140625
186 -5.059695243835449 -20.65963363647461
187 -5.15435266494751 -21.055723190307617
188 -5.2984442710876465 -21.391504287719727
189 -5.381468772888184 -21.84868812561035
190 -5.413173198699951 -22.26658821105957
191 -5.389109134674072 -22.98581314086914
192 -5.262896537780762 -24.30449104309082
193 -5.226325511932373 -24.752490997314453
194 -5.218343734741211 -25.254961013793945
195 -5.303213119506836 -25.982784271240234
196 -5.421237468719482 -26.25022315979004
197 -5.6330885887146 -26.43782615661621
198 -5.871582508087158 -26.42643165588379
199 -6.263984203338623 -26.319168090820312
200 -6.827675819396973 -26.13820457458496
201 -7.050426959991455 -25.994712829589844
202 -7.206793308258057 -25.905351638793945
203 -7.516820907592773 -25.567487716674805
204 -7.670191287994385 -25.318613052368164
205 -7.02962064743042 -19.520769119262695
206 -6.959297180175781 -19.29644012451172
207 -6.861752986907959 -18.832422256469727
208 -6.861110210418701 -18.628570556640625
209 -7.060326099395752 -18.29924964904785
210 -7.27821683883667 -17.98565673828125
211 -7.391629695892334 -17.73540687561035
212 -7.58601188659668 -17.152544021606445
213 -7.770315647125244 -16.793319702148438
214 -7.890463352203369 -16.58802604675293
215 -8.150781631469727 -16.43669891357422
216 -8.424251556396484 -16.230478286743164
217 -8.709428787231445 -15.90807056427002
218 -8.802380561828613 -15.681861877441406
219 -9.093060493469238 -15.621236801147461
220 -9.446081161499023 -15.671303749084473
221 -9.615699768066406 -15.830044746398926
222 -9.857135772705078 -16.017417907714844
223 -10.203893661499023 -16.167837142944336
224 -10.748832702636719 -16.48381805419922
225 -11.08877182006836 -16.60936737060547
226 -11.818511009216309 -16.814573287963867
227 -11.981767654418945 -16.875017166137695
228 -12.219886779785156 -17.051820755004883
229 -12.57155704498291 -17.310232162475586
230 -12.772571563720703 -17.475236892700195
231 -12.955334663391113 -17.64739990234375
232 -13.105856895446777 -17.81914710998535
233 -13.191339492797852 -17.99419593811035
234 -13.471769332885742 -18.42621421813965
235 -13.786972045898438 -19.003389358520508
236 -13.793018341064453 -19.191776275634766
237 -13.48633098602295 -19.40777587890625
238 -12.740413665771484 -19.6205997467041
239 -11.927849769592285 -19.845577239990234
240 -11.485713958740234 -19.997997283935547
241 -11.166558265686035 -20.07940673828125
242 -10.522918701171875 -20.204553604125977
243 -10.319670677185059 -20.164798736572266
244 -10.177172660827637 -19.75042724609375
245 -10.115198135375977 -19.06467628479004
246 -10.048932075500488 -18.647939682006836
247 -9.995848655700684 -18.432645797729492
248 -10.425694465637207 -13.938058853149414
249 -10.546281814575195 -13.681930541992188
250 -10.742410659790039 -13.635242462158203
251 -11.660272598266602 -13.83120346069336
252 -11.938758850097656 -13.9896240234375
253 -16.04095458984375 -18.670347213745117
254 -16.237674713134766 -18.770679473876953
255 -16.468313217163086 -18.638891220092773
256 -16.731138229370117 -18.458513259887695
257 -16.838274002075195 -18.172590255737305
258 -16.9913330078125 -17.77837562561035
259 -17.505542755126953 -17.43990135192871
260 -17.815414428710938 -17.423860549926758
261 -18.142818450927734 -17.434925079345703
262 -19.070024490356445 -17.556962966918945
263 -19.361780166625977 -17.710176467895508
264 -19.561603546142578 -18.059633255004883
265 -19.434375762939453 -18.515153884887695
266 -19.269256591796875 -18.740020751953125
267 -19.08297348022461 -19.010738372802734
268 -18.988563537597656 -19.14274787902832
269 -18.67961311340332 -19.813148498535156
270 -18.540725708007812 -20.065759658813477
271 -14.130261421203613 -26.177947998046875
272 -14.137723922729492 -26.312992095947266
273 -14.386130332946777 -26.62734031677246
274 -14.704451560974121 -26.712451934814453
275 -15.307480812072754 -26.459829330444336
276 -15.563286781311035 -26.290910720825195
277 -15.770037651062012 -26.098033905029297
278 -21.151512145996094 -20.12699317932129
279 -21.344371795654297 -20.071636199951172
280 -21.621341705322266 -20.0300235748291
281 -21.978715896606445 -19.944669723510742
282 -22.532697677612305 -19.820602416992188
283 -23.088638305664062 -19.743183135986328
284 -23.60963249206543 -19.609294891357422
285 -24.127071380615234 -19.508508682250977
286 -24.4897403717041 -19.476964950561523
287 -24.952110290527344 -19.48692512512207
288 -25.73733139038086 -19.104869842529297
289 -25.938756942749023 -18.829748153686523
290 -25.89501190185547 -18.533462524414062
291 -25.560426712036133 -17.682010650634766
292 -25.441884994506836 -17.330150604248047
293 -25.352075576782227 -16.927047729492188
294 -25.26882553100586 -16.512731552124023
295 -25.261442184448242 -16.138856887817383
296 -25.3020076751709 -15.915275573730469
297 -25.4129638671875 -15.77509593963623
298 -26.073604583740234 -15.493258476257324
299 -26.493839263916016 -15.38997745513916
300 -26.789209365844727 -15.374035835266113
301 -27.16701889038086 -15.375750541687012
302 -27.675172805786133 -15.257584571838379
303 -27.877840042114258 -15.068303108215332
304 -27.921403884887695 -14.733190536499023
305 -27.949373245239258 -14.420797348022461
306 -27.99007225036621 -14.238567352294922
307 -27.868144989013672 -13.962105751037598
308 -27.561412811279297 -13.647866249084473
309 -27.35931968688965 -13.455458641052246
310 -27.174497604370117 -13.304234504699707
311 -26.81252098083496 -13.010601043701172
312 -26.57839012145996 -12.778219223022461
313 -26.243637084960938 -12.581934928894043
314 -25.93170928955078 -12.575304985046387
315 -25.659807205200195 -12.66263484954834
316 -25.45437240600586 -12.641973495483398
317 -25.04281997680664 -12.476064682006836
318 -24.47203254699707 -12.270691871643066
319 -24.1107177734375 -12.146231651306152
320 -23.799671173095703 -12.092625617980957
321 -23.569135665893555 -12.081457138061523
322 -23.44605255126953 -12.28786849975586
323 -23.33806800842285 -12.480155944824219
324 -23.220138549804688 -12.825723648071289
325 -23.037527084350586 -13.155559539794922
326 -22.90996551513672 -13.416489601135254
327 -22.40414047241211 -14.002752304077148
328 -22.166797637939453 -14.218064308166504
329 -22.098918914794922 -14.370938301086426
330 -22.129125595092773 -14.517134666442871
331 -22.348960876464844 -15.116218566894531
332 -22.536306381225586 -15.431528091430664
333 -22.811735153198242 -16.237438201904297
334 -22.80146026611328 -16.548755645751953
335 -22.601760864257812 -16.887821197509766
336 -22.15945816040039 -17.297605514526367
337 -22.110767364501953 -17.309919357299805
338 -21.941162109375 -17.351104736328125
339 -20.79703712463379 0.31464987993240356
340 -20.80101203918457 0.5132293105125427
341 -20.801347732543945 0.8249243497848511
342 -20.769681930541992 1.1744236946105957
343 -20.731548309326172 1.4794800281524658
344 -20.75852394104004 1.7564494609832764
345 -20.733964920043945 1.8787586688995361
346 -20.663551330566406 2.433248519897461
347 -20.572246551513672 2.502657890319824
348 -20.152854919433594 2.6467251777648926
349 -19.594072341918945 2.9393434524536133
350 -19.021038055419922 3.192096710205078
351 -18.665979385375977 3.1981773376464844
352 -18.39570426940918 2.966745138168335
353 -18.226470947265625 2.7666542530059814
354 -18.194122314453125 2.5067169666290283
355 -18.380508422851562 1.3374179601669312
356 -18.369972229003906 1.0456961393356323
357 -18.41020965576172 0.6772631406784058
358 -18.197538375854492 -11.157354354858398
359 -18.159774780273438 -11.367712020874023
360 -18.011659622192383 -11.757980346679688
361 -17.844322204589844 -12.291145324707031
362 -17.87788963317871 -12.532685279846191
363 -17.961917877197266 -12.741928100585938
364 -18.135360717773438 -13.078886985778809
365 -18.377300262451172 -13.324809074401855
366 -18.748611450195312 -13.587944030761719
367 -19.07598876953125 -13.874338150024414
368 -19.27833366394043 -14.223295211791992
369 -19.40106773376465 -14.776878356933594
370 -19.432939529418945 -15.112944602966309
371 -19.308704376220703 -15.295805931091309
372 -19.127016067504883 -15.314229011535645
373 -18.55205726623535 -15.240103721618652
374 -18.122844696044922 -15.13980770111084
375 -17.748411178588867 -15.132073402404785
376 -17.407508850097656 -15.273980140686035
377 -16.840608596801758 -15.601007461547852
378 -16.537954330444336 -15.700849533081055
379 -16.287254333496094 -15.649436950683594
380 -15.883424758911133 -15.413223266601562
381 -15.568277359008789 -15.087285995483398
382 -15.325752258300781 -14.483431816101074
383 -15.319493293762207 -14.212364196777344
384 -15.3956298828125 -13.995881080627441
385 -15.614174842834473 -13.832741737365723
386 -15.823103904724121 -13.64682674407959
387 -16.255699157714844 -13.409924507141113
388 -19.681339263916016 -12.367363929748535
389 -19.88088035583496 -12.319328308105469
390 -20.063100814819336 -12.204413414001465
391 -20.35020637512207 -11.878753662109375
392 -20.651185989379883 -11.503540992736816
393 -20.880142211914062 -11.228331565856934
394 -21.022497177124023 -10.954024314880371
395 -21.0668888092041 -10.761080741882324
396 -21.087556838989258 -10.579123497009277
397 -21.20522689819336 -10.261582374572754
398 -21.126394271850586 -10.108894348144531
399 -9.335567474365234 -2.0416297912597656
400 -9.096683502197266 -1.9705400466918945
401 -8.971844673156738 -1.9790337085723877
402 -8.692878723144531 -2.138106107711792
403 -8.381765365600586 -2.4769155979156494
404 -8.103696823120117 -2.799312114715576
405 -7.9432291984558105 -3.1199400424957275
406 -7.706489562988281 -3.5397555828094482
407 -7.511846542358398 -3.72412371635437
408 -7.468197345733643 -3.918107509613037
409 -7.326767921447754 -4.32991886138916
410 -7.276521682739258 -4.766510009765625
411 -7.329137802124023 -5.059372901916504
412 -7.522554874420166 -5.47460412979126
413 -7.586733341217041 -5.582093238830566
414 -7.7261738777160645 -5.788836479187012
415 -7.937441825866699 -6.06822395324707
416 -8.155387878417969 -6.2486677169799805
417 -8.555397033691406 -6.519166946411133
418 -8.681926727294922 -6.642524719238281
419 -17.46148109436035 -8.727516174316406
420 -17.748884201049805 -8.704414367675781
421 -18.369739532470703 -8.685150146484375
422 -18.539979934692383 -8.606088638305664
423 -18.729419708251953 -8.43559741973877
424 -18.8201904296875 -8.196921348571777
425 -19.010643005371094 -7.738768577575684
426 -19.127382278442383 -7.453840255737305
427 -19.118371963500977 -7.280174255371094
428 -18.959592819213867 -6.820709228515625
429 -18.895963668823242 -6.542070388793945
430 -18.853700637817383 -6.286599636077881
431 -18.5827693939209 -6.02498197555542
432 -18.327678680419922 -5.857442378997803
433 -18.15550422668457 -5.781509876251221
434 -17.88441276550293 -5.897167682647705
435 -17.233402252197266 -6.106114387512207
436 -17.044626235961914 -6.216912746429443
437 -16.951560974121094 -6.408405303955078
438 -16.711864471435547 -6.591188907623291
439 -16.367488861083984 -6.720256805419922
440 -16.185306549072266 -6.70402193069458
441 -15.60413932800293 -6.632460594177246
442 -15.038503646850586 -6.616565227508545
443 -14.687897682189941 -6.661092758178711
444 -14.243806838989258 -6.7765936851501465
445 -14.047218322753906 -6.980888843536377
446 -13.986592292785645 -7.202313423156738
447 -13.728978157043457 -7.8101301193237305
448 -13.501618385314941 -8.072982788085938
449 -13.295371055603027 -8.334864616394043
450 -13.118307113647461 -8.355432510375977
451 -12.687753677368164 -8.405495643615723
452 -12.217156410217285 -8.432265281677246
453 -11.875072479248047 -8.441607475280762
454 -11.600088119506836 -8.454719543457031
455 -11.080413818359375 -8.375655174255371
456 -10.57807445526123 -8.406916618347168
457 -10.340360641479492 -8.602092742919922
458 -10.343887329101562 -8.998668670654297
459 -10.65507698059082 -9.440410614013672
460 -10.84035873413086 -9.631577491760254
461 -10.929844856262207 -9.759352684020996
462 -11.08017349243164 -10.042241096496582
463 -11.379358291625977 -10.234474182128906
464 -11.636202812194824 -10.452549934387207
465 -11.879033088684082 -10.524131774902344
466 -12.439576148986816 -10.592634201049805
467 -12.573993682861328 -10.65127182006836
468 -12.599732398986816 -10.682517051696777
469 -12.850743293762207 -10.806800842285156
470 -13.241111755371094 -11.069055557250977
471 -13.597929000854492 -11.269351959228516
472 -13.961298942565918 -11.6131591796875
473 -14.176668167114258 -11.63186264038086
474 -14.53400707244873 -11.538811683654785
475 -14.825428009033203 -11.343592643737793
476 -15.165953636169434 -11.146978378295898
477 -15.31998062133789 -11.051280975341797
478 -15.552780151367188 -10.705521583557129
479 -15.783527374267578 -10.433619499206543
480 -16.05867576599121 -10.137592315673828
481 -16.08639144897461 -9.859587669372559
482 -15.933879852294922 -9.491628646850586
483 -15.628491401672363 -9.177498817443848
484 -15.396397590637207 -8.986248016357422
485 -15.199234008789062 -8.834653854370117
486 -14.936612129211426 -8.623697280883789
487 -12.256431579589844 -6.4684367179870605
488 -11.954229354858398 -6.267664909362793
489 -11.63344669342041 -6.0416154861450195
490 -11.496792793273926 -5.929391860961914
491 -11.520147323608398 -5.703052520751953
492 -11.563119888305664 -5.317423343658447
493 -11.661526679992676 -4.8663249015808105
494 -11.826210021972656 -4.634983062744141
495 -12.059500694274902 -4.421213150024414
496 -12.238113403320312 -4.250296115875244
497 -12.400426864624023 -4.12019157409668
498 -12.811469078063965 -3.8530986309051514
499 -13.216950416564941 -3.766249418258667
500 -13.663002014160156 -3.7655527591705322
501 -14.038589477539062 -3.817909002304077
502 -14.361553192138672 -3.880250930786133
503 -14.567713737487793 -3.863833427429199
504 -14.75696086883545 -3.827456474304199
505 -15.08679485321045 -3.698054790496826
506 -15.372437477111816 -3.6030802726745605
507 -15.718194961547852 -3.368285894393921
508 -15.839726448059082 -3.097581386566162
509 -15.860237121582031 -2.895167350769043
510 -15.807456016540527 -2.577881336212158
511 -15.64054012298584 -2.159813404083252
512 -15.453462600708008 -1.9683014154434204
513 -14.835081100463867 -1.6796107292175293
514 -14.40601921081543 -1.521044135093689
515 -13.955906867980957 -1.3781794309616089
516 -13.69054126739502 -1.2665824890136719
517 -13.21894359588623 -0.9505149722099304
518 -13.054760932922363 -0.7765281796455383
519 -12.92592716217041 -0.5486632585525513
520 -12.856465339660645 -0.07258438318967819
521 -12.942255973815918 0.42636191844940186
522 -13.012474060058594 0.6671935319900513
523 -13.073511123657227 0.8010596036911011
524 -13.30441951751709 0.9904876351356506
525 -13.793998718261719 1.2649983167648315
526 -14.268877029418945 1.3949718475341797
527 -14.617722511291504 1.3264639377593994
528 -14.89561939239502 1.2691036462783813
529 -15.167720794677734 1.081261157989502
530 -15.422481536865234 0.8967103958129883
531 -15.68618106842041 0.6614716053009033
532 -16.017087936401367 0.30667826533317566
533 -16.575599670410156 -0.1558804214000702
534 -17.33203887939453 -0.7308842539787292
535 -17.8121280670166 -1.1165071725845337
536 -18.20928192138672 -1.472931146621704
537 -18.3818302154541 -1.6395602226257324
538 -18.648906707763672 -1.9541378021240234
539 -19.187904357910156 -2.589700222015381
540 -19.57461166381836 -2.9434757232666016
541 -19.902645111083984 -3.0552563667297363
542 -20.074045181274414 -3.0211963653564453
543 -20.469303131103516 -2.8347816467285156
544 -20.662883758544922 -2.7509946823120117
545 -20.84504508972168 -2.793959379196167
546 -21.342008590698242 -2.8683488368988037
547 -21.712970733642578 -2.9838626384735107
548 -21.84540557861328 -3.1659483909606934
549 -22.00189781188965 -3.557243585586548
550 -22.162595748901367 -4.015024185180664
551 -22.42051887512207 -4.471385478973389
552 -22.338085174560547 -4.593758583068848
553 -21.956912994384766 -4.740721225738525
554 -21.725427627563477 -4.8900651931762695
555 -21.264436721801758 -5.07174015045166
556 -20.956111907958984 -5.228577613830566
557 -21.038137435913086 -5.35316801071167
558 -21.88170623779297 -6.177567005157471
559 -22.43317413330078 -6.346987247467041
560 -22.457107543945312 -6.402416706085205
561 -22.430681228637695 -6.629891395568848
562 -22.384090423583984 -6.949495792388916
563 -22.420499801635742 -7.308187484741211
564 -22.587011337280273 -7.635034084320068
565 -22.68121910095215 -7.851690292358398
566 -22.777118682861328 -8.101616859436035
567 -22.958221435546875 -8.334662437438965
568 -23.157268524169922 -8.432297706604004
569 -23.513477325439453 -8.519493103027344
570 -23.7514591217041 -8.615923881530762
571 -23.977148056030273 -8.59331226348877
572 -24.325984954833984 -8.772027969360352
573 -24.553630828857422 -8.779354095458984
574 -24.761274337768555 -8.599552154541016
575 -24.915002822875977 -8.302266120910645
576 -24.97418975830078 -7.796548366546631
577 -25.117549896240234 -7.642716407775879
578 -25.335847854614258 -7.510039806365967
579 -25.595909118652344 -7.463357448577881
580 -26.009902954101562 -7.456865310668945
581 -26.24640655517578 -7.4810791015625
582 -26.600486755371094 -7.5975213050842285
583 -26.83957862854004 -7.641311168670654
584 -27.125072479248047 -7.668609142303467
585 -27.524961471557617 -7.568073749542236
586 -27.830678939819336 -7.460292816162109
587 -27.978885650634766 -7.410656452178955
588 -28.415809631347656 -7.263709545135498
589 -28.73892593383789 -7.1813130378723145
590 -28.980384826660156 -7.246097087860107
591 -29.4162540435791 -7.506909370422363
592 -29.736021041870117 -7.764317512512207
593 -29.915603637695312 -7.918459892272949
594 -30.136079788208008 -8.136846542358398
595 -30.308547973632812 -8.32907485961914
596 -30.46323013305664 -8.421123504638672
597 -31.174415588378906 -8.553913116455078
598 -31.366491317749023 -8.622101783752441
599 -31.575101852416992 -8.669099807739258
600 -31.980350494384766 -8.681443214416504
601 -32.40394973754883 -8.66073226928711
602 -32.62656784057617 -8.594477653503418
603 -32.93125534057617 -8.382741928100586
604 -33.33237075805664 -8.037940979003906
605 -33.5653190612793 -7.887275218963623
606 -33.83161163330078 -7.7575764656066895
607 -34.203948974609375 -7.639550685882568
608 -34.39522933959961 -7.668870449066162
609 -34.65053176879883 -7.696970462799072
610 -34.984676361083984 -7.921910762786865
611 -35.17294692993164 -8.11961841583252
612 -35.36044692993164 -8.504154205322266
613 -35.57732009887695 -8.802675247192383
614 -35.74074172973633 -8.912713050842285
615 -36.186790466308594 -9.113492965698242
616 -36.622920989990234 -9.320330619812012
617 -36.85504150390625 -9.455113410949707
618 -37.011539459228516 -9.558338165283203
619 -37.30607223510742 -9.772368431091309
620 -37.477378845214844 -9.92454719543457
621 -37.81117630004883 -10.220376968383789
622 -38.03657531738281 -10.4512300491333
623 -38.24506378173828 -10.688444137573242
624 -38.43552017211914 -10.96172046661377
625 -38.54118347167969 -11.579282760620117
626 -38.54225158691406 -11.822159767150879
627 -38.558380126953125 -12.05079460144043
628 -38.54726791381836 -12.205995559692383
629 -38.59394836425781 -12.591765403747559
630 -38.61448669433594 -12.904056549072266
631 -38.57902145385742 -13.078970909118652
632 -38.36695098876953 -13.39672565460205
633 -38.22517013549805 -13.618896484375
634 -38.09484100341797 -13.86126708984375
635 -37.93547821044922 -14.22700309753418
636 -37.84293746948242 -14.51658821105957
637 -37.771705627441406 -14.77238655090332
638 -37.6648063659668 -15.1448974609375
639 -37.641944885253906 -15.46756362915039
640 -37.56072235107422 -16.01485824584961
641 -37.54831314086914 -16.21461296081543
642 -37.503971099853516 -16.40834617614746
643 -37.40420913696289 -16.559602737426758
644 -37.28899383544922 -16.9672908782959
645 -37.10544204711914 -17.398700714111328
646 -36.75965118408203 -18.10792350769043
647 -36.616119384765625 -18.322172164916992
648 -36.406341552734375 -18.485918045043945
649 -36.10848617553711 -18.593059539794922
650 -35.729515075683594 -18.62281036376953
651 -35.22391891479492 -18.57673454284668
652 -34.16877746582031 -18.479366302490234
653 -33.670875549316406 -18.46448516845703
654 -33.252525329589844 -18.446638107299805
655 -32.673362731933594 -18.395442962646484
656 -32.49778366088867 -18.378433227539062
657 -32.306209564208984 -18.255672454833984
658 -31.78905487060547 -17.978853225708008
659 -31.617164611816406 -17.898754119873047
660 -31.288440704345703 -17.743995666503906
661 -30.999486923217773 -17.60032081604004
662 -30.613815307617188 -17.418956756591797
663 -30.38327980041504 -17.298524856567383
664 -30.190744400024414 -17.140607833862305
665 -30.05295181274414 -16.978662490844727
666 -29.96080207824707 -16.620121002197266
667 -29.910776138305664 -16.360017776489258
668 -30.929885864257812 -6.142801284790039
669 -30.865886688232422 -5.944886684417725
670 -30.787368774414062 -5.634764671325684
671 -30.82871437072754 -5.186370849609375
672 -30.8508358001709 -4.950648784637451
673 -30.84300994873047 -4.496815204620361
674 -30.77338981628418 -4.040855407714844
675 -30.789770126342773 -3.682990312576294
676 -31.145462036132812 -3.2288320064544678
677 -31.6187686920166 -2.7821567058563232
678 -31.892465591430664 -2.6574151515960693
679 -32.05356979370117 -2.641624927520752
680 -32.29310989379883 -2.7046401500701904
681 -32.467472076416016 -2.8925821781158447
682 -32.6248664855957 -3.1796061992645264
683 -32.75941467285156 -3.5003111362457275
684 -33.018775939941406 -4.097754001617432
685 -33.201454162597656 -4.66618013381958
686 -33.20196533203125 -4.8263373374938965
687 -32.95835494995117 -4.917971611022949
688 -32.634971618652344 -4.949682235717773
689 -32.055171966552734 -4.835291862487793
690 -29.69475746154785 -4.306186199188232
691 -29.481731414794922 -4.290779113769531
692 -29.331960678100586 -4.415462017059326
693 -28.7656307220459 -4.728754997253418
694 -28.511770248413086 -4.883110523223877
695 -28.335153579711914 -4.831918239593506
696 -28.197917938232422 -4.729648113250732
697 -28.02373504638672 -4.664807319641113
698 -27.834901809692383 -4.5005693435668945
699 -27.568500518798828 -4.082098960876465
700 -27.450298309326172 -3.707186460494995
701 -27.498149871826172 -3.5440351963043213
702 -27.655292510986328 -3.2891900539398193
703 -27.832744598388672 -3.119503974914551
704 -28.088891983032227 -2.920907735824585
705 -28.428810119628906 -2.764054536819458
706 -28.635412216186523 -2.7191665172576904
707 -28.939111709594727 -2.6906228065490723
708 -29.395679473876953 -2.4979488849639893
709 -29.655658721923828 -2.296903371810913
710 -29.752811431884766 -2.160029172897339
711 -29.574552536010742 -1.9238566160202026
712 -29.359397888183594 -1.6864550113677979
713 -28.962955474853516 -1.3974809646606445
714 -28.629732131958008 -1.2563085556030273
715 -28.222692489624023 -1.1663799285888672
716 -27.848608016967773 -1.2052448987960815
717 -27.437002182006836 -1.253509759902954
718 -27.146852493286133 -1.252677321434021
719 -26.869436264038086 -1.276877760887146
720 -26.401905059814453 -1.3497858047485352
721 -25.943191528320312 -1.4386367797851562
722 -25.633573532104492 -1.495242714881897
723 -25.293485641479492 -1.5082542896270752
724 -25.065698623657227 -1.5357905626296997
725 -24.76263427734375 -1.5388154983520508
726 -24.384511947631836 -1.5096709728240967
727 -24.11542320251465 -1.4089276790618896
728 -23.683412551879883 -1.1386831998825073
729 -23.163190841674805 -0.7781407237052917
730 -22.992347717285156 -0.6154569983482361
731 -22.85364532470703 -0.4091992676258087
732 -18.723377227783203 5.859734535217285
733 -18.46358299255371 5.994441032409668
734 -18.130062103271484 6.108737945556641
735 -17.592138290405273 6.1905059814453125
736 -17.12187385559082 6.224078178405762
737 -16.708629608154297 6.1712117195129395
738 -16.25226593017578 6.07996129989624
739 -15.97853946685791 5.768697738647461
740 -15.756689071655273 5.331761360168457
741 -15.76108455657959 4.901032447814941
742 -15.830429077148438 4.626041889190674
743 -16.074207305908203 4.442544460296631
744 -16.286304473876953 4.255208969116211
745 -16.387592315673828 4.180126190185547
746 -24.578245162963867 -3.302443742752075
747 -24.72092056274414 -3.3998429775238037
748 -24.778257369995117 -3.4600870609283447
749 -24.915061950683594 -3.582872152328491
750 -25.115041732788086 -3.829233169555664
751 -25.30620002746582 -4.134298801422119
752 -25.3866024017334 -4.433009624481201
753 -25.6024112701416 -4.764402866363525
754 -25.764205932617188 -4.943432331085205
755 -26.057220458984375 -5.1588850021362305
756 -26.32767105102539 -5.320962429046631
757 -26.520553588867188 -5.381856918334961
758 -26.690671920776367 -5.435579776763916
759 -30.389942169189453 4.083339214324951
760 -30.549240112304688 4.128517150878906
761 -30.632469177246094 4.015415191650391
762 -30.813331604003906 3.3000035285949707
763 -30.936809539794922 2.6633245944976807
764 -31.030139923095703 2.325726270675659
765 -31.131208419799805 2.015289783477783
766 -31.22076988220215 1.8164862394332886
767 -31.373037338256836 1.4370564222335815
768 -31.43970489501953 1.2523199319839478
769 -31.60282325744629 0.5447878241539001
770 -31.58231544494629 0.0934157744050026
771 -31.47048568725586 -0.09292348474264145
772 -31.312040328979492 -0.12163420766592026
773 -30.622602462768555 -0.13665570318698883
774 -30.2401065826416 -0.006346597336232662
775 -29.895980834960938 0.21399758756160736
776 -29.685466766357422 0.3620873987674713
777 -29.444067001342773 0.4613916575908661
778 -29.194408416748047 0.5409364700317383
779 -28.74239158630371 0.5872392058372498
780 -28.378084182739258 0.5480288863182068
781 -28.00469207763672 0.4433632493019104
782 -27.71475601196289 0.42211276292800903
783 -27.48805046081543 0.4096563458442688
784 -27.193857192993164 0.44652777910232544
785 -26.636770248413086 0.49928396940231323
786 -26.306116104125977 0.5008901953697205
787 -26.006567001342773 0.4614306390285492
788 -25.82346534729004 0.4514946937561035
789 -25.426307678222656 0.5724525451660156
790 -25.032529830932617 0.7973076105117798
791 -24.673484802246094 1.0597482919692993
792 -24.492589950561523 1.1975772380828857
793 -24.20766258239746 1.526108741760254
794 -24.118450164794922 1.7677370309829712
795 -24.0725154876709 2.156316041946411
796 -23.984176635742188 2.477854013442993
797 -24.027177810668945 2.6895790100097656
798 -24.26154136657715 3.10870099067688
799 -24.450641632080078 3.3408665657043457
800 -24.89167594909668 3.4455294609069824
801 -25.260107040405273 3.3664889335632324
802 -25.65362548828125 3.2019851207733154
803 -26.138164520263672 3.04530668258667
804 -26.421802520751953 2.9655046463012695
805 -26.78280258178711 2.877096652984619
806 -27.162281036376953 2.8458328247070312
807 -27.577289581298828 2.8033642768859863
808 -27.759326934814453 2.793887138366699
809 -28.119815826416016 2.899674892425537
810 -28.479469299316406 3.3540632724761963
811 -28.539960861206055 3.6693074703216553
812 -28.36149024963379 4.751081466674805
813 -28.238975524902344 5.45726203918457
814 -28.19693946838379 5.914235591888428
815 -28.282926559448242 6.251023292541504
816 -28.45636749267578 6.435984134674072
817 -28.994985580444336 6.677558898925781
818 -29.31728744506836 6.77796745300293
819 -29.527942657470703 7.068401336669922
820 -29.59101676940918 7.298530101776123
821 -29.628755569458008 7.705460548400879
822 -29.739418029785156 8.056703567504883
823 -29.93082618713379 8.567811012268066
824 -30.154651641845703 9.018187522888184
825 -30.619400024414062 9.663865089416504
826 -30.67856216430664 9.79944133758545
827 -30.72858238220215 10.171133041381836
828 -30.779966354370117 10.645748138427734
829 -30.83248519897461 10.94958782196045
830 -30.895824432373047 11.282105445861816
831 -30.945358276367188 11.626246452331543
832 -31.01608657836914 12.030241012573242
833 -31.01265525817871 12.486355781555176
834 -30.971086502075195 12.833744049072266
835 -30.877559661865234 13.018152236938477
836 -30.6441593170166 13.302545547485352
837 -30.38627052307129 13.540060997009277
838 -30.103713989257812 13.819477081298828
839 -29.824054718017578 14.029553413391113
840 -29.50189208984375 14.201775550842285
841 -29.210004806518555 14.340361595153809
842 -28.769838333129883 14.482068061828613
843 -28.43341827392578 14.61820125579834
844 -27.980077743530273 14.671213150024414
845 -27.588228225708008 14.649930953979492
846 -27.15895652770996 14.56545639038086
847 -26.871959686279297 14.51867389678955
848 -26.442142486572266 14.336847305297852
849 -26.12521743774414 14.148402214050293
850 -25.97801399230957 13.9432373046875
851 -25.700355529785156 13.49031925201416
852 -25.48507308959961 12.91228199005127
853 -25.392995834350586 12.649234771728516
854 -25.160606384277344 11.871940612792969
855 -25.110443115234375 11.59459114074707
856 -25.0527400970459 11.170870780944824
857 -24.93758201599121 10.697446823120117
858 -24.809282302856445 10.42473030090332
859 -24.637102127075195 10.111210823059082
860 -24.49669075012207 9.871685028076172
861 -24.274070739746094 9.5681734085083
862 -24.120498657226562 9.398207664489746
863 -23.89928436279297 9.18688678741455
864 -23.727750778198242 9.045815467834473
865 -23.406923294067383 8.80737590789795
866 -22.944751739501953 8.4617919921875
867 -22.6802978515625 8.268026351928711
868 -22.528209686279297 8.197936058044434
869 -22.168363571166992 8.042131423950195
870 -21.99094581604004 7.9323530197143555
871 -21.789762496948242 7.778465747833252
872 -21.70840072631836 7.579771995544434
873 -21.71682357788086 7.378182411193848
874 -34.32537078857422 -2.442715883255005
875 -34.41716766357422 -2.5545032024383545
876 -34.60586929321289 -2.6874964237213135
877 -35.028507232666016 -3.0188515186309814
878 -35.31120681762695 -3.3713083267211914
879 -35.36681365966797 -3.5318915843963623
880 -35.62017822265625 -3.734903573989868
881 -36.334877014160156 -3.9073996543884277
882 -36.7155647277832 -3.9108481407165527
883 -36.888671875 -3.854628324508667
884 -37.07704544067383 -3.8006021976470947
885 -37.306190490722656 -3.721449851989746
886 -37.64822006225586 -3.613708257675171
887 -38.00054931640625 -3.5456342697143555
888 -38.31111526489258 -3.2971885204315186
889 -38.45887756347656 -2.98533034324646
890 -38.50333023071289 -2.6345582008361816
891 -38.54637908935547 -2.3329076766967773
892 -38.56984329223633 -1.8983014822006226
893 -38.450538635253906 -1.6074681282043457
894 -38.15508270263672 -1.2136214971542358
895 -37.87392044067383 -1.0136992931365967
896 -37.01774215698242 -0.6792784333229065
897 -36.704193115234375 -0.573373556137085
898 -36.38187026977539 -0.5250636339187622
899 -36.25083923339844 -0.500244677066803
900 -35.987796783447266 -0.4327501654624939
901 -35.34384536743164 -0.3529391288757324
902 -35.10804748535156 -0.29605209827423096
903 -34.750370025634766 -0.15378837287425995
904 -34.33198165893555 0.0693635419011116
905 -34.1721305847168 0.2399437129497528
906 -34.07276153564453 0.5186523199081421
907 -34.149452209472656 0.9619198441505432
908 -34.2868537902832 1.442654013633728
909 -34.42841720581055 1.6638610363006592
910 -34.892662048339844 2.010348320007324
911 -35.17597961425781 2.223860025405884
912 -35.59113693237305 2.644714593887329
913 -35.86743927001953 2.972606658935547
914 -35.97191619873047 3.326240062713623
915 -35.96235275268555 3.558289051055908
916 -35.81205368041992 3.78346586227417
917 -35.6527099609375 3.9558351039886475
918 -35.33053207397461 4.084188461303711
919 -34.86592102050781 4.1872944831848145
920 -34.41614532470703 4.337170124053955
921 -33.997161865234375 4.373846530914307
922 -33.615169525146484 4.335208415985107
923 -33.522281646728516 4.435029029846191
924 -33.489105224609375 4.967975616455078
925 -33.55369186401367 5.308712959289551
926 -33.61626052856445 5.506628036499023
927 -33.60628890991211 6.083716869354248
928 -33.67218780517578 6.450273513793945
929 -33.96869659423828 6.647449493408203
930 -34.31401824951172 6.700660228729248
931 -34.51704788208008 6.738768577575684
932 -34.6290397644043 6.690263271331787
933 -38.230796813964844 -5.883277893066406
934 -38.37498092651367 -6.092751502990723
935 -38.62138366699219 -6.335844039916992
936 -39.0898323059082 -6.675339698791504
937 -39.353965759277344 -6.893154144287109
938 -39.641815185546875 -7.212883472442627
939 -39.782718658447266 -7.54196310043335
940 -39.834869384765625 -7.868440628051758
941 -40.057762145996094 -8.169288635253906
942 -40.04127883911133 -8.232608795166016
943 -34.9131965637207 -12.006911277770996
944 -34.71103286743164 -12.20335578918457
945 -34.50009536743164 -12.472755432128906
946 -34.29238510131836 -12.774291038513184
947 -34.074180603027344 -13.138444900512695
948 -33.93092727661133 -13.512203216552734
949 -33.858524322509766 -13.87051773071289
950 -33.63494873046875 -14.262660026550293
951 -33.495025634765625 -14.430315971374512
952 -33.18239212036133 -14.605473518371582
953 -32.775814056396484 -14.761062622070312
954 -32.6568717956543 -14.72858715057373
955 -32.18257141113281 -14.292187690734863
956 -31.93556022644043 -14.051081657409668
957 -31.72934341430664 -13.759692192077637
958 -31.704967498779297 -13.510269165039062
959 -31.748991012573242 -12.98599624633789
960 -31.78327178955078 -12.709044456481934
961 -31.632131576538086 -12.576204299926758
962 -31.46514892578125 -12.423933029174805
963 -31.12260627746582 -12.184088706970215
964 -30.803808212280273 -11.939573287963867
965 -30.669519424438477 -11.787647247314453
966 -30.52223014831543 -11.629801750183105
967 -30.281864166259766 -11.385032653808594
968 -29.90142059326172 -11.047090530395508
969 -29.662748336791992 -10.83477783203125
970 -29.569469451904297 -10.828970909118652
971 -29.47803497314453 -10.810223579406738
972 -29.28376007080078 -10.625447273254395
973 -28.868642807006836 -10.235119819641113
974 -28.58899688720703 -10.046354293823242
975 -27.769346237182617 -9.650257110595703
976 -27.474040985107422 -9.586146354675293
977 -27.138973236083984 -9.741658210754395
978 -26.858078002929688 -10.009865760803223
979 -26.72079849243164 -10.280085563659668
980 -26.6539249420166 -10.503291130065918
981 -29.72382164001465 -20.259716033935547
982 -29.836280822753906 -20.47829246520996
983 -29.98543930053711 -20.751399993896484
984 -30.75847053527832 -21.776206970214844
985 -31.321212768554688 -22.437297821044922
986 -31.49321746826172 -22.614988327026367
987 -31.66384506225586 -22.864593505859375
988 -31.79707908630371 -23.09524154663086
989 -31.884544372558594 -23.26419448852539
990 -32.19981002807617 -23.783607482910156
991 -32.37715530395508 -24.06112289428711
992 -32.6273307800293 -24.448455810546875
993 -32.81508255004883 -24.73366928100586
994 -32.905941009521484 -24.88174819946289
995 -33.19993209838867 -25.367290496826172
996 -33.38442611694336 -25.65355110168457
997 -33.539772033691406 -25.873472213745117
998 -33.65379333496094 -26.024492263793945
999 -33.70376968383789 -26.08637237548828
