0 -26.673873901367188 61.255802154541016
1 -26.56995964050293 61.29814147949219
2 -26.40706443786621 61.35765075683594
3 -26.22678565979004 61.43387985229492
4 -25.923858642578125 61.548885345458984
5 -25.569128036499023 61.66168975830078
6 -25.353670120239258 61.731666564941406
7 -25.068689346313477 61.795658111572266
8 -24.573217391967773 61.8677864074707
9 -24.1466121673584 61.91414260864258
10 -23.487634658813477 61.94525146484375
11 -23.233531951904297 61.84479904174805
12 -23.10548973083496 61.57352066040039
13 -23.02011489868164 61.01518630981445
14 -22.93117332458496 60.417205810546875
15 -22.817453384399414 59.83283996582031
16 -22.748483657836914 59.291019439697266
17 -22.746885299682617 58.83232116699219
18 -22.78879165649414 58.35602951049805
19 -22.845928192138672 57.939945220947266
20 -22.912750244140625 57.52463150024414
21 -23.03957748413086 56.98652648925781
22 -23.197540283203125 56.52674865722656
23 -23.314228057861328 56.13851547241211
24 -23.405298233032227 55.78455352783203
25 -23.534984588623047 55.331851959228516
26 -23.686967849731445 54.85261535644531
27 -23.78298568725586 54.47175216674805
28 -23.77797508239746 54.055057525634766
29 -23.663984298706055 53.684810638427734
30 -23.392419815063477 53.315067291259766
31 -23.077016830444336 53.13592529296875
32 -22.47610855102539 52.98395919799805
33 -22.11016082763672 52.94365310668945
34 -21.711076736450195 52.98984146118164
35 -21.195594787597656 53.097076416015625
36 -20.59796714782715 53.40730285644531
37 -20.259567260742188 53.63401412963867
38 -19.995967864990234 53.890708923339844
39 -19.759220123291016 54.23323059082031
40 -19.508420944213867 54.60728454589844
41 -19.161901473999023 55.22872543334961
42 -18.980993270874023 55.51762008666992
43 -18.723665237426758 55.924034118652344
44 -18.351959228515625 56.524024963378906
45 -18.21628761291504 56.78716278076172
46 -18.065784454345703 57.059112548828125
47 -17.821203231811523 57.43267822265625
48 -17.652713775634766 57.78293228149414
49 -17.569612503051758 57.99202346801758
50 -21.342676162719727 71.25028228759766
51 -21.326107025146484 71.55956268310547
52 -21.233211517333984 72.05538940429688
53 -21.19118881225586 72.18158721923828
54 -62.116127014160156 63.21923065185547
55 -62.1086540222168 63.278099060058594
56 -62.095115661621094 63.33494567871094
57 -62.06608963012695 63.375431060791016
58 -58.59107971191406 67.26525115966797
59 -58.4695930480957 67.19371032714844
60 -58.17811965942383 66.90726470947266
61 -57.976051330566406 66.56604766845703
62 -57.8700065612793 66.23961639404297
63 -57.76108932495117 65.65762329101562
64 -57.700870513916016 65.0093765258789
65 -57.728271484375 64.49120330810547
66 -57.791954040527344 64.21912384033203
67 -57.88801193237305 63.94059371948242
68 -58.1077995300293 63.59453201293945
69 -58.4546012878418 63.126468658447266
70 -58.67771530151367 62.78920364379883
71 -58.85306930541992 62.42235565185547
72 -59.007511138916016 62.02093505859375
73 -59.05542755126953 61.55339431762695
74 -58.88444137573242 61.23600387573242
75 -58.405616760253906 60.94300079345703
76 -57.975582122802734 60.82603073120117
77 -57.5903434753418 60.716732025146484
78 -57.176513671875 60.668914794921875
79 -56.42694854736328 60.64326858520508
80 -55.93008041381836 60.637882232666016
81 -55.6732177734375 60.644744873046875
82 -55.33758544921875 60.61211395263672
83 -55.06119155883789 60.549644470214844
84 -29.77202606201172 51.677886962890625
85 -29.707124710083008 51.74844741821289
86 -29.584972381591797 51.89971160888672
87 -29.31039810180664 52.30702209472656
88 -29.03960418701172 52.80162048339844
89 -28.97490882873535 52.93608474731445
90 -28.922571182250977 53.081581115722656
91 -47.40175247192383 84.4334716796875
92 -47.49812698364258 84.46484375
93 -47.64678192138672 84.52484893798828
94 -47.983463287353516 84.72762298583984
95 -48.262149810791016 85.0482177734375
96 -48.54314041137695 85.5157470703125
97 -48.880592346191406 86.06919860839844
98 -49.122005462646484 86.25315856933594
99 -49.76739501953125 86.5506591796875
100 -50.110477447509766 86.60779571533203
101 -50.355308532714844 86.5406723022461
102 -50.70116424560547 86.32359313964844
103 -51.16426086425781 85.91874694824219
104 -51.56877517700195 85.56295776367188
105 -51.780765533447266 85.35712432861328
106 -52.064476013183594 85.12140655517578
107 -52.25390625 84.97036743164062
108 -59.58612060546875 83.36543273925781
109 -59.79526138305664 83.28911590576172
110 -60.118045806884766 83.11842346191406
111 -60.33082962036133 82.98229217529297
112 -60.573158264160156 82.7669677734375
113 -60.906864166259766 82.3502197265625
114 -61.29174041748047 81.86051940917969
115 -61.54155731201172 81.48199462890625
116 -61.69898986816406 81.23454284667969
117 -61.89749526977539 80.8914566040039
118 -62.09806823730469 80.49847412109375
119 -62.279884338378906 80.07550048828125
120 -62.468963623046875 79.58191680908203
121 -62.77322006225586 78.67195129394531
122 -62.88312911987305 78.29756927490234
123 -62.93464279174805 78.08612823486328
124 -63.06217956542969 77.39215850830078
125 -63.11705017089844 76.99656677246094
126 -63.15899658203125 76.58956909179688
127 -63.207969665527344 75.77032470703125
128 -63.19626235961914 75.56399536132812
129 -63.178550720214844 75.07658386230469
130 -63.161808013916016 74.50357818603516
131 -63.189178466796875 73.845947265625
132 -63.22515106201172 73.47076416015625
133 -63.265445709228516 73.09355926513672
134 -63.284786224365234 72.69756317138672
135 -63.30011749267578 72.30075073242188
136 -63.30808639526367 71.99028015136719
137 -63.32477569580078 71.74881744384766
138 -63.37509536743164 71.35169219970703
139 -63.44602584838867 70.9285888671875
140 -63.522178649902344 70.46548461914062
141 -63.61880111694336 70.01364135742188
142 -63.786521911621094 69.48005676269531
143 -64.16661071777344 68.47171783447266
144 -64.3018798828125 68.0919189453125
145 -64.48977661132812 67.61264038085938
146 -64.69046783447266 67.16048431396484
147 -64.7969970703125 66.94029998779297
148 -64.97666931152344 66.66571807861328
149 -65.18180847167969 66.39112091064453
150 -65.30502319335938 66.23469543457031
151 -65.40198516845703 66.08353424072266
152 -9.828700065612793 63.56020736694336
153 -9.779862403869629 63.80938720703125
154 -9.726700782775879 64.11856079101562
155 -9.69821548461914 64.34988403320312
156 -9.658970832824707 64.76248168945312
157 -9.628458023071289 65.13280487060547
158 -9.605618476867676 65.53569030761719
159 -9.613941192626953 65.71871948242188
160 -12.636877059936523 79.5414810180664
161 -12.632739067077637 79.70345306396484
162 -12.621919631958008 79.8886489868164
163 -12.572894096374512 80.2642822265625
164 -12.475711822509766 80.84949493408203
165 -12.417353630065918 81.1539077758789
166 -12.355097770690918 81.58158874511719
167 -12.341055870056152 81.84455871582031
168 -12.357444763183594 82.22319793701172
169 -12.38657283782959 82.53934478759766
170 -12.48448371887207 83.06131744384766
171 -12.592227935791016 83.38681030273438
172 -12.80038070678711 83.81132507324219
173 -12.963536262512207 84.06805419921875
174 -13.10455322265625 84.27532196044922
175 -13.207545280456543 84.4784927368164
176 -13.273584365844727 84.7023696899414
177 -13.551783561706543 85.47773742675781
178 -13.60226058959961 85.77790069580078
179 -13.56960391998291 86.39051055908203
180 -13.486750602722168 86.97002410888672
181 -13.381523132324219 87.19081115722656
182 -12.975360870361328 87.44355010986328
183 -12.453381538391113 87.6753158569336
184 -11.694761276245117 88.02302551269531
185 -11.183767318725586 88.2969741821289
186 -10.706427574157715 88.54409790039062
187 -10.32612419128418 88.71089935302734
188 -10.001192092895508 88.83370971679688
189 -9.746811866760254 88.86100769042969
190 -9.503374099731445 88.85845947265625
191 -9.049169540405273 88.78799438476562
192 -8.380167961120605 88.65708923339844
193 -8.01876449584961 88.57899475097656
194 -7.8130202293396 88.51908874511719
195 -7.673610687255859 88.31121826171875
196 -7.4876813888549805 87.8330078125
197 -7.330623626708984 87.40878295898438
198 -7.002929210662842 86.51105499267578
199 -6.814864635467529 85.9970703125
200 -6.414749622344971 84.81379699707031
201 -6.333731651306152 84.50233459472656
202 -6.237362861633301 83.93122100830078
203 -6.187472820281982 83.50659942626953
204 -6.136542320251465 83.32291412353516
205 -5.9913105964660645 82.99825286865234
206 -5.835046291351318 82.79612731933594
207 -5.500328063964844 82.46138763427734
208 -5.336209774017334 82.24199676513672
209 -5.269556522369385 81.99348449707031
210 -5.219056129455566 81.5031967163086
211 -5.240740776062012 80.87600708007812
212 -5.315815448760986 80.53256225585938
213 -5.474255084991455 80.1548843383789
214 -5.631464004516602 79.84217071533203
215 -5.8272624015808105 79.53422546386719
216 -6.1804094314575195 79.04619598388672
217 -6.446256637573242 78.6047134399414
218 -6.600636005401611 78.31966400146484
219 -6.793600559234619 77.9463882446289
220 -7.012800693511963 77.38844299316406
221 -7.091400146484375 77.0630111694336
222 -7.147063255310059 76.76811981201172
223 -7.220387935638428 76.51567077636719
224 -7.316463470458984 76.2021255493164
225 -7.348020553588867 75.98069763183594
226 -7.286995887756348 75.71053314208984
227 -7.06641149520874 74.69061279296875
228 -7.060781955718994 74.44149017333984
229 -7.230506896972656 73.5266342163086
230 -7.424119472503662 72.97197723388672
231 -7.5243706703186035 72.6515884399414
232 -7.539776802062988 72.37908172607422
233 -7.490481376647949 71.39057159423828
234 -7.617146015167236 71.19803619384766
235 -8.037493705749512 70.97109985351562
236 -8.384688377380371 70.82036590576172
237 -8.66166877746582 70.67237854003906
238 -8.978243827819824 70.43965148925781
239 -9.575776100158691 70.07122039794922
240 -9.887063026428223 70.01594543457031
241 -10.39348316192627 70.1599349975586
242 -10.972949028015137 70.47704315185547
243 -11.308770179748535 70.77958679199219
244 -11.564008712768555 71.13553619384766
245 -11.802240371704102 71.57713317871094
246 -11.922170639038086 71.85076141357422
247 -12.232288360595703 72.66030883789062
248 -12.385795593261719 73.02215576171875
249 -12.571866989135742 73.5071792602539
250 -12.74301815032959 74.07568359375
251 -12.807256698608398 74.27497863769531
252 -12.9851655960083 74.4369125366211
253 -13.37448501586914 74.57080841064453
254 -13.927149772644043 74.57487487792969
255 -14.296380996704102 74.51530456542969
256 -14.503312110900879 74.42198944091797
257 -14.702301979064941 74.27059173583984
258 -14.879141807556152 74.02586364746094
259 -15.078112602233887 73.66737365722656
260 -15.194838523864746 73.48103332519531
261 -15.601242065429688 72.93672180175781
262 -16.01032066345215 72.37071990966797
263 -16.22972297668457 72.07322692871094
264 -16.440736770629883 71.76639556884766
265 -16.5557804107666 71.640625
266 -16.96560287475586 71.24114990234375
267 -17.428611755371094 70.90974426269531
268 -17.791706085205078 70.83443450927734
269 -18.086519241333008 70.99922180175781
270 -18.47381019592285 71.6103744506836
271 -18.633338928222656 72.1075210571289
272 -18.674623489379883 72.50045013427734
273 -18.654775619506836 72.87630462646484
274 -18.53923797607422 73.36093139648438
275 -18.35982322692871 73.909912109375
276 -18.266616821289062 74.3878402709961
277 -18.209693908691406 75.10385131835938
278 -18.278812408447266 75.52962493896484
279 -18.392812728881836 75.83570098876953
280 -18.64433479309082 76.25210571289062
281 -19.046127319335938 76.53316497802734
282 -19.40889549255371 76.67011260986328
283 -19.726911544799805 76.70415496826172
284 -20.053747177124023 76.65746307373047
285 -20.76321792602539 76.3028793334961
286 -20.9816837310791 76.03658294677734
287 -21.289018630981445 75.50423431396484
288 -21.44497299194336 75.14122009277344
289 -21.557899475097656 74.7907943725586
290 -21.556137084960938 74.58704376220703
291 -20.346193313598633 69.46635437011719
292 -20.29286003112793 69.1958999633789
293 -20.200706481933594 68.84135437011719
294 -20.04474639892578 68.2203598022461
295 -19.96527099609375 67.8857650756836
296 -19.975879669189453 67.45636749267578
297 -20.012670516967773 66.70687103271484
298 -20.007070541381836 66.1037368774414
299 -19.92601776123047 65.3292465209961
300 -19.756107330322266 64.88771057128906
301 -19.57670021057129 64.57511901855469
302 -19.364044189453125 64.28240966796875
303 -19.113080978393555 63.9564094543457
304 -18.911449432373047 63.56486511230469
305 -18.67689323425293 62.96675491333008
306 -18.487167358398438 62.494346618652344
307 -18.289148330688477 62.07011413574219
308 -18.17474937438965 61.96907043457031
309 -17.928178787231445 61.985042572021484
310 -17.22214698791504 61.995765686035156
311 -16.678373336791992 62.077186584472656
312 -16.280052185058594 62.1507568359375
313 -15.762044906616211 62.33980178833008
314 -15.367050170898438 62.56304931640625
315 -15.074941635131836 62.8580207824707
316 -14.93268871307373 63.02826690673828
317 -14.844681739807129 63.36109161376953
318 -14.8348388671875 63.64952087402344
319 -14.929651260375977 64.01048278808594
320 -15.17344856262207 64.6003189086914
321 -15.384530067443848 65.0108871459961
322 -15.526873588562012 65.28157043457031
323 -15.647412300109863 65.59832763671875
324 -15.616584777832031 65.88001251220703
325 -15.37706184387207 66.22980499267578
326 -15.096715927124023 66.4732666015625
327 -14.486855506896973 66.81192779541016
328 -14.237533569335938 66.9360122680664
329 -14.01703929901123 66.99995422363281
330 -13.821876525878906 67.056640625
331 -9.753168106079102 92.20381164550781
332 -9.981165885925293 92.38103485107422
333 -10.234949111938477 92.61478424072266
334 -10.514259338378906 92.88523864746094
335 -10.785330772399902 93.08329772949219
336 -11.071555137634277 93.18697357177734
337 -11.449009895324707 93.16569519042969
338 -11.774665832519531 93.0989990234375
339 -12.550444602966309 93.0195541381836
340 -12.821578025817871 93.05840301513672
341 -13.239842414855957 93.28907775878906
342 -13.566370964050293 93.55230712890625
343 -13.727481842041016 93.78814697265625
344 -13.828841209411621 94.15009307861328
345 -13.882162094116211 94.42985534667969
346 -13.88964557647705 94.92591094970703
347 -13.829219818115234 95.41511535644531
348 -13.761045455932617 95.83912658691406
349 -13.739054679870605 96.20047760009766
350 -13.78528881072998 96.58981323242188
351 -13.928047180175781 97.31884765625
352 -14.045361518859863 97.8946533203125
353 -14.131001472473145 98.16670227050781
354 -14.260568618774414 98.40804290771484
355 -14.584871292114258 98.91847229003906
356 -14.787646293640137 99.17022705078125
357 -14.983829498291016 99.38200378417969
358 -15.159771919250488 99.52517700195312
359 -33.438026428222656 82.0815658569336
360 -33.641395568847656 81.91631317138672
361 -33.87946701049805 81.71879577636719
362 -34.12282180786133 81.4936752319336
363 -34.43946075439453 81.16307830810547
364 -34.68889617919922 80.90495300292969
365 -34.92536163330078 80.68930053710938
366 -35.198333740234375 80.5526123046875
367 -35.524803161621094 80.5702133178711
368 -36.01800537109375 80.79447174072266
369 -36.334144592285156 80.99998474121094
370 -36.691490173339844 81.45831298828125
371 -36.92972946166992 81.76577758789062
372 -37.04960250854492 81.94248962402344
373 -43.082576751708984 86.90653228759766
374 -43.228633880615234 87.12067413330078
375 -43.431156158447266 87.52680969238281
376 -43.522457122802734 87.83226013183594
377 -43.58310317993164 88.20794677734375
378 -43.660823822021484 88.60735321044922
379 -43.782501220703125 89.19514465332031
380 -43.83027267456055 89.49872589111328
381 -43.91171646118164 89.96049499511719
382 -44.00753402709961 90.33028411865234
383 -44.15072250366211 90.72250366210938
384 -44.279972076416016 91.00684356689453
385 -44.520774841308594 91.31778717041016
386 -45.0440559387207 91.84874725341797
387 -45.15630340576172 92.04676055908203
388 -45.28630065917969 92.43231964111328
389 -45.369346618652344 92.70217895507812
390 -45.485050201416016 93.03895568847656
391 -45.62156295776367 93.43861389160156
392 -45.776424407958984 93.96954345703125
393 -45.87820053100586 94.37944030761719
394 -45.99674987792969 94.88517761230469
395 -46.077430725097656 95.41242218017578
396 -46.1011848449707 95.9473648071289
397 -46.05911636352539 96.45958709716797
398 -45.89072799682617 96.947509765625
399 -45.607154846191406 97.32643127441406
400 -45.305320739746094 97.60972595214844
401 -45.00753402709961 97.79806518554688
402 -44.631290435791016 97.9296875
403 -43.98488235473633 98.0964584350586
404 -43.52687454223633 98.17359924316406
405 -42.62054443359375 98.26692962646484
406 -42.397743225097656 98.25928497314453
407 -42.02360534667969 98.20636749267578
408 -41.38611602783203 98.08573150634766
409 -40.96453857421875 98.0193862915039
410 -40.26128387451172 97.84624481201172
411 -39.86573028564453 97.72091674804688
412 -39.58840560913086 97.58966064453125
413 -39.29120635986328 97.40487670898438
414 -39.094486236572266 97.19596862792969
415 -38.91567611694336 96.89927673339844
416 -54.17618179321289 90.95182800292969
417 -54.41225814819336 90.77721405029297
418 -54.628028869628906 90.57923126220703
419 -54.878570556640625 90.28726959228516
420 -55.04888153076172 90.01566314697266
421 -55.30495071411133 89.45991516113281
422 -55.42536926269531 89.15428924560547
423 -55.49708557128906 88.87345886230469
424 -55.572261810302734 88.40193176269531
425 -55.675716400146484 87.91136169433594
426 -55.80891799926758 87.40723419189453
427 -55.962013244628906 86.98834228515625
428 -56.17318344116211 86.43681335449219
429 -56.26268768310547 86.16880798339844
430 -56.252540588378906 85.89411163330078
431 -56.20165252685547 85.31388092041016
432 -56.132198333740234 84.74720001220703
433 -56.122528076171875 84.4988784790039
434 -56.12860870361328 84.10975646972656
435 -56.124176025390625 83.58714294433594
436 -56.10783767700195 83.24235534667969
437 -56.03544998168945 83.01528930664062
438 -55.87266540527344 82.70771026611328
439 -55.67117691040039 82.39033508300781
440 -55.4471549987793 82.07367706298828
441 -55.187217712402344 81.73260498046875
442 -54.93818664550781 81.45511627197266
443 -54.60167694091797 81.13688659667969
444 -54.184146881103516 80.71964263916016
445 -53.86537170410156 80.42501068115234
446 -53.66509246826172 80.12379455566406
447 -53.559749603271484 79.63105773925781
448 -53.5899658203125 79.28609466552734
449 -53.69652557373047 78.96862030029297
450 -53.88508987426758 78.46675872802734
451 -54.03091812133789 78.14810180664062
452 -54.22056579589844 77.80095672607422
453 -54.57393264770508 77.08439636230469
454 -54.667972564697266 76.71208190917969
455 -54.59446716308594 76.40425109863281
456 -54.38313674926758 75.9872817993164
457 -53.980857849121094 75.3464126586914
458 -53.778900146484375 75.10111999511719
459 -53.458351135253906 74.87651824951172
460 -53.13435745239258 74.71831512451172
461 -52.720279693603516 74.67132568359375
462 -52.30527877807617 74.74385833740234
463 -51.98708724975586 74.87965393066406
464 -51.82793426513672 74.97038269042969
465 -35.89088439941406 87.6152114868164
466 -35.995208740234375 87.64437866210938
467 -36.278682708740234 87.66800689697266
468 -36.8549690246582 87.6624984741211
469 -37.10456085205078 87.67484283447266
470 -37.6398811340332 87.81051635742188
471 -38.03190231323242 88.00871276855469
472 -38.690677642822266 88.22300720214844
473 -38.91153335571289 88.2318344116211
474 -39.195655822753906 87.80213165283203
475 -39.20822525024414 87.47050476074219
476 -38.938724517822266 86.73246765136719
477 -38.93223571777344 86.44386291503906
478 -39.02722930908203 86.08174896240234
479 -39.178855895996094 85.59209442138672
480 -39.23575210571289 85.35332489013672
481 -39.29753112792969 85.1313247680664
482 -39.38214874267578 84.89630126953125
483 -39.546443939208984 84.37930297851562
484 -39.69981384277344 83.85454559326172
485 -39.8679313659668 83.32701110839844
486 -39.97486877441406 82.96063995361328
487 -40.022430419921875 82.68814849853516
488 -40.07852554321289 81.9374008178711
489 -40.1275634765625 81.2861328125
490 -40.143798828125 80.97557067871094
491 -40.16343688964844 80.69342041015625
492 -40.2341423034668 80.15938568115234
493 -40.3415412902832 79.8953857421875
494 -40.619197845458984 79.71219635009766
495 -40.927860260009766 79.55040740966797
496 -41.18048858642578 79.3913803100586
497 -41.568077087402344 79.1300048828125
498 -41.7850456237793 78.97747039794922
499 -47.15765380859375 72.757568359375
500 -47.39487838745117 72.58455657958984
501 -47.62947463989258 72.43265533447266
502 -47.867942810058594 72.27000427246094
503 -48.20529556274414 72.03125
504 -48.57341384887695 71.79263305664062
505 -48.901123046875 71.58092498779297
506 -49.11851119995117 71.45140838623047
507 -49.56755447387695 71.18973541259766
508 -50.29378128051758 70.86029815673828
509 -50.68572998046875 70.72474670410156
510 -51.02336883544922 70.61788177490234
511 -51.32256317138672 70.50590515136719
512 -51.656890869140625 70.36443328857422
513 -52.21863555908203 70.08348846435547
514 -52.430259704589844 69.94408416748047
515 -52.707244873046875 69.66963195800781
516 -53.123477935791016 69.0361328125
517 -53.2203369140625 68.65581512451172
518 -53.25714111328125 68.40090942382812
519 -53.19546127319336 68.1105728149414
520 -52.99282455444336 67.84246826171875
521 -52.639373779296875 67.63237762451172
522 -52.1290168762207 67.30753326416016
523 -51.90647888183594 67.19549560546875
524 -51.56631088256836 67.22270965576172
525 -51.27488708496094 67.29961395263672
526 -50.834068298339844 67.42555236816406
527 -50.3614616394043 67.50987243652344
528 -49.43365478515625 67.60252380371094
529 -48.92169952392578 67.63447570800781
530 -48.51728820800781 67.72047424316406
531 -48.20962142944336 67.80767059326172
532 -47.779197692871094 67.92640686035156
533 -47.39897918701172 68.08794403076172
534 -47.180721282958984 68.23277282714844
535 -46.90371322631836 68.45077514648438
536 -46.5313606262207 68.82839965820312
537 -46.092044830322266 69.21406555175781
538 -45.89130401611328 69.380859375
539 -41.02583694458008 74.1596908569336
540 -40.90015411376953 74.35536193847656
541 -40.76976776123047 74.5139389038086
542 -40.695228576660156 74.6535873413086
543 -40.588951110839844 74.95957946777344
544 -40.41337966918945 75.46894073486328
545 -40.30674362182617 75.81472778320312
546 -40.08174514770508 75.97937774658203
547 -39.78213882446289 76.00574493408203
548 -39.504844665527344 75.94009399414062
549 -39.13672637939453 75.79546356201172
550 -38.74072265625 75.65421295166016
551 -38.44754409790039 75.59384155273438
552 -37.49274826049805 75.50640106201172
553 -37.25569534301758 75.48329162597656
554 -37.00076675415039 75.4286880493164
555 -36.59026336669922 75.31627655029297
556 -30.614994049072266 72.77359008789062
557 -30.33784294128418 72.9006576538086
558 -29.999719619750977 73.20599365234375
559 -29.843896865844727 73.43865203857422
560 -29.770889282226562 73.80535888671875
561 -29.848495483398438 74.2706527709961
562 -30.15675926208496 75.0101547241211
563 -30.249187469482422 75.27326202392578
564 -30.228836059570312 75.60492706298828
565 -30.06888771057129 75.92858123779297
566 -29.876428604125977 76.15147399902344
567 -22.276138305664062 79.86959075927734
568 -22.010089874267578 80.0114974975586
569 -21.765859603881836 80.15536499023438
570 -21.486400604248047 80.35264587402344
571 -21.318466186523438 80.51834106445312
572 -21.09010887145996 80.91693878173828
573 -20.982566833496094 81.29060363769531
574 -20.904630661010742 81.7147216796875
575 -21.070032119750977 81.8330307006836
576 -21.407657623291016 82.20159912109375
577 -22.160123825073242 82.94368743896484
578 -22.37666130065918 83.15011596679688
579 -22.666156768798828 83.36176300048828
580 -22.913803100585938 83.52803039550781
581 -23.053102493286133 83.5917739868164
582 -23.6130428314209 83.80140686035156
583 -24.15328025817871 83.9439697265625
584 -24.58831214904785 83.97465515136719
585 -24.8705997467041 83.89738464355469
586 -25.317962646484375 83.6971435546875
587 -25.615598678588867 83.49161529541016
588 -25.86945915222168 83.26544952392578
589 -26.68764877319336 82.54830932617188
590 -27.1140193939209 82.17741394042969
591 -27.357595443725586 81.9288330078125
592 -27.760574340820312 81.43804168701172
593 -28.017139434814453 81.11099243164062
594 -28.27959442138672 80.78128051757812
595 -28.41855239868164 80.63323974609375
596 -28.612428665161133 80.5199203491211
597 -29.571748733520508 79.99790954589844
598 -29.98638153076172 79.72473907470703
599 -30.30234146118164 79.50323486328125
600 -31.070636749267578 78.99002075195312
601 -31.531295776367188 78.71772003173828
602 -31.847923278808594 78.51826477050781
603 -32.29278564453125 78.22348022460938
604 -32.7593879699707 77.9326171875
605 -33.595218658447266 77.42483520507812
606 -33.787269592285156 77.20341491699219
607 -33.962772369384766 76.6558609008789
608 -33.992427825927734 76.08018493652344
609 -33.921573638916016 75.55755615234375
610 -34.04712677001953 74.90301513671875
611 -34.125823974609375 74.49629211425781
612 -34.193641662597656 74.0165023803711
613 -34.152339935302734 73.61662292480469
614 -33.84147644042969 73.33486938476562
615 -33.34467315673828 73.20264434814453
616 -32.968101501464844 73.10811614990234
617 -32.79899597167969 73.09391021728516
618 -29.402027130126953 99.34593200683594
619 -29.508012771606445 99.35293579101562
620 -29.703771591186523 99.33582305908203
621 -30.02480697631836 99.28795623779297
622 -30.614336013793945 99.20665740966797
623 -30.850614547729492 99.17880249023438
624 -31.162723541259766 99.11296081542969
625 -31.540040969848633 99.0312271118164
626 -32.37883758544922 98.84123229980469
627 -32.58994674682617 98.77782440185547
628 -32.79129409790039 98.68183135986328
629 -32.96333312988281 98.54841613769531
630 -33.485355377197266 98.04533386230469
631 -33.8874626159668 97.6597671508789
632 -34.2088508605957 97.32904815673828
633 -34.43198776245117 97.06912231445312
634 -34.65557098388672 96.74992370605469
635 -35.02627944946289 96.14701843261719
636 -35.22726058959961 95.85517883300781
637 -35.402626037597656 95.65170288085938
638 -35.531253814697266 95.48463439941406
639 -35.73493576049805 95.1751937866211
640 -35.98285675048828 94.67852020263672
641 -36.111297607421875 94.27957153320312
642 -36.134300231933594 94.0164794921875
643 -36.004173278808594 93.65045928955078
644 -35.82605743408203 93.2046890258789
645 -35.67464065551758 92.97834777832031
646 -35.48440170288086 92.75491333007812
647 -35.309078216552734 92.5465087890625
648 -35.22859191894531 92.45509338378906
649 -34.6450309753418 53.54465103149414
650 -34.78004837036133 53.44921112060547
651 -34.95259094238281 53.3830451965332
652 -35.29500961303711 53.32246017456055
653 -35.731239318847656 53.31902313232422
654 -36.071598052978516 53.348758697509766
655 -36.43988800048828 53.42031478881836
656 -36.8828125 53.717769622802734
657 -37.25973129272461 54.08073043823242
658 -37.43613052368164 54.42265319824219
659 -37.35139083862305 54.83580780029297
660 -37.1347770690918 55.46232604980469
661 -36.996437072753906 55.81460189819336
662 -36.905181884765625 56.14558029174805
663 -36.79227828979492 56.687232971191406
664 -36.73039627075195 57.00587844848633
665 -36.65652084350586 57.423404693603516
666 -36.53544235229492 58.13545227050781
667 -36.42998504638672 58.468929290771484
668 -36.227020263671875 58.65583801269531
669 -35.842403411865234 58.83449172973633
670 -35.368350982666016 58.973289489746094
671 -34.52750778198242 59.09465408325195
672 -34.23441696166992 59.08503723144531
673 -33.49029541015625 58.966060638427734
674 -32.852012634277344 58.86017990112305
675 -32.675174713134766 58.75634002685547
676 -32.3969612121582 58.496700286865234
677 -31.917095184326172 58.183170318603516
678 -31.42477798461914 58.00189971923828
679 -30.894119262695312 57.87928771972656
680 -30.514936447143555 57.941566467285156
681 -30.08361053466797 58.145606994628906
682 -29.726640701293945 58.466217041015625
683 -29.527381896972656 59.02539825439453
684 -29.512956619262695 59.41262435913086
685 -29.579692840576172 59.767242431640625
686 -29.712963104248047 60.020877838134766
687 -29.906923294067383 60.26527786254883
688 -30.20665168762207 60.759342193603516
689 -30.5189151763916 61.232242584228516
690 -30.70570182800293 61.57782745361328
691 -30.88599967956543 61.94466781616211
692 -31.046783447265625 62.204795837402344
693 -31.218019485473633 62.48876953125
694 -32.815467834472656 69.84761810302734
695 -33.02614974975586 70.0225830078125
696 -33.330196380615234 70.12041473388672
697 -33.84640121459961 70.18059539794922
698 -34.203243255615234 70.12252044677734
699 -34.312557220458984 70.0679931640625
700 -35.96830749511719 68.27409362792969
701 -36.02550506591797 68.15478515625
702 -36.10917663574219 68.03082275390625
703 -36.31161880493164 67.80979919433594
704 -36.77149963378906 67.39511108398438
705 -37.54349136352539 66.80149841308594
706 -37.79623794555664 66.60279083251953
707 -38.041107177734375 66.37297058105469
708 -38.36217498779297 66.06941223144531
709 -38.55436325073242 65.85789489746094
710 -38.84926223754883 65.5050277709961
711 -39.16753387451172 65.23290252685547
712 -39.51707077026367 65.07701110839844
713 -39.78702163696289 65.03417205810547
714 -40.20392608642578 65.02813720703125
715 -40.86448669433594 64.96480560302734
716 -41.160037994384766 64.92153930664062
717 -42.079978942871094 64.80106353759766
718 -42.48851776123047 64.73662567138672
719 -42.823551177978516 64.73758697509766
720 -43.122135162353516 64.8014144897461
721 -43.4219856262207 64.92374420166016
722 -43.668174743652344 65.07605743408203
723 -43.88751220703125 65.25302124023438
724 -44.13045120239258 65.4592056274414
725 -48.60325241088867 75.2422866821289
726 -48.47372055053711 75.483642578125
727 -48.26438522338867 75.73560333251953
728 -48.053924560546875 75.92202758789062
729 -47.63871765136719 76.22312927246094
730 -46.78750228881836 76.6987533569336
731 -46.52116775512695 76.84361267089844
732 -46.28705978393555 76.98421478271484
733 -45.91314697265625 77.16698455810547
734 -45.48918533325195 77.27557373046875
735 -44.9717903137207 77.29786682128906
736 -44.771568298339844 77.0857162475586
737 -44.689151763916016 76.65544128417969
738 -44.768150329589844 76.15564727783203
739 -44.842098236083984 75.55107879638672
740 -44.67203903198242 75.2422103881836
741 -44.46852493286133 74.88238525390625
742 -44.31312561035156 74.55839538574219
743 -44.15666580200195 74.2178955078125
744 -43.98182678222656 73.82430267333984
745 -43.8680305480957 73.54415893554688
746 -43.78219223022461 73.29271697998047
747 -43.607704162597656 72.8814697265625
748 -43.468162536621094 72.49358367919922
749 -43.3754997253418 71.97666931152344
750 -43.31550979614258 71.58535766601562
751 -43.2052116394043 71.14408874511719
752 -43.00417709350586 70.51365661621094
753 -42.90886306762695 70.30067443847656
754 -42.57010269165039 69.7796859741211
755 -42.2048225402832 69.4490737915039
756 -41.90544128417969 69.2851333618164
757 -41.648223876953125 69.27580261230469
758 -41.118873596191406 69.31381225585938
759 -40.64369201660156 69.3625259399414
760 -40.39716720581055 69.47868347167969
761 -40.14973068237305 69.73997497558594
762 -39.56303787231445 70.60830688476562
763 -39.4737434387207 70.75674438476562
764 -39.36421203613281 70.87921142578125
765 -38.86655044555664 71.12437438964844
766 -38.54880142211914 71.14358520507812
767 -38.113121032714844 71.08277893066406
768 -37.75279998779297 71.09517669677734
769 -37.4720573425293 71.1794204711914
770 -37.137779235839844 71.3837661743164
771 -36.85801696777344 71.70855712890625
772 -36.60630798339844 72.00048065185547
773 -36.523582458496094 72.22605895996094
774 -36.51675033569336 72.43517303466797
775 -36.611881256103516 72.73899841308594
776 -49.94905471801758 78.24573516845703
777 -50.05292510986328 78.3962631225586
778 -50.23978805541992 78.84230041503906
779 -50.27744674682617 79.20109558105469
780 -50.203914642333984 79.4932632446289
781 -50.052040100097656 79.72834777832031
782 -49.700958251953125 80.2217788696289
783 -49.189998626708984 80.75506591796875
784 -48.927181243896484 80.94857788085938
785 -48.72489929199219 81.03874206542969
786 -48.29206085205078 81.12602996826172
787 -47.76636505126953 81.17631530761719
788 -47.32069778442383 81.08000946044922
789 -47.0307731628418 80.91742706298828
790 -46.85824203491211 80.84953308105469
791 -46.631526947021484 80.929443359375
792 -46.21599578857422 81.26371002197266
793 -45.72126770019531 81.60094451904297
794 -45.370113372802734 81.8363265991211
795 -45.004119873046875 82.06224060058594
796 -44.710426330566406 82.1922378540039
797 -44.38967514038086 82.373779296875
798 -44.19962692260742 82.49805450439453
799 -44.095359802246094 82.57233428955078
800 -19.50041389465332 86.32323455810547
801 -19.43869972229004 86.4366455078125
802 -19.303518295288086 86.71279907226562
803 -18.957801818847656 87.53362274169922
804 -18.826753616333008 87.85466766357422
805 -18.70371437072754 88.12548065185547
806 -18.61625862121582 88.2910385131836
807 -18.351665496826172 88.72486114501953
808 -18.076560974121094 89.15554809570312
809 -17.81849479675293 89.6192855834961
810 -17.60899543762207 89.98897552490234
811 -17.271686553955078 90.58930206298828
812 -17.155899047851562 90.88318634033203
813 -17.191957473754883 91.25064849853516
814 -17.213899612426758 91.60548400878906
815 -17.30157470703125 91.9390640258789
816 -17.45512580871582 92.4504165649414
817 -17.657737731933594 92.90714263916016
818 -17.852067947387695 93.2081298828125
819 -18.07145881652832 93.36231994628906
820 -18.48069953918457 93.53768920898438
821 -18.822589874267578 93.64643096923828
822 -19.217662811279297 93.7507095336914
823 -19.50278091430664 93.8609848022461
824 -19.86624526977539 94.0003433227539
825 -20.361379623413086 94.1727294921875
826 -20.959806442260742 94.35993194580078
827 -21.446697235107422 94.51658630371094
828 -21.761890411376953 94.6439208984375
829 -22.178813934326172 94.80192565917969
830 -22.45214080810547 94.83335876464844
831 -22.764385223388672 94.77140808105469
832 -23.252492904663086 94.64118194580078
833 -23.64750099182129 94.51409912109375
834 -24.06254005432129 94.31929779052734
835 -24.41250228881836 94.08153533935547
836 -24.584091186523438 93.95462036132812
837 -24.72885513305664 93.80530548095703
838 -24.913105010986328 93.62041473388672
839 -25.232925415039062 93.2845230102539
840 -25.577260971069336 92.92892456054688
841 -25.704198837280273 92.79389190673828
842 -25.92513656616211 92.54611206054688
843 -26.56236457824707 91.82966613769531
844 -26.849960327148438 91.5021743774414
845 -27.093685150146484 91.19722747802734
846 -27.407920837402344 90.78909301757812
847 -27.657323837280273 90.43133544921875
848 -27.94429588317871 89.9951400756836
849 -28.271358489990234 89.47916412353516
850 -28.4129581451416 89.26206970214844
851 -28.56072998046875 89.06721496582031
852 -28.899869918823242 88.63611602783203
853 -29.099227905273438 88.3427963256836
854 -29.47968292236328 87.73389434814453
855 -29.59139633178711 87.53632354736328
856 -29.70319175720215 87.3312759399414
857 -29.837038040161133 87.09786987304688
858 -29.962692260742188 86.84320831298828
859 -30.11056137084961 86.49256134033203
860 -30.291719436645508 86.07978820800781
861 -30.614896774291992 85.23198699951172
862 -30.741451263427734 84.76483154296875
863 -30.733171463012695 84.48999786376953
864 -26.037050247192383 77.81549835205078
865 -25.86968231201172 77.5501480102539
866 -25.689903259277344 77.2499008178711
867 -25.52690315246582 76.96036529541016
868 -25.410886764526367 76.76444244384766
869 -25.333282470703125 76.54109954833984
870 -25.28722381591797 76.21392059326172
871 -25.238529205322266 75.67339324951172
872 -25.22606658935547 75.33234405517578
873 -25.2589168548584 74.9254150390625
874 -25.29749298095703 74.50923156738281
875 -25.339534759521484 74.00010681152344
876 -25.359237670898438 73.66023254394531
877 -25.39874267578125 73.1796875
878 -25.53260612487793 72.22653198242188
879 -25.533451080322266 71.89769744873047
880 -25.455142974853516 71.37763977050781
881 -25.36748695373535 71.0089111328125
882 -25.305360794067383 70.61029815673828
883 -25.239635467529297 69.95832061767578
884 -25.219974517822266 69.60785675048828
885 -25.174440383911133 69.30020904541016
886 -25.171907424926758 68.79102325439453
887 -25.17559051513672 68.40697479248047
888 -24.993627548217773 68.19436645507812
889 -24.649097442626953 67.9888687133789
890 -24.151124954223633 67.80288696289062
891 -23.742406845092773 67.58966064453125
892 -23.3781795501709 67.24291229248047
893 -23.278942108154297 66.99461364746094
894 -23.207496643066406 66.5461196899414
895 -23.16390609741211 66.00231170654297
896 -23.236257553100586 65.85603332519531
897 -23.559574127197266 65.81791687011719
898 -24.293535232543945 65.69129180908203
899 -25.09376335144043 65.46256256103516
900 -25.52915382385254 65.32828521728516
901 -25.688703536987305 65.2934799194336
902 -46.60102081298828 60.2522087097168
903 -46.69483184814453 60.2568244934082
904 -46.93899917602539 60.31515121459961
905 -47.58967590332031 60.46259307861328
906 -47.949466705322266 60.56411361694336
907 -48.22046661376953 60.674983978271484
908 -48.80325698852539 60.92010498046875
909 -49.13127899169922 61.08195495605469
910 -49.39979553222656 61.25575256347656
911 -49.779052734375 61.53514099121094
912 -49.899139404296875 61.719017028808594
913 -49.9818115234375 62.02643585205078
914 -49.977294921875 62.56612014770508
915 -49.8816032409668 62.94417953491211
916 -49.58413314819336 63.188636779785156
917 -49.258663177490234 63.35328674316406
918 -48.94438934326172 63.47639465332031
919 -48.503475189208984 63.55540466308594
920 -48.14903259277344 63.61589050292969
921 -47.935550689697266 63.64771270751953
922 -36.15055465698242 63.87230682373047
923 -35.830810546875 63.823848724365234
924 -35.41090393066406 63.706993103027344
925 -35.10102081298828 63.682403564453125
926 -34.752769470214844 63.78007888793945
927 -34.55690002441406 63.911468505859375
928 -34.47081756591797 64.11219024658203
929 -34.37114334106445 64.34013366699219
930 -34.15367889404297 64.71174621582031
931 -33.731380462646484 65.40191650390625
932 -33.43614959716797 65.87055206298828
933 -33.23849868774414 66.22481536865234
934 -32.970191955566406 66.59489440917969
935 -32.5167350769043 67.0279312133789
936 -32.32584762573242 67.15148162841797
937 -32.0654411315918 67.36482238769531
938 -31.747875213623047 67.65176391601562
939 -31.522436141967773 67.89906311035156
940 -31.070152282714844 68.31352233886719
941 -30.683246612548828 68.60147094726562
942 -30.38751983642578 68.81023406982422
943 -30.0119686126709 68.99974060058594
944 -29.651578903198242 69.08051300048828
945 -29.44023895263672 69.09300231933594
946 -29.2196044921875 69.0647964477539
947 -29.029850006103516 68.95142364501953
948 -28.310508728027344 68.30548858642578
949 -28.20581817626953 68.21651458740234
950 -28.52773666381836 66.57646179199219
951 -28.656837463378906 66.22111511230469
952 -28.85247039794922 65.67194366455078
953 -28.97381019592285 65.38739776611328
954 -29.11774253845215 65.15678405761719
955 -29.347675323486328 64.91288757324219
956 -29.61208724975586 64.70518493652344
957 -37.88665008544922 61.74378204345703
958 -38.24673843383789 61.66904830932617
959 -38.517478942871094 61.564754486083984
960 -38.75920104980469 61.424442291259766
961 -39.11683654785156 61.21067810058594
962 -39.54678726196289 61.00294494628906
963 -40.38148498535156 60.65105438232422
964 -40.76268768310547 60.493289947509766
965 -41.06201171875 60.320106506347656
966 -41.39596176147461 60.02881622314453
967 -41.672080993652344 59.70713806152344
968 -41.914085388183594 59.436302185058594
969 -42.211700439453125 59.061981201171875
970 -42.395347595214844 58.81395721435547
971 -42.51972198486328 58.636627197265625
972 -42.75186538696289 58.30394744873047
973 -43.18901062011719 57.587669372558594
974 -43.34190368652344 57.31365966796875
975 -43.47038650512695 57.11041259765625
976 -43.71617126464844 56.7717399597168
977 -44.166263580322266 56.21152877807617
978 -44.306396484375 56.0904541015625
979 -44.596256256103516 55.94706726074219
980 -45.29879379272461 55.70768737792969
981 -45.5965461730957 55.63426971435547
982 -45.999961853027344 55.59886169433594
983 -46.472007751464844 55.616024017333984
984 -47.32915496826172 55.66856384277344
985 -47.78860092163086 55.59467315673828
986 -48.11696243286133 55.464908599853516
987 -48.39458465576172 55.32878875732422
988 -48.889015197753906 55.05269241333008
989 -49.30826950073242 54.813358306884766
990 -49.74417495727539 54.55223083496094
991 -49.99551773071289 54.36621856689453
992 -50.28468322753906 54.104759216308594
993 -50.51821517944336 53.97206497192383
994 -50.763824462890625 53.98702621459961
995 -51.09324264526367 54.112884521484375
996 -51.520999908447266 54.420555114746094
997 -51.762428283691406 54.659088134765625
998 -51.88725280761719 54.79896545410156
999 -51.94993209838867 54.8837776184082
