0 -18.484716415405273 -15.11251449584961
1 -18.645687103271484 -15.207313537597656
2 -18.939990997314453 -15.52745532989502
3 -19.11774444580078 -15.63970947265625
4 -19.613285064697266 -15.807977676391602
5 -20.230220794677734 -16.027294158935547
6 -20.5648250579834 -16.149097442626953
7 -20.755157470703125 -16.112316131591797
8 -20.92930030822754 -16.072147369384766
9 -21.088411331176758 -15.95118522644043
10 -21.055057525634766 -15.644476890563965
11 -21.016149520874023 -15.19761848449707
12 -20.978160858154297 -14.919750213623047
13 -21.141969680786133 -14.816149711608887
14 -21.28172492980957 -14.67167854309082
15 -21.297521591186523 -14.517147064208984
16 -21.041704177856445 -14.326253890991211
17 -20.432479858398438 -13.965024948120117
18 -20.35409927368164 -13.941546440124512
19 -20.081796646118164 -13.67180061340332
20 -19.8554630279541 -13.452108383178711
21 -19.666179656982422 -13.316981315612793
22 -19.50151824951172 -13.20536994934082
23 -19.282379150390625 -13.172409057617188
24 -18.854583740234375 -13.173444747924805
25 -18.640348434448242 -13.184416770935059
26 -17.683284759521484 -13.557235717773438
27 -17.267335891723633 -13.718110084533691
28 -16.755422592163086 -13.880681037902832
29 -16.088481903076172 -14.086267471313477
30 -15.778488159179688 -14.07709789276123
31 -15.427289009094238 -14.034235954284668
32 -14.880661010742188 -13.956984519958496
33 -14.685264587402344 -13.966192245483398
34 -14.435651779174805 -13.979021072387695
35 -13.927000045776367 -14.178312301635742
36 -13.672601699829102 -14.277023315429688
37 -13.430607795715332 -14.308114051818848
38 -13.055596351623535 -14.368070602416992
39 -12.616536140441895 -14.330869674682617
40 -12.386955261230469 -14.342061996459961
41 -12.179022789001465 -14.358258247375488
42 -11.903358459472656 -14.20814037322998
43 -11.528827667236328 -13.803486824035645
44 -11.373857498168945 -13.643885612487793
45 -11.159266471862793 -13.626424789428711
46 -10.889447212219238 -13.715484619140625
47 -10.531826972961426 -13.791743278503418
48 -10.320938110351562 -13.683682441711426
49 -10.093611717224121 -13.53697681427002
50 -7.122713088989258 -5.536322593688965
51 -7.097742080688477 -5.285398960113525
52 -7.160329818725586 -5.100247859954834
53 -7.2890706062316895 -4.827858924865723
54 -7.344122886657715 -4.577044486999512
55 -7.38920783996582 -4.217528343200684
56 -7.45016622543335 -4.004427909851074
57 -7.477753162384033 -3.805259943008423
58 -7.401989936828613 -3.6408278942108154
59 -7.3234124183654785 -3.380802869796753
60 -7.265704154968262 -2.9840426445007324
61 -7.109987735748291 -2.8152759075164795
62 -6.819835186004639 -2.587977409362793
63 -6.6751885414123535 -2.4431207180023193
64 -6.616626262664795 -2.2408037185668945
65 -6.536856651306152 -2.0544025897979736
66 -6.435873031616211 -1.7938096523284912
67 -6.415040016174316 -1.6060185432434082
68 -5.324665546417236 0.8881209492683411
69 -5.342789173126221 1.0942127704620361
70 -5.475301265716553 1.4282780885696411
71 -5.619751930236816 1.3798717260360718
72 -5.7649617195129395 1.2717499732971191
73 -6.8084797859191895 0.4599824547767639
74 -7.0152268409729 0.21149198710918427
75 -7.136044025421143 -0.3143419325351715
76 -7.042323589324951 -0.4336503744125366
77 -6.762699604034424 -0.5228257775306702
78 -6.224311351776123 -0.5882255434989929
79 -5.682919025421143 -0.6629524827003479
80 -5.410555839538574 -0.6465384364128113
81 -4.682699203491211 -0.5792445540428162
82 -4.578298568725586 -0.5550377368927002
83 -4.442576885223389 -0.5699793100357056
84 -4.13985538482666 -0.6131670475006104
85 -3.956672430038452 -0.7539188861846924
86 -3.8319005966186523 -1.0614017248153687
87 -3.715498924255371 -1.3978915214538574
88 -3.7370986938476562 -1.8038617372512817
89 -3.7895734310150146 -2.143512487411499
90 -3.825216770172119 -2.386237621307373
91 -3.7867367267608643 -2.5060484409332275
92 -3.7945590019226074 -2.6755125522613525
93 -3.924302816390991 -2.9260919094085693
94 -4.073842525482178 -3.1249706745147705
95 -4.1692914962768555 -3.3514084815979004
96 -4.3323540687561035 -3.774271011352539
97 -4.374001979827881 -3.8806779384613037
98 -4.44210147857666 -4.097373962402344
99 -4.564730167388916 -4.46873140335083
100 -4.688277721405029 -4.834118843078613
101 -4.864105224609375 -5.142792701721191
102 -5.321478843688965 -5.669605731964111
103 -5.495730400085449 -5.903583526611328
104 -5.525423526763916 -5.9768171310424805
105 -5.273418426513672 -6.10402774810791
106 -5.041460990905762 -6.340898036956787
107 -4.663549900054932 -6.624980926513672
108 -4.501389503479004 -6.7419514656066895
109 -4.391773223876953 -6.655486583709717
110 -4.241208076477051 -6.58232307434082
111 -4.165132999420166 -6.403659343719482
112 -3.911907911300659 -6.0732221603393555
113 -3.6430530548095703 -5.781766891479492
114 -3.4123079776763916 -5.354606628417969
115 -0.9200714230537415 -3.5367565155029297
116 -0.5759047865867615 -3.3335418701171875
117 -0.5585116744041443 -3.147801637649536
118 -0.5473883152008057 -2.908596992492676
119 -0.8012158274650574 -2.8192756175994873
120 -1.2814117670059204 -2.7586710453033447
121 -1.4304393529891968 -2.8069021701812744
122 -1.9558032751083374 -3.266927480697632
123 -2.2920961380004883 -3.7913389205932617
124 -2.361769914627075 -4.1076765060424805
125 -2.3769371509552 -4.263742446899414
126 -2.302663803100586 -4.676657199859619
127 -2.1924021244049072 -4.91636323928833
128 -1.915615439414978 -5.064666271209717
129 -1.7049047946929932 -5.167922496795654
130 -1.5666203498840332 -5.256648540496826
131 -1.5785704851150513 -5.407301425933838
132 -1.935428261756897 -5.825965881347656
133 -2.127079963684082 -6.054137229919434
134 -2.2473206520080566 -6.199365615844727
135 -2.4479222297668457 -6.474671840667725
136 -2.487870454788208 -6.8101420402526855
137 -2.5085160732269287 -6.913654327392578
138 -2.319801092147827 -7.310721397399902
139 -2.062880039215088 -7.733474254608154
140 -1.8799108266830444 -7.929221153259277
141 -1.6871213912963867 -7.9970831871032715
142 -1.5877361297607422 -8.026124000549316
143 -1.4539337158203125 -8.078404426574707
144 -1.2771282196044922 -8.302660942077637
145 -1.0929417610168457 -8.614289283752441
146 -0.7560673952102661 -9.068788528442383
147 -0.4426247775554657 -9.530091285705566
148 -0.15718796849250793 -9.701937675476074
149 0.0707089975476265 -9.762513160705566
150 0.13963870704174042 -9.71038818359375
151 0.2450367659330368 -9.418009757995605
152 0.31927233934402466 -9.095165252685547
153 0.5877863168716431 -8.772721290588379
154 0.7722581028938293 -8.495224952697754
155 0.9008746147155762 -8.132871627807617
156 0.9864370822906494 -7.77044153213501
157 1.0116363763809204 -7.389639377593994
158 1.0530834197998047 -7.023611068725586
159 1.0377757549285889 -6.705559730529785
160 0.6700114607810974 -5.82415771484375
161 0.47582417726516724 -5.474979400634766
162 0.2911185920238495 -5.447732925415039
163 0.10963767766952515 -5.628471851348877
164 0.0040928577072918415 -5.845757961273193
165 -0.03828449547290802 -6.087085723876953
166 -0.07662134617567062 -6.250121593475342
167 -0.1480572521686554 -6.42963981628418
168 -0.36659401655197144 -6.898387432098389
169 -0.4983835816383362 -7.132403373718262
170 -0.600001871585846 -7.368463516235352
171 -1.5127264261245728 -10.490846633911133
172 -1.5611956119537354 -10.445995330810547
173 -1.7082104682922363 -10.255325317382812
174 -1.901533842086792 -10.107815742492676
175 -2.173138380050659 -9.936988830566406
176 -2.1891367435455322 -9.955909729003906
177 -2.217520236968994 -9.863702774047852
178 -2.332746982574463 -9.598860740661621
179 -2.481640577316284 -9.316969871520996
180 -3.2197213172912598 -8.421987533569336
181 -3.3771049976348877 -8.415833473205566
182 -3.5893776416778564 -8.444988250732422
183 -3.825345754623413 -8.605535507202148
184 -4.081049919128418 -8.709677696228027
185 -4.107828140258789 -8.76993465423584
186 -4.039407730102539 -8.90007209777832
187 -3.9225502014160156 -9.1850004196167
188 -3.885622501373291 -9.50675106048584
189 -3.7809882164001465 -9.954798698425293
190 -3.656562089920044 -10.345793724060059
191 -3.32562255859375 -11.037873268127441
192 -2.5896685123443604 -12.360188484191895
193 -2.4434986114501953 -12.73398208618164
194 -2.369736433029175 -13.161859512329102
195 -2.4321205615997314 -13.77453899383545
196 -2.528735399246216 -14.013981819152832
197 -2.703214168548584 -14.183690071105957
198 -2.916175365447998 -14.188063621520996
199 -3.3015596866607666 -14.117873191833496
200 -3.8640949726104736 -14.006940841674805
201 -4.073486804962158 -13.905585289001465
202 -4.2130231857299805 -13.856084823608398
203 -4.5475053787231445 -13.55334758758545
204 -4.7732133865356445 -13.257718086242676
205 -5.4346795082092285 -11.604181289672852
206 -5.502686977386475 -11.312814712524414
207 -5.6265082359313965 -10.886937141418457
208 -5.706264019012451 -10.709024429321289
209 -5.938016891479492 -10.421279907226562
210 -6.185980319976807 -10.094707489013672
211 -6.292832851409912 -9.826891899108887
212 -6.473339557647705 -9.15777587890625
213 -6.584366798400879 -8.816917419433594
214 -6.662756443023682 -8.632111549377441
215 -6.862978458404541 -8.486560821533203
216 -7.069091796875 -8.241358757019043
217 -7.265177249908447 -7.88895845413208
218 -7.295474052429199 -7.661327838897705
219 -7.507397651672363 -7.574924945831299
220 -7.804922580718994 -7.586432456970215
221 -7.9422926902771 -7.696101665496826
222 -8.153093338012695 -7.836887359619141
223 -8.452071189880371 -7.97379732131958
224 -8.87881851196289 -8.238478660583496
225 -9.154792785644531 -8.359416961669922
226 -9.72004222869873 -8.592062950134277
227 -9.839381217956543 -8.66347599029541
228 -10.001006126403809 -8.842105865478516
229 -10.280272483825684 -9.128172874450684
230 -10.446649551391602 -9.257428169250488
231 -10.585319519042969 -9.386795043945312
232 -10.729886054992676 -9.502734184265137
233 -10.816827774047852 -9.639117240905762
234 -11.117341995239258 -10.032309532165527
235 -11.468679428100586 -10.576191902160645
236 -11.50973892211914 -10.723003387451172
237 -11.290804862976074 -10.892730712890625
238 -10.657830238342285 -11.064657211303711
239 -9.865220069885254 -11.269660949707031
240 -9.44473648071289 -11.409756660461426
241 -9.155524253845215 -11.484701156616211
242 -8.567808151245117 -11.629379272460938
243 -8.395418167114258 -11.597845077514648
244 -8.323470115661621 -11.21600341796875
245 -8.362939834594727 -10.541057586669922
246 -8.359145164489746 -10.180354118347168
247 -8.343323707580566 -9.976667404174805
248 -9.104996681213379 -6.189693927764893
249 -9.214764595031738 -5.9507293701171875
250 -9.390962600708008 -5.926499843597412
251 -10.100448608398438 -6.13840389251709
252 -10.336478233337402 -6.319571018218994
253 -13.44412899017334 -10.821732521057129
254 -13.587355613708496 -10.89594554901123
255 -13.716585159301758 -10.720673561096191
256 -13.889716148376465 -10.526820182800293
257 -13.86435604095459 -10.238800048828125
258 -13.834417343139648 -9.786092758178711
259 -13.906763076782227 -9.382331848144531
260 -14.117157936096191 -9.334405899047852
261 -14.452288627624512 -9.315591812133789
262 -15.507814407348633 -9.367053031921387
263 -15.809165000915527 -9.446459770202637
264 -16.01973533630371 -9.696755409240723
265 -15.962481498718262 -10.054163932800293
266 -15.857254028320312 -10.240435600280762
267 -15.735883712768555 -10.475950241088867
268 -15.673047065734863 -10.586418151855469
269 -15.424973487854004 -11.209071159362793
270 -15.29757308959961 -11.435606002807617
271 -8.305624008178711 -16.304533004760742
272 -8.177314758300781 -16.32438087463379
273 -7.843489170074463 -16.177705764770508
274 -7.697292327880859 -15.917381286621094
275 -7.766815185546875 -15.32004165649414
276 -7.8468098640441895 -15.059403419494629
277 -7.999843597412109 -14.86373519897461
278 -17.46404266357422 -11.665962219238281
279 -17.652328491210938 -11.651185035705566
280 -17.92966651916504 -11.626049995422363
281 -18.292646408081055 -11.535151481628418
282 -18.90867805480957 -11.3568696975708
283 -19.54530906677246 -11.226173400878906
284 -20.115983963012695 -11.06159496307373
285 -20.616411209106445 -10.97377872467041
286 -20.951454162597656 -10.969592094421387
287 -21.404294967651367 -11.089338302612305
288 -22.13969612121582 -10.99958610534668
289 -22.358627319335938 -10.858509063720703
290 -22.345947265625 -10.727989196777344
291 -20.07713508605957 -6.941761493682861
292 -20.02853775024414 -6.732386589050293
293 -20.033184051513672 -6.424452781677246
294 -20.08966636657715 -6.11655855178833
295 -20.263282775878906 -5.997811794281006
296 -20.395816802978516 -5.9819769859313965
297 -20.565929412841797 -6.0256266593933105
298 -21.11429214477539 -5.90098762512207
299 -21.41379165649414 -5.806251525878906
300 -21.623268127441406 -5.826192855834961
301 -21.892942428588867 -5.866097927093506
302 -22.272716522216797 -5.985118389129639
303 -22.498106002807617 -6.0798211097717285
304 -22.649322509765625 -6.104937553405762
305 -22.794614791870117 -6.153224468231201
306 -22.950395584106445 -6.222201824188232
307 -23.050018310546875 -6.34661865234375
308 -23.14998435974121 -6.742536544799805
309 -23.1988525390625 -7.000391483306885
310 -23.157968521118164 -7.196402549743652
311 -22.945354461669922 -7.4598469734191895
312 -22.828855514526367 -7.6772637367248535
313 -22.602340698242188 -7.76898717880249
314 -22.4924373626709 -8.021183013916016
315 -22.42184829711914 -8.283419609069824
316 -22.325763702392578 -8.445554733276367
317 -22.07633399963379 -8.773305892944336
318 -21.577594757080078 -8.97928237915039
319 -21.232267379760742 -8.939189910888672
320 -20.97064208984375 -8.831692695617676
321 -20.790332794189453 -8.730549812316895
322 -20.64883804321289 -8.559799194335938
323 -20.520505905151367 -8.464606285095215
324 -20.288894653320312 -8.334774017333984
325 -19.986291885375977 -8.236194610595703
326 -19.745201110839844 -8.114569664001465
327 -18.87729263305664 -7.531245708465576
328 -18.584056854248047 -7.331578731536865
329 -18.45574378967285 -7.284050941467285
330 -18.39244842529297 -7.325947284698486
331 -18.256362915039062 -7.731655597686768
332 -18.329675674438477 -8.063036918640137
333 -18.46860122680664 -8.829996109008789
334 -18.4566707611084 -9.120158195495605
335 -18.31398582458496 -9.440740585327148
336 -18.029403686523438 -9.812378883361816
337 -18.010868072509766 -9.814728736877441
338 -17.93024444580078 -9.828291893005371
339 -18.314151763916016 4.457699298858643
340 -18.345947265625 4.633412837982178
341 -18.395633697509766 4.877908229827881
342 -18.407081604003906 5.171418190002441
343 -18.41008758544922 5.426079750061035
344 -18.486330032348633 5.641409873962402
345 -18.493316650390625 5.750654220581055
346 -18.623809814453125 6.152916431427002
347 -18.561382293701172 6.215784072875977
348 -18.181533813476562 6.418842792510986
349 -17.682674407958984 6.8165202140808105
350 -17.1948299407959 7.2097249031066895
351 -16.890972137451172 7.299765110015869
352 -16.66660499572754 7.145997047424316
353 -16.51652717590332 7.006684303283691
354 -16.477319717407227 6.7859344482421875
355 -16.54817771911621 5.660851955413818
356 -16.50349998474121 5.389946937561035
357 -16.511058807373047 5.033415794372559
358 -15.543472290039062 -4.568833827972412
359 -15.474772453308105 -4.745978355407715
360 -15.26673698425293 -5.030114650726318
361 -14.996007919311523 -5.416724681854248
362 -14.974302291870117 -5.60020637512207
363 -15.013423919677734 -5.753177165985107
364 -15.135683059692383 -6.013492584228516
365 -15.35828685760498 -6.2047271728515625
366 -15.684782981872559 -6.414102554321289
367 -15.966245651245117 -6.6811017990112305
368 -16.128902435302734 -7.00745964050293
369 -16.174922943115234 -7.453188896179199
370 -16.18852424621582 -7.717404365539551
371 -16.088144302368164 -7.827962398529053
372 -15.935723304748535 -7.8171772956848145
373 -15.454887390136719 -7.685278415679932
374 -15.096301078796387 -7.563105583190918
375 -14.761873245239258 -7.517446041107178
376 -14.458272933959961 -7.605051517486572
377 -13.999961853027344 -7.835728645324707
378 -13.729366302490234 -7.923752307891846
379 -13.518570899963379 -7.9043426513671875
380 -13.147425651550293 -7.785485744476318
381 -12.793089866638184 -7.572055816650391
382 -12.441241264343262 -7.144222259521484
383 -12.376824378967285 -6.944169044494629
384 -12.366353034973145 -6.81198263168335
385 -12.537349700927734 -6.67502498626709
386 -12.695122718811035 -6.5305609703063965
387 -13.133557319641113 -6.348811626434326
388 -16.640111923217773 -5.790646553039551
389 -16.816564559936523 -5.816134452819824
390 -16.968917846679688 -5.79343318939209
391 -17.248964309692383 -5.633032321929932
392 -17.574766159057617 -5.380557537078857
393 -17.825071334838867 -5.165547847747803
394 -17.927959442138672 -4.9483137130737305
395 -17.940698623657227 -4.804745674133301
396 -17.90226173400879 -4.637441635131836
397 -17.918790817260742 -4.360441207885742
398 -17.741653442382812 -4.234929084777832
399 -17.453330993652344 -4.097002029418945
400 -9.281746864318848 5.519647598266602
401 -9.217633247375488 5.504811763763428
402 -9.034175872802734 5.369418144226074
403 -8.813589096069336 5.076231002807617
404 -8.585532188415527 4.8069634437561035
405 -8.466229438781738 4.532157897949219
406 -8.288586616516113 4.188037872314453
407 -8.14278507232666 4.066720008850098
408 -8.113101959228516 3.907780647277832
409 -7.978198051452637 3.6003215312957764
410 -7.937363624572754 3.24920916557312
411 -7.989684581756592 3.0023751258850098
412 -8.175836563110352 2.66701340675354
413 -8.234515190124512 2.6004951000213623
414 -8.327144622802734 2.4582912921905518
415 -8.488162994384766 2.2380895614624023
416 -8.65153694152832 2.0547585487365723
417 -8.944916725158691 1.755637288093567
418 -9.044949531555176 1.6367193460464478
419 -15.064034461975098 -0.15652017295360565
420 -15.35451889038086 -0.29195696115493774
421 -15.808023452758789 -0.5673925876617432
422 -15.921843528747559 -0.7361908555030823
423 -16.04277229309082 -0.9866405129432678
424 -16.116924285888672 -1.0948458909988403
425 -16.305099487304688 -1.3454780578613281
426 -16.449779510498047 -1.508060097694397
427 -16.48416519165039 -1.6324291229248047
428 -16.442623138427734 -2.1003568172454834
429 -16.448577880859375 -2.406364679336548
430 -16.45380210876465 -2.6764774322509766
431 -16.18572998046875 -2.7957332134246826
432 -15.949012756347656 -2.807338237762451
433 -15.78218936920166 -2.7954092025756836
434 -15.568228721618652 -2.6584904193878174
435 -15.031611442565918 -2.2484543323516846
436 -14.877705574035645 -2.0932834148406982
437 -14.833806037902832 -2.011014223098755
438 -14.688163757324219 -1.7929736375808716
439 -14.506749153137207 -1.4690791368484497
440 -14.374573707580566 -1.356526255607605
441 -13.911408424377441 -1.0639568567276
442 -13.471529006958008 -0.7907137870788574
443 -13.185376167297363 -0.6888493299484253
444 -12.825202941894531 -0.6043522357940674
445 -12.627544403076172 -0.7207401990890503
446 -12.568702697753906 -0.9022952914237976
447 -12.296070098876953 -1.3863054513931274
448 -12.079129219055176 -1.5966098308563232
449 -11.931564331054688 -1.7946637868881226
450 -11.76906967163086 -1.7771780490875244
451 -11.397581100463867 -1.7540255784988403
452 -10.978744506835938 -1.7052940130233765
453 -10.688488006591797 -1.6527085304260254
454 -10.478715896606445 -1.6169039011001587
455 -10.046802520751953 -1.4407939910888672
456 -9.592851638793945 -1.356676697731018
457 -9.403803825378418 -1.451988697052002
458 -9.383481979370117 -1.7567689418792725
459 -9.610279083251953 -2.196035385131836
460 -9.757966995239258 -2.404788017272949
461 -9.791365623474121 -2.512941598892212
462 -9.852453231811523 -2.7706313133239746
463 -10.089225769042969 -3.0009169578552246
464 -10.272199630737305 -3.2383270263671875
465 -10.484920501708984 -3.3328216075897217
466 -10.951166152954102 -3.4736499786376953
467 -11.031830787658691 -3.553244113922119
468 -10.999761581420898 -3.57218861579895
469 -11.198039054870605 -3.716775894165039
470 -11.49697494506836 -4.010263442993164
471 -11.806777000427246 -4.223771572113037
472 -12.114898681640625 -4.557209014892578
473 -12.298462867736816 -4.612660884857178
474 -12.565248489379883 -4.634117603302002
475 -12.812247276306152 -4.5421295166015625
476 -13.149931907653809 -4.434409141540527
477 -13.294522285461426 -4.365281105041504
478 -13.421991348266602 -4.101861000061035
479 -13.61037826538086 -3.893207550048828
480 -13.860458374023438 -3.6921777725219727
481 -13.902617454528809 -3.4795422554016113
482 -13.77146053314209 -3.1868526935577393
483 -13.466071128845215 -2.9318017959594727
484 -13.269423484802246 -2.8005568981170654
485 -13.107381820678711 -2.6870179176330566
486 -12.876212120056152 -2.4746694564819336
487 -11.017807960510254 -0.20695804059505463
488 -10.754549980163574 0.025643786415457726
489 -10.51620101928711 0.26535242795944214
490 -10.462465286254883 0.35339224338531494
491 -10.569517135620117 0.5157443284988403
492 -10.695768356323242 0.8158971667289734
493 -10.879805564880371 1.1568026542663574
494 -11.07883358001709 1.3068389892578125
495 -11.321622848510742 1.4218664169311523
496 -11.49992847442627 1.5059962272644043
497 -11.655816078186035 1.5706149339675903
498 -12.028044700622559 1.6796256303787231
499 -12.390498161315918 1.6408567428588867
500 -12.772821426391602 1.5346370935440063
501 -13.099200248718262 1.4143527746200562
502 -13.385882377624512 1.2885857820510864
503 -13.539262771606445 1.276963472366333
504 -13.686163902282715 1.2891870737075806
505 -13.95302677154541 1.3622602224349976
506 -14.187233924865723 1.397527813911438
507 -14.536845207214355 1.5239750146865845
508 -14.68104362487793 1.7037566900253296
509 -14.730453491210938 1.8419158458709717
510 -14.758158683776855 2.081399917602539
511 -14.709662437438965 2.4435555934906006
512 -14.589799880981445 2.6201775074005127
513 -14.052817344665527 2.9722719192504883
514 -13.643871307373047 3.1651194095611572
515 -13.252889633178711 3.327653646469116
516 -13.01540756225586 3.4411070346832275
517 -12.603309631347656 3.701801300048828
518 -12.449800491333008 3.8686609268188477
519 -12.343109130859375 4.03674840927124
520 -12.255090713500977 4.417322158813477
521 -12.28713607788086 4.850755214691162
522 -12.326833724975586 5.060410499572754
523 -12.34459114074707 5.16939640045166
524 -12.524924278259277 5.345305442810059
525 -12.936726570129395 5.616267204284668
526 -13.352194786071777 5.771604537963867
527 -13.656816482543945 5.736807346343994
528 -13.878605842590332 5.725716590881348
529 -14.058623313903809 5.600013256072998
530 -14.228413581848145 5.454136371612549
531 -14.394355773925781 5.237906455993652
532 -14.632715225219727 4.8823957443237305
533 -15.055912017822266 4.472641944885254
534 -15.585592269897461 4.037680149078369
535 -15.958515167236328 3.711880922317505
536 -16.253042221069336 3.4299285411834717
537 -16.35958480834961 3.2854301929473877
538 -16.51734161376953 3.0040793418884277
539 -16.863540649414062 2.4019432067871094
540 -17.138498306274414 2.059107780456543
541 -17.395071029663086 1.9220666885375977
542 -17.533727645874023 1.944865345954895
543 -17.830509185791016 1.9017562866210938
544 -17.97393798828125 1.871553659439087
545 -18.077604293823242 1.7345750331878662
546 -18.36078453063965 1.3961913585662842
547 -18.537399291992188 1.1290072202682495
548 -18.519617080688477 0.944067120552063
549 -18.416353225708008 0.6195687055587769
550 -18.229185104370117 0.1647394299507141
551 -17.990528106689453 -0.43915697932243347
552 -17.873844146728516 -0.4895637035369873
553 -17.799755096435547 -0.2925416827201843
554 -17.763507843017578 -0.1422046273946762
555 -17.508827209472656 0.24953767657279968
556 -17.2728271484375 0.4659554064273834
557 -17.35841941833496 0.424691766500473
558 -19.1750545501709 -0.2790972888469696
559 -19.625450134277344 -0.4263995289802551
560 -19.63339614868164 -0.4656915068626404
561 -19.577163696289062 -0.6135197877883911
562 -19.46566390991211 -0.8466624617576599
563 -19.28485679626465 -1.1378892660140991
564 -19.105865478515625 -1.428309440612793
565 -19.054174423217773 -1.6054965257644653
566 -18.976139068603516 -1.7811485528945923
567 -18.959489822387695 -2.0177204608917236
568 -19.013315200805664 -2.1330907344818115
569 -19.169279098510742 -2.3049283027648926
570 -19.255252838134766 -2.455923557281494
571 -19.34406089782715 -2.57202410697937
572 -19.335411071777344 -2.9013075828552246
573 -19.411775588989258 -3.0577237606048584
574 -19.568239212036133 -3.1595520973205566
575 -19.78414535522461 -3.2156460285186768
576 -19.92807960510254 -3.4152348041534424
577 -20.09144401550293 -3.614372730255127
578 -20.280363082885742 -3.6231424808502197
579 -20.479768753051758 -3.611816167831421
580 -20.768901824951172 -3.4863100051879883
581 -20.920591354370117 -3.3991148471832275
582 -21.063961029052734 -3.2543249130249023
583 -21.153779983520508 -3.105334758758545
584 -21.302125930786133 -2.9791531562805176
585 -21.550094604492188 -2.842695474624634
586 -21.769390106201172 -2.7477855682373047
587 -21.888275146484375 -2.7248494625091553
588 -22.251184463500977 -2.7118422985076904
589 -22.521202087402344 -2.724177598953247
590 -22.631010055541992 -2.8608858585357666
591 -22.774343490600586 -3.2304558753967285
592 -22.87251853942871 -3.5569050312042236
593 -22.943140029907227 -3.71462345123291
594 -23.011554718017578 -3.9050636291503906
595 -23.03928565979004 -4.024765491485596
596 -23.08844566345215 -4.053529262542725
597 -31.493581771850586 0.42309293150901794
598 -31.628389358520508 0.48612338304519653
599 -31.80243682861328 0.5398349165916443
600 -32.25065231323242 0.5752923488616943
601 -32.71599578857422 0.5517717003822327
602 -32.915321350097656 0.4633483290672302
603 -32.94359588623047 0.13223415613174438
604 -32.68919372558594 -0.459535151720047
605 -32.51608657836914 -0.7154854536056519
606 -32.259918212890625 -0.923930823802948
607 -31.806543350219727 -1.1918716430664062
608 -31.764772415161133 -1.3179906606674194
609 -31.759071350097656 -1.458059310913086
610 -31.87348175048828 -1.767787218093872
611 -31.986398696899414 -1.9721176624298096
612 -32.16829299926758 -2.263366222381592
613 -32.33787536621094 -2.517733097076416
614 -32.46211242675781 -2.6389577388763428
615 -32.771141052246094 -2.9427976608276367
616 -33.11091232299805 -3.278447389602661
617 -33.24433135986328 -3.488211154937744
618 -33.238094329833984 -3.643720865249634
619 -33.253936767578125 -3.9783010482788086
620 -33.212852478027344 -4.208050727844238
621 -33.295413970947266 -4.6276702880859375
622 -33.286922454833984 -4.952720642089844
623 -33.2647705078125 -5.2689738273620605
624 -33.2031364440918 -5.58828592300415
625 -32.83323669433594 -6.153995513916016
626 -32.65956115722656 -6.327378749847412
627 -32.51310348510742 -6.466320037841797
628 -32.3612174987793 -6.530394554138184
629 -32.121341705322266 -6.779379844665527
630 -31.97772789001465 -7.014962673187256
631 -31.948009490966797 -7.178676128387451
632 -31.801921844482422 -7.44326639175415
633 -31.747926712036133 -7.649794578552246
634 -31.789793014526367 -7.894270896911621
635 -31.878986358642578 -8.261985778808594
636 -31.973831176757812 -8.536006927490234
637 -31.987886428833008 -8.768299102783203
638 -31.900714874267578 -9.09553050994873
639 -31.875736236572266 -9.396140098571777
640 -31.733882904052734 -9.870511054992676
641 -31.69105339050293 -10.034167289733887
642 -31.58054542541504 -10.141186714172363
643 -31.403371810913086 -10.172120094299316
644 -31.173765182495117 -10.400050163269043
645 -30.937366485595703 -10.733278274536133
646 -30.644325256347656 -11.361839294433594
647 -30.54138946533203 -11.552809715270996
648 -30.381677627563477 -11.691339492797852
649 -30.134197235107422 -11.766763687133789
650 -29.79983901977539 -11.741865158081055
651 -29.330739974975586 -11.6041841506958
652 -28.220365524291992 -11.254450798034668
653 -27.763774871826172 -11.14686393737793
654 -27.383800506591797 -11.064428329467773
655 -26.862886428833008 -10.929328918457031
656 -26.703405380249023 -10.899946212768555
657 -26.54325294494629 -10.734879493713379
658 -26.130666732788086 -10.390189170837402
659 -26.005151748657227 -10.273597717285156
660 -25.76458740234375 -10.06859302520752
661 -25.557151794433594 -9.869254112243652
662 -25.306108474731445 -9.615726470947266
663 -25.169878005981445 -9.43481731414795
664 -25.04112434387207 -9.250995635986328
665 -24.933757781982422 -9.101028442382812
666 -24.8735408782959 -8.82388973236084
667 -24.81880760192871 -8.566078186035156
668 -24.44097900390625 -3.1165313720703125
669 -24.409547805786133 -2.889369010925293
670 -24.340696334838867 -2.602450370788574
671 -24.34115219116211 -2.2983975410461426
672 -24.384727478027344 -2.1559622287750244
673 -24.459808349609375 -1.8000118732452393
674 -24.50349998474121 -1.3729398250579834
675 -24.615224838256836 -0.9554310441017151
676 -25.01487159729004 -0.6299980878829956
677 -25.551172256469727 -0.4454111158847809
678 -25.755876541137695 -0.44888752698898315
679 -25.75011444091797 -0.4930250346660614
680 -25.7969913482666 -0.6317428350448608
681 -25.860240936279297 -0.8055337071418762
682 -25.92173194885254 -1.0467607975006104
683 -25.994951248168945 -1.3086949586868286
684 -26.113176345825195 -1.773766279220581
685 -26.14798927307129 -2.0957813262939453
686 -26.119426727294922 -2.1888973712921143
687 -25.884429931640625 -2.1431877613067627
688 -25.56028175354004 -2.013817548751831
689 -24.159385681152344 -1.1717517375946045
690 -23.696929931640625 -0.9647729396820068
691 -23.537288665771484 -0.8863727450370789
692 -23.401378631591797 -0.938842236995697
693 -22.878541946411133 -1.0262852907180786
694 -22.602811813354492 -1.1118625402450562
695 -22.415803909301758 -1.0935925245285034
696 -22.283349990844727 -1.0552880764007568
697 -22.052303314208984 -1.0718717575073242
698 -21.816299438476562 -1.0010664463043213
699 -21.59136199951172 -0.7302447557449341
700 -21.52275276184082 -0.45891812443733215
701 -21.59930419921875 -0.3399348855018616
702 -21.792558670043945 -0.12643980979919434
703 -21.98766326904297 0.005089335609227419
704 -22.21352767944336 0.13773208856582642
705 -22.512676239013672 0.20036259293556213
706 -22.715158462524414 0.18158675730228424
707 -23.03273582458496 0.13818936049938202
708 -23.50817108154297 0.18824371695518494
709 -23.787656784057617 0.2670605182647705
710 -23.88861656188965 0.32065117359161377
711 -23.767744064331055 0.502579391002655
712 -23.620010375976562 0.6991358399391174
713 -23.32097625732422 0.9768175482749939
714 -23.10919189453125 1.1581103801727295
715 -22.810544967651367 1.3788257837295532
716 -22.558744430541992 1.447834849357605
717 -22.22088623046875 1.521128535270691
718 -22.016536712646484 1.5813262462615967
719 -21.81029510498047 1.5795751810073853
720 -21.437862396240234 1.5304874181747437
721 -21.056318283081055 1.4193705320358276
722 -20.79859733581543 1.3481537103652954
723 -20.543582916259766 1.333107352256775
724 -20.422746658325195 1.3392436504364014
725 -20.29472541809082 1.4385578632354736
726 -20.22356605529785 1.6752928495407104
727 -20.102222442626953 1.9082876443862915
728 -19.84632110595703 2.288757801055908
729 -19.48896598815918 2.7475709915161133
730 -19.370092391967773 2.892624616622925
731 -19.281177520751953 3.070976495742798
732 -12.611285209655762 8.052515983581543
733 -12.532958030700684 8.24055004119873
734 -12.542045593261719 8.485600471496582
735 -12.716230392456055 8.838470458984375
736 -12.918851852416992 9.113365173339844
737 -13.210244178771973 9.266467094421387
738 -13.522395133972168 9.367035865783691
739 -13.906608581542969 9.24713134765625
740 -14.376863479614258 9.080400466918945
741 -14.811212539672852 8.983129501342773
742 -15.048088073730469 8.914507865905762
743 -15.257375717163086 8.832850456237793
744 -15.482747077941895 8.749403953552246
745 -15.554768562316895 8.652875900268555
746 -23.01165199279785 4.056889533996582
747 -23.163442611694336 4.076565265655518
748 -23.239450454711914 4.122723579406738
749 -23.39358139038086 4.122680187225342
750 -23.645219802856445 4.088185787200928
751 -23.98455047607422 4.074315547943115
752 -24.15883445739746 3.9360170364379883
753 -24.30753517150879 3.547531843185425
754 -24.389822006225586 3.322758913040161
755 -24.498624801635742 2.9763052463531494
756 -24.62129783630371 2.763395309448242
757 -24.778339385986328 2.8020670413970947
758 -24.93482780456543 3.0183584690093994
759 -25.370481491088867 4.756699562072754
760 -25.784692764282227 5.321315288543701
761 -25.88754653930664 5.330307960510254
762 -26.030864715576172 4.865948677062988
763 -26.098562240600586 4.2585344314575195
764 -26.140560150146484 3.9477427005767822
765 -26.16937255859375 3.6882359981536865
766 -26.195653915405273 3.5236411094665527
767 -26.21908187866211 3.1919004917144775
768 -26.239017486572266 3.027775526046753
769 -26.297273635864258 2.5313568115234375
770 -26.31734275817871 2.264878273010254
771 -26.303544998168945 2.120900869369507
772 -26.227230072021484 2.0518252849578857
773 -25.933534622192383 1.5816912651062012
774 -25.729198455810547 1.2914576530456543
775 -25.494022369384766 1.1628413200378418
776 -25.3333797454834 1.1250735521316528
777 -25.131189346313477 1.1414835453033447
778 -24.92104148864746 1.2413482666015625
779 -24.551408767700195 1.4939481019973755
780 -24.228422164916992 1.6901694536209106
781 -23.87848472595215 1.8579881191253662
782 -23.583881378173828 2.025796413421631
783 -23.385679244995117 2.1681838035583496
784 -23.12363624572754 2.384321928024292
785 -22.608659744262695 2.739283561706543
786 -22.339879989624023 2.917781352996826
787 -22.091394424438477 2.992373466491699
788 -21.92951202392578 3.002751588821411
789 -21.598339080810547 3.1505706310272217
790 -21.337648391723633 3.414029836654663
791 -21.123788833618164 3.711676836013794
792 -21.01955223083496 3.857245922088623
793 -20.87412452697754 4.1315016746521
794 -20.839740753173828 4.32234001159668
795 -20.863529205322266 4.611609935760498
796 -20.818256378173828 4.8778252601623535
797 -20.848251342773438 5.059656143188477
798 -20.962509155273438 5.466864585876465
799 -21.06048011779785 5.722425937652588
800 -21.366058349609375 5.886290073394775
801 -21.61467933654785 5.874091625213623
802 -21.94430923461914 5.8057780265808105
803 -22.32308578491211 5.824950218200684
804 -22.547016143798828 5.847280502319336
805 -22.840682983398438 5.883572578430176
806 -23.16287612915039 5.987129211425781
807 -23.48676300048828 6.070759296417236
808 -23.626354217529297 6.0857954025268555
809 -23.98012351989746 5.895907402038574
810 -24.446361541748047 5.957552909851074
811 -24.609682083129883 6.1706976890563965
812 -24.747173309326172 7.046164035797119
813 -24.84977149963379 7.7533278465271
814 -24.981164932250977 8.176234245300293
815 -25.179893493652344 8.406493186950684
816 -25.3853759765625 8.447098731994629
817 -25.916126251220703 8.255084037780762
818 -26.201183319091797 8.088109016418457
819 -26.48392105102539 8.273530960083008
820 -26.60896873474121 8.442547798156738
821 -26.780120849609375 8.836690902709961
822 -27.001976013183594 9.08658218383789
823 -27.314895629882812 9.411821365356445
824 -27.674333572387695 9.74179458618164
825 -28.25528335571289 10.12966537475586
826 -28.33266258239746 10.22118854522705
827 -28.42911148071289 10.533212661743164
828 -28.531641006469727 10.925161361694336
829 -28.63813591003418 11.182988166809082
830 -28.763208389282227 11.47280502319336
831 -28.82982635498047 11.761993408203125
832 -28.880895614624023 12.099517822265625
833 -28.812129974365234 12.488442420959473
834 -28.732318878173828 12.794475555419922
835 -28.66019058227539 12.969321250915527
836 -28.496566772460938 13.275394439697266
837 -28.32992172241211 13.547195434570312
838 -28.126564025878906 13.864428520202637
839 -27.915143966674805 14.104103088378906
840 -27.65091323852539 14.30634593963623
841 -27.39775848388672 14.454647064208984
842 -26.972719192504883 14.563758850097656
843 -26.67230224609375 14.701156616210938
844 -26.269804000854492 14.807500839233398
845 -25.89901351928711 14.839251518249512
846 -25.511009216308594 14.81933879852295
847 -25.25961685180664 14.836660385131836
848 -24.86516761779785 14.756735801696777
849 -24.582117080688477 14.651826858520508
850 -24.425525665283203 14.482275009155273
851 -24.11372184753418 14.085189819335938
852 -23.835752487182617 13.559887886047363
853 -23.70956802368164 13.31158447265625
854 -23.3941650390625 12.590853691101074
855 -23.311927795410156 12.33213996887207
856 -23.21567726135254 11.966025352478027
857 -23.031234741210938 11.570314407348633
858 -22.869556427001953 11.365574836730957
859 -22.669174194335938 11.135026931762695
860 -22.49216651916504 10.946317672729492
861 -22.228515625 10.738648414611816
862 -22.061182022094727 10.649389266967773
863 -21.819610595703125 10.541825294494629
864 -21.647693634033203 10.473959922790527
865 -21.306116104125977 10.360966682434082
866 -20.79347038269043 10.17927360534668
867 -20.517757415771484 10.067380905151367
868 -20.368261337280273 10.055154800415039
869 -20.011863708496094 10.050640106201172
870 -19.828170776367188 10.02548599243164
871 -19.612993240356445 9.997429847717285
872 -19.51040267944336 9.900007247924805
873 -19.49234962463379 9.721346855163574
874 -27.176240921020508 0.20522551238536835
875 -27.22684097290039 0.06393145769834518
876 -27.33160972595215 -0.10013499110937119
877 -27.588293075561523 -0.5364503264427185
878 -27.68584442138672 -0.9305315613746643
879 -27.661575317382812 -1.063600778579712
880 -27.734376907348633 -1.3792390823364258
881 -28.048908233642578 -1.932399034500122
882 -28.251827239990234 -2.172088146209717
883 -28.36595916748047 -2.2091145515441895
884 -28.465133666992188 -2.282712459564209
885 -28.637697219848633 -2.3321642875671387
886 -28.920255661010742 -2.33176589012146
887 -29.18829345703125 -2.3766825199127197
888 -29.43265151977539 -2.143862724304199
889 -29.5136775970459 -1.8359028100967407
890 -29.51717758178711 -1.5019307136535645
891 -29.580158233642578 -1.2463973760604858
892 -29.72075080871582 -0.9264032244682312
893 -29.72420310974121 -0.6523162126541138
894 -29.651893615722656 -0.24208053946495056
895 -29.557985305786133 0.039769358932971954
896 -29.267396926879883 0.6809586882591248
897 -29.144641876220703 0.9257566332817078
898 -28.999418258666992 1.0885038375854492
899 -28.967987060546875 1.1491062641143799
900 -28.822595596313477 1.3081845045089722
901 -28.426942825317383 1.58602774143219
902 -28.318559646606445 1.7314751148223877
903 -28.206378936767578 1.9770735502243042
904 -28.054485321044922 2.2832250595092773
905 -28.02704620361328 2.4745824337005615
906 -28.01295280456543 2.73526668548584
907 -28.113008499145508 3.089597225189209
908 -28.189014434814453 3.511847496032715
909 -28.18299674987793 3.743602752685547
910 -28.14818572998047 4.197091102600098
911 -28.078367233276367 4.502255439758301
912 -27.9298038482666 5.050631523132324
913 -27.888391494750977 5.414092540740967
914 -27.93228530883789 5.713679313659668
915 -28.02082061767578 5.875102519989014
916 -28.19889259338379 5.968024730682373
917 -28.339630126953125 6.0575714111328125
918 -28.603185653686523 6.021078109741211
919 -28.93245506286621 5.857882499694824
920 -29.30120086669922 5.704241752624512
921 -29.52393341064453 5.475677967071533
922 -29.660419464111328 5.168128967285156
923 -29.776748657226562 5.151430130004883
924 -30.110309600830078 5.447697162628174
925 -30.346824645996094 5.502244472503662
926 -30.479074478149414 5.472472190856934
927 -30.8590030670166 5.342689037322998
928 -31.09075355529785 5.158461093902588
929 -31.10611915588379 4.645822048187256
930 -31.01308250427246 4.146000862121582
931 -31.004196166992188 3.940274953842163
932 -30.92827606201172 3.7037861347198486
933 -30.73310661315918 3.1399483680725098
934 -30.653888702392578 2.7648122310638428
935 -30.584415435791016 2.474168539047241
936 -30.330793380737305 -3.972332239151001
937 -30.28865623474121 -4.17375373840332
938 -30.22136688232422 -4.473410129547119
939 -30.17584991455078 -4.756204605102539
940 -30.0924072265625 -5.054919719696045
941 -30.17916488647461 -5.287511348724365
942 -30.095571517944336 -5.39491605758667
943 -29.546293258666992 -5.891363143920898
944 -29.31978988647461 -6.1903510093688965
945 -29.148941040039062 -6.484210014343262
946 -28.98747444152832 -6.765061378479004
947 -28.804943084716797 -7.076654434204102
948 -28.67450714111328 -7.388271808624268
949 -28.601016998291016 -7.7037739753723145
950 -28.359086990356445 -7.957085609436035
951 -28.210012435913086 -8.059027671813965
952 -27.927631378173828 -8.13387393951416
953 -27.58085060119629 -8.177724838256836
954 -27.49738311767578 -8.121490478515625
955 -27.202138900756836 -7.592145919799805
956 -27.05857276916504 -7.320620059967041
957 -26.935909271240234 -7.024263381958008
958 -26.93499755859375 -6.791232109069824
959 -27.005910873413086 -6.346524715423584
960 -27.122859954833984 -6.1232709884643555
961 -27.18175506591797 -6.008553504943848
962 -27.192306518554688 -5.838033199310303
963 -27.091455459594727 -5.517104148864746
964 -27.02976417541504 -5.197347640991211
965 -26.996177673339844 -5.021833896636963
966 -26.974666595458984 -4.848056793212891
967 -26.853511810302734 -4.584831714630127
968 -26.639123916625977 -4.196128845214844
969 -26.51840591430664 -3.9374845027923584
970 -26.513994216918945 -3.908343553543091
971 -26.434284210205078 -3.9628162384033203
972 -26.184066772460938 -3.944753885269165
973 -25.708635330200195 -3.9075686931610107
974 -25.40972137451172 -3.9654178619384766
975 -24.79669761657715 -4.306029796600342
976 -24.61384391784668 -4.5069193840026855
977 -24.606428146362305 -4.866025447845459
978 -24.702306747436523 -5.281725883483887
979 -24.850324630737305 -5.683976173400879
980 -24.925067901611328 -6.056347370147705
981 -25.084096908569336 -6.645200252532959
982 -25.174108505249023 -7.039282321929932
983 -25.22993278503418 -7.240602493286133
984 -27.034101486206055 -14.118566513061523
985 -27.268495559692383 -14.522571563720703
986 -27.34388542175293 -14.647074699401855
987 -27.447673797607422 -14.865422248840332
988 -27.531312942504883 -15.06831169128418
989 -27.586956024169922 -15.223625183105469
990 -27.815494537353516 -15.691338539123535
991 -27.954904556274414 -15.941893577575684
992 -28.149879455566406 -16.286243438720703
993 -28.297340393066406 -16.547035217285156
994 -28.370826721191406 -16.690174102783203
995 -28.60784339904785 -17.133419036865234
996 -28.762569427490234 -17.397775650024414
997 -28.861299514770508 -17.562606811523438
998 -28.93649673461914 -17.67374610900879
999 -28.965614318847656 -17.717500686645508
