0 -15.513721466064453 45.3090934753418
1 -15.448273658752441 45.42536926269531
2 -15.362581253051758 45.59883117675781
3 -15.194662094116211 45.931640625
4 -15.044601440429688 46.223968505859375
5 -14.960429191589355 46.50410461425781
6 -14.950176239013672 46.80078125
7 -14.840394973754883 46.95629119873047
8 -14.351222038269043 47.181949615478516
9 -13.982135772705078 47.32063674926758
10 -13.602230072021484 47.326351165771484
11 -13.217823028564453 47.25028991699219
12 -12.889222145080566 47.14999008178711
13 -12.55003547668457 47.077880859375
14 -12.26010799407959 47.04397201538086
15 -11.9720458984375 47.03217697143555
16 -11.288619995117188 47.045013427734375
17 -10.821588516235352 47.063499450683594
18 -10.505142211914062 47.06365203857422
19 -9.932512283325195 47.075435638427734
20 -9.354372024536133 47.08101272583008
21 -8.76333999633789 47.04791259765625
22 -8.336575508117676 47.008731842041016
23 -7.9241533279418945 46.95381164550781
24 -7.54477596282959 46.95488739013672
25 -7.06321907043457 47.029109954833984
26 -6.455916881561279 47.23954391479492
27 -6.198060989379883 47.558441162109375
28 -6.0290679931640625 47.920066833496094
29 -5.983574390411377 48.17424774169922
30 -6.09139347076416 48.472232818603516
31 -6.360973834991455 49.01536178588867
32 -6.51983642578125 49.52231216430664
33 -6.686556339263916 50.20076370239258
34 -6.853203773498535 50.77212905883789
35 -7.101753234863281 51.329566955566406
36 -7.345061779022217 51.666290283203125
37 -7.700527191162109 51.98609924316406
38 -8.050567626953125 52.141780853271484
39 -8.443897247314453 52.07445526123047
40 -8.747069358825684 51.93659210205078
41 -9.075813293457031 51.55598449707031
42 -9.266698837280273 51.135189056396484
43 -9.386685371398926 50.71435546875
44 -9.409560203552246 50.353477478027344
45 -9.398533821105957 50.0627326965332
46 -9.419021606445312 49.82750701904297
47 -9.414397239685059 49.52832794189453
48 -8.998329162597656 44.44437026977539
49 -9.085793495178223 44.271568298339844
50 -9.301450729370117 44.046871185302734
51 -9.88310432434082 43.55274200439453
52 -10.313385963439941 43.207374572753906
53 -10.647298812866211 43.01677703857422
54 -10.747344017028809 42.81648254394531
55 -10.801183700561523 42.52660369873047
56 -10.8833589553833 41.992984771728516
57 -10.945018768310547 41.755130767822266
58 -11.273118019104004 40.74119186401367
59 -11.371757507324219 40.40164566040039
60 -11.405959129333496 40.119136810302734
61 -11.438424110412598 39.69664764404297
62 -11.427458763122559 39.290042877197266
63 -11.299173355102539 38.83478927612305
64 -11.19369125366211 38.57411575317383
65 -10.988008499145508 38.16692352294922
66 -10.857757568359375 37.90580368041992
67 -12.749738693237305 16.286895751953125
68 -12.86984920501709 16.060688018798828
69 -12.990882873535156 15.834892272949219
70 -13.210576057434082 15.374757766723633
71 -13.331582069396973 15.082390785217285
72 -13.563105583190918 14.495311737060547
73 -13.695510864257812 14.097429275512695
74 -13.83060359954834 13.89426326751709
75 -14.047661781311035 13.809181213378906
76 -14.469513893127441 13.77587890625
77 -15.062073707580566 13.718449592590332
78 -15.404664993286133 13.678147315979004
79 -15.661529541015625 13.635830879211426
80 -19.759750366210938 12.826505661010742
81 -20.056026458740234 12.746566772460938
82 -20.415441513061523 12.695087432861328
83 -20.670019149780273 12.678572654724121
84 -20.915565490722656 12.720592498779297
85 -21.41082191467285 12.900870323181152
86 -21.609006881713867 13.046378135681152
87 -21.673641204833984 13.696795463562012
88 -21.756288528442383 14.00722885131836
89 -21.862751007080078 14.261749267578125
90 -22.025638580322266 14.498836517333984
91 -22.280710220336914 14.887661933898926
92 -22.660959243774414 15.592472076416016
93 -22.60881805419922 15.728981971740723
94 -22.427167892456055 15.916796684265137
95 -22.167619705200195 16.33702278137207
96 -22.00240135192871 17.12555694580078
97 -21.87989044189453 17.458654403686523
98 -21.706884384155273 17.705535888671875
99 -21.051651000976562 18.25834083557129
100 -20.669071197509766 18.451519012451172
101 -20.34850311279297 18.460277557373047
102 -19.818086624145508 18.420867919921875
103 -19.289182662963867 18.409914016723633
104 -18.91830825805664 18.366344451904297
105 -18.34000587463379 18.236392974853516
106 -18.075843811035156 18.0987491607666
107 -17.901409149169922 17.865665435791016
108 -17.823217391967773 17.52886390686035
109 -17.758747100830078 16.910531997680664
110 -17.71642303466797 16.554059982299805
111 -17.673810958862305 16.174341201782227
112 -17.640117645263672 15.762762069702148
113 -17.616071701049805 15.281241416931152
114 -17.623441696166992 14.523460388183594
115 -17.637094497680664 14.104650497436523
116 -17.707603454589844 13.41909122467041
117 -17.707443237304688 13.140233993530273
118 -17.685287475585938 12.79749870300293
119 -17.420398712158203 12.166711807250977
120 -17.26873016357422 11.88946533203125
121 -17.24321746826172 11.639931678771973
122 -17.52660369873047 11.208805084228516
123 -17.743223190307617 10.973123550415039
124 -17.87481117248535 10.722638130187988
125 -17.949121475219727 10.324409484863281
126 -17.972929000854492 9.895462989807129
127 -17.767614364624023 9.220741271972656
128 -17.610754013061523 8.93744945526123
129 -17.325986862182617 8.671640396118164
130 -16.796232223510742 8.285080909729004
131 -16.554277420043945 8.176054954528809
132 -16.26835060119629 8.156311988830566
133 -15.701051712036133 8.142099380493164
134 -15.16325855255127 8.145694732666016
135 -14.83124828338623 8.238457679748535
136 -14.190033912658691 8.402825355529785
137 -13.700702667236328 8.479034423828125
138 -13.543729782104492 8.34282112121582
139 -13.388721466064453 7.864631652832031
140 -13.42696762084961 7.42067289352417
141 -13.591972351074219 6.966444492340088
142 -13.775073051452637 6.596393585205078
143 -13.881417274475098 6.341358184814453
144 -14.05614185333252 5.828502178192139
145 -14.129992485046387 5.567568778991699
146 -14.153376579284668 5.2928032875061035
147 -14.043149948120117 5.009040355682373
148 -13.78412914276123 4.333463191986084
149 -13.628910064697266 4.157247543334961
150 -13.232646942138672 4.0291290283203125
151 -12.916491508483887 4.055426597595215
152 -12.15597152709961 4.456591606140137
153 -11.683470726013184 4.696929454803467
154 -11.450631141662598 4.766499996185303
155 -11.13081169128418 4.815126419067383
156 -10.719956398010254 4.875212669372559
157 -10.347162246704102 4.964737892150879
158 -10.17497444152832 5.025232791900635
159 -9.886146545410156 5.02142858505249
160 -9.356202125549316 4.938693523406982
161 -8.978760719299316 5.276601791381836
162 -8.442821502685547 5.599971294403076
163 -8.210407257080078 5.815361022949219
164 -8.105520248413086 6.294135093688965
165 -8.167170524597168 6.790016174316406
166 -8.3646240234375 7.2920613288879395
167 -8.518111228942871 7.626854419708252
168 -8.654337882995605 8.282870292663574
169 -8.654540061950684 9.055876731872559
170 -8.566882133483887 9.435271263122559
171 -8.362878799438477 9.676426887512207
172 -7.984134674072266 9.824189186096191
173 -7.482004642486572 9.889684677124023
174 -6.810863018035889 9.944835662841797
175 -6.43253755569458 9.93891716003418
176 -6.163329601287842 9.942741394042969
177 -5.967846393585205 10.061694145202637
178 -5.803851127624512 10.44627857208252
179 -5.697319984436035 10.898173332214355
180 -5.720369815826416 11.270726203918457
181 -5.882544040679932 11.583788871765137
182 -6.314664840698242 12.247632026672363
183 -6.592456817626953 12.482003211975098
184 -7.20150089263916 12.873570442199707
185 -7.56835412979126 13.173134803771973
186 -7.934276580810547 13.57809066772461
187 -8.085749626159668 13.97068977355957
188 -7.905005931854248 14.312628746032715
189 -7.526335716247559 14.680319786071777
190 -7.226721286773682 14.814187049865723
191 -6.416288375854492 15.153392791748047
192 -6.054076194763184 15.310201644897461
193 -5.712730407714844 15.481325149536133
194 -5.334691047668457 15.61747932434082
195 -4.768215656280518 15.709192276000977
196 -4.257727146148682 15.65787410736084
197 -4.018826007843018 15.500706672668457
198 -3.787632942199707 15.179662704467773
199 -3.4998550415039062 14.709699630737305
200 -3.378286361694336 14.506237983703613
201 -3.0976486206054688 14.21140193939209
202 -2.7290611267089844 13.866860389709473
203 -2.2986438274383545 13.52277660369873
204 -2.075587034225464 13.32954216003418
205 -1.7260514497756958 12.958722114562988
206 -1.4344018697738647 12.647125244140625
207 -1.072910189628601 12.321704864501953
208 -0.5920153260231018 11.868125915527344
209 -0.3513718247413635 11.658924102783203
210 -0.2825382649898529 11.519888877868652
211 -0.15238353610038757 11.31490421295166
212 0.07618282735347748 11.160163879394531
213 0.8240751624107361 10.908530235290527
214 1.365090012550354 10.861950874328613
215 1.5242494344711304 10.972771644592285
216 1.6525218486785889 11.493424415588379
217 1.6883398294448853 11.82344913482666
218 1.8448622226715088 12.054830551147461
219 2.251854658126831 12.418728828430176
220 2.5682058334350586 12.583213806152344
221 2.913843870162964 12.721466064453125
222 3.3196427822113037 12.857108116149902
223 3.6436362266540527 12.936369895935059
224 4.041790962219238 12.958100318908691
225 4.432342529296875 12.954122543334961
226 4.776316165924072 12.949485778808594
227 5.150927543640137 12.939553260803223
228 5.6514739990234375 12.929811477661133
229 6.36772346496582 12.858596801757812
230 6.929886817932129 12.789423942565918
231 7.367380619049072 12.656534194946289
232 7.831480026245117 12.41128158569336
233 8.10824966430664 12.25916576385498
234 8.577512741088867 12.129077911376953
235 9.04030990600586 12.036038398742676
236 9.329540252685547 12.03445053100586
237 9.728076934814453 12.103456497192383
238 9.908307075500488 12.221595764160156
239 10.105589866638184 12.504990577697754
240 10.557403564453125 13.139066696166992
241 10.746593475341797 13.414837837219238
242 10.83251667022705 13.66733455657959
243 10.6676025390625 13.94549560546875
244 10.415898323059082 14.25396728515625
245 10.208704948425293 14.502097129821777
246 10.017810821533203 14.892438888549805
247 9.799885749816895 15.144340515136719
248 9.386212348937988 15.372517585754395
249 9.25303840637207 15.572466850280762
250 9.146553039550781 16.082199096679688
251 9.092004776000977 16.483257293701172
252 9.101819038391113 16.821626663208008
253 9.25544261932373 17.262697219848633
254 9.443960189819336 17.51954460144043
255 9.949012756347656 18.071556091308594
256 10.222508430480957 18.524202346801758
257 10.394979476928711 19.05331039428711
258 10.410383224487305 19.372163772583008
259 10.311563491821289 19.79287338256836
260 10.18990707397461 20.367374420166016
261 10.201916694641113 20.646514892578125
262 10.340922355651855 20.972064971923828
263 10.587587356567383 21.371858596801758
264 10.910388946533203 21.696247100830078
265 11.220868110656738 21.931476593017578
266 11.603068351745605 22.02228355407715
267 12.194075584411621 21.93750762939453
268 12.491222381591797 21.79582977294922
269 12.741209030151367 21.551742553710938
270 13.037586212158203 21.199405670166016
271 13.389897346496582 20.87926483154297
272 13.794145584106445 20.56192398071289
273 13.964362144470215 20.394615173339844
274 14.217096328735352 20.072711944580078
275 14.594242095947266 19.60836410522461
276 14.66038990020752 19.4834041595459
277 14.715492248535156 19.25988006591797
278 14.819719314575195 18.893646240234375
279 14.917570114135742 18.295265197753906
280 15.005825996398926 17.660179138183594
281 15.11076831817627 17.454666137695312
282 15.32116413116455 17.31966781616211
283 15.988934516906738 16.911972045898438
284 16.29201889038086 16.795717239379883
285 16.736461639404297 16.703466415405273
286 17.280799865722656 16.737443923950195
287 17.588777542114258 16.74618148803711
288 18.429874420166016 16.62053680419922
289 18.748676300048828 16.620315551757812
290 19.40995216369629 16.817794799804688
291 19.7196044921875 17.09405517578125
292 19.944076538085938 17.411651611328125
293 20.154451370239258 17.73552703857422
294 20.29773712158203 18.09233856201172
295 20.248064041137695 18.43590545654297
296 20.035093307495117 18.994909286499023
297 19.843597412109375 19.3065128326416
298 19.705793380737305 19.6047420501709
299 19.511093139648438 20.14620590209961
300 19.56356430053711 20.35244369506836
301 19.76425552368164 20.58748435974121
302 20.22482681274414 21.11646270751953
303 20.18059730529785 21.3695125579834
304 19.9515323638916 21.67661476135254
305 19.619327545166016 21.830461502075195
306 19.302562713623047 21.902700424194336
307 18.78491973876953 22.136987686157227
308 18.45777130126953 22.374835968017578
309 18.13157844543457 22.673803329467773
310 17.92629623413086 22.910198211669922
311 17.740753173828125 23.174028396606445
312 17.285810470581055 23.844268798828125
313 17.145263671875 24.022605895996094
314 16.831012725830078 24.306428909301758
315 16.42172622680664 24.63874053955078
316 16.097673416137695 24.87742042541504
317 15.802058219909668 25.132051467895508
318 15.438499450683594 25.48103141784668
319 15.159153938293457 25.737552642822266
320 14.8527250289917 25.898160934448242
321 14.462098121643066 26.00428009033203
322 14.088275909423828 26.065860748291016
323 13.683328628540039 26.032894134521484
324 13.381632804870605 25.95758628845215
325 12.989840507507324 25.931961059570312
326 12.704816818237305 26.043834686279297
327 12.526671409606934 26.25299644470215
328 12.37861156463623 26.50775146484375
329 12.137679100036621 26.874940872192383
330 11.909071922302246 27.136520385742188
331 3.5366413593292236 37.002769470214844
332 3.454404830932617 37.100914001464844
333 3.2244558334350586 37.50077438354492
334 3.2877864837646484 37.700286865234375
335 3.4836337566375732 38.05454635620117
336 3.683570623397827 38.35676193237305
337 4.125163555145264 38.913387298583984
338 4.264654636383057 39.09193420410156
339 4.956427097320557 39.881317138671875
340 5.375221252441406 40.30830764770508
341 5.539727687835693 40.65901565551758
342 5.422980785369873 40.90437316894531
343 5.080148220062256 41.07419967651367
344 4.540489673614502 41.182579040527344
345 4.205508708953857 41.23244857788086
346 3.999718427658081 41.32645797729492
347 3.7764525413513184 41.49764633178711
348 3.455214500427246 41.766143798828125
349 3.2727553844451904 41.94667434692383
350 3.022757053375244 42.35631561279297
351 2.8087310791015625 42.67782974243164
352 2.5764689445495605 42.995567321777344
353 2.3087902069091797 43.34452819824219
354 2.1242575645446777 43.58827590942383
355 1.8452863693237305 44.05472183227539
356 1.7440874576568604 44.26091384887695
357 1.7157447338104248 44.49783706665039
358 1.6804474592208862 45.00202560424805
359 1.5475279092788696 45.219970703125
360 0.9599641561508179 45.769107818603516
361 0.5356928706169128 46.04102325439453
362 0.23411229252815247 46.1302490234375
363 -0.02792738564312458 46.13212203979492
364 -0.22223909199237823 46.03972244262695
365 -1.0487782955169678 45.19240188598633
366 -1.3408416509628296 45.10859680175781
367 -1.7655483484268188 45.13718795776367
368 -2.1513731479644775 45.162357330322266
369 -2.4794201850891113 45.11216354370117
370 -2.775594711303711 44.97224426269531
371 -3.1718029975891113 44.7778205871582
372 -3.4423012733459473 44.48482131958008
373 -3.4875659942626953 44.10592269897461
374 -3.353384256362915 43.75422286987305
375 -3.0139360427856445 43.3414192199707
376 -2.6648976802825928 43.030269622802734
377 -2.215074062347412 42.724693298339844
378 -1.885170340538025 42.467124938964844
379 -1.5961174964904785 42.22732162475586
380 -1.3596630096435547 42.00959396362305
381 -1.1047866344451904 41.71315002441406
382 -0.8791710734367371 41.45920181274414
383 -0.5075801610946655 41.0911865234375
384 -0.2854534387588501 40.85158920288086
385 0.13389596343040466 40.5
386 0.2942299544811249 40.34522247314453
387 0.43566957116127014 40.20530700683594
388 0.6347482800483704 39.92524337768555
389 0.7901889681816101 39.69477462768555
390 9.17380142211914 29.955955505371094
391 9.398303985595703 29.583398818969727
392 9.508198738098145 29.303789138793945
393 9.511929512023926 29.012496948242188
394 9.444748878479004 28.55725860595703
395 9.369928359985352 28.0627498626709
396 9.308116912841797 27.55657386779785
397 9.281172752380371 27.337932586669922
398 9.193510055541992 26.894344329833984
399 9.053791999816895 26.46341896057129
400 8.827945709228516 25.84004020690918
401 8.651944160461426 25.479145050048828
402 8.349655151367188 24.93540382385254
403 8.016210556030273 24.294387817382812
404 7.831648826599121 23.99654769897461
405 7.6391377449035645 23.739152908325195
406 7.351742267608643 23.395050048828125
407 7.128685474395752 23.11955451965332
408 6.800474166870117 22.763072967529297
409 6.50463342666626 22.439393997192383
410 6.031646728515625 21.932653427124023
411 5.739279747009277 21.640892028808594
412 5.318802356719971 21.269275665283203
413 4.9657745361328125 20.955671310424805
414 4.713341236114502 20.737550735473633
415 4.359018325805664 20.338825225830078
416 4.102207660675049 19.998470306396484
417 3.9149563312530518 19.79226303100586
418 3.5135385990142822 19.344940185546875
419 3.2737836837768555 19.070215225219727
420 2.6495726108551025 18.513042449951172
421 2.462999105453491 18.300687789916992
422 2.259269952774048 18.132369995117188
423 1.7508034706115723 17.914785385131836
424 1.4389747381210327 17.899681091308594
425 0.8827564716339111 18.246868133544922
426 0.6097815036773682 18.334938049316406
427 0.3339313566684723 18.322166442871094
428 -0.24767102301120758 18.361900329589844
429 -0.48422175645828247 18.444677352905273
430 -1.26705801486969 18.75276756286621
431 -1.6964459419250488 18.860105514526367
432 -2.0688869953155518 18.915721893310547
433 -2.4700748920440674 18.854110717773438
434 -2.6959924697875977 18.842336654663086
435 -3.3820998668670654 18.935897827148438
436 -3.742340087890625 19.03947639465332
437 -4.072323322296143 19.42690086364746
438 -4.292657852172852 19.963945388793945
439 -4.372586727142334 20.315826416015625
440 -4.441928863525391 20.783660888671875
441 -4.366828918457031 21.585783004760742
442 -4.273613929748535 21.903932571411133
443 -3.9025158882141113 22.39759635925293
444 -3.729022741317749 22.752490997314453
445 -3.6735541820526123 23.33113670349121
446 -3.706043004989624 23.523208618164062
447 -4.015718936920166 24.48649787902832
448 -4.204647541046143 25.01800537109375
449 -4.319138526916504 25.46542739868164
450 -4.307645320892334 25.705476760864258
451 -4.101475715637207 25.90665054321289
452 -3.7649035453796387 26.08201789855957
453 -3.1734378337860107 26.210886001586914
454 -2.935596227645874 26.17291831970215
455 -2.332333564758301 25.934568405151367
456 -1.9700080156326294 25.908031463623047
457 -1.4000582695007324 26.05301856994629
458 -1.1490777730941772 26.27296257019043
459 -0.8248048424720764 26.709373474121094
460 -0.7637028694152832 27.367488861083984
461 -0.8779245615005493 27.655729293823242
462 -1.1558055877685547 27.984352111816406
463 -1.4543877840042114 28.246240615844727
464 -1.9039822816848755 28.610797882080078
465 -2.44437575340271 29.150386810302734
466 -2.569406509399414 29.374496459960938
467 -2.5787789821624756 29.656204223632812
468 -2.5556693077087402 30.143409729003906
469 -2.4553587436676025 30.319313049316406
470 -1.47139310836792 30.96624183654785
471 -1.3418556451797485 31.12352752685547
472 -1.2097233533859253 31.404558181762695
473 -1.086395263671875 32.05660629272461
474 -1.0588079690933228 32.36006546020508
475 -1.1159368753433228 32.76197052001953
476 -1.1178803443908691 33.0236701965332
477 -1.0131605863571167 33.38148880004883
478 -0.8794907331466675 33.720001220703125
479 -0.7584655284881592 34.05611801147461
480 -0.6080464124679565 34.4804573059082
481 -0.46823012828826904 34.95006561279297
482 -0.32285168766975403 35.54280471801758
483 -0.25399839878082275 35.810089111328125
484 -0.13875462114810944 36.232887268066406
485 -0.03253249078989029 36.605960845947266
486 0.05589671432971954 36.853057861328125
487 5.316924571990967 43.43230438232422
488 5.258907318115234 43.64262008666992
489 5.141063213348389 44.0755615234375
490 4.988479137420654 44.41743850708008
491 4.859862804412842 44.916236877441406
492 4.888613224029541 45.299564361572266
493 4.931838035583496 45.54055404663086
494 5.093265056610107 46.0993766784668
495 5.16797399520874 46.54690170288086
496 5.319835186004639 46.878028869628906
497 5.841705799102783 47.291011810302734
498 6.129279136657715 47.468875885009766
499 6.377737998962402 47.47868347167969
500 6.596646308898926 47.43377685546875
501 6.851823806762695 47.26976776123047
502 7.127890110015869 47.107059478759766
503 7.933110237121582 46.92396926879883
504 8.064477920532227 46.849544525146484
505 8.2017183303833 46.491432189941406
506 8.438907623291016 46.098602294921875
507 8.799271583557129 45.69150924682617
508 9.057621002197266 45.44959259033203
509 9.381109237670898 45.269569396972656
510 9.613123893737793 45.1834831237793
511 9.983458518981934 45.09721755981445
512 10.359015464782715 45.09324645996094
513 11.023640632629395 45.240028381347656
514 11.462571144104004 45.30016326904297
515 11.950502395629883 45.35686111450195
516 12.521610260009766 45.39012908935547
517 12.979214668273926 45.43262481689453
518 13.53720760345459 45.536827087402344
519 14.002530097961426 45.6651496887207
520 14.421172142028809 45.80498504638672
521 15.057762145996094 46.023773193359375
522 15.539896965026855 46.20756912231445
523 15.828832626342773 46.326011657714844
524 16.036352157592773 46.3900260925293
525 16.39308738708496 46.38819122314453
526 16.955595016479492 46.34574890136719
527 17.345388412475586 46.121639251708984
528 17.605653762817383 45.925514221191406
529 17.738479614257812 45.77802276611328
530 17.832988739013672 45.59132385253906
531 17.875295639038086 45.137123107910156
532 17.80986785888672 44.50017166137695
533 17.721088409423828 44.17696762084961
534 17.592491149902344 43.98112106323242
535 17.10951805114746 43.664306640625
536 16.85606575012207 43.45866394042969
537 16.451526641845703 43.1082878112793
538 16.1058406829834 42.82741165161133
539 15.796878814697266 42.600337982177734
540 15.338761329650879 42.274658203125
541 15.008617401123047 42.06277084350586
542 14.640092849731445 41.82501983642578
543 14.034332275390625 41.48671340942383
544 13.623298645019531 41.290191650390625
545 13.289205551147461 41.19899368286133
546 12.822577476501465 41.16688537597656
547 12.442649841308594 41.217674255371094
548 11.92500114440918 41.34859085083008
549 11.392515182495117 41.41994094848633
550 11.088809967041016 41.373287200927734
551 10.921547889709473 41.173377990722656
552 10.8336820602417 40.8603630065918
553 10.753905296325684 40.43503952026367
554 10.828836441040039 39.90007019042969
555 10.89670467376709 39.59846496582031
556 10.912782669067383 39.436187744140625
557 10.955227851867676 38.776058197021484
558 11.075953483581543 38.384490966796875
559 11.230846405029297 38.06606674194336
560 11.42682933807373 37.782745361328125
561 11.63066291809082 37.38077926635742
562 11.640813827514648 37.04610061645508
563 11.426111221313477 36.68540573120117
564 11.12812614440918 36.34743118286133
565 10.674140930175781 36.082130432128906
566 10.13160514831543 35.910118103027344
567 9.792489051818848 35.76154327392578
568 9.434735298156738 35.61107635498047
569 8.965404510498047 35.426246643066406
570 8.59726333618164 35.308311462402344
571 8.006056785583496 35.250362396240234
572 7.720698356628418 35.206871032714844
573 7.562971115112305 35.13154220581055
574 7.424360275268555 34.70207214355469
575 7.255354881286621 34.10121536254883
576 7.181051731109619 33.78774642944336
577 6.988206386566162 33.509544372558594
578 6.636510848999023 33.2896728515625
579 6.362697124481201 33.19102478027344
580 5.918788433074951 33.10832977294922
581 5.564487934112549 33.03224182128906
582 5.375290393829346 32.977073669433594
583 5.104668617248535 32.89167785644531
584 3.9337832927703857 32.50338363647461
585 3.6876132488250732 32.413394927978516
586 3.547466516494751 32.435367584228516
587 3.3792285919189453 32.39112854003906
588 2.7443933486938477 32.02423095703125
589 2.514751672744751 31.749265670776367
590 2.446911573410034 31.491121292114258
591 2.502376079559326 31.172008514404297
592 2.613938808441162 30.53558349609375
593 2.735460042953491 30.120718002319336
594 2.866954803466797 29.84665298461914
595 3.245300531387329 29.37004280090332
596 3.4968526363372803 29.07427215576172
597 3.574249744415283 28.876930236816406
598 3.638141632080078 28.671602249145508
599 3.69525146484375 28.136972427368164
600 3.6894638538360596 27.46406364440918
601 3.6691536903381348 27.105871200561523
602 3.6038596630096436 26.68022346496582
603 3.501452684402466 26.326343536376953
604 3.3765370845794678 26.03278350830078
605 3.2355358600616455 25.805194854736328
606 2.739835500717163 25.076786041259766
607 2.5652377605438232 24.758150100708008
608 2.430098533630371 24.447322845458984
609 2.3102633953094482 24.204835891723633
610 2.08791446685791 23.726991653442383
611 1.9303785562515259 23.455547332763672
612 1.821807622909546 23.311737060546875
613 1.7082507610321045 23.18186378479004
614 1.4604761600494385 22.887584686279297
615 1.2406624555587769 22.62920570373535
616 0.6339160203933716 21.859661102294922
617 0.5140233635902405 21.891630172729492
618 -0.2735629677772522 22.506458282470703
619 -0.34886276721954346 22.611345291137695
620 -0.3756386637687683 22.690378189086914
621 1.5581363439559937 67.98164367675781
622 1.518971562385559 67.89533996582031
623 1.1909568309783936 67.58881378173828
624 1.0653817653656006 67.45462036132812
625 1.1196441650390625 67.19218444824219
626 1.2610450983047485 66.8985595703125
627 1.4416700601577759 66.57296752929688
628 1.5764203071594238 66.3336410522461
629 1.9082086086273193 65.88921356201172
630 2.2572238445281982 65.53115844726562
631 2.635418653488159 65.3912353515625
632 2.9275691509246826 65.32775115966797
633 3.4897232055664062 65.36196899414062
634 3.7619481086730957 65.41183471679688
635 3.9705967903137207 65.57794952392578
636 4.129304885864258 65.84709930419922
637 4.126369953155518 66.09992980957031
638 4.06423282623291 66.5645751953125
639 3.9382715225219727 67.0056381225586
640 3.8540453910827637 67.21642303466797
641 3.875035524368286 67.52313995361328
642 3.9340667724609375 67.70170593261719
643 -14.982988357543945 37.4797477722168
644 -15.261229515075684 37.55450439453125
645 -15.570372581481934 37.717891693115234
646 -15.771522521972656 37.84511184692383
647 -15.827998161315918 37.882728576660156
648 0.9035148620605469 64.28948211669922
649 0.8756784796714783 64.35755157470703
650 0.7572829723358154 64.51473236083984
651 0.6065720319747925 64.68343353271484
652 0.46141761541366577 64.7407455444336
653 -16.158206939697266 35.29590606689453
654 -16.12799644470215 35.28110122680664
655 -16.254749298095703 35.294715881347656
656 -16.491867065429688 35.325069427490234
657 -16.932754516601562 35.36770248413086
658 -17.445411682128906 35.327369689941406
659 -18.013399124145508 35.279396057128906
660 -18.268997192382812 35.367923736572266
661 -18.980276107788086 36.29026412963867
662 -19.3453426361084 36.565460205078125
663 -19.757490158081055 36.65884780883789
664 -20.175935745239258 36.452354431152344
665 -20.350746154785156 36.0380859375
666 -20.44228744506836 35.54350662231445
667 -20.435335159301758 35.12583541870117
668 -20.35992431640625 34.69230651855469
669 -20.194913864135742 34.3172492980957
670 -19.99867057800293 33.99335861206055
671 -19.76991844177246 33.667572021484375
672 -19.677108764648438 33.36353302001953
673 -19.68523406982422 32.85115051269531
674 -19.760276794433594 32.689876556396484
675 -19.941972732543945 32.64750289916992
676 -20.253664016723633 32.60146713256836
677 -20.57716941833496 32.56150817871094
678 -21.6632137298584 32.54653549194336
679 -21.9842586517334 32.43092346191406
680 -22.25179672241211 32.09516143798828
681 -22.32564353942871 31.766904830932617
682 -22.300691604614258 31.419780731201172
683 -22.148448944091797 31.00397300720215
684 -21.768972396850586 30.72446060180664
685 -21.46957778930664 30.499967575073242
686 -21.317420959472656 30.346473693847656
687 -21.207069396972656 29.71197509765625
688 -21.26593780517578 29.484270095825195
689 -21.417570114135742 29.101621627807617
690 -21.546926498413086 28.723289489746094
691 -21.65678596496582 28.158315658569336
692 -21.669708251953125 27.034006118774414
693 -21.595619201660156 26.653656005859375
694 -21.415922164916992 26.154926300048828
695 -21.263036727905273 25.79528045654297
696 -21.05577850341797 25.379610061645508
697 -20.76607322692871 24.983654022216797
698 -20.43136978149414 24.693933486938477
699 -20.1469783782959 24.59162139892578
700 -19.752086639404297 24.56833839416504
701 -18.987871170043945 24.904033660888672
702 -18.594900131225586 25.199918746948242
703 -18.343189239501953 25.58931541442871
704 -18.325197219848633 26.093547821044922
705 -18.310184478759766 26.630836486816406
706 -18.191139221191406 26.90713119506836
707 -17.920936584472656 27.093868255615234
708 -17.364322662353516 27.31181526184082
709 -16.977420806884766 27.387067794799805
710 -16.77536392211914 27.495094299316406
711 -16.521072387695312 27.609264373779297
712 -16.296518325805664 27.77402114868164
713 -16.084726333618164 28.08315086364746
714 -15.887924194335938 28.297300338745117
715 -15.587857246398926 28.48409652709961
716 -15.04186725616455 28.60845184326172
717 -14.513476371765137 28.647632598876953
718 -13.98606014251709 28.8127384185791
719 -13.773758888244629 29.046689987182617
720 -13.736416816711426 29.266963958740234
721 -13.939627647399902 29.584030151367188
722 -14.241127014160156 30.058269500732422
723 -14.594685554504395 30.5256290435791
724 -15.02411937713623 31.00444793701172
725 -15.707894325256348 31.535398483276367
726 -15.996633529663086 31.608678817749023
727 -16.319005966186523 31.54579734802246
728 -16.846338272094727 30.996240615844727
729 -16.870895385742188 30.714887619018555
730 -16.65082550048828 30.094161987304688
731 -14.912525177001953 26.423044204711914
732 -14.81834888458252 26.075029373168945
733 -14.687529563903809 25.53699493408203
734 -14.652850151062012 25.21574592590332
735 -14.586502075195312 24.82375144958496
736 -14.354174613952637 24.160030364990234
737 -14.12146282196045 23.72145652770996
738 -13.95974063873291 23.44275665283203
739 -13.671158790588379 22.959503173828125
740 -13.334939956665039 22.15768051147461
741 -13.220111846923828 21.73859977722168
742 -13.066153526306152 21.490243911743164
743 -12.843600273132324 21.338844299316406
744 -12.341529846191406 21.165273666381836
745 -12.01583480834961 21.0410213470459
746 -11.62555980682373 20.80355453491211
747 -11.422698020935059 20.585725784301758
748 -10.949304580688477 20.081031799316406
749 -10.672028541564941 19.848146438598633
750 -10.245567321777344 19.63172721862793
751 -9.732441902160645 19.50132942199707
752 -9.290388107299805 19.44467544555664
753 -8.990756034851074 19.501955032348633
754 -8.58012866973877 19.705833435058594
755 -8.108735084533691 19.908960342407227
756 -7.76488733291626 20.170392990112305
757 -7.6117634773254395 20.482587814331055
758 -7.630581855773926 21.054086685180664
759 -7.823927879333496 21.494869232177734
760 -8.09268856048584 21.85503387451172
761 -8.501463890075684 22.36142349243164
762 -8.737847328186035 22.6678409576416
763 -9.003650665283203 22.990007400512695
764 -9.27326488494873 23.37074851989746
765 -9.717680931091309 24.050405502319336
766 -9.814041137695312 24.247140884399414
767 -9.932113647460938 24.564579010009766
768 -10.061722755432129 24.99224853515625
769 -10.181499481201172 25.32306671142578
770 -10.328130722045898 25.608566284179688
771 -10.684260368347168 26.126705169677734
772 -10.941222190856934 26.4327335357666
773 -11.38863754272461 27.092178344726562
774 -11.386695861816406 27.301420211791992
775 -10.9146146774292 27.465984344482422
776 -10.337382316589355 27.539173126220703
777 -10.08587646484375 27.574031829833984
778 -9.859123229980469 27.6169490814209
779 -9.686631202697754 27.608638763427734
780 -8.598408699035645 27.218791961669922
781 -8.382771492004395 27.15509033203125
782 -8.183701515197754 27.18659210205078
783 -7.658962249755859 27.5085506439209
784 -7.603152751922607 27.740604400634766
785 -7.490982532501221 28.07921028137207
786 -7.313360691070557 28.615930557250977
787 -7.354816913604736 29.105236053466797
788 -7.5198469161987305 29.595603942871094
789 -7.78815221786499 30.00156593322754
790 -8.38253402709961 30.50560760498047
791 -8.677374839782715 30.728490829467773
792 -8.89877700805664 30.828176498413086
793 -9.38188362121582 31.025959014892578
794 -9.76336669921875 31.319639205932617
795 -9.997334480285645 31.626039505004883
796 -10.359868049621582 32.2785530090332
797 -10.531401634216309 32.66017532348633
798 -10.707991600036621 33.197296142578125
799 -10.697449684143066 33.467472076416016
800 -10.44345474243164 33.743629455566406
801 -10.056659698486328 34.03371047973633
802 -9.732926368713379 34.25975799560547
803 -9.353361129760742 34.434566497802734
804 -8.648350715637207 34.665977478027344
805 -8.194299697875977 34.70487976074219
806 -7.860491752624512 34.67975616455078
807 -7.644773483276367 34.59975051879883
808 -7.459843158721924 34.5530891418457
809 -6.892094135284424 34.43424987792969
810 -6.461794376373291 34.32910919189453
811 -5.835048198699951 34.22024154663086
812 -5.454944610595703 34.23374938964844
813 -5.055333614349365 34.533363342285156
814 -5.029937744140625 34.85721969604492
815 -5.1190643310546875 35.206600189208984
816 -5.198541641235352 35.477325439453125
817 -5.406116008758545 36.02410125732422
818 -5.526376247406006 36.42366409301758
819 -5.632658958435059 37.170814514160156
820 -5.631525993347168 37.66053771972656
821 -5.6001362800598145 38.01158142089844
822 -5.543623924255371 38.34543991088867
823 -5.417729377746582 38.70878219604492
824 -5.234177112579346 39.02434158325195
825 -4.978744983673096 39.31934356689453
826 -4.8622236251831055 39.403350830078125
827 15.72998332977295 35.71568298339844
828 16.320602416992188 35.551856994628906
829 16.590377807617188 35.42824172973633
830 16.799089431762695 35.34770965576172
831 17.022594451904297 35.197044372558594
832 17.16886329650879 35.258277893066406
833 17.382848739624023 35.96714401245117
834 17.524887084960938 36.396671295166016
835 17.641061782836914 36.680702209472656
836 17.860986709594727 37.09189224243164
837 18.614492416381836 38.23865509033203
838 18.858139038085938 38.57911682128906
839 19.149089813232422 38.77937698364258
840 19.577123641967773 39.06007766723633
841 19.823017120361328 39.17273712158203
842 20.293575286865234 39.328514099121094
843 20.753053665161133 39.41530227661133
844 21.133609771728516 39.42572021484375
845 21.587377548217773 39.30330276489258
846 21.839447021484375 39.21874237060547
847 22.167394638061523 39.08256149291992
848 22.437274932861328 38.92024612426758
849 22.724023818969727 38.698883056640625
850 23.069046020507812 38.385719299316406
851 23.205188751220703 38.184165954589844
852 23.458057403564453 37.730350494384766
853 23.588829040527344 37.40737533569336
854 23.846698760986328 36.59815216064453
855 23.920047760009766 36.26461410522461
856 23.8720645904541 35.82040023803711
857 23.7866268157959 35.60466003417969
858 23.658628463745117 35.445098876953125
859 23.33633041381836 34.97537612915039
860 23.15488052368164 34.717613220214844
861 22.43352699279785 33.68593978881836
862 22.26300811767578 33.42934036254883
863 22.0660343170166 33.256229400634766
864 21.666973114013672 33.004905700683594
865 21.428556442260742 32.86054229736328
866 21.176660537719727 32.65266418457031
867 20.95810317993164 32.39686965942383
868 20.612548828125 31.950597763061523
869 20.370403289794922 31.454946517944336
870 20.22740936279297 31.151275634765625
871 20.101503372192383 30.865428924560547
872 19.820966720581055 29.893774032592773
873 19.88327980041504 29.427799224853516
874 20.063716888427734 28.949209213256836
875 20.258363723754883 28.670989990234375
876 20.481962203979492 28.4947509765625
877 20.76780891418457 28.387195587158203
878 21.15966796875 28.229337692260742
879 21.569087982177734 28.059036254882812
880 22.293060302734375 27.780467987060547
881 22.87240219116211 27.631515502929688
882 23.449880599975586 27.570581436157227
883 23.945585250854492 27.512706756591797
884 24.111228942871094 27.568687438964844
885 24.304140090942383 27.745859146118164
886 24.60268211364746 28.076026916503906
887 25.15924644470215 28.766284942626953
888 25.461841583251953 29.301380157470703
889 25.63296127319336 29.736961364746094
890 25.637863159179688 29.977678298950195
891 25.554119110107422 30.546178817749023
892 25.486534118652344 30.83844757080078
893 25.417482376098633 30.964656829833984
894 15.691100120544434 30.42951774597168
895 15.483642578125 30.398969650268555
896 15.202946662902832 30.355318069458008
897 14.723709106445312 30.24700355529785
898 14.36463737487793 30.136009216308594
899 14.150049209594727 30.118906021118164
900 13.776488304138184 30.253406524658203
901 13.270062446594238 30.421340942382812
902 12.976580619812012 30.54404067993164
903 12.426838874816895 30.980770111083984
904 12.122138023376465 31.444929122924805
905 12.014473915100098 31.896120071411133
906 11.96919059753418 32.211448669433594
907 11.92414665222168 32.418304443359375
908 11.762138366699219 32.85673141479492
909 8.387831687927246 39.74142074584961
910 8.374308586120605 39.94746398925781
911 8.394925117492676 40.14338684082031
912 8.4293851852417 40.29534149169922
913 13.476714134216309 49.844905853271484
914 13.49988842010498 50.048954010009766
915 13.54318618774414 50.63170623779297
916 13.484082221984863 51.004886627197266
917 13.36550235748291 51.347843170166016
918 13.070551872253418 51.755367279052734
919 12.474522590637207 52.27165222167969
920 12.17726993560791 52.39699935913086
921 11.797284126281738 52.443511962890625
922 11.487622261047363 52.445579528808594
923 11.100053787231445 52.40592956542969
924 10.629451751708984 52.3354606628418
925 10.16201400756836 52.22910690307617
926 9.626480102539062 52.05695724487305
927 9.253820419311523 51.92269515991211
928 8.873666763305664 51.800174713134766
929 8.278709411621094 51.638938903808594
930 7.847972869873047 51.55847930908203
931 7.637507915496826 51.5591926574707
932 7.262275695800781 51.62516403198242
933 6.600815773010254 51.78492736816406
934 6.158651351928711 51.934959411621094
935 5.8758769035339355 52.06932830810547
936 5.564445495605469 52.409000396728516
937 5.371761798858643 52.88264083862305
938 5.229496479034424 53.405059814453125
939 5.140483379364014 54.03921127319336
940 5.097801685333252 54.62519454956055
941 5.030930519104004 54.84082794189453
942 4.773540496826172 55.294036865234375
943 4.561619281768799 55.588897705078125
944 4.401281833648682 55.819305419921875
945 4.215564250946045 56.03713607788086
946 4.110625267028809 56.16878128051758
947 4.043559551239014 61.5092658996582
948 4.059212684631348 61.522911071777344
949 5.951382637023926 58.91985321044922
950 6.113231182098389 58.95000457763672
951 6.734421730041504 58.976768493652344
952 7.014898300170898 58.94728469848633
953 7.2822065353393555 58.82769012451172
954 7.650201797485352 58.606353759765625
955 7.934174060821533 58.39147186279297
956 8.229305267333984 58.12212371826172
957 8.384796142578125 57.92784881591797
958 8.533519744873047 57.65827560424805
959 8.618612289428711 57.370731353759766
960 8.643087387084961 57.28373336791992
961 3.290386199951172 62.62520217895508
962 3.179442882537842 62.54371643066406
963 3.045292615890503 62.352149963378906
964 2.9492897987365723 62.181968688964844
965 2.8888442516326904 62.0634651184082
966 0.6516421437263489 58.90011215209961
967 0.5675777196884155 58.774024963378906
968 0.3336784243583679 58.3886833190918
969 0.18613748252391815 58.063751220703125
970 0.1410515159368515 57.82911682128906
971 0.1578318476676941 57.5640869140625
972 0.14275111258029938 57.01518249511719
973 0.12172546237707138 56.67231750488281
974 0.08225812017917633 56.347267150878906
975 -0.04465014114975929 55.90830612182617
976 -0.29758119583129883 55.24346160888672
977 -0.4396800994873047 55.03367233276367
978 -0.7563457489013672 54.80667495727539
979 -1.1289538145065308 54.601375579833984
980 -1.4373887777328491 54.389461517333984
981 -1.649575114250183 54.18463134765625
982 -1.8849116563796997 53.9194450378418
983 -2.0443272590637207 53.6966552734375
984 -2.1803088188171387 53.424888610839844
985 -2.291818141937256 53.028404235839844
986 -2.3884623050689697 52.395545959472656
987 -2.4087541103363037 51.908660888671875
988 -2.3279354572296143 51.49884796142578
989 -2.203460216522217 51.235530853271484
990 -1.945942997932434 50.94329833984375
991 -1.506988763809204 50.68479537963867
992 -1.1182396411895752 50.439632415771484
993 -0.7369588017463684 50.3916130065918
994 -0.26227307319641113 50.44275665283203
995 0.21066342294216156 50.55477523803711
996 0.634073793888092 50.687660217285156
997 0.9625734686851501 50.79904556274414
998 1.1055482625961304 50.910160064697266
999 1.204776644706726 50.99946594238281
