0 30.586050033569336 -87.9554672241211
1 30.552711486816406 -87.82633972167969
2 30.428897857666016 -87.54808807373047
3 29.849830627441406 -86.58321380615234
4 29.679706573486328 -86.38800048828125
5 28.97364616394043 -85.86884307861328
6 28.667640686035156 -85.62876892089844
7 28.27836036682129 -85.3990249633789
8 27.8195743560791 -85.20095825195312
9 26.855064392089844 -84.74378967285156
10 26.637365341186523 -84.62445831298828
11 26.351078033447266 -84.478759765625
12 26.147205352783203 -84.36351776123047
13 26.00732421875 -84.29463958740234
14 2.943998098373413 -77.58816528320312
15 2.7791943550109863 -77.5639877319336
16 2.5514492988586426 -77.565673828125
17 2.2708017826080322 -77.59696960449219
18 1.883712887763977 -77.69251251220703
19 1.255268931388855 -77.89350128173828
20 0.9039711356163025 -77.93375396728516
21 0.6968429088592529 -77.83953857421875
22 0.5262838006019592 -77.67481231689453
23 -0.048805247992277145 -77.3738784790039
24 -0.25215843319892883 -77.30148315429688
25 -0.8874274492263794 -77.177734375
26 -1.4864609241485596 -76.99626922607422
27 -2.1238367557525635 -76.82733154296875
28 -2.4932191371917725 -76.77175903320312
29 -3.0602500438690186 -76.76522064208984
30 -3.8255817890167236 -76.8022232055664
31 -4.2062883377075195 -76.85692596435547
32 -4.536192417144775 -76.91055297851562
33 -4.935876369476318 -77.02653503417969
34 -5.450596809387207 -77.1866455078125
35 -5.761003017425537 -77.2974853515625
36 -6.078532695770264 -77.42472839355469
37 -6.614167213439941 -77.68980407714844
38 -6.947571754455566 -77.86585235595703
39 -7.493796348571777 -78.12959289550781
40 -7.765356063842773 -78.2980728149414
41 -8.037020683288574 -78.58245849609375
42 -8.275195121765137 -78.9351577758789
43 -8.434614181518555 -79.2099609375
44 -8.531805992126465 -79.64480590820312
45 -8.540698051452637 -79.87434387207031
46 -8.547011375427246 -80.00517272949219
47 36.823612213134766 -84.56377410888672
48 36.98558044433594 -84.65105438232422
49 37.24406433105469 -84.81242370605469
50 37.57244110107422 -85.04059600830078
51 37.91813278198242 -85.31587982177734
52 38.2977409362793 -85.66571807861328
53 38.5897331237793 -86.22882843017578
54 38.71189498901367 -86.52791595458984
55 38.76048278808594 -87.11787414550781
56 38.699337005615234 -87.353271484375
57 38.51936340332031 -87.5374526977539
58 38.20094299316406 -87.78237915039062
59 37.75281524658203 -88.12154388427734
60 37.033485412597656 -88.72881317138672
61 36.61264419555664 -89.11469268798828
62 36.31792449951172 -89.36846160888672
63 35.97492980957031 -89.8422622680664
64 35.823360443115234 -90.04644012451172
65 32.32709884643555 -95.64661407470703
66 32.143882751464844 -95.8255386352539
67 31.868289947509766 -96.0853042602539
68 31.507671356201172 -96.43235778808594
69 31.000591278076172 -96.85279846191406
70 30.6297607421875 -97.16304779052734
71 30.34776496887207 -97.38777160644531
72 30.086105346679688 -97.56961059570312
73 29.934206008911133 -97.65938568115234
74 13.92728328704834 -101.73967742919922
75 13.646450996398926 -101.53573608398438
76 13.438538551330566 -101.37488555908203
77 13.283617973327637 -101.13252258300781
78 13.151596069335938 -100.7319564819336
79 13.00925064086914 -100.25363159179688
80 12.850290298461914 -99.62493896484375
81 12.694068908691406 -99.34141540527344
82 12.285264015197754 -98.60131072998047
83 12.103821754455566 -98.15153503417969
84 12.063371658325195 -97.72022247314453
85 12.081315040588379 -97.41683959960938
86 12.13575553894043 -96.98802947998047
87 12.230149269104004 -96.12487030029297
88 12.210859298706055 -95.33161926269531
89 12.172752380371094 -95.01583862304688
90 12.147307395935059 -94.41098022460938
91 12.120776176452637 -93.93720245361328
92 12.064842224121094 -93.1847152709961
93 11.975175857543945 -92.66886138916016
94 11.94070053100586 -92.35934448242188
95 11.946945190429688 -91.72186279296875
96 11.966447830200195 -91.32654571533203
97 11.995561599731445 -90.62633514404297
98 12.002962112426758 -90.30530548095703
99 12.018723487854004 -89.79936981201172
100 12.10435962677002 -89.45768737792969
101 12.322280883789062 -89.09217071533203
102 12.521657943725586 -88.84332275390625
103 12.931046485900879 -88.43075561523438
104 13.29816722869873 -88.16679382324219
105 13.670838356018066 -87.94454956054688
106 13.906291961669922 -87.9026870727539
107 14.187287330627441 -87.90159606933594
108 14.426512718200684 -88.00782012939453
109 14.791257858276367 -88.18900299072266
110 15.163102149963379 -88.40472412109375
111 15.405813217163086 -88.52649688720703
112 15.639799118041992 -88.58790588378906
113 38.14202117919922 -70.1092529296875
114 38.05359649658203 -70.2614517211914
115 37.89027404785156 -70.48588562011719
116 37.7480354309082 -70.6821517944336
117 37.23384094238281 -71.47636413574219
118 37.17119216918945 -71.6515121459961
119 37.191314697265625 -72.2195816040039
120 37.19633865356445 -72.5022201538086
121 37.12194061279297 -72.99353790283203
122 36.86491394042969 -73.82167053222656
123 36.770809173583984 -74.07449340820312
124 36.50096893310547 -74.43939208984375
125 36.17718505859375 -74.78374481201172
126 35.943809509277344 -75.01919555664062
127 35.808284759521484 -75.15303802490234
128 35.64313507080078 -75.42755889892578
129 35.40958023071289 -75.77395629882812
130 30.717571258544922 -81.62974548339844
131 30.432844161987305 -81.73587799072266
132 30.07826042175293 -81.83560943603516
133 29.782644271850586 -81.87606048583984
134 29.389240264892578 -81.79862976074219
135 29.00688362121582 -81.61604309082031
136 28.694725036621094 -81.3358154296875
137 28.240039825439453 -80.83303833007812
138 28.011560440063477 -80.47196197509766
139 27.772523880004883 -79.99110412597656
140 27.628978729248047 -79.72303009033203
141 10.33072566986084 -61.59539031982422
142 10.3805513381958 -61.62477111816406
143 10.508172988891602 -61.73124313354492
144 11.347275733947754 -62.409767150878906
145 11.589214324951172 -62.677330017089844
146 11.730452537536621 -62.91794204711914
147 12.188857078552246 -63.645694732666016
148 12.699021339416504 -64.20465850830078
149 13.258415222167969 -64.75201416015625
150 13.57029914855957 -64.9633560180664
151 14.0068359375 -65.14441680908203
152 14.297822952270508 -65.26271057128906
153 14.46743106842041 -65.27078247070312
154 14.864006996154785 -65.25199127197266
155 19.32658576965332 -65.44938659667969
156 19.478595733642578 -65.56452941894531
157 19.782560348510742 -66.14807891845703
158 19.917966842651367 -66.49591827392578
159 20.020822525024414 -66.6541519165039
160 20.15528106689453 -66.85657501220703
161 20.346603393554688 -67.07372283935547
162 32.81460952758789 -68.3582992553711
163 32.815425872802734 -68.11312103271484
164 32.808475494384766 -67.8093032836914
165 32.69072341918945 -67.53339385986328
166 32.40868377685547 -67.1331787109375
167 32.161495208740234 -66.99771881103516
168 31.866134643554688 -66.9337387084961
169 31.425216674804688 -66.95784759521484
170 30.40218162536621 -67.13153076171875
171 29.641103744506836 -67.36714172363281
172 29.06741714477539 -67.6683578491211
173 28.72891616821289 -67.92018127441406
174 28.427024841308594 -68.20355224609375
175 28.129226684570312 -68.51156616210938
176 27.86847686767578 -68.81336212158203
177 27.681474685668945 -68.99562072753906
178 27.59372901916504 -69.23886108398438
179 27.673316955566406 -69.67521667480469
180 27.65066146850586 -70.42377471923828
181 27.578475952148438 -70.79840850830078
182 27.485698699951172 -71.45789337158203
183 27.496789932250977 -71.84849548339844
184 27.481435775756836 -72.17062377929688
185 27.35214614868164 -72.37886810302734
186 27.019065856933594 -72.77752685546875
187 26.63820457458496 -73.1272964477539
188 26.395038604736328 -73.17184448242188
189 26.040817260742188 -72.87786865234375
190 25.477792739868164 -71.81867218017578
191 25.327457427978516 -71.58682250976562
192 25.22551918029785 -71.34054565429688
193 25.046951293945312 -70.92172241210938
194 24.919452667236328 -70.76171875
195 24.614776611328125 -70.44918060302734
196 24.36017608642578 -70.16071319580078
197 23.93364906311035 -69.64350891113281
198 23.59237289428711 -69.57588958740234
199 22.932249069213867 -69.57628631591797
200 22.676578521728516 -69.75707244873047
201 22.52581214904785 -70.12528228759766
202 22.507827758789062 -70.66786193847656
203 22.548063278198242 -71.07513427734375
204 22.578676223754883 -71.38457489013672
205 22.68950080871582 -72.2203369140625
206 22.767608642578125 -72.7162857055664
207 22.83467674255371 -73.2699966430664
208 22.86363983154297 -73.95030212402344
209 22.792163848876953 -74.19903564453125
210 22.635896682739258 -74.33063507080078
211 22.137563705444336 -74.65258026123047
212 21.779762268066406 -74.90660858154297
213 21.129413604736328 -75.25200653076172
214 20.915630340576172 -75.29635620117188
215 20.487533569335938 -75.38318634033203
216 19.85928726196289 -75.44515991210938
217 19.52163314819336 -75.27066802978516
218 19.108217239379883 -74.99390411376953
219 18.971107482910156 -74.8266830444336
220 18.811498641967773 -74.264404296875
221 18.799049377441406 -73.87889862060547
222 18.936641693115234 -73.52151489257812
223 19.148752212524414 -73.18311309814453
224 22.27623176574707 -67.73236083984375
225 22.41209602355957 -67.43392181396484
226 22.571674346923828 -67.13343048095703
227 22.72128677368164 -66.9119644165039
228 22.972288131713867 -66.65011596679688
229 23.475963592529297 -66.39009857177734
230 23.71722984313965 -66.30604553222656
231 24.001819610595703 -66.20347595214844
232 24.494247436523438 -66.00550079345703
233 24.905067443847656 -65.82682800292969
234 25.238882064819336 -65.66667938232422
235 25.5799617767334 -65.49447631835938
236 25.79497718811035 -65.35517120361328
237 26.053123474121094 -64.92279052734375
238 26.16437339782715 -64.6119384765625
239 26.298521041870117 -64.52106475830078
240 26.852066040039062 -64.21255493164062
241 27.17863655090332 -64.10013580322266
242 27.602121353149414 -63.97242736816406
243 28.09095573425293 -63.87752151489258
244 28.44815444946289 -63.79989242553711
245 29.024091720581055 -63.6237678527832
246 29.627761840820312 -63.41618347167969
247 29.956796646118164 -63.236106872558594
248 30.442611694335938 -62.84660720825195
249 30.701881408691406 -62.485530853271484
250 30.793350219726562 -62.06488800048828
251 30.869060516357422 -61.747982025146484
252 30.57552146911621 -61.481788635253906
253 30.187015533447266 -61.21904754638672
254 29.41669464111328 -60.855106353759766
255 28.823205947875977 -60.75664520263672
256 28.293325424194336 -60.74089431762695
257 27.61764907836914 -60.733001708984375
258 27.17331314086914 -60.68378829956055
259 26.660572052001953 -60.600643157958984
260 26.124042510986328 -60.541744232177734
261 25.821359634399414 -60.415164947509766
262 25.388572692871094 -60.200706481933594
263 24.92193603515625 -59.97919464111328
264 24.36725616455078 -59.839115142822266
265 23.96192741394043 -59.8139533996582
266 23.547300338745117 -60.030792236328125
267 23.31839942932129 -60.2597770690918
268 23.154741287231445 -60.54384994506836
269 22.967182159423828 -60.94650650024414
270 22.864028930664062 -61.13143539428711
271 22.72722816467285 -61.35114288330078
272 22.659589767456055 -61.596458435058594
273 22.482267379760742 -62.318328857421875
274 22.340791702270508 -62.84789276123047
275 22.161376953125 -63.32544708251953
276 21.962379455566406 -63.6103630065918
277 21.63304328918457 -64.01475524902344
278 21.5102596282959 -64.12088775634766
279 11.265340805053711 -76.13019561767578
280 11.313401222229004 -76.31217193603516
281 11.452351570129395 -76.47904968261719
282 11.701814651489258 -76.7218017578125
283 12.197586059570312 -77.11080932617188
284 12.504199028015137 -77.39105224609375
285 12.586045265197754 -77.52647399902344
286 12.653488159179688 -77.77755737304688
287 12.720316886901855 -78.29163360595703
288 12.679884910583496 -78.84400939941406
289 12.673507690429688 -79.1411361694336
290 14.511895179748535 -97.04918670654297
291 14.600173950195312 -97.14124298095703
292 14.9453125 -97.29227447509766
293 15.425241470336914 -97.31869506835938
294 15.759302139282227 -97.322021484375
295 16.180456161499023 -97.20336151123047
296 16.52915382385254 -97.0788345336914
297 16.57630729675293 -96.80708312988281
298 16.60027313232422 -96.61178588867188
299 16.874155044555664 -95.82395935058594
300 16.966779708862305 -95.49703216552734
301 16.956724166870117 -94.94318389892578
302 16.864778518676758 -94.58235168457031
303 16.691543579101562 -94.21263885498047
304 16.437850952148438 -93.93013763427734
305 16.04283332824707 -93.55680847167969
306 15.885429382324219 -93.46688079833984
307 15.62722396850586 -93.34076690673828
308 15.209320068359375 -93.13666534423828
309 14.81704044342041 -92.85118865966797
310 14.599213600158691 -92.6119384765625
311 14.520963668823242 -92.14196014404297
312 14.537176132202148 -91.81217193603516
313 19.959915161132812 -71.20358276367188
314 19.922821044921875 -71.01470947265625
315 19.751941680908203 -70.75788879394531
316 19.402128219604492 -70.37405395507812
317 18.98423194885254 -70.02609252929688
318 18.5794677734375 -69.81340789794922
319 18.247100830078125 -69.81705474853516
320 17.905977249145508 -69.96830749511719
321 17.554561614990234 -70.25750732421875
322 17.24651336669922 -70.559814453125
323 17.083253860473633 -70.8592300415039
324 16.680057525634766 -71.7169418334961
325 16.524959564208984 -72.10356903076172
326 16.266450881958008 -72.77688598632812
327 16.156021118164062 -73.1261978149414
328 16.04189682006836 -73.52709197998047
329 15.87536334991455 -74.0650405883789
330 15.786099433898926 -74.36880493164062
331 15.754544258117676 -74.6826171875
332 15.780062675476074 -75.36627960205078
333 15.963006973266602 -75.92913818359375
334 16.125289916992188 -76.40924835205078
335 16.251907348632812 -76.8121337890625
336 16.312103271484375 -77.15164184570312
337 16.312713623046875 -77.75059509277344
338 16.28519058227539 -78.2331314086914
339 16.34317398071289 -78.6123275756836
340 16.517404556274414 -79.0255126953125
341 16.745113372802734 -79.5534439086914
342 16.954914093017578 -80.21891021728516
343 17.078018188476562 -80.69526672363281
344 17.1425724029541 -81.00204467773438
345 18.694480895996094 -87.89678192138672
346 18.749691009521484 -88.17120361328125
347 18.754669189453125 -88.80345916748047
348 18.655059814453125 -89.28118896484375
349 18.515277862548828 -89.61856842041016
350 18.26323699951172 -90.06405639648438
351 17.939481735229492 -90.75503540039062
352 17.958524703979492 -91.0766372680664
353 18.182653427124023 -91.35360717773438
354 18.617414474487305 -91.43282318115234
355 18.962047576904297 -91.45189666748047
356 19.429222106933594 -91.39942932128906
357 20.023168563842773 -91.26997375488281
358 20.249267578125 -91.12675476074219
359 20.603059768676758 -90.88975524902344
360 20.753803253173828 -90.64949035644531
361 20.824474334716797 -90.32071685791016
362 20.839008331298828 -89.81655883789062
363 20.95201301574707 -89.41940307617188
364 21.06880760192871 -89.10002136230469
365 21.30460548400879 -88.70992279052734
366 21.809022903442383 -88.1780014038086
367 22.048786163330078 -87.95883178710938
368 22.224769592285156 -87.84355926513672
369 22.620460510253906 -87.5944595336914
370 23.600770950317383 -87.0779037475586
371 23.76140022277832 -86.97696685791016
372 24.029598236083984 -86.97518157958984
373 24.335294723510742 -87.07247924804688
374 24.688278198242188 -87.32612609863281
375 25.0402774810791 -87.7494125366211
376 25.165090560913086 -88.03462982177734
377 25.29895782470703 -88.43959045410156
378 25.429332733154297 -89.037841796875
379 25.570816040039062 -89.49662780761719
380 25.530790328979492 -89.904296875
381 25.35890769958496 -90.6314697265625
382 25.220701217651367 -91.35599517822266
383 25.178075790405273 -91.68932342529297
384 25.08858299255371 -91.91205596923828
385 24.649139404296875 -93.0307388305664
386 24.567699432373047 -93.29826354980469
387 24.495134353637695 -93.6809310913086
388 24.375774383544922 -94.0739517211914
389 24.217044830322266 -94.48934173583984
390 24.032560348510742 -94.7794189453125
391 23.676300048828125 -95.20817565917969
392 23.352230072021484 -95.40843200683594
393 23.035974502563477 -95.50398254394531
394 22.121763229370117 -95.4938735961914
395 21.307044982910156 -95.38713836669922
396 20.9543399810791 -95.3137435913086
397 20.464082717895508 -95.11074829101562
398 20.096895217895508 -94.9052734375
399 19.911670684814453 -94.76156616210938
400 8.954435348510742 -72.90316009521484
401 8.95020866394043 -72.6415023803711
402 8.979986190795898 -72.20413208007812
403 9.060667037963867 -71.66105651855469
404 9.235315322875977 -71.19795989990234
405 9.329000473022461 -70.7817611694336
406 9.382390022277832 -70.18257904052734
407 9.418465614318848 -69.98670196533203
408 9.482583999633789 -69.93562316894531
409 25.36813735961914 -76.0223617553711
410 25.473655700683594 -76.28720092773438
411 25.599811553955078 -76.61758422851562
412 25.64097023010254 -76.88057708740234
413 25.57870864868164 -77.18977355957031
414 25.481670379638672 -77.74208068847656
415 25.39297103881836 -78.08474731445312
416 25.238950729370117 -78.33503723144531
417 25.065561294555664 -78.73019409179688
418 24.886436462402344 -79.07861328125
419 24.59234619140625 -79.60216522216797
420 24.486610412597656 -79.94987487792969
421 24.39272117614746 -80.5760726928711
422 24.296432495117188 -81.00482177734375
423 24.26837730407715 -81.31294250488281
424 24.183568954467773 -81.66898345947266
425 24.145362854003906 -81.94901275634766
426 24.092529296875 -82.2882308959961
427 19.57349967956543 -97.6713638305664
428 19.381864547729492 -97.99144744873047
429 19.241573333740234 -98.25659942626953
430 19.13067626953125 -98.47628021240234
431 19.034175872802734 -98.69294738769531
432 18.89860725402832 -99.69422912597656
433 18.906816482543945 -99.92090606689453
434 19.024295806884766 -100.12928009033203
435 19.336626052856445 -100.44537353515625
436 20.030181884765625 -101.02790069580078
437 20.312292098999023 -101.20260620117188
438 20.615156173706055 -101.27318572998047
439 20.902767181396484 -101.28228759765625
440 21.430727005004883 -101.33075714111328
441 21.835472106933594 -101.33584594726562
442 22.207477569580078 -101.2467041015625
443 22.698732376098633 -100.93242645263672
444 23.14275550842285 -100.51205444335938
445 23.52402114868164 -100.11788940429688
446 23.996639251708984 -99.64855194091797
447 24.230506896972656 -99.43785095214844
448 24.292312622070312 -99.3379898071289
449 0.23562820255756378 -74.19075012207031
450 0.2061174511909485 -74.06588745117188
451 0.17257003486156464 -73.94697570800781
452 0.07604315876960754 -73.44998168945312
453 0.04581998661160469 -72.9841079711914
454 0.006046811584383249 -72.63845825195312
455 -0.17835170030593872 -72.29817962646484
456 -0.5532379150390625 -71.8929443359375
457 -0.8820705413818359 -71.59676361083984
458 -1.2398988008499146 -71.39653015136719
459 -1.7643529176712036 -71.16285705566406
460 -2.305769681930542 -71.00296783447266
461 -2.705810070037842 -70.95020294189453
462 -3.154585123062134 -71.01834106445312
463 -3.4808647632598877 -71.16065216064453
464 -3.9595658779144287 -71.5
465 -4.626223087310791 -72.15569305419922
466 -4.8814005851745605 -72.51806640625
467 -5.0319414138793945 -72.93216705322266
468 -5.061197280883789 -73.24919891357422
469 -4.972975730895996 -73.88866424560547
470 -4.951335906982422 -74.08155059814453
471 -2.153656482696533 -79.07073211669922
472 -1.963619351387024 -79.39521026611328
473 -1.6938440799713135 -79.9024887084961
474 -1.5576283931732178 -80.09709167480469
475 -1.2936608791351318 -80.34508514404297
476 -0.9216795563697815 -80.74690246582031
477 -0.6558953523635864 -81.13322448730469
478 -0.3640156090259552 -81.51934814453125
479 -0.1676076054573059 -81.68993377685547
480 0.07968932390213013 -81.77355194091797
481 0.6110141277313232 -81.85404205322266
482 0.8810224533081055 -81.93331909179688
483 1.255225419998169 -82.21661376953125
484 1.5526067018508911 -82.57258605957031
485 1.7132450342178345 -82.8327865600586
486 1.8785526752471924 -83.18055725097656
487 1.9150786399841309 -83.51651000976562
488 1.5499851703643799 -84.16474151611328
489 1.3799593448638916 -84.4718017578125
490 1.1271036863327026 -84.89580535888672
491 1.0583395957946777 -85.16726684570312
492 0.9673357009887695 -85.70645904541016
493 0.9040238857269287 -86.17322540283203
494 0.7561277747154236 -86.9292221069336
495 0.642478346824646 -87.20765686035156
496 0.49024584889411926 -87.46385192871094
497 0.31284838914871216 -87.67047882080078
498 -0.13872438669204712 -88.22132110595703
499 -0.37123972177505493 -88.40807342529297
500 -0.765162467956543 -88.52886199951172
501 -1.1136672496795654 -88.64361572265625
502 -1.330320954322815 -88.55540466308594
503 -1.5199925899505615 -88.28255462646484
504 -1.750968337059021 -87.773681640625
505 -1.938936710357666 -87.27486419677734
506 -2.0022497177124023 -86.98095703125
507 -2.0821735858917236 -86.6451644897461
508 -2.3895351886749268 -85.88821411132812
509 -2.6420462131500244 -85.51356506347656
510 -2.801161289215088 -85.37510681152344
511 -3.1174368858337402 -85.1216049194336
512 -3.5036356449127197 -84.82168579101562
513 -3.7138028144836426 -84.63697814941406
514 -3.823183298110962 -84.43111419677734
515 -3.8787925243377686 -84.24848937988281
516 -3.8012595176696777 -83.64717864990234
517 -3.7801601886749268 -83.43111419677734
518 -3.782594919204712 -82.53839111328125
519 -3.803279399871826 -82.18299865722656
520 -3.718513011932373 -81.8231201171875
521 -3.613614082336426 -81.5705337524414
522 -3.4437849521636963 -81.31968688964844
523 2.9493818283081055 -80.85012817382812
524 3.3006186485290527 -80.9158935546875
525 3.792215347290039 -80.94967651367188
526 4.030847072601318 -80.89180755615234
527 4.170699596405029 -80.77483367919922
528 4.346428871154785 -80.27116394042969
529 4.478165626525879 -79.7646713256836
530 4.590113162994385 -79.40552520751953
531 4.784261703491211 -78.92839813232422
532 4.882779121398926 -78.57018280029297
533 4.90700101852417 -77.6202392578125
534 4.8933281898498535 -77.36917114257812
535 4.9773359298706055 -76.8934555053711
536 5.070287704467773 -76.51721954345703
537 5.310393333435059 -76.017822265625
538 5.597873210906982 -75.50627136230469
539 6.03488826751709 -74.88329315185547
540 6.317789554595947 -74.57101440429688
541 6.5015130043029785 -74.5654067993164
542 6.889106750488281 -74.7728500366211
543 7.508238792419434 -75.18421936035156
544 7.842710971832275 -75.55567169189453
545 8.095181465148926 -76.04313659667969
546 8.169617652893066 -76.2899398803711
547 8.245081901550293 -76.8935317993164
548 8.254942893981934 -77.47882843017578
549 8.229036331176758 -78.12611389160156
550 8.170708656311035 -78.81358337402344
551 8.021586418151855 -79.16477966308594
552 7.813808441162109 -79.46299743652344
553 7.556981086730957 -79.69087982177734
554 7.315433979034424 -79.97730255126953
555 7.1074981689453125 -80.32549285888672
556 6.799474239349365 -80.8996810913086
557 6.740427494049072 -80.93943786621094
558 6.659101963043213 -80.8951644897461
559 0.26806938648223877 -68.26976776123047
560 0.4520207941532135 -68.11689758300781
561 0.6962965130805969 -68.00785064697266
562 1.0552246570587158 -67.91043853759766
563 1.479078769683838 -67.77069854736328
564 1.8796156644821167 -67.64440155029297
565 2.211789608001709 -67.57279968261719
566 2.6862049102783203 -67.5103530883789
567 2.967219352722168 -67.4537582397461
568 3.4551384449005127 -67.36846923828125
569 3.9480204582214355 -67.22152709960938
570 4.218011379241943 -66.9589614868164
571 4.353806018829346 -66.50342559814453
572 4.338761806488037 -65.92232513427734
573 4.318058490753174 -65.29666900634766
574 4.389394283294678 -64.55892181396484
575 4.473973274230957 -64.23465728759766
576 4.80546236038208 -64.2668228149414
577 5.123729705810547 -64.4012451171875
578 5.551092147827148 -64.67436981201172
579 6.042270660400391 -65.1380615234375
580 6.389384746551514 -65.63932037353516
581 6.641786575317383 -66.15096282958984
582 6.861218452453613 -67.175048828125
583 6.829846382141113 -67.53433227539062
584 6.688966274261475 -68.16142272949219
585 6.499183177947998 -68.68730926513672
586 6.0409016609191895 -69.5124282836914
587 5.74802827835083 -69.93048858642578
588 5.497435569763184 -70.27934265136719
589 5.297317981719971 -70.5301742553711
590 5.036752700805664 -70.83218383789062
591 4.634242534637451 -71.25469970703125
592 4.353618621826172 -71.58052825927734
593 4.167081832885742 -71.79706573486328
594 4.03448486328125 -72.07958984375
595 3.934079647064209 -72.40647888183594
596 3.8559627532958984 -72.79266357421875
597 3.8134310245513916 -73.16862487792969
598 7.795531272888184 -90.51587677001953
599 7.855352878570557 -90.739501953125
600 7.924299240112305 -90.98783111572266
601 7.989123344421387 -91.28915405273438
602 8.027006149291992 -91.768310546875
603 7.997805118560791 -92.07674407958984
604 7.958433151245117 -92.45453643798828
605 7.821719169616699 -92.78114318847656
606 7.586609363555908 -93.10671997070312
607 7.290754795074463 -93.41626739501953
608 6.925753593444824 -93.6343994140625
609 6.534977912902832 -93.73403930664062
610 6.060084819793701 -93.73847961425781
611 5.6104888916015625 -93.70597076416016
612 5.205859661102295 -93.69530487060547
613 4.313288688659668 -93.6753158569336
614 3.937747001647949 -93.66778564453125
615 2.806469202041626 -93.6383285522461
616 2.2205727100372314 -93.59893035888672
617 1.7614613771438599 -93.51864624023438
618 1.3100017309188843 -93.37786865234375
619 0.5591803193092346 -92.9585189819336
620 0.1784244030714035 -92.65119934082031
621 -0.08542561531066895 -92.41802978515625
622 -0.30885085463523865 -92.31776428222656
623 -0.5608071684837341 -92.28375244140625
624 -1.883988380432129 -92.58741760253906
625 -2.218841075897217 -92.63338470458984
626 -2.6283867359161377 -92.69226837158203
627 -2.8936095237731934 -92.6211929321289
628 -3.380126953125 -92.39484405517578
629 -3.7568469047546387 -92.19047546386719
630 -4.527073383331299 -91.88583374023438
631 -4.937591075897217 -91.7759780883789
632 -5.374870300292969 -91.62260437011719
633 -5.694372653961182 -91.50865173339844
634 -6.078062057495117 -91.34896850585938
635 -6.536394119262695 -91.13510131835938
636 -6.877588748931885 -90.9104995727539
637 -7.153339862823486 -90.65298461914062
638 -7.541643142700195 -90.2652816772461
639 -7.7929534912109375 -89.97726440429688
640 -8.358505249023438 -89.24186706542969
641 -8.57596492767334 -88.94395446777344
642 -8.811455726623535 -88.59903717041016
643 -8.989410400390625 -88.266357421875
644 -9.331113815307617 -87.60810852050781
645 -9.457276344299316 -87.33907318115234
646 -9.62123966217041 -86.92108154296875
647 -9.727046012878418 -86.51656341552734
648 -9.748807907104492 -86.09626770019531
649 -9.628018379211426 -85.806396484375
650 -9.377824783325195 -85.41643524169922
651 -9.220008850097656 -85.16883850097656
652 -9.001104354858398 -84.68340301513672
653 -8.90195369720459 -84.28089904785156
654 -8.849472045898438 -83.97473907470703
655 -5.853116035461426 -66.89755249023438
656 -5.735333442687988 -66.78828430175781
657 -5.543128490447998 -66.61885833740234
658 -5.25957727432251 -66.39778900146484
659 -4.790288925170898 -66.01373291015625
660 -4.539885520935059 -65.83319091796875
661 -4.203741073608398 -65.66824340820312
662 -3.9386744499206543 -65.59959411621094
663 -3.6731367111206055 -65.54300689697266
664 -3.026918649673462 -65.31684875488281
665 -2.193371057510376 -65.02776336669922
666 -1.8214799165725708 -64.91674041748047
667 -1.5619730949401855 -64.85157775878906
668 -0.9502371549606323 -64.67533111572266
669 -0.5501483082771301 -64.53215026855469
670 -0.08757902681827545 -64.42207336425781
671 0.4450226128101349 -64.22362518310547
672 0.6825051307678223 -64.12483215332031
673 0.79979008436203 -64.09549713134766
674 8.358298301696777 -65.20360565185547
675 8.556681632995605 -65.30659484863281
676 8.75496768951416 -65.44515991210938
677 8.984193801879883 -65.70106506347656
678 9.20203685760498 -66.05390930175781
679 9.69992733001709 -66.90392303466797
680 9.785627365112305 -67.07149505615234
681 9.896254539489746 -67.15018463134766
682 14.55993366241455 -81.02295684814453
683 14.525705337524414 -81.26982116699219
684 14.481884956359863 -81.6290283203125
685 14.37649154663086 -82.16248321533203
686 14.279975891113281 -82.53187561035156
687 13.899237632751465 -83.0392837524414
688 13.685577392578125 -83.05033874511719
689 12.643227577209473 -82.72016143798828
690 12.286303520202637 -82.60917663574219
691 11.951451301574707 -82.50923156738281
692 11.539902687072754 -82.39080810546875
693 11.311793327331543 -82.2818374633789
694 11.234590530395508 -82.09780883789062
695 10.856796264648438 -81.49495697021484
696 10.55561637878418 -81.25669860839844
697 10.301385879516602 -81.05423736572266
698 10.16285228729248 -80.82073211669922
699 10.131080627441406 -80.50306701660156
700 10.235734939575195 -79.7737808227539
701 10.40386962890625 -79.42877197265625
702 10.664837837219238 -78.9579849243164
703 10.7682523727417 -78.8154525756836
704 29.922548294067383 -71.48929595947266
705 30.139930725097656 -71.29117584228516
706 30.487350463867188 -71.05768585205078
707 30.72214698791504 -71.00334167480469
708 31.44359016418457 -71.27778625488281
709 32.23335266113281 -71.71631622314453
710 32.4512825012207 -71.98299407958984
711 32.619964599609375 -72.2628402709961
712 32.61045837402344 -72.54125213623047
713 32.52666091918945 -72.84005737304688
714 32.28046417236328 -73.2398681640625
715 31.58382225036621 -74.06599426269531
716 31.240131378173828 -74.4881362915039
717 30.965192794799805 -74.7587661743164
718 30.636178970336914 -75.04786682128906
719 30.411903381347656 -75.19090270996094
720 30.00153350830078 -75.36581420898438
721 29.64641571044922 -75.49638366699219
722 29.144989013671875 -75.61785888671875
723 28.971942901611328 -75.7020263671875
724 28.77539825439453 -75.7481689453125
725 28.41463279724121 -75.77384185791016
726 14.650115966796875 -61.56031036376953
727 14.68930435180664 -61.44338607788086
728 14.836289405822754 -61.255393981933594
729 14.951689720153809 -60.9581298828125
730 15.114080429077148 -60.642112731933594
731 15.315279006958008 -60.304161071777344
732 15.702753067016602 -60.16150665283203
733 16.0817813873291 -60.17482376098633
734 16.485607147216797 -60.24848175048828
735 16.91990089416504 -60.515743255615234
736 17.223180770874023 -60.7741584777832
737 17.464101791381836 -61.08638381958008
738 17.5395450592041 -61.23619079589844
739 17.66912078857422 -61.59931564331055
740 17.75782012939453 -62.09285354614258
741 17.78833770751953 -62.508453369140625
742 17.789453506469727 -62.8267822265625
743 17.79789161682129 -63.33902359008789
744 17.798221588134766 -63.74326705932617
745 17.747739791870117 -64.29267120361328
746 17.612749099731445 -64.88693237304688
747 17.536027908325195 -65.2464370727539
748 17.161338806152344 -66.27674102783203
749 17.041711807250977 -66.59687805175781
750 16.818117141723633 -67.03030395507812
751 16.449934005737305 -67.6618423461914
752 16.061601638793945 -68.13523864746094
753 15.692939758300781 -68.45621490478516
754 15.284709930419922 -68.67579650878906
755 15.028600692749023 -68.732421875
756 14.74226188659668 -68.75625610351562
757 14.440890312194824 -68.73285675048828
758 13.617202758789062 -68.52765655517578
759 13.31008529663086 -68.55558013916016
760 13.068913459777832 -68.73091125488281
761 12.947108268737793 -68.90817260742188
762 12.865777969360352 -69.15751647949219
763 12.858067512512207 -69.80307006835938
764 12.835627555847168 -70.3836898803711
765 12.801411628723145 -70.6336441040039
766 12.763035774230957 -70.93870544433594
767 12.705794334411621 -71.48198699951172
768 12.657544136047363 -71.91619110107422
769 12.618477821350098 -72.34335327148438
770 12.615413665771484 -72.6738052368164
771 12.618417739868164 -73.1794662475586
772 12.566147804260254 -73.56349182128906
773 12.46887493133545 -73.86592102050781
774 12.387716293334961 -73.99860382080078
775 8.499444007873535 -82.50310516357422
776 8.485493659973145 -82.81987762451172
777 8.505831718444824 -83.1724853515625
778 8.485945701599121 -83.47252655029297
779 8.396138191223145 -84.03352355957031
780 8.298199653625488 -84.29205322265625
781 8.046249389648438 -84.67839050292969
782 7.5198187828063965 -85.09101104736328
783 7.331029891967773 -85.18439483642578
784 6.931225299835205 -85.19871520996094
785 6.584910869598389 -85.1736068725586
786 6.091307640075684 -84.96785736083984
787 5.846078395843506 -84.83110809326172
788 5.380535125732422 -84.4462661743164
789 5.122552394866943 -84.25643157958984
790 4.759636878967285 -84.05794525146484
791 4.505688190460205 -83.9558334350586
792 4.071446895599365 -83.77111053466797
793 3.912177324295044 -83.73779296875
794 -2.694573402404785 -96.05339813232422
795 -2.5839357376098633 -96.1490249633789
796 -2.3387558460235596 -96.28731536865234
797 -1.8430176973342896 -96.51587677001953
798 -1.422203779220581 -96.68914794921875
799 -1.2238010168075562 -96.91514587402344
800 -1.0690912008285522 -97.33280181884766
801 -0.9814855456352234 -97.68001556396484
802 -0.9144940972328186 -98.09992218017578
803 -0.8776041269302368 -98.4616470336914
804 -0.7333091497421265 -99.42920684814453
805 -0.6264622211456299 -99.81166076660156
806 -0.4404035210609436 -100.22148132324219
807 -0.24712952971458435 -100.47798919677734
808 0.10066673159599304 -100.787353515625
809 0.5682865381240845 -101.06010437011719
810 1.0775715112686157 -101.34099578857422
811 1.5701082944869995 -101.6671371459961
812 1.884653925895691 -101.8669662475586
813 2.2589399814605713 -102.08336639404297
814 2.6095492839813232 -102.23502349853516
815 2.9507412910461426 -102.33448791503906
816 3.270838737487793 -102.41991424560547
817 3.6797940731048584 -102.53104400634766
818 4.392241954803467 -102.6930160522461
819 5.247352600097656 -102.84598541259766
820 5.6133623123168945 -102.88075256347656
821 6.24630069732666 -102.95439147949219
822 6.732006549835205 -103.06257629394531
823 7.204124450683594 -103.1169204711914
824 7.399528503417969 -103.06340026855469
825 7.599409580230713 -102.9104232788086
826 7.707131385803223 -102.62085723876953
827 8.159412384033203 -101.953369140625
828 8.475384712219238 -101.58223724365234
829 8.667389869689941 -101.39979553222656
830 8.997932434082031 -101.0365219116211
831 9.310322761535645 -100.70182800292969
832 9.473588943481445 -100.51869201660156
833 19.354005813598633 -78.95545196533203
834 19.5037899017334 -78.84574890136719
835 20.048315048217773 -78.57545471191406
836 20.43107795715332 -78.4940185546875
837 20.719879150390625 -78.52273559570312
838 21.073938369750977 -78.48898315429688
839 21.612041473388672 -78.38024139404297
840 21.822553634643555 -78.30400085449219
841 21.896873474121094 -78.28347778320312
842 12.763050079345703 -85.4133529663086
843 12.606614112854004 -85.57066345214844
844 12.426433563232422 -85.74346923828125
845 11.900256156921387 -86.13988494873047
846 11.624337196350098 -86.25812530517578
847 11.248815536499023 -86.3617172241211
848 11.114431381225586 -86.39549255371094
849 10.907005310058594 -86.44381713867188
850 9.68437671661377 -87.0675277709961
851 9.43404769897461 -87.18850708007812
852 9.150276184082031 -87.30529022216797
853 8.843274116516113 -87.37640380859375
854 8.611570358276367 -87.40298461914062
855 7.663373947143555 -87.61790466308594
856 7.466573238372803 -87.67839050292969
857 6.979943752288818 -87.78141021728516
858 6.535104751586914 -87.88135528564453
859 6.078001499176025 -87.96595001220703
860 5.5652995109558105 -88.08169555664062
861 5.094602584838867 -88.27046966552734
862 4.566169738769531 -88.50586700439453
863 4.342507362365723 -88.67339324951172
864 4.085181713104248 -88.99761962890625
865 3.903714656829834 -89.2410888671875
866 3.6386845111846924 -89.72877502441406
867 3.39483904838562 -90.1844711303711
868 3.2848970890045166 -90.39774322509766
869 3.1238059997558594 -90.76608276367188
870 3.081136465072632 -90.92890930175781
871 28.24418067932129 -89.75166320800781
872 28.45343589782715 -90.01912689208984
873 28.746137619018555 -90.41331481933594
874 28.966209411621094 -90.63075256347656
875 29.056644439697266 -90.76608276367188
876 29.4562931060791 -90.75834655761719
877 29.80002784729004 -90.7771987915039
878 30.03395652770996 -90.7544937133789
879 30.5658016204834 -90.71281433105469
880 31.087989807128906 -90.68798065185547
881 31.361495971679688 -90.72314453125
882 31.8169002532959 -90.90714263916016
883 32.32207489013672 -91.23918151855469
884 32.57755661010742 -91.43328857421875
885 32.754146575927734 -91.58607482910156
886 33.04616928100586 -91.89364624023438
887 33.419166564941406 -92.29776000976562
888 33.92596435546875 -92.8525390625
889 34.10585021972656 -93.04696655273438
890 34.47653579711914 -93.32670593261719
891 35.0450553894043 -93.77401733398438
892 35.24524688720703 -93.9073486328125
893 35.40816879272461 -93.97555541992188
894 35.71013641357422 -94.07996368408203
895 35.94544219970703 -94.13182830810547
896 36.7830810546875 -94.14244079589844
897 37.39329147338867 -94.10736083984375
898 37.78575897216797 -94.060302734375
899 38.14448928833008 -93.9576187133789
900 38.299232482910156 -93.7928237915039
901 38.41835021972656 -93.48181915283203
902 38.54807662963867 -92.97474670410156
903 38.61365509033203 -92.52288055419922
904 38.603816986083984 -92.34573364257812
905 38.526405334472656 -91.9916763305664
906 38.38520431518555 -91.61505126953125
907 35.18021774291992 -87.7710952758789
908 35.07647705078125 -87.54691314697266
909 34.979801177978516 -87.28549194335938
910 34.84897994995117 -87.00423431396484
911 34.606536865234375 -86.6714096069336
912 33.995201110839844 -85.84036254882812
913 33.88658905029297 -85.68305206298828
914 33.698612213134766 -85.40570831298828
915 33.32634735107422 -84.80783081054688
916 32.954288482666016 -84.23431396484375
917 32.73149490356445 -83.90409851074219
918 32.57865905761719 -83.73204803466797
919 9.782974243164062 -96.6502456665039
920 9.588340759277344 -96.76822662353516
921 9.338669776916504 -96.84082794189453
922 8.876747131347656 -96.96611785888672
923 8.30750846862793 -97.14585876464844
924 7.809013366699219 -97.32152557373047
925 7.4784135818481445 -97.41673278808594
926 7.234947204589844 -97.4794921875
927 6.641537666320801 -97.58880615234375
928 6.024836540222168 -97.72348022460938
929 5.499298095703125 -97.85691833496094
930 4.944624900817871 -98.03273010253906
931 4.541540622711182 -98.05863952636719
932 4.236897945404053 -97.90918731689453
933 3.702261209487915 -97.60838317871094
934 3.517162322998047 -97.37774658203125
935 3.347595691680908 -97.08380889892578
936 3.3237245082855225 -96.91690826416016
937 20.041934967041016 -81.87918090820312
938 20.157121658325195 -81.93203735351562
939 20.446565628051758 -82.14521026611328
940 20.952877044677734 -82.47224426269531
941 21.38632583618164 -82.78401184082031
942 21.500104904174805 -83.02669525146484
943 21.443435668945312 -83.60456085205078
944 21.215347290039062 -83.89593505859375
945 20.792234420776367 -84.09373474121094
946 20.4525203704834 -84.17546081542969
947 20.269594192504883 -84.19122314453125
948 20.02739906311035 -84.25520324707031
949 19.691272735595703 -84.32666778564453
950 19.02810287475586 -84.37494659423828
951 18.34640884399414 -84.40961456298828
952 17.57119369506836 -84.51940155029297
953 17.306291580200195 -84.59074401855469
954 17.03474235534668 -84.77549743652344
955 16.697425842285156 -85.12358093261719
956 16.6097469329834 -85.44602966308594
957 16.58568572998047 -85.71866607666016
958 16.651111602783203 -85.98782348632812
959 16.67320442199707 -86.15961456298828
960 30.152992248535156 -78.25520324707031
961 30.43544578552246 -78.21524047851562
962 30.908273696899414 -78.17888641357422
963 31.290346145629883 -78.16934967041016
964 31.64081573486328 -78.22260284423828
965 31.922311782836914 -78.27120971679688
966 32.18218231201172 -78.32096862792969
967 32.69781494140625 -78.47433471679688
968 33.07535171508789 -78.59660339355469
969 33.28665542602539 -78.65129089355469
970 33.56031799316406 -78.76001739501953
971 33.80393981933594 -78.87284088134766
972 34.78364181518555 -79.38285827636719
973 35.10177993774414 -79.55325317382812
974 35.405982971191406 -79.75398254394531
975 36.06919479370117 -80.18299102783203
976 36.529029846191406 -80.40570831298828
977 36.80691909790039 -80.50718688964844
978 37.137203216552734 -80.57613372802734
979 37.69253158569336 -80.52565002441406
980 38.17793273925781 -80.50054168701172
981 38.669090270996094 -80.43645477294922
982 39.10325622558594 -80.3656234741211
983 39.30207061767578 -80.30159759521484
984 39.729248046875 -80.0777587890625
985 39.96640396118164 -79.89842224121094
986 40.165531158447266 -79.7068099975586
987 40.328121185302734 -79.34518432617188
988 40.43452072143555 -78.92330169677734
989 40.46934509277344 -78.58566284179688
990 40.5248908996582 -77.69869995117188
991 40.55473327636719 -77.48524475097656
992 40.65109634399414 -77.23149871826172
993 40.725250244140625 -76.96084594726562
994 40.809783935546875 -76.72643280029297
995 41.15737533569336 -76.24068450927734
996 41.36475372314453 -75.90794372558594
997 41.63615417480469 -75.3730697631836
998 41.689876556396484 -75.18773651123047
999 41.73049545288086 -75.08544921875
