0 -64.9215087890625 -13.18910026550293
1 -64.92760467529297 -13.250407218933105
2 -64.99266052246094 -13.399065017700195
3 -65.1364517211914 -13.627488136291504
4 -65.25618743896484 -13.892157554626465
5 -65.31829833984375 -14.164880752563477
6 -65.47074127197266 -14.53229808807373
7 -65.57967376708984 -14.694730758666992
8 -65.62946319580078 -14.897627830505371
9 -65.67743682861328 -15.244516372680664
10 -65.73955535888672 -16.229969024658203
11 -65.81360626220703 -16.591840744018555
12 -65.9742202758789 -16.94930648803711
13 -66.19297790527344 -17.358304977416992
14 -66.34654998779297 -17.57583236694336
15 -66.48782348632812 -17.78736114501953
16 -66.74994659423828 -18.1925106048584
17 -67.02629089355469 -18.630699157714844
18 -67.30265045166016 -19.039140701293945
19 -67.63652801513672 -19.44382095336914
20 -67.89562225341797 -19.904945373535156
21 -68.00228118896484 -20.21613121032715
22 -68.10967254638672 -20.618711471557617
23 -68.1733169555664 -20.905982971191406
24 -68.26226043701172 -21.231077194213867
25 -68.31953430175781 -21.506772994995117
26 -68.3812255859375 -21.797327041625977
27 -68.47160339355469 -22.239707946777344
28 -68.55107879638672 -22.61500358581543
29 -68.65581512451172 -22.788341522216797
30 -68.86259460449219 -22.992992401123047
31 -69.40361022949219 -23.234636306762695
32 -69.76985931396484 -23.338838577270508
33 -70.05785369873047 -23.362398147583008
34 -70.32589721679688 -23.472131729125977
35 -70.35238647460938 -23.635408401489258
36 -70.10069274902344 -24.46446990966797
37 -69.9417724609375 -25.08486557006836
38 -69.93059539794922 -25.358596801757812
39 -69.9931640625 -25.673250198364258
40 -70.12886047363281 -25.877422332763672
41 -70.44872283935547 -25.965072631835938
42 -70.7397689819336 -25.97996711730957
43 -71.00872802734375 -25.82219886779785
44 -71.5544204711914 -25.248523712158203
45 -71.82241821289062 -24.96932029724121
46 -72.01521301269531 -24.742294311523438
47 -72.13872528076172 -24.513317108154297
48 -72.30841827392578 -24.070262908935547
49 -74.04891204833984 -15.768733024597168
50 -74.2466049194336 -15.782098770141602
51 -74.57525634765625 -16.062910079956055
52 -74.82217407226562 -16.232791900634766
53 -74.9674072265625 -16.44770622253418
54 -75.01435852050781 -16.792354583740234
55 -74.97740173339844 -16.972715377807617
56 -74.80379486083984 -17.31902313232422
57 -74.55908966064453 -17.846452713012695
58 -74.38374328613281 -18.085086822509766
59 -74.09701538085938 -18.30462074279785
60 -73.51443481445312 -18.674213409423828
61 -73.01904296875 -19.06418800354004
62 -72.54674530029297 -19.46234703063965
63 -72.3846206665039 -19.5133113861084
64 -72.17827606201172 -19.618877410888672
65 -71.87699890136719 -19.460487365722656
66 -71.51089477539062 -19.122421264648438
67 -71.25163269042969 -18.659812927246094
68 -71.05377960205078 -18.303668975830078
69 -70.97053527832031 -18.024450302124023
70 -71.09873962402344 -17.812101364135742
71 -71.32393646240234 -17.497220993041992
72 -71.52525329589844 -17.202232360839844
73 -71.62344360351562 -16.93388557434082
74 -71.79785919189453 -16.47469139099121
75 -71.8862533569336 -16.116195678710938
76 -71.83538818359375 -15.725576400756836
77 -71.59273529052734 -15.545920372009277
78 -71.3284683227539 -15.448919296264648
79 -71.05797576904297 -15.380038261413574
80 -70.77618408203125 -15.376187324523926
81 -70.50921630859375 -15.33432674407959
82 -70.1809310913086 -15.410914421081543
83 -69.9314956665039 -15.481613159179688
84 -69.8000717163086 -15.581162452697754
85 -69.46294403076172 -15.78836727142334
86 -69.06993103027344 -16.055383682250977
87 -68.7896957397461 -16.260347366333008
88 -68.69379425048828 -16.595142364501953
89 -68.65813446044922 -17.090402603149414
90 -68.76222229003906 -17.370378494262695
91 -68.82713317871094 -17.552350997924805
92 -68.88373565673828 -17.603254318237305
93 -87.30648040771484 0.4615227282047272
94 -87.38290405273438 0.6776738166809082
95 -87.5609359741211 1.0756986141204834
96 -87.7633056640625 1.5050026178359985
97 -87.841064453125 1.7739393711090088
98 -87.83963775634766 1.9695301055908203
99 -87.92041015625 2.2064406871795654
100 -88.16226959228516 2.626861572265625
101 -88.26512145996094 2.7880961894989014
102 -88.47045135498047 2.779346227645874
103 -88.8485107421875 2.7329797744750977
104 -89.59204864501953 2.7283670902252197
105 -90.1578369140625 2.7264370918273926
106 -90.53813171386719 2.7239043712615967
107 -90.9611587524414 2.7069616317749023
108 -91.2019271850586 2.681976079940796
109 -91.39897918701172 2.663520336151123
110 -91.92341613769531 2.58095383644104
111 -92.34870910644531 2.4942197799682617
112 -92.66497802734375 2.4011127948760986
113 -93.05754852294922 2.2392873764038086
114 -93.66673278808594 1.965114951133728
115 -93.9677505493164 1.8295693397521973
116 -94.31041717529297 1.6500904560089111
117 -94.5544204711914 1.429470181465149
118 -94.83987426757812 1.1447416543960571
119 -95.01652526855469 0.8550897240638733
120 -95.1022720336914 0.6033419966697693
121 -95.27864837646484 0.22034519910812378
122 -95.36984252929688 0.007692952174693346
123 -95.39900207519531 -0.35765570402145386
124 -95.27803802490234 -0.7532382011413574
125 -95.01783752441406 -1.023572325706482
126 -94.7204360961914 -1.2603726387023926
127 -94.44945526123047 -1.3809698820114136
128 -93.96768951416016 -1.5008907318115234
129 -93.61641693115234 -1.469180703163147
130 -93.33589172363281 -1.41845703125
131 -92.98541259765625 -1.4104417562484741
132 -92.6194076538086 -1.4306604862213135
133 -92.25733947753906 -1.4229280948638916
134 -92.0112075805664 -1.4124387502670288
135 -91.76021575927734 -1.4741666316986084
136 -91.52182006835938 -1.6003830432891846
137 -91.31438446044922 -1.720952033996582
138 -91.08085632324219 -1.8770281076431274
139 -90.38541412353516 -2.3018600940704346
140 -90.19007110595703 -2.3763818740844727
141 -90.09831237792969 -2.391650915145874
142 -61.3896369934082 1.0084149837493896
143 -61.40243911743164 0.8778215050697327
144 -61.40202331542969 0.6851903200149536
145 -61.47391128540039 0.44605761766433716
146 -61.60831832885742 -0.04926734045147896
147 -61.81072998046875 -0.6220923066139221
148 -61.979888916015625 -1.1236975193023682
149 -62.10771560668945 -1.4432247877120972
150 -62.407310485839844 -1.933497667312622
151 -62.52334213256836 -2.2718961238861084
152 -62.683841705322266 -2.6642465591430664
153 -62.88295364379883 -2.994312286376953
154 -62.97660446166992 -3.1665680408477783
155 -63.171142578125 -3.273932456970215
156 -63.436607360839844 -3.338408946990967
157 -63.70470428466797 -3.3300678730010986
158 -63.892799377441406 -3.3136868476867676
159 -77.09605407714844 2.258307456970215
160 -77.232421875 2.3989596366882324
161 -77.3394546508789 2.6734180450439453
162 -77.60453796386719 3.3290674686431885
163 -77.81243896484375 3.645960569381714
164 -77.8882064819336 3.830106496810913
165 -77.79996490478516 4.088571071624756
166 -77.72879791259766 4.3499531745910645
167 -77.5649185180664 4.566969394683838
168 -77.09085845947266 4.908836364746094
169 -76.82051849365234 5.105981826782227
170 -76.58763122558594 5.3344197273254395
171 -76.44957733154297 5.4924445152282715
172 -76.25115203857422 5.667792320251465
173 -75.94828796386719 5.930027008056641
174 -75.72807312011719 6.07386589050293
175 -75.5528335571289 6.253472805023193
176 -75.3798828125 6.5237040519714355
177 -75.13125610351562 7.031750202178955
178 -74.94256591796875 7.358942031860352
179 -74.87272644042969 7.810556888580322
180 -74.92192840576172 8.056520462036133
181 -75.23773956298828 8.262292861938477
182 -75.52318572998047 8.514169692993164
183 -75.88224792480469 8.705817222595215
184 -76.10173034667969 8.858136177062988
185 -76.17903137207031 8.97290325164795
186 -76.2256851196289 9.232609748840332
187 -76.27840423583984 9.669326782226562
188 -76.36311340332031 9.90671443939209
189 -76.32978820800781 10.213468551635742
190 -76.23843383789062 10.402483940124512
191 -76.14773559570312 10.849302291870117
192 -76.07575988769531 10.978829383850098
193 -76.00769805908203 11.047586441040039
194 -75.90435028076172 11.342391967773438
195 -75.73779296875 11.516718864440918
196 -75.5812759399414 11.570525169372559
197 -75.34416198730469 11.582776069641113
198 -74.9911880493164 11.387940406799316
199 -74.56420135498047 11.248307228088379
200 -73.8613052368164 11.200549125671387
201 -73.62000274658203 11.109371185302734
202 -73.24627685546875 10.797313690185547
203 -73.09397888183594 10.707921028137207
204 -72.85995483398438 10.52141284942627
205 -72.52212524414062 10.176355361938477
206 -72.2439956665039 9.949114799499512
207 -72.1131820678711 9.715484619140625
208 -71.96805572509766 9.339492797851562
209 -71.81021118164062 9.106093406677246
210 -71.67330169677734 8.97465705871582
211 -71.40608215332031 8.727025985717773
212 -71.2218017578125 8.535858154296875
213 -70.8982925415039 8.254754066467285
214 -70.59156799316406 8.037507057189941
215 -70.27849578857422 7.77611780166626
216 -69.95355224609375 7.633721828460693
217 -69.60063934326172 7.520050048828125
218 -69.20262145996094 7.4852752685546875
219 -69.00054168701172 7.4592156410217285
220 -68.87091064453125 7.375223636627197
221 -68.6455307006836 7.181609153747559
222 -68.44396209716797 6.984879493713379
223 -68.2634506225586 6.789880275726318
224 -68.01506042480469 6.585392475128174
225 -67.7685775756836 6.408134460449219
226 -67.42298126220703 6.158623695373535
227 -67.13768005371094 6.009263038635254
228 -66.9411392211914 5.916788578033447
229 -56.40811538696289 -14.89711856842041
230 -56.62621307373047 -14.90443229675293
231 -56.85356140136719 -14.89224910736084
232 -57.11345291137695 -14.803812026977539
233 -57.24484634399414 -14.741339683532715
234 -57.38980484008789 -14.649422645568848
235 -57.61516189575195 -14.466861724853516
236 -58.03038787841797 -14.165185928344727
237 -58.34275436401367 -13.89083194732666
238 -58.507301330566406 -13.704596519470215
239 -59.04514694213867 -13.005370140075684
240 -59.19377899169922 -12.773524284362793
241 -59.26377868652344 -12.604659080505371
242 -59.318180084228516 -12.242074966430664
243 -59.32848358154297 -11.82821273803711
244 -59.33205032348633 -11.009474754333496
245 -59.3417854309082 -10.502710342407227
246 -59.33744430541992 -10.245935440063477
247 -59.381778717041016 -9.983261108398438
248 -59.46395492553711 -9.612377166748047
249 -59.512001037597656 -9.229809761047363
250 -59.57535934448242 -8.998273849487305
251 -59.72053909301758 -8.71338939666748
252 -60.04873275756836 -8.224313735961914
253 -60.16236114501953 -8.03661060333252
254 -60.237396240234375 -7.778955459594727
255 -60.163360595703125 -7.480234622955322
256 -59.90022659301758 -6.955236434936523
257 -59.753665924072266 -6.769558429718018
258 -59.54806137084961 -6.471081733703613
259 -59.00748825073242 -5.715286731719971
260 -58.830169677734375 -5.401247024536133
261 -58.6978874206543 -5.084102630615234
262 -58.62876510620117 -4.825200080871582
263 -58.64268493652344 -4.640293121337891
264 -58.74050521850586 -4.354856014251709
265 -58.84431838989258 -4.138416767120361
266 -77.22454071044922 -0.7568183541297913
267 -77.12581634521484 -0.8490334749221802
268 -76.95591735839844 -0.8652215600013733
269 -76.75502014160156 -0.9778491854667664
270 -76.5051040649414 -1.2166903018951416
271 -76.2796401977539 -1.431044340133667
272 -75.93645477294922 -1.7034348249435425
273 -75.75057983398438 -1.8507808446884155
274 -75.61884307861328 -2.0102601051330566
275 -75.46219635009766 -2.2565436363220215
276 -75.29414367675781 -2.5142552852630615
277 -75.13059997558594 -2.887209415435791
278 -75.09156036376953 -3.087480068206787
279 -75.05057525634766 -4.1724371910095215
280 -75.01222229003906 -4.452883243560791
281 -74.92809295654297 -4.7595648765563965
282 -74.84748077392578 -4.9848551750183105
283 -74.76498413085938 -5.312922477722168
284 -74.76976013183594 -5.633586883544922
285 -74.77337646484375 -6.015363693237305
286 -74.73607635498047 -6.401312351226807
287 -74.66218566894531 -6.789332389831543
288 -74.5644760131836 -7.0724196434021
289 -74.4767074584961 -7.4346604347229
290 -74.42430877685547 -7.7850260734558105
291 -74.32682037353516 -8.113954544067383
292 -72.89848327636719 -12.878832817077637
293 -72.68793487548828 -13.08216381072998
294 -72.46039581298828 -13.208041191101074
295 -72.19367980957031 -13.211065292358398
296 -71.32954406738281 -13.160533905029297
297 -70.7208251953125 -13.205875396728516
298 -70.20549774169922 -13.297913551330566
299 -69.84790802001953 -13.365262031555176
300 -69.52519226074219 -13.369400024414062
301 -69.18008422851562 -13.324936866760254
302 -68.8072738647461 -13.191642761230469
303 -68.44290924072266 -12.9193115234375
304 -68.06627655029297 -12.547993659973145
305 -67.86825561523438 -12.202628135681152
306 -67.83572387695312 -11.882749557495117
307 -67.87054443359375 -11.630921363830566
308 -68.02274322509766 -11.384881973266602
309 -68.2694320678711 -11.173212051391602
310 -68.517333984375 -10.986135482788086
311 -68.7929458618164 -10.881775856018066
312 -69.043701171875 -10.843215942382812
313 -69.29644012451172 -10.827094078063965
314 -69.69713592529297 -10.71563720703125
315 -69.98494720458984 -10.668211936950684
316 -70.32078552246094 -10.66850471496582
317 -70.56068420410156 -10.650529861450195
318 -70.998291015625 -10.725044250488281
319 -71.38204956054688 -10.853304862976074
320 -72.03878021240234 -10.953954696655273
321 -72.47779083251953 -10.935416221618652
322 -72.68959045410156 -10.857161521911621
323 -72.78641510009766 -10.681219100952148
324 -72.66172790527344 -10.378573417663574
325 -72.43438720703125 -9.955945014953613
326 -72.26204681396484 -9.701254844665527
327 -72.0933837890625 -9.428441047668457
328 -71.91631317138672 -9.102086067199707
329 -71.74919128417969 -8.741751670837402
330 -71.65484619140625 -8.563228607177734
331 -71.54177856445312 -8.383469581604004
332 -71.4415283203125 -8.205026626586914
333 -67.85455322265625 1.7315419912338257
334 -67.55046081542969 2.041905403137207
335 -67.32998657226562 2.250537395477295
336 -67.0281982421875 2.491173267364502
337 -66.82597351074219 2.644260883331299
338 -66.5493392944336 2.7077958583831787
339 -66.29277801513672 2.6350111961364746
340 -66.14800262451172 2.465632438659668
341 -66.01799774169922 2.211416244506836
342 -65.83026123046875 1.8781054019927979
343 -65.71874237060547 1.378375768661499
344 -65.68817138671875 0.9664585590362549
345 -65.68094635009766 0.549032986164093
346 -65.76361083984375 0.24650752544403076
347 -65.77953338623047 0.00994046125560999
348 -65.78050994873047 -0.1580987125635147
349 -65.83184814453125 -0.3480256199836731
350 -65.96808624267578 -0.6416524648666382
351 -66.2459945678711 -1.0204992294311523
352 -66.4406509399414 -1.2715709209442139
353 -66.90099334716797 -1.7677481174468994
354 -67.16011047363281 -1.9879432916641235
355 -67.41902923583984 -2.2041563987731934
356 -67.70841217041016 -2.356675863265991
357 -67.96345520019531 -2.4474289417266846
358 -68.32034301757812 -2.565720796585083
359 -68.60397338867188 -2.6623098850250244
360 -68.71883392333984 -2.6941447257995605
361 -68.95870208740234 -2.817780017852783
362 -82.09246063232422 -10.756640434265137
363 -82.27275848388672 -11.126350402832031
364 -82.32022094726562 -11.392480850219727
365 -82.21771240234375 -11.530765533447266
366 -81.91424560546875 -11.775360107421875
367 -81.73706817626953 -11.930390357971191
368 -81.51895904541016 -11.98098373413086
369 -81.14900970458984 -11.850798606872559
370 -80.89010620117188 -11.699976921081543
371 -80.62295532226562 -11.602737426757812
372 -80.2874526977539 -11.58799934387207
373 -80.0528335571289 -11.59967041015625
374 -79.53136444091797 -11.657520294189453
375 -79.24861145019531 -11.6795015335083
376 -78.76649475097656 -11.691221237182617
377 -78.6002426147461 -11.716206550598145
378 -78.41859436035156 -11.740701675415039
379 -78.18144989013672 -11.781254768371582
380 -64.59516143798828 -19.49262046813965
381 -64.56314086914062 -19.719003677368164
382 -64.53646850585938 -19.90268325805664
383 -64.5120849609375 -20.196876525878906
384 -64.46522521972656 -20.572587966918945
385 -64.48005676269531 -20.864131927490234
386 -64.52538299560547 -21.437896728515625
387 -64.59846496582031 -21.844398498535156
388 -64.59400939941406 -22.168981552124023
389 -64.59550476074219 -22.65424156188965
390 -64.57752990722656 -23.122142791748047
391 -64.53133392333984 -23.443696975708008
392 -64.35211181640625 -23.980920791625977
393 -64.14777374267578 -24.339147567749023
394 -63.88401794433594 -24.501903533935547
395 -63.67529296875 -24.44902992248535
396 -63.14662551879883 -24.165498733520508
397 -62.82805633544922 -24.042463302612305
398 -62.65263748168945 -23.9381046295166
399 -62.25444030761719 -23.650049209594727
400 -62.03596496582031 -23.39443588256836
401 -61.8802375793457 -23.22942543029785
402 -61.667728424072266 -23.01875114440918
403 -61.34811019897461 -22.647268295288086
404 -61.16213607788086 -22.379070281982422
405 -60.92290115356445 -21.995975494384766
406 -60.83757019042969 -21.81153106689453
407 -60.846771240234375 -21.57229995727539
408 -60.87226104736328 -21.150014877319336
409 -61.02643585205078 -20.235876083374023
410 -61.15718078613281 -19.72064781188965
411 -61.276527404785156 -19.383991241455078
412 -61.38212585449219 -19.124500274658203
413 -61.591453552246094 -18.760948181152344
414 -61.733734130859375 -18.500886917114258
415 -61.851348876953125 -18.273099899291992
416 -61.9226188659668 -17.978036880493164
417 -61.96601104736328 -17.70554542541504
418 -62.015235900878906 -17.46816635131836
419 -62.04621887207031 -17.27205467224121
420 -62.09983825683594 -16.926345825195312
421 -80.14381408691406 -0.5651687383651733
422 -80.21703338623047 -0.7758699059486389
423 -80.26127624511719 -0.88704913854599
424 -80.40816497802734 -1.0115032196044922
425 -80.9808349609375 -1.2946557998657227
426 -81.3934097290039 -1.4665197134017944
427 -81.7083511352539 -1.555749773979187
428 -81.95211791992188 -1.6019058227539062
429 -85.67724609375 -2.0576117038726807
430 -85.9752197265625 -2.0953006744384766
431 -86.23253631591797 -2.1960456371307373
432 -86.68325805664062 -2.764254331588745
433 -86.82867431640625 -3.0924606323242188
434 -86.90168762207031 -3.3142833709716797
435 -86.98563385009766 -3.730841875076294
436 -87.0699234008789 -4.034485340118408
437 -87.20207214355469 -4.364900588989258
438 -87.32072448730469 -4.572329521179199
439 -87.5380859375 -4.9113640785217285
440 -87.66133880615234 -5.107866287231445
441 -87.9886245727539 -5.407716751098633
442 -88.24388122558594 -5.642515182495117
443 -88.43617248535156 -5.84036922454834
444 -88.58167266845703 -6.126911640167236
445 -88.64042663574219 -6.272079944610596
446 -88.71342468261719 -6.444045543670654
447 -88.92718505859375 -6.724298477172852
448 -89.04363250732422 -6.9383625984191895
449 -89.162353515625 -7.2854814529418945
450 -89.32688903808594 -7.764969348907471
451 -89.61714172363281 -8.446764945983887
452 -89.74497985839844 -8.926222801208496
453 -89.85718536376953 -9.448063850402832
454 -89.97612762451172 -9.868258476257324
455 -89.99774169921875 -10.086739540100098
456 -89.66023254394531 -10.744215965270996
457 -89.5202865600586 -11.044693946838379
458 -89.40148162841797 -11.162423133850098
459 -88.99656677246094 -11.339838981628418
460 -88.79971313476562 -11.42548656463623
461 -88.65238189697266 -11.509354591369629
462 -79.67147064208984 -13.722200393676758
463 -79.40060424804688 -13.765678405761719
464 -79.0084457397461 -13.782061576843262
465 -78.57537078857422 -13.761720657348633
466 -77.34518432617188 -13.50865364074707
467 -76.97201538085938 -13.457540512084961
468 -76.74827575683594 -13.58318042755127
469 -76.61454772949219 -13.927085876464844
470 -76.71479797363281 -14.253780364990234
471 -76.83687591552734 -14.532278060913086
472 -77.0157241821289 -14.816612243652344
473 -77.32331085205078 -15.22779369354248
474 -77.52283477783203 -15.405628204345703
475 -77.86827850341797 -15.625175476074219
476 -78.1833267211914 -15.686294555664062
477 -78.47441864013672 -15.74726676940918
478 -79.13555908203125 -15.972841262817383
479 -79.36676788330078 -16.104755401611328
480 -79.510009765625 -16.168685913085938
481 -79.7658462524414 -16.27161979675293
482 -80.00377655029297 -16.414087295532227
483 -80.35223388671875 -16.622201919555664
484 -80.6488265991211 -16.76788330078125
485 -80.78102111816406 -16.86721420288086
486 -81.20624542236328 -17.226322174072266
487 -81.38533020019531 -17.347244262695312
488 -81.65737915039062 -17.5313777923584
489 -81.99996948242188 -17.75909423828125
490 -82.25371551513672 -17.979455947875977
491 -82.5313949584961 -18.282419204711914
492 -82.63020324707031 -18.309194564819336
493 -82.90116882324219 -18.22964096069336
494 -83.40813446044922 -18.112215042114258
495 -83.54135131835938 -18.042551040649414
496 -84.00592041015625 -17.766347885131836
497 -84.42459106445312 -17.500259399414062
498 -84.63924407958984 -17.34849739074707
499 -84.83552551269531 -17.205278396606445
500 -85.00941467285156 -16.990922927856445
501 -85.24284362792969 -16.767995834350586
502 -85.58000946044922 -16.524995803833008
503 -85.78119659423828 -16.347307205200195
504 -85.97164154052734 -16.173906326293945
505 -86.193603515625 -15.964086532592773
506 -86.39998626708984 -15.816344261169434
507 -86.60093688964844 -15.688940048217773
508 -86.82381439208984 -15.543249130249023
509 -87.21675872802734 -15.249696731567383
510 -87.47368621826172 -15.029293060302734
511 -87.7647933959961 -14.805405616760254
512 -88.05674743652344 -14.58289623260498
513 -88.29624938964844 -14.44614315032959
514 -88.55355072021484 -14.40858268737793
515 -89.08168029785156 -14.481842994689941
516 -89.49830627441406 -14.52267837524414
517 -89.8521728515625 -14.672903060913086
518 -90.18278503417969 -14.796162605285645
519 -90.32130432128906 -14.888607025146484
520 -90.4543228149414 -15.025388717651367
521 -90.63793182373047 -15.266051292419434
522 -90.89288330078125 -15.587738037109375
523 -91.1170654296875 -15.906338691711426
524 -91.16131591796875 -16.253826141357422
525 -91.12850952148438 -16.570735931396484
526 -91.04196166992188 -16.994243621826172
527 -90.92150115966797 -17.273130416870117
528 -90.81598663330078 -17.49043083190918
529 -90.67324829101562 -17.701417922973633
530 -90.57059478759766 -17.91996192932129
531 -90.35468292236328 -18.019107818603516
532 -89.9967041015625 -18.074617385864258
533 -89.59889221191406 -18.218814849853516
534 -89.31329345703125 -18.32088279724121
535 -89.026611328125 -18.43472671508789
536 -88.7207260131836 -18.617931365966797
537 -88.09244537353516 -18.95232582092285
538 -87.89582824707031 -19.076839447021484
539 -87.49903869628906 -19.353574752807617
540 -87.20452117919922 -19.57369041442871
541 -87.18191528320312 -19.730300903320312
542 -87.03849792480469 -19.94410514831543
543 -86.94984436035156 -20.235279083251953
544 -86.8685531616211 -20.57783317565918
545 -86.8116455078125 -20.827545166015625
546 -86.73053741455078 -21.002702713012695
547 -86.5033187866211 -21.228788375854492
548 -86.28762817382812 -21.417165756225586
549 -86.02658081054688 -21.5886287689209
550 -85.72770690917969 -21.77112579345703
551 -85.4201889038086 -21.806541442871094
552 -85.09193420410156 -21.69976043701172
553 -84.85140991210938 -21.573083877563477
554 -84.69759368896484 -21.410438537597656
555 -84.56473541259766 -21.105775833129883
556 -84.43458557128906 -20.800806045532227
557 -84.32638549804688 -20.594507217407227
558 -71.7767333984375 -2.6868231296539307
559 -71.80978393554688 -2.537567138671875
560 -71.91793823242188 -2.4351301193237305
561 -72.22628784179688 -2.2954697608947754
562 -72.52802276611328 -2.1295840740203857
563 -72.90005493164062 -1.947555661201477
564 -73.05179595947266 -1.6986843347549438
565 -73.09345245361328 -1.4454114437103271
566 -73.16228485107422 -1.040418028831482
567 -73.31787872314453 -0.7305369973182678
568 -73.5110092163086 -0.5665068626403809
569 -73.68075561523438 -0.3705108165740967
570 -73.82328033447266 -0.2109605371952057
571 -73.99571990966797 -0.12928339838981628
572 -74.17967224121094 -0.054734740406274796
573 -74.35840606689453 0.09195219725370407
574 -74.63851928710938 0.3078978955745697
575 -74.6963119506836 0.4944295883178711
576 -74.66546630859375 0.7042602300643921
577 -74.62356567382812 1.0114812850952148
578 -74.41100311279297 1.38346529006958
579 -74.26577758789062 1.5162259340286255
580 -73.89718627929688 1.780775547027588
581 -73.49673461914062 2.141089916229248
582 -73.27125549316406 2.2303295135498047
583 -73.02182006835938 2.1379666328430176
584 -72.68977355957031 2.156954288482666
585 -72.12808990478516 2.268571615219116
586 -71.62693786621094 2.3294787406921387
587 -71.24014282226562 2.273270606994629
588 -70.78614807128906 2.2032647132873535
589 -70.53008270263672 2.051377773284912
590 -70.38433837890625 1.9221947193145752
591 -70.27415466308594 1.7572004795074463
592 -70.20587158203125 1.4869378805160522
593 -70.21675872802734 1.1571383476257324
594 -70.27605438232422 0.7649615406990051
595 -70.53063201904297 0.5343874096870422
596 -70.7679443359375 0.34380775690078735
597 -78.2027359008789 -2.7491934299468994
598 -78.52294921875 -2.9016425609588623
599 -78.64347839355469 -3.017143726348877
600 -79.04124450683594 -3.3053324222564697
601 -81.09093475341797 -5.758902549743652
602 -81.19303131103516 -6.024601459503174
603 -81.19004821777344 -6.291423320770264
604 -81.0697021484375 -6.622366905212402
605 -80.9343032836914 -6.921243667602539
606 -80.80675506591797 -7.176817417144775
607 -80.7466049194336 -7.362346172332764
608 -80.66020965576172 -7.6617841720581055
609 -80.61382293701172 -8.064677238464355
610 -80.55216217041016 -8.49235725402832
611 -80.41680908203125 -8.697672843933105
612 -79.88277435302734 -9.05958366394043
613 -79.74694061279297 -9.169905662536621
614 -79.55867767333984 -9.303967475891113
615 -79.28766632080078 -9.379544258117676
616 -78.67318725585938 -9.45847225189209
617 -78.07225799560547 -9.467490196228027
618 -77.09814453125 -9.388060569763184
619 -76.77093505859375 -9.480082511901855
620 -76.31417846679688 -9.710838317871094
621 -75.96531677246094 -10.028032302856445
622 -75.66654968261719 -10.398810386657715
623 -75.37570190429688 -10.712450981140137
624 -75.17192077636719 -10.99642562866211
625 -75.14190673828125 -11.134779930114746
626 -75.0259780883789 -11.407869338989258
627 -74.9744644165039 -11.660006523132324
628 -74.93180084228516 -11.819316864013672
629 -74.93898010253906 -11.978271484375
630 -74.95429229736328 -12.1475830078125
631 -77.42823028564453 -17.912254333496094
632 -77.58964538574219 -18.30398178100586
633 -77.6817626953125 -18.5329647064209
634 -77.8106918334961 -18.753984451293945
635 -77.95287322998047 -18.921249389648438
636 -78.22056579589844 -19.187917709350586
637 -78.49899291992188 -19.437536239624023
638 -78.6556625366211 -19.571889877319336
639 -79.00209045410156 -19.82024383544922
640 -79.34417724609375 -20.031681060791016
641 -79.51274108886719 -20.150440216064453
642 -79.71690368652344 -20.295629501342773
643 -79.85497283935547 -20.40660858154297
644 -80.10731506347656 -20.66368865966797
645 -80.37891387939453 -20.910051345825195
646 -80.77804565429688 -21.148576736450195
647 -81.15327453613281 -21.308332443237305
648 -81.50362396240234 -21.53297233581543
649 -81.69800567626953 -21.70571517944336
650 -81.71112060546875 -21.913782119750977
651 -81.70841979980469 -22.32638168334961
652 -81.66648864746094 -22.62607765197754
653 -81.57905578613281 -23.14813995361328
654 -81.46302032470703 -23.65886116027832
655 -81.3695297241211 -23.92726707458496
656 -81.2501220703125 -24.21158218383789
657 -81.15135192871094 -24.532907485961914
658 -80.96412658691406 -24.839435577392578
659 -80.88868713378906 -25.022043228149414
660 -80.72325897216797 -25.16054344177246
661 -80.55245208740234 -25.35125160217285
662 -80.22054290771484 -25.50657844543457
663 -79.61885070800781 -25.67787742614746
664 -79.2880859375 -25.69892692565918
665 -79.11112213134766 -25.67965316772461
666 -78.89689636230469 -25.65592384338379
667 -78.69109344482422 -25.464094161987305
668 -78.34803771972656 -25.111204147338867
669 -78.10226440429688 -24.879838943481445
670 -77.85126495361328 -24.678848266601562
671 -77.72034454345703 -24.462114334106445
672 -77.68061828613281 -24.211097717285156
673 -77.76664733886719 -23.825654983520508
674 -77.91567993164062 -23.35270881652832
675 -77.84978485107422 -23.106712341308594
676 -77.73003387451172 -22.856060028076172
677 -77.44042205810547 -22.765640258789062
678 -76.47789764404297 -22.578943252563477
679 -76.20433044433594 -22.519641876220703
680 -75.58721923828125 -22.338092803955078
681 -75.00254821777344 -22.25449562072754
682 -74.68768310546875 -22.20050048828125
683 -74.48248291015625 -21.996492385864258
684 -74.24960327148438 -21.770280838012695
685 -74.18170166015625 -21.56412696838379
686 -74.2800064086914 -21.291078567504883
687 -74.46793365478516 -21.04867172241211
688 -74.70075225830078 -20.772890090942383
689 -75.03712463378906 -20.522802352905273
690 -75.3657455444336 -20.29970359802246
691 -75.74598693847656 -20.111717224121094
692 -75.93273162841797 -20.102914810180664
693 -76.3686294555664 -20.13132667541504
694 -76.69791412353516 -20.114334106445312
695 -82.01057434082031 -15.03627872467041
696 -82.11077117919922 -14.908931732177734
697 -82.43440246582031 -14.709096908569336
698 -82.67491149902344 -14.550046920776367
699 -83.0819091796875 -14.236955642700195
700 -83.31866455078125 -13.984098434448242
701 -83.54926300048828 -13.926251411437988
702 -83.71319580078125 -13.930008888244629
703 -83.95611572265625 -14.012042045593262
704 -84.23737335205078 -14.03014087677002
705 -84.49665069580078 -13.943849563598633
706 -84.7281723022461 -13.775497436523438
707 -84.96833801269531 -13.474279403686523
708 -85.08258819580078 -13.229618072509766
709 -85.0883560180664 -13.023652076721191
710 -85.036376953125 -12.62376594543457
711 -85.0971908569336 -12.347129821777344
712 -85.09202575683594 -11.8961820602417
713 -85.10935974121094 -11.7078275680542
714 -85.39200592041016 -11.378129959106445
715 -85.5826644897461 -11.108116149902344
716 -85.66668701171875 -10.88986587524414
717 -85.8172378540039 -10.702291488647461
718 -85.99898529052734 -10.51335334777832
719 -86.28536987304688 -10.344890594482422
720 -86.53337097167969 -10.08100414276123
721 -86.59760284423828 -9.937887191772461
722 -86.70423889160156 -9.650124549865723
723 -86.82655334472656 -9.33713436126709
724 -86.75695037841797 -9.12978458404541
725 -86.61382293701172 -8.824183464050293
726 -86.37750244140625 -8.436569213867188
727 -85.95507049560547 -7.796549320220947
728 -85.74835968017578 -7.3764262199401855
729 -85.63925170898438 -6.994656562805176
730 -85.54574584960938 -6.778209209442139
731 -85.38813781738281 -6.50720739364624
732 -85.23934173583984 -6.299630165100098
733 -84.87936401367188 -6.002034664154053
734 -84.52527618408203 -5.792273044586182
735 -84.3448257446289 -5.722902297973633
736 -84.19237518310547 -5.7573747634887695
737 -84.09868621826172 -5.9358601570129395
738 -83.94688415527344 -6.31331205368042
739 -83.8753890991211 -6.792871475219727
740 -83.74726104736328 -7.444478511810303
741 -83.62771606445312 -7.719204902648926
742 -83.45181274414062 -7.924698829650879
743 -83.32691955566406 -8.204550743103027
744 -83.1844253540039 -8.486845016479492
745 -83.10227966308594 -8.739848136901855
746 -74.09883880615234 -30.312992095947266
747 -73.94607543945312 -30.367048263549805
748 -73.78730773925781 -30.327566146850586
749 -73.59457397460938 -30.200702667236328
750 -73.40296173095703 -30.00929069519043
751 -73.09373474121094 -29.663467407226562
752 -72.82245635986328 -29.415634155273438
753 -72.7353744506836 -29.204309463500977
754 -72.80199432373047 -28.963878631591797
755 -72.8398666381836 -28.62257194519043
756 -73.03583526611328 -28.30750846862793
757 -73.16588592529297 -28.134920120239258
758 -73.27536010742188 -27.89053726196289
759 -73.4094009399414 -27.62027931213379
760 -73.61006927490234 -27.298316955566406
761 -73.77708435058594 -27.00791358947754
762 -73.84750366210938 -26.90268325805664
763 -78.3940200805664 -7.7892913818359375
764 -78.33769226074219 -7.645310878753662
765 -78.23308563232422 -7.556809902191162
766 -77.2276382446289 -7.127851486206055
767 -77.10029602050781 -6.979072570800781
768 -77.00605773925781 -6.70262336730957
769 -77.10957336425781 -6.4288201332092285
770 -77.23555755615234 -6.207992076873779
771 -77.58409118652344 -5.98049783706665
772 -77.86317443847656 -5.806374549865723
773 -78.23112487792969 -5.502455711364746
774 -78.96778869628906 -5.06803035736084
775 -79.3263931274414 -4.891132354736328
776 -79.60074615478516 -4.75467586517334
777 -79.86371612548828 -4.6278510093688965
778 -80.18638610839844 -4.513540744781494
779 -80.60575866699219 -4.365340232849121
780 -81.11712646484375 -4.2293009757995605
781 -81.39364624023438 -4.119308948516846
782 -81.71733093261719 -4.0558881759643555
783 -81.98261260986328 -4.007280349731445
784 -82.46662139892578 -3.9025049209594727
785 -82.77767944335938 -3.756312370300293
786 -83.0522689819336 -3.5842084884643555
787 -83.31375885009766 -3.348356246948242
788 -83.57673645019531 -3.0384929180145264
789 -83.74076080322266 -2.6995608806610107
790 -83.79557800292969 -2.4497015476226807
791 -83.83296203613281 -2.177527666091919
792 -83.83720397949219 -1.9222872257232666
793 -83.8147964477539 -1.4507495164871216
794 -83.83662414550781 -0.9100170135498047
795 -83.8373794555664 -0.5915619134902954
796 -83.82532501220703 -0.02114698477089405
797 -83.67938232421875 0.7733905911445618
798 -83.51997375488281 1.304923176765442
799 -83.4375 1.580327033996582
800 -83.3641357421875 1.8658504486083984
801 -83.27696990966797 2.1912333965301514
802 -83.07209014892578 2.69309401512146
803 -82.9777603149414 2.9482452869415283
804 -82.86642456054688 3.3167550563812256
805 -82.79095458984375 3.6654837131500244
806 -82.76803588867188 4.213826656341553
807 -82.79161071777344 4.42710542678833
808 -82.9151611328125 4.616089820861816
809 -83.10542297363281 4.890503883361816
810 -83.30315399169922 5.300211429595947
811 -83.41361236572266 5.557285308837891
812 -83.5329360961914 5.854647636413574
813 -83.58975982666016 6.063564777374268
814 -83.67559051513672 6.455987930297852
815 -83.76032257080078 6.85405158996582
816 -83.79458618164062 7.03522253036499
817 -83.85153198242188 7.358372211456299
818 -83.91668701171875 7.653133869171143
819 -84.08596801757812 7.788908004760742
820 -84.4867935180664 7.990053176879883
821 -84.8241958618164 8.19583797454834
822 -85.05280303955078 8.306025505065918
823 -85.24934387207031 8.348520278930664
824 -85.47809600830078 8.154234886169434
825 -85.76297760009766 7.8320536613464355
826 -86.12628936767578 7.525598526000977
827 -86.4054183959961 7.398057460784912
828 -86.68411254882812 7.41136360168457
829 -87.01870727539062 7.62253475189209
830 -87.27857971191406 7.882214069366455
831 -87.44773864746094 8.107168197631836
832 -87.64171600341797 8.265478134155273
833 -87.85369873046875 8.315752029418945
834 -88.2468032836914 8.297812461853027
835 -88.54570007324219 8.263818740844727
836 -88.8582992553711 8.279932022094727
837 -89.07489013671875 8.27099609375
838 -89.43661499023438 8.268003463745117
839 -89.87958526611328 8.22242259979248
840 -90.06644439697266 8.198861122131348
841 -90.17037963867188 8.030783653259277
842 -90.43702697753906 7.677157878875732
843 -90.70948791503906 7.346405029296875
844 -90.842529296875 7.121417999267578
845 -72.13237762451172 -5.449737548828125
846 -71.94485473632812 -5.418944835662842
847 -71.77860260009766 -5.32795524597168
848 -71.52079010009766 -5.160769939422607
849 -71.18016815185547 -4.885509014129639
850 -70.92292785644531 -4.7280778884887695
851 -70.54224395751953 -4.67507791519165
852 -70.1801528930664 -4.717890739440918
853 -69.97870635986328 -4.905249118804932
854 -69.7420883178711 -5.195513725280762
855 -69.54240417480469 -5.389228343963623
856 -69.36023712158203 -5.690351963043213
857 -69.29238891601562 -5.826452255249023
858 -69.2371597290039 -6.04095983505249
859 -69.16532135009766 -6.247086524963379
860 -68.7873306274414 -6.738749027252197
861 -68.34532928466797 -7.002017021179199
862 -68.06116485595703 -7.084740161895752
863 -67.69857025146484 -7.045413494110107
864 -67.43708801269531 -6.94799280166626
865 -66.85372924804688 -6.422028064727783
866 -66.49784088134766 -6.207087993621826
867 -66.10868072509766 -6.081319808959961
868 -65.7979965209961 -6.070089817047119
869 -65.49273681640625 -6.1353759765625
870 -65.30615997314453 -6.181122303009033
871 -65.14563751220703 -6.2800374031066895
872 -64.91327667236328 -6.455420017242432
873 -64.80502319335938 -6.9592413902282715
874 -64.63465881347656 -7.347186088562012
875 -64.50875091552734 -7.605780124664307
876 -64.29749298095703 -8.149819374084473
877 -64.20793914794922 -8.523595809936523
878 -64.1938247680664 -8.866336822509766
879 -64.18315124511719 -9.135552406311035
880 -64.2437515258789 -9.397311210632324
881 -64.34684753417969 -9.72020149230957
882 -64.39527130126953 -9.96668529510498
883 -64.4405517578125 -10.302494049072266
884 -64.47464752197266 -10.448339462280273
885 -85.05481719970703 -26.295198440551758
886 -85.23271942138672 -26.062305450439453
887 -85.5545654296875 -25.497358322143555
888 -85.67103576660156 -25.22218132019043
889 -85.77144622802734 -25.030244827270508
890 -85.91746520996094 -24.82454490661621
891 -86.14315795898438 -24.594682693481445
892 -86.61080932617188 -24.235170364379883
893 -86.90739440917969 -24.28470230102539
894 -87.34030151367188 -24.706796646118164
895 -87.5380630493164 -24.984390258789062
896 -87.59112548828125 -25.2470703125
897 -87.60618591308594 -25.809228897094727
898 -87.63507843017578 -26.559593200683594
899 -87.6302261352539 -26.98967933654785
900 -87.75175476074219 -27.366304397583008
901 -87.91734313964844 -27.572338104248047
902 -88.06392669677734 -27.764080047607422
903 -88.31224822998047 -27.982200622558594
904 -88.61815643310547 -28.138797760009766
905 -88.90961456298828 -28.223703384399414
906 -89.2201156616211 -28.274938583374023
907 -89.46212768554688 -28.150466918945312
908 -89.61414337158203 -27.98769760131836
909 -89.82369232177734 -27.820018768310547
910 -90.07501983642578 -27.656734466552734
911 -90.22663879394531 -27.486234664916992
912 -90.35924530029297 -27.167287826538086
913 -90.54436492919922 -26.776493072509766
914 -90.72455596923828 -26.433551788330078
915 -90.77546691894531 -26.167264938354492
916 -90.68321228027344 -25.878952026367188
917 -90.54925537109375 -25.6436767578125
918 -90.06512451171875 -24.90081214904785
919 -89.88663482666016 -24.655893325805664
920 -89.92060089111328 -24.478668212890625
921 -90.00894927978516 -24.216659545898438
922 -90.17048645019531 -23.820743560791016
923 -90.44800567626953 -23.188796997070312
924 -90.64952087402344 -22.885276794433594
925 -90.9032211303711 -22.57135772705078
926 -91.08892059326172 -22.383424758911133
927 -91.188720703125 -22.258329391479492
928 -91.27247619628906 -21.967872619628906
929 -91.3831787109375 -21.462955474853516
930 -91.44273376464844 -21.178913116455078
931 -91.61651611328125 -20.778564453125
932 -91.90010833740234 -20.378093719482422
933 -92.10191345214844 -20.082103729248047
934 -92.24464416503906 -19.841081619262695
935 -92.45214080810547 -19.740192413330078
936 -92.80580139160156 -19.54435920715332
937 -92.96591186523438 -19.43286895751953
938 -93.22824096679688 -19.409873962402344
939 -93.4314193725586 -19.356781005859375
940 -93.80262756347656 -19.31776237487793
941 -94.25872802734375 -19.283607482910156
942 -94.69088745117188 -19.29828643798828
943 -95.00164031982422 -19.31308364868164
944 -95.17806243896484 -19.276447296142578
945 -95.44391632080078 -19.095867156982422
946 -95.71383666992188 -18.863916397094727
947 -95.76666259765625 -18.6040096282959
948 -95.76526641845703 -18.294639587402344
949 -95.78887176513672 -18.032201766967773
950 -95.77003479003906 -17.780704498291016
951 -95.67974853515625 -17.279190063476562
952 -95.6726303100586 -16.653791427612305
953 -95.63514709472656 -16.280725479125977
954 -95.56549835205078 -15.889144897460938
955 -95.45598602294922 -15.499237060546875
956 -95.35193634033203 -15.037689208984375
957 -95.24349975585938 -14.642386436462402
958 -95.13690185546875 -14.321894645690918
959 -95.06167602539062 -14.098438262939453
960 -94.95365142822266 -13.815040588378906
961 -94.71603393554688 -13.353141784667969
962 -94.52069091796875 -13.070743560791016
963 -94.3909912109375 -12.807140350341797
964 -94.2098388671875 -12.345367431640625
965 -94.07041931152344 -11.871064186096191
966 -93.98494720458984 -11.460010528564453
967 -93.92321014404297 -11.150777816772461
968 -93.93498229980469 -10.671198844909668
969 -94.03646850585938 -10.192506790161133
970 -94.35343933105469 -9.221360206604004
971 -94.45896911621094 -8.948344230651855
972 -94.61100769042969 -8.679216384887695
973 -94.78871154785156 -8.390624046325684
974 -94.90536499023438 -8.255030632019043
975 -95.18533325195312 -7.982276439666748
976 -95.41384887695312 -7.784610271453857
977 -95.71522521972656 -7.619013786315918
978 -95.97875213623047 -7.505658149719238
979 -96.28413391113281 -7.501918792724609
980 -96.61483764648438 -7.6832733154296875
981 -96.82276916503906 -7.833261966705322
982 -96.96955871582031 -7.954128742218018
983 -97.41439056396484 -8.41903305053711
984 -97.83109283447266 -8.908607482910156
985 -97.97321319580078 -9.131248474121094
986 -98.10774993896484 -9.384820938110352
987 -98.25865936279297 -9.694250106811523
988 -98.4771728515625 -10.055389404296875
989 -98.62258911132812 -10.342199325561523
990 -98.73894500732422 -10.671463012695312
991 -98.78424835205078 -11.051243782043457
992 -98.79544830322266 -11.49657917022705
993 -98.79869079589844 -11.584721565246582
994 -98.7541275024414 -11.801568984985352
995 -98.64895629882812 -12.293992042541504
996 -98.5893783569336 -12.554758071899414
997 -98.46858978271484 -12.813138961791992
998 -98.3906478881836 -13.01107406616211
999 -98.3657455444336 -13.11512565612793
