0 -49.79726028442383 20.901086807250977
1 -49.908905029296875 20.869125366210938
2 -50.08895492553711 20.802085876464844
3 -50.32862091064453 20.664716720581055
4 -50.55061340332031 20.569461822509766
5 -50.85525894165039 20.37376594543457
6 -51.01567459106445 20.11850357055664
7 -51.12994384765625 19.908262252807617
8 -51.26805114746094 19.79156494140625
9 -51.38285827636719 19.652511596679688
10 -51.47300338745117 19.379125595092773
11 -51.69981002807617 18.55340003967285
12 -51.74700927734375 18.015661239624023
13 -51.644012451171875 17.73042106628418
14 -51.344356536865234 17.65536117553711
15 -50.698875427246094 17.779233932495117
16 -50.46892166137695 17.860273361206055
17 -50.33273696899414 17.94575309753418
18 -50.21143341064453 18.039583206176758
19 -23.826936721801758 27.390426635742188
20 -23.894834518432617 27.49817657470703
21 -23.99406623840332 27.644962310791016
22 -24.158370971679688 27.828859329223633
23 -24.523221969604492 28.13970947265625
24 -24.758596420288086 28.351959228515625
25 -25.00632667541504 28.623151779174805
26 -25.265647888183594 28.999692916870117
27 -25.41644859313965 29.253175735473633
28 -25.5545711517334 29.41973876953125
29 -25.780399322509766 29.40949821472168
30 -26.190969467163086 29.38910675048828
31 -26.382854461669922 29.45332145690918
32 -26.901517868041992 29.677366256713867
33 -27.103923797607422 29.7298641204834
34 -27.339406967163086 29.655424118041992
35 -27.56056022644043 29.617080688476562
36 -27.96038246154785 29.449377059936523
37 -28.503013610839844 29.32672119140625
38 -28.599105834960938 29.207576751708984
39 -28.7972412109375 28.8106632232666
40 -28.930593490600586 28.467636108398438
41 -29.039472579956055 28.250917434692383
42 -29.011781692504883 28.009159088134766
43 -28.9688720703125 27.62962532043457
44 -28.919479370117188 27.34980010986328
45 -28.81227684020996 27.05122947692871
46 -28.70897674560547 26.47638702392578
47 -28.687713623046875 26.254867553710938
48 -28.678010940551758 25.997394561767578
49 -28.681734085083008 25.65285301208496
50 -28.70186424255371 25.431692123413086
51 -28.707672119140625 25.16526222229004
52 -28.673673629760742 24.830224990844727
53 -28.644411087036133 24.653976440429688
54 -28.863351821899414 24.449073791503906
55 -29.196430206298828 24.136571884155273
56 -29.357990264892578 23.95952033996582
57 -29.520843505859375 23.848926544189453
58 -29.767166137695312 23.732654571533203
59 -30.07908821105957 23.59886360168457
60 -30.30046844482422 23.36603355407715
61 -30.541845321655273 22.884971618652344
62 -30.671234130859375 22.556367874145508
63 -30.83095359802246 22.32416534423828
64 -31.032119750976562 22.13385772705078
65 -31.276399612426758 22.095121383666992
66 -31.7097225189209 22.096250534057617
67 -32.20277404785156 22.138193130493164
68 -32.46126174926758 22.27410125732422
69 -32.692623138427734 22.420949935913086
70 -32.900943756103516 22.66742706298828
71 -33.048770904541016 22.984323501586914
72 -33.26292419433594 23.35340690612793
73 -33.32380294799805 23.680097579956055
74 -33.39413070678711 24.07379150390625
75 -33.4526252746582 24.3241024017334
76 -33.40974426269531 24.605751037597656
77 -33.26682662963867 25.021303176879883
78 -33.158267974853516 25.23006820678711
79 -33.239158630371094 25.406415939331055
80 -33.51987075805664 25.88251304626465
81 -33.669700622558594 26.15723419189453
82 -33.778350830078125 26.45474624633789
83 -33.81312942504883 26.589458465576172
84 -33.902828216552734 26.710643768310547
85 -41.707244873046875 34.58372497558594
86 -41.84271240234375 34.62770080566406
87 -42.03975296020508 34.685951232910156
88 -42.26598358154297 34.6940803527832
89 -42.856075286865234 34.60734176635742
90 -43.23867416381836 34.61857986450195
91 -43.78328323364258 34.64292907714844
92 -44.25497055053711 34.68812561035156
93 -44.74527359008789 34.686195373535156
94 -45.364200592041016 34.672698974609375
95 -45.60832595825195 34.597572326660156
96 -45.825931549072266 34.45270538330078
97 -46.05431365966797 34.27780532836914
98 -46.191585540771484 34.1335334777832
99 -46.63302230834961 33.679317474365234
100 -46.82132339477539 33.467323303222656
101 -46.949886322021484 33.16710662841797
102 -47.15115737915039 32.809879302978516
103 -47.35314178466797 32.601932525634766
104 -47.51151657104492 32.46255111694336
105 -47.705257415771484 32.47488784790039
106 -48.227291107177734 32.68403625488281
107 -48.768150329589844 32.81664276123047
108 -49.00810241699219 32.999244689941406
109 -49.23958206176758 33.24565887451172
110 -49.41014862060547 33.43550109863281
111 -49.60261535644531 33.69716262817383
112 -49.772586822509766 34.245933532714844
113 -49.74089050292969 34.48299026489258
114 -49.58259963989258 34.76976776123047
115 -49.30259704589844 35.114593505859375
116 -49.087013244628906 35.34719467163086
117 -48.704933166503906 35.72129821777344
118 -48.48089599609375 35.977054595947266
119 -48.253822326660156 36.219058990478516
120 -48.085140228271484 36.48138427734375
121 -48.019622802734375 36.68812942504883
122 -47.918251037597656 37.02228546142578
123 -47.72516632080078 38.14658737182617
124 -47.663814544677734 38.62759780883789
125 -47.58509826660156 39.26378631591797
126 -47.56311798095703 39.64040756225586
127 -47.56865310668945 39.9992790222168
128 -47.62883758544922 40.31735610961914
129 -47.67814636230469 40.67817306518555
130 -47.70676803588867 40.903194427490234
131 -47.63125991821289 41.159461975097656
132 -47.378089904785156 41.653717041015625
133 -47.32713317871094 41.76887130737305
134 -47.267662048339844 41.931419372558594
135 -40.0860595703125 47.82020950317383
136 -39.781368255615234 48.005821228027344
137 -39.464805603027344 48.1634521484375
138 -39.18833923339844 48.325374603271484
139 -38.98598098754883 48.44400405883789
140 -38.76728057861328 48.64701843261719
141 -38.37202072143555 49.02263259887695
142 -38.067928314208984 49.36114501953125
143 -37.94882583618164 49.49611282348633
144 -37.71677780151367 49.64762878417969
145 -37.49848556518555 49.732208251953125
146 -37.00754165649414 49.63546371459961
147 -36.752689361572266 49.64107894897461
148 -36.52311706542969 49.655731201171875
149 -36.37729263305664 49.614933013916016
150 -35.59278869628906 49.62562561035156
151 -35.27075958251953 49.58766555786133
152 -34.779659271240234 49.52511215209961
153 -34.48929214477539 49.49259948730469
154 -34.230403900146484 49.420204162597656
155 -34.031036376953125 49.324153900146484
156 -33.8868293762207 49.21544647216797
157 -32.117462158203125 29.658946990966797
158 -32.177001953125 29.677017211914062
159 -32.36400604248047 29.818078994750977
160 -32.6929817199707 30.096189498901367
161 -32.93496322631836 30.34855079650879
162 -33.141780853271484 30.65186309814453
163 -33.38146209716797 31.006572723388672
164 -33.49960708618164 31.13922882080078
165 -48.22272872924805 44.1706428527832
166 -48.4222412109375 44.427433013916016
167 -48.559417724609375 44.61896514892578
168 -48.60837173461914 44.705814361572266
169 -48.725799560546875 44.922157287597656
170 -48.94916534423828 45.26604080200195
171 -49.22496032714844 45.78732681274414
172 -49.33454895019531 46.040245056152344
173 -49.337223052978516 46.232933044433594
174 -49.31721878051758 46.44293212890625
175 -49.395328521728516 46.684078216552734
176 -49.49073028564453 46.69251251220703
177 -55.744590759277344 41.73412322998047
178 -55.885860443115234 41.65874481201172
179 -56.10652542114258 41.52048110961914
180 -56.49969482421875 41.21819305419922
181 -56.72906494140625 41.02410125732422
182 -57.04540252685547 40.75052261352539
183 -57.31862258911133 40.439491271972656
184 -57.440696716308594 40.199363708496094
185 -57.57360076904297 39.90646743774414
186 -57.81892395019531 39.61635971069336
187 -58.035587310791016 39.341670989990234
188 -58.228031158447266 39.01416015625
189 -58.34931564331055 38.91424560546875
190 -59.13542938232422 38.42335510253906
191 -59.268218994140625 38.34207534790039
192 -59.57674789428711 38.13563537597656
193 -59.767086029052734 38.00159454345703
194 -59.924827575683594 37.8601188659668
195 -60.185020446777344 37.66570281982422
196 -60.57527542114258 37.408077239990234
197 -60.85848617553711 37.22663497924805
198 -66.43783569335938 33.23177719116211
199 -66.4183578491211 33.35313034057617
200 -66.39459228515625 33.441436767578125
201 -66.186279296875 33.739776611328125
202 -65.93089294433594 34.100467681884766
203 -65.73786926269531 34.37419509887695
204 -65.60517883300781 34.71221923828125
205 -65.52449035644531 35.072967529296875
206 -65.3900375366211 35.360347747802734
207 -65.20954132080078 35.73750305175781
208 -65.02791595458984 36.125057220458984
209 -64.8345718383789 36.527130126953125
210 -64.73348999023438 36.755001068115234
211 -64.63249206542969 36.91244888305664
212 -64.45848846435547 37.12413024902344
213 -64.16902923583984 37.46592330932617
214 -63.7683219909668 37.98027801513672
215 -63.69342041015625 38.076934814453125
216 -63.42501449584961 38.47932815551758
217 -63.12879943847656 39.17201232910156
218 -63.03416442871094 39.46360397338867
219 -62.9443473815918 39.81467819213867
220 -62.91361618041992 40.054141998291016
221 -62.929962158203125 40.39599609375
222 -62.97129440307617 40.706817626953125
223 -63.01194381713867 41.066917419433594
224 -62.98945236206055 41.373722076416016
225 -62.935489654541016 41.71235656738281
226 -62.87251663208008 41.97755813598633
227 -62.797061920166016 42.17551040649414
228 -62.71122741699219 42.357357025146484
229 -42.24467086791992 14.020246505737305
230 -42.249549865722656 13.774978637695312
231 -42.21133041381836 13.602265357971191
232 -42.32957458496094 13.364028930664062
233 -42.56525802612305 13.058758735656738
234 -42.976844787597656 12.417519569396973
235 -43.16953659057617 12.31489372253418
236 -43.338809967041016 12.32925033569336
237 -43.845855712890625 12.450846672058105
238 -44.20076370239258 12.460732460021973
239 -44.35776901245117 12.465563774108887
240 -44.742523193359375 12.577718734741211
241 -44.94017791748047 12.645110130310059
242 -45.27640914916992 12.793745040893555
243 -56.63444137573242 28.821653366088867
244 -56.60212326049805 28.929542541503906
245 -56.53934860229492 29.140817642211914
246 -56.31831741333008 29.848981857299805
247 -56.32021713256836 30.124652862548828
248 -56.37400817871094 30.392168045043945
249 -56.627628326416016 30.658842086791992
250 -56.885684967041016 30.861291885375977
251 -57.10165023803711 31.060449600219727
252 -57.2904052734375 31.254663467407227
253 -57.819549560546875 31.557348251342773
254 -58.02171325683594 31.664226531982422
255 -58.20735168457031 31.786407470703125
256 -58.465633392333984 32.04426956176758
257 -59.07326126098633 32.73432922363281
258 -59.333560943603516 33.047245025634766
259 -59.53844451904297 33.24966812133789
260 -59.76499938964844 33.409427642822266
261 -60.1368408203125 33.698368072509766
262 -60.34956359863281 33.84629821777344
263 -60.559261322021484 33.87398147583008
264 -60.798770904541016 33.87528991699219
265 -61.05915069580078 33.8311767578125
266 -61.25996780395508 33.74631881713867
267 -61.54783248901367 33.51829147338867
268 -61.74497604370117 33.31517791748047
269 -61.941253662109375 33.06936264038086
270 -62.12613296508789 32.79749298095703
271 -62.259559631347656 32.41490936279297
272 -62.331024169921875 32.03642272949219
273 -62.33837127685547 31.721790313720703
274 -62.2906494140625 31.382617950439453
275 -62.20064926147461 31.23472785949707
276 -61.98668670654297 30.921283721923828
277 -61.79706954956055 30.6829891204834
278 -61.405399322509766 30.31012535095215
279 -60.75503158569336 29.605411529541016
280 -60.61513137817383 29.360239028930664
281 -60.66603469848633 29.167064666748047
282 -60.77134323120117 28.92943572998047
283 -61.066349029541016 28.744813919067383
284 -61.60091781616211 28.686843872070312
285 -62.00582504272461 28.770442962646484
286 -62.19297409057617 28.776363372802734
287 -62.47322082519531 28.894994735717773
288 -62.85747146606445 29.05720329284668
289 -63.27535629272461 29.184900283813477
290 -63.65892791748047 29.268152236938477
291 -64.20103454589844 29.33135414123535
292 -64.46275329589844 29.360431671142578
293 -64.65857696533203 29.269346237182617
294 -64.9096908569336 29.065793991088867
295 -64.94981384277344 28.74680519104004
296 -64.74520111083984 28.43308448791504
297 -64.50308227539062 28.090375900268555
298 -64.35279083251953 27.773921966552734
299 -64.15402221679688 27.459257125854492
300 -63.941627502441406 27.154823303222656
301 -63.53730010986328 26.79680824279785
302 -63.28354263305664 26.602529525756836
303 -63.00111770629883 26.452030181884766
304 -62.58877182006836 26.1833438873291
305 -62.31743240356445 26.02860450744629
306 -62.02883529663086 26.02318572998047
307 -61.51679611206055 26.17007064819336
308 -61.05253219604492 26.32489585876465
309 -60.876895904541016 26.363340377807617
310 -60.68235778808594 26.385446548461914
311 -60.48649978637695 26.35854148864746
312 -42.19949722290039 24.006450653076172
313 -41.98593521118164 23.89909553527832
314 -41.80980682373047 23.766029357910156
315 -41.65983963012695 23.4920654296875
316 -41.631099700927734 23.2862491607666
317 -41.62739562988281 23.118520736694336
318 -41.72873306274414 22.824460983276367
319 -41.84617614746094 22.5071964263916
320 -42.00884246826172 22.12955665588379
321 -42.19624710083008 21.773303985595703
322 -42.25811004638672 21.682209014892578
323 -42.4263916015625 21.586069107055664
324 -42.651031494140625 21.44733238220215
325 -43.20962905883789 20.9305362701416
326 -43.45610427856445 20.692598342895508
327 -43.64863586425781 20.502742767333984
328 -43.96120071411133 20.231552124023438
329 -53.16725540161133 15.098615646362305
330 -53.32725143432617 14.979894638061523
331 -53.823448181152344 14.550065994262695
332 -54.01701736450195 14.422677993774414
333 -54.120845794677734 14.246902465820312
334 -54.226173400878906 13.989808082580566
335 -54.36863327026367 13.681903839111328
336 -54.50702667236328 13.360589981079102
337 -54.542320251464844 13.13922119140625
338 -54.481266021728516 12.853320121765137
339 -54.39604187011719 12.58672046661377
340 -54.26575469970703 12.333252906799316
341 -54.16200256347656 12.092670440673828
342 -54.02943420410156 11.930924415588379
343 -53.7186164855957 11.70338249206543
344 -53.31122970581055 11.485815048217773
345 -53.10743713378906 11.427836418151855
346 -52.80149459838867 11.456732749938965
347 -43.38154602050781 31.608495712280273
348 -43.39399719238281 31.681705474853516
349 -43.369300842285156 31.833026885986328
350 -43.317779541015625 32.21232986450195
351 -43.24480056762695 32.570396423339844
352 -43.13877868652344 32.76700973510742
353 -41.000144958496094 36.119659423828125
354 -40.76419448852539 36.35559844970703
355 -40.629417419433594 36.511993408203125
356 -40.29747009277344 36.81471633911133
357 -39.88125991821289 37.10451126098633
358 -39.63814926147461 37.278568267822266
359 -39.3902473449707 37.47434997558594
360 -39.210880279541016 37.67268753051758
361 -39.1308708190918 37.77666473388672
362 -38.892215728759766 38.15782928466797
363 -38.81011199951172 38.37681198120117
364 -38.74311065673828 38.687679290771484
365 -38.75523376464844 39.23038101196289
366 -38.82827377319336 39.44655990600586
367 -39.20393753051758 39.67786407470703
368 -39.68281555175781 39.5972900390625
369 -39.943206787109375 39.588050842285156
370 -40.183372497558594 39.564796447753906
371 -40.62078094482422 39.379249572753906
372 -40.8013916015625 39.31396484375
373 -41.12846374511719 39.25802993774414
374 -41.33613204956055 39.24281692504883
375 -41.51270294189453 39.208534240722656
376 -41.792335510253906 39.184207916259766
377 -42.32746887207031 39.305320739746094
378 -42.657840728759766 39.42882537841797
379 -43.049137115478516 39.502166748046875
380 -43.53232192993164 39.59178161621094
381 -43.84541320800781 39.57022476196289
382 -44.06876754760742 39.5023078918457
383 -44.0791130065918 39.09534454345703
384 -44.09989547729492 38.58808517456055
385 -44.05385208129883 38.062252044677734
386 -43.98882293701172 37.856204986572266
387 -43.86779022216797 37.57243347167969
388 -43.781124114990234 37.358802795410156
389 -43.65810775756836 37.26649856567383
390 -43.21986770629883 37.028404235839844
391 -42.89036560058594 36.8026123046875
392 -30.007909774780273 33.3841438293457
393 -29.75732421875 33.45588302612305
394 -29.422822952270508 33.640289306640625
395 -29.261756896972656 33.76765060424805
396 -29.131214141845703 33.9382209777832
397 -29.00648307800293 34.15452194213867
398 -28.74204444885254 34.522891998291016
399 -28.3985652923584 34.950523376464844
400 -28.1274356842041 35.263092041015625
401 -27.98048210144043 35.37590408325195
402 -27.658178329467773 35.58894348144531
403 -27.429950714111328 35.77134323120117
404 -27.21586799621582 35.969024658203125
405 -27.0720157623291 36.13494873046875
406 -26.84529685974121 36.45379638671875
407 -26.557720184326172 36.76656723022461
408 -26.368988037109375 36.992897033691406
409 -26.184648513793945 37.21060562133789
410 -25.955341339111328 37.446815490722656
411 -25.674470901489258 37.66780471801758
412 -25.215787887573242 37.889076232910156
413 -24.907094955444336 38.043426513671875
414 -24.440271377563477 38.17879104614258
415 -24.153884887695312 38.27214431762695
416 -23.959197998046875 38.449302673339844
417 -23.68059539794922 38.72605514526367
418 -23.606889724731445 38.85607147216797
419 -23.593168258666992 39.062255859375
420 -23.811464309692383 39.61600112915039
421 -23.89825439453125 39.72544479370117
422 -24.078304290771484 39.98372268676758
423 -24.16312026977539 40.19160079956055
424 -24.329429626464844 40.526123046875
425 -24.492355346679688 40.891326904296875
426 -24.687660217285156 41.32036209106445
427 -24.78960418701172 41.48258972167969
428 -24.904664993286133 41.687843322753906
429 -25.016597747802734 41.87630081176758
430 -47.300697326660156 52.80032730102539
431 -47.43403625488281 52.72589874267578
432 -47.63783264160156 52.448265075683594
433 -47.72831344604492 52.26730728149414
434 -47.84928512573242 51.903743743896484
435 -47.92878723144531 51.472808837890625
436 -47.951412200927734 51.19314193725586
437 -47.99446487426758 50.8465690612793
438 -48.00185012817383 50.697723388671875
439 -47.7983283996582 50.433250427246094
440 -47.56574249267578 50.1778564453125
441 -47.3379020690918 49.93501663208008
442 -47.146018981933594 49.75617218017578
443 -46.81618118286133 49.54932403564453
444 -46.32094955444336 49.309261322021484
445 -46.150413513183594 49.24352264404297
446 -45.99311828613281 49.19652557373047
447 -45.72002029418945 49.17856216430664
448 -45.34938430786133 49.1671257019043
449 -44.76567459106445 49.23887252807617
450 -44.39745330810547 49.22034454345703
451 -44.108333587646484 49.09830093383789
452 -43.86460494995117 48.698699951171875
453 -43.64887619018555 48.36943435668945
454 -43.52309799194336 48.128421783447266
455 -43.472694396972656 47.894859313964844
456 -43.30127716064453 47.51167678833008
457 -43.20823669433594 47.08757019042969
458 -43.43978500366211 46.858882904052734
459 -43.88832092285156 46.76210021972656
460 -44.223793029785156 46.73427963256836
461 -44.52503967285156 46.81584548950195
462 -44.964271545410156 46.892242431640625
463 -45.0798225402832 46.85561752319336
464 -45.16668701171875 46.557151794433594
465 -45.24764633178711 46.21345138549805
466 -45.265621185302734 45.97160720825195
467 -45.267662048339844 45.76781463623047
468 -45.29596710205078 45.51582336425781
469 -45.24009323120117 45.100730895996094
470 -45.0155143737793 44.831329345703125
471 -44.90272521972656 44.69167709350586
472 -44.86328887939453 44.44705581665039
473 -44.84198760986328 44.03157043457031
474 -44.77995300292969 43.72816848754883
475 -44.59357833862305 43.313194274902344
476 -44.428428649902344 43.088356018066406
477 -43.83733367919922 42.80012512207031
478 -43.35816192626953 42.698143005371094
479 -43.156761169433594 42.69742202758789
480 -42.771114349365234 42.776832580566406
481 -42.477115631103516 42.833702087402344
482 -42.090675354003906 42.90745162963867
483 -41.80694580078125 43.00287628173828
484 -41.42684555053711 43.17784118652344
485 -41.13447189331055 43.30432891845703
486 -40.86216354370117 43.51051330566406
487 -40.69275665283203 43.721900939941406
488 -40.518550872802734 44.15524673461914
489 -40.473548889160156 44.43244934082031
490 -40.41077423095703 44.6751708984375
491 -40.085426330566406 44.73894119262695
492 -39.72074890136719 44.86793899536133
493 -39.44289016723633 44.85771179199219
494 -39.2208366394043 44.805641174316406
495 -38.85746765136719 44.74745178222656
496 -38.62092971801758 44.817481994628906
497 -38.006771087646484 45.05149459838867
498 -37.3095703125 45.20647048950195
499 -37.09514236450195 45.226600646972656
500 -36.86357879638672 45.26078414916992
501 -36.6820068359375 45.27396774291992
502 -36.49650955200195 45.25014877319336
503 -36.04701232910156 45.112205505371094
504 -35.75680160522461 45.04574203491211
505 -35.6821174621582 44.784889221191406
506 -35.49604797363281 44.410133361816406
507 -35.34461212158203 44.100860595703125
508 -35.26144027709961 43.85992431640625
509 -35.11041259765625 43.61939239501953
510 -35.017154693603516 43.43450164794922
511 -35.01376724243164 43.29685592651367
512 -34.94842529296875 42.82868194580078
513 -34.91217041015625 42.607933044433594
514 -34.815799713134766 42.218135833740234
515 -34.75986099243164 41.745906829833984
516 -34.77914810180664 41.369873046875
517 -34.85515213012695 41.06035232543945
518 -34.935821533203125 40.81747817993164
519 -34.95918273925781 40.584598541259766
520 -35.03432083129883 40.33148193359375
521 -35.215877532958984 39.98764419555664
522 -35.33372497558594 39.81070327758789
523 -35.41741943359375 39.744773864746094
524 -35.731685638427734 39.87807846069336
525 -36.233909606933594 39.997318267822266
526 -36.500885009765625 40.01362609863281
527 -36.699188232421875 39.94580078125
528 -49.86767578125 30.149585723876953
529 -50.067440032958984 30.14734649658203
530 -50.33942794799805 30.16897201538086
531 -50.8070182800293 30.233169555664062
532 -51.14398956298828 30.197729110717773
533 -51.32583999633789 30.06867218017578
534 -51.43582534790039 29.88102149963379
535 -51.47952651977539 29.58763313293457
536 -51.5348014831543 29.25833511352539
537 -51.67242431640625 29.051254272460938
538 -52.13072204589844 28.759492874145508
539 -52.4776496887207 28.551815032958984
540 -52.702239990234375 28.431835174560547
541 -53.245643615722656 28.132320404052734
542 -53.46733856201172 28.04879379272461
543 -53.674400329589844 27.92519187927246
544 -53.98093795776367 27.740694046020508
545 -54.29841613769531 27.500211715698242
546 -54.74379348754883 27.170700073242188
547 -55.127681732177734 26.915021896362305
548 -55.44541931152344 26.81074333190918
549 -55.7030143737793 26.787899017333984
550 -55.98563003540039 26.72665023803711
551 -56.199989318847656 26.717622756958008
552 -56.661502838134766 26.540761947631836
553 -57.00011444091797 26.4423885345459
554 -57.23410415649414 26.28972053527832
555 -57.450374603271484 26.043222427368164
556 -57.698612213134766 25.66251564025879
557 -57.93891906738281 25.250429153442383
558 -58.080326080322266 24.970386505126953
559 -58.200199127197266 24.830974578857422
560 -58.447509765625 24.65445899963379
561 -58.65247344970703 24.487483978271484
562 -59.05542755126953 24.16963768005371
563 -59.405555725097656 23.869699478149414
564 -59.560943603515625 23.694293975830078
565 -59.722110748291016 23.569456100463867
566 -59.98961639404297 23.31203842163086
567 -60.19484329223633 23.143638610839844
568 -60.445396423339844 23.101531982421875
569 -60.83677673339844 23.071617126464844
570 -60.95241165161133 23.068784713745117
571 -61.157527923583984 22.936208724975586
572 -61.39051055908203 22.780763626098633
573 -61.92354202270508 22.403806686401367
574 -62.28370666503906 22.122390747070312
575 -62.51630401611328 21.731945037841797
576 -62.64665985107422 21.45071029663086
577 -62.71982955932617 21.202369689941406
578 -62.670692443847656 20.969600677490234
579 -62.4511833190918 20.590166091918945
580 -62.278018951416016 20.242538452148438
581 -62.081275939941406 19.93120765686035
582 -61.848609924316406 19.806039810180664
583 -61.47798538208008 19.7645206451416
584 -60.9926872253418 19.91044044494629
585 -60.42912673950195 20.017499923706055
586 -60.22245407104492 20.096681594848633
587 -59.78318786621094 20.29442024230957
588 -59.498531341552734 20.425270080566406
589 -59.37306594848633 20.57878303527832
590 -59.24420166015625 20.81287384033203
591 -59.04576873779297 21.077091217041016
592 -58.74459457397461 21.356334686279297
593 -58.451622009277344 21.56827163696289
594 -51.244686126708984 39.681739807128906
595 -51.3053092956543 39.856590270996094
596 -51.41590118408203 40.35859298706055
597 -51.51631546020508 40.57035446166992
598 -51.50529861450195 40.81385803222656
599 -51.4134407043457 41.05008316040039
600 -51.25025939941406 41.333221435546875
601 -51.10163116455078 41.646610260009766
602 -51.14728927612305 41.886695861816406
603 -51.27744674682617 42.15098571777344
604 -51.733741760253906 42.58091354370117
605 -52.029720306396484 42.999366760253906
606 -52.42530059814453 43.68373489379883
607 -52.64130401611328 44.1408576965332
608 -52.77207946777344 44.50895309448242
609 -52.91305160522461 44.9837760925293
610 -53.04701614379883 45.45254898071289
611 -53.09025192260742 45.780250549316406
612 -53.08676528930664 46.096439361572266
613 -53.019962310791016 46.8939323425293
614 -52.99057388305664 47.183135986328125
615 -52.96025085449219 47.319332122802734
616 -52.87998962402344 47.609352111816406
617 -52.769866943359375 48.042869567871094
618 -52.63884735107422 48.44324493408203
619 -52.561859130859375 48.63745880126953
620 -52.49481964111328 49.005245208740234
621 -52.55693435668945 49.43291091918945
622 -52.76398849487305 49.82322311401367
623 -53.08516311645508 50.393211364746094
624 -53.20730209350586 50.6236572265625
625 -53.338775634765625 50.652591705322266
626 -53.77525329589844 50.697235107421875
627 -54.227073669433594 50.76748275756836
628 -54.520938873291016 50.7769889831543
629 -54.759315490722656 50.66630554199219
630 -55.05713653564453 50.446815490722656
631 -55.29787063598633 50.254276275634766
632 -55.579681396484375 50.06270980834961
633 -55.84846496582031 49.92318344116211
634 -56.09242630004883 49.82139587402344
635 -56.36543655395508 49.673099517822266
636 -56.631736755371094 49.55999755859375
637 -57.10322570800781 49.34176254272461
638 -57.33358383178711 49.25392150878906
639 -57.65189743041992 49.13824462890625
640 -57.99708938598633 49.00386428833008
641 -58.23212814331055 48.89939880371094
642 -58.514488220214844 48.74372482299805
643 -58.68165969848633 48.47282791137695
644 -59.01144027709961 48.177520751953125
645 -59.07081985473633 48.06468963623047
646 -59.17982482910156 47.91080856323242
647 -59.39279556274414 47.58240509033203
648 -59.57360076904297 47.25630187988281
649 -59.74396514892578 46.98934555053711
650 -59.92281723022461 46.71405792236328
651 -60.017215728759766 46.573760986328125
652 -62.654640197753906 16.485692977905273
653 -62.588958740234375 16.376487731933594
654 -62.277496337890625 16.201459884643555
655 -61.87197494506836 15.997278213500977
656 -61.1612548828125 15.678515434265137
657 -61.02448654174805 15.584546089172363
658 -60.68192672729492 15.487025260925293
659 -60.413780212402344 15.44721794128418
660 -60.22265625 15.450366020202637
661 -59.89777755737305 15.466752052307129
662 -59.369056701660156 15.484289169311523
663 -59.08845520019531 15.53219223022461
664 -58.74971389770508 15.58061695098877
665 -58.50655746459961 15.583556175231934
666 -58.360591888427734 15.517377853393555
667 -58.234046936035156 15.801379203796387
668 -58.028282165527344 16.120384216308594
669 -57.86744689941406 16.287109375
670 -57.69303512573242 16.39405059814453
671 -57.473262786865234 16.50509262084961
672 -57.03654479980469 16.743398666381836
673 -56.582603454589844 17.015968322753906
674 -56.023277282714844 17.32843017578125
675 -55.77706527709961 17.44715118408203
676 -55.5816535949707 17.565031051635742
677 -55.401573181152344 17.7374324798584
678 -55.169593811035156 17.963544845581055
679 -55.03424835205078 18.232990264892578
680 -54.82919692993164 18.635141372680664
681 -54.799808502197266 18.68569564819336
682 -54.615509033203125 19.02688980102539
683 -54.300724029541016 19.335329055786133
684 -54.04924392700195 19.579286575317383
685 -53.91007614135742 19.677661895751953
686 -53.620269775390625 20.15586280822754
687 -53.57938003540039 20.45901107788086
688 -53.751007080078125 20.664867401123047
689 -54.05916213989258 20.76482582092285
690 -54.400394439697266 20.74679946899414
691 -55.26918411254883 20.63930320739746
692 -55.532283782958984 20.70091438293457
693 -55.72492218017578 20.996610641479492
694 -55.772518157958984 21.290882110595703
695 -55.70833206176758 21.671459197998047
696 -55.62709426879883 21.87489128112793
697 -55.53148651123047 21.985271453857422
698 -55.10248947143555 22.089685440063477
699 -54.66017150878906 22.244367599487305
700 -54.4485969543457 22.262107849121094
701 -54.208133697509766 22.31565284729004
702 -54.024169921875 22.560821533203125
703 -53.94468307495117 22.895767211914062
704 -54.05664825439453 23.262733459472656
705 -54.27580261230469 23.601062774658203
706 -54.40447235107422 24.073453903198242
707 -54.37065124511719 24.323440551757812
708 -54.25623321533203 24.485088348388672
709 -53.84415817260742 24.40435218811035
710 -53.25727081298828 24.3521728515625
711 -52.812259674072266 24.4444580078125
712 -52.40329360961914 24.587621688842773
713 -51.898555755615234 24.904508590698242
714 -51.580928802490234 25.05344009399414
715 -51.500308990478516 24.895505905151367
716 -51.461368560791016 24.590322494506836
717 -51.43898010253906 23.87688446044922
718 -51.19137191772461 23.323814392089844
719 -50.9430046081543 23.263219833374023
720 -50.706600189208984 23.322349548339844
721 -50.237728118896484 23.48004722595215
722 -49.94704818725586 23.595491409301758
723 -49.7373161315918 23.74469566345215
724 -49.46453857421875 23.98301124572754
725 -49.263607025146484 24.078147888183594
726 -49.00823974609375 24.247215270996094
727 -48.54961395263672 24.538768768310547
728 -48.328487396240234 24.670440673828125
729 -48.06294250488281 24.83574867248535
730 -45.008819580078125 27.322092056274414
731 -44.77145004272461 27.699316024780273
732 -44.6262092590332 28.040401458740234
733 -44.698143005371094 28.212888717651367
734 -44.865867614746094 28.453855514526367
735 -45.11088943481445 28.686613082885742
736 -45.452674865722656 28.941862106323242
737 -45.72106170654297 29.073719024658203
738 -46.300575256347656 29.269672393798828
739 -46.55502700805664 29.251102447509766
740 -46.94140625 29.00754165649414
741 -47.181678771972656 28.74936866760254
742 -47.37387466430664 28.52894401550293
743 -47.63560104370117 28.27118492126465
744 -47.86146545410156 28.00021743774414
745 -47.97420120239258 27.812576293945312
746 -48.07410430908203 27.575504302978516
747 -48.01374435424805 27.29494285583496
748 -47.752872467041016 26.977876663208008
749 -47.46143341064453 26.726295471191406
750 -47.237335205078125 26.55587387084961
751 -46.90542984008789 26.342334747314453
752 -46.568233489990234 26.020484924316406
753 -46.31620407104492 25.784313201904297
754 -46.09300994873047 25.642282485961914
755 -45.73133850097656 25.63197898864746
756 -45.1088752746582 25.508712768554688
757 -44.73979949951172 25.32011604309082
758 -44.6690788269043 25.117870330810547
759 -44.639801025390625 24.676610946655273
760 -44.6504020690918 24.393598556518555
761 -44.954315185546875 23.76653289794922
762 -45.234962463378906 23.415189743041992
763 -45.435646057128906 23.26306915283203
764 -45.68894958496094 23.12291145324707
765 -45.936668395996094 22.943435668945312
766 -46.156898498535156 22.76481819152832
767 -46.7115592956543 22.19097328186035
768 -47.211585998535156 21.616872787475586
769 -47.33599090576172 21.337902069091797
770 -47.406333923339844 20.954753875732422
771 -47.46303176879883 20.61177635192871
772 -47.45404815673828 20.284503936767578
773 -47.41824722290039 19.941600799560547
774 -47.38276672363281 19.5813045501709
775 -47.345703125 19.138668060302734
776 -47.35117721557617 18.87715721130371
777 -47.435569763183594 18.50505828857422
778 -47.609920501708984 17.985464096069336
779 -47.7358283996582 17.594335556030273
780 -47.81629180908203 17.33715057373047
781 -47.95947265625 16.901275634765625
782 -48.06532669067383 16.64679527282715
783 -48.15266799926758 16.38634490966797
784 -48.26852035522461 16.147459030151367
785 -48.418758392333984 15.863085746765137
786 -48.64435577392578 15.473119735717773
787 -48.719635009765625 15.368712425231934
788 -48.921852111816406 15.047755241394043
789 -49.013187408447266 14.832061767578125
790 -49.15207290649414 14.5244140625
791 -49.431419372558594 13.952069282531738
792 -49.47392654418945 13.722814559936523
793 -49.45535659790039 13.521944999694824
794 -49.31107711791992 13.175724983215332
795 -49.15781021118164 12.910876274108887
796 -48.93452072143555 12.760298728942871
797 -48.718719482421875 12.679180145263672
798 -48.45792770385742 12.653860092163086
799 -43.01195526123047 17.37226104736328
800 -42.82213592529297 17.44866371154785
801 -42.400447845458984 17.565418243408203
802 -42.00061798095703 17.65123176574707
803 -41.72127151489258 17.708038330078125
804 -41.391197204589844 17.819656372070312
805 -40.96336364746094 18.004711151123047
806 -40.67689514160156 18.166454315185547
807 -40.38838195800781 18.388105392456055
808 -40.177825927734375 18.473526000976562
809 -39.7996711730957 18.483306884765625
810 -39.65464401245117 18.409318923950195
811 -39.29763412475586 18.21341323852539
812 -38.733245849609375 17.92397689819336
813 -38.491668701171875 17.740137100219727
814 -38.28546142578125 17.811189651489258
815 -37.948631286621094 17.897180557250977
816 -37.712528228759766 17.91389274597168
817 -37.59697341918945 18.057125091552734
818 -37.39503479003906 18.185009002685547
819 -37.1074104309082 18.407859802246094
820 -36.73381042480469 18.69797706604004
821 -36.500816345214844 19.063875198364258
822 -36.50191116333008 19.39250373840332
823 -36.69096755981445 19.734699249267578
824 -36.98539352416992 20.216402053833008
825 -37.19085693359375 20.756052017211914
826 -37.29596710205078 21.135757446289062
827 -37.47371292114258 21.57662582397461
828 -37.657840728759766 21.875160217285156
829 -37.82551574707031 22.09322166442871
830 -37.96876907348633 22.175378799438477
831 -38.106937408447266 22.39854621887207
832 -38.30807113647461 22.891361236572266
833 -38.33216857910156 23.117332458496094
834 -38.271018981933594 23.411056518554688
835 -37.95732116699219 24.220752716064453
836 -37.84345245361328 24.55913734436035
837 -37.82272720336914 24.71577262878418
838 -37.89244079589844 24.977041244506836
839 -38.0479621887207 25.219013214111328
840 -38.20602798461914 25.378883361816406
841 -38.486148834228516 25.562347412109375
842 -38.850467681884766 25.779407501220703
843 -39.16234588623047 26.059669494628906
844 -39.333580017089844 26.231840133666992
845 -39.51897430419922 26.409862518310547
846 -39.65946578979492 26.532306671142578
847 -39.85398864746094 26.7498836517334
848 -40.01341247558594 26.930402755737305
849 -40.209632873535156 27.19365882873535
850 -40.47162628173828 27.55414581298828
851 -40.80202102661133 27.989126205444336
852 -40.9033203125 28.126100540161133
853 -41.27131271362305 28.38913345336914
854 -41.377845764160156 28.516557693481445
855 -41.478294372558594 28.667245864868164
856 -41.843502044677734 29.006591796875
857 -53.98786544799805 33.39658737182617
858 -54.119686126708984 33.52083969116211
859 -54.28289031982422 33.769989013671875
860 -54.390716552734375 33.96681213378906
861 -54.535423278808594 34.27120590209961
862 -54.71019744873047 34.75747299194336
863 -54.85487365722656 35.18375778198242
864 -54.967247009277344 35.476200103759766
865 -55.07477951049805 35.71257019042969
866 -55.112342834472656 35.89381408691406
867 -55.09858322143555 36.66037368774414
868 -55.1396598815918 36.87464141845703
869 -55.18241500854492 37.13275909423828
870 -55.2445182800293 37.3560676574707
871 -55.15345001220703 37.609466552734375
872 -55.02849578857422 37.753868103027344
873 -54.7624626159668 38.0087776184082
874 -54.45766067504883 38.31547164916992
875 -54.2398796081543 38.536827087402344
876 -54.03660583496094 38.69394302368164
877 -53.8246955871582 38.761573791503906
878 -53.454471588134766 38.8505973815918
879 -53.028438568115234 38.79857635498047
880 -52.78179931640625 38.62246322631836
881 -52.522186279296875 38.3247184753418
882 -52.16980743408203 38.10103988647461
883 -51.688533782958984 37.76582717895508
884 -51.43914031982422 37.60625457763672
885 -37.12490463256836 32.97227096557617
886 -36.757442474365234 32.88643264770508
887 -36.54189682006836 32.800106048583984
888 -36.3590202331543 32.645103454589844
889 -36.23015213012695 32.51629638671875
890 -36.11066818237305 32.429500579833984
891 -35.890201568603516 32.481101989746094
892 -35.65306091308594 32.65092086791992
893 -35.461727142333984 32.77559280395508
894 -35.244441986083984 32.83243179321289
895 -35.00356674194336 33.151065826416016
896 -34.52639389038086 33.564056396484375
897 -34.240447998046875 33.72993087768555
898 -34.079742431640625 33.80097961425781
899 -33.66814041137695 33.848209381103516
900 -33.389366149902344 33.91214370727539
901 -33.0318717956543 34.06401824951172
902 -32.73158264160156 34.39728546142578
903 -32.4688720703125 34.96022033691406
904 -32.42980194091797 35.187564849853516
905 -32.37445831298828 35.33106231689453
906 -32.43162536621094 35.54475784301758
907 -33.08135223388672 36.01232147216797
908 -33.313140869140625 36.24861526489258
909 -33.57352066040039 36.624298095703125
910 -33.75564193725586 36.8725471496582
911 -34.061466217041016 37.00212478637695
912 -34.339271545410156 37.108924865722656
913 -34.58282470703125 37.139610290527344
914 -34.87944030761719 37.12957763671875
915 -35.16571807861328 36.99138641357422
916 -35.56117248535156 36.72726821899414
917 -35.78782272338867 36.63468551635742
918 -36.00517272949219 36.514122009277344
919 -36.26442337036133 36.308448791503906
920 -36.618629455566406 36.07331848144531
921 -37.09251403808594 35.71481704711914
922 -37.70792007446289 35.45967102050781
923 -37.96302032470703 35.352664947509766
924 -38.12599563598633 35.23765563964844
925 -38.40660095214844 35.038002014160156
926 -38.56781005859375 34.92444610595703
927 -38.75999069213867 34.681480407714844
928 -39.05206298828125 34.380001068115234
929 -39.464683532714844 33.906829833984375
930 -39.941314697265625 33.3974723815918
931 -40.36823654174805 33.00261306762695
932 -40.54719161987305 32.806922912597656
933 -40.689414978027344 32.47550964355469
934 -40.74087905883789 32.210208892822266
935 -40.58486557006836 31.627330780029297
936 -40.38801956176758 31.30531883239746
937 -40.23977279663086 31.200206756591797
938 -39.77956008911133 31.006235122680664
939 -39.42928695678711 30.912839889526367
940 -39.1576042175293 30.85733413696289
941 -38.89300537109375 30.7000675201416
942 -38.66920852661133 30.491565704345703
943 -38.524574279785156 30.123693466186523
944 -38.43138122558594 29.78915786743164
945 -38.24647521972656 29.482315063476562
946 -37.939361572265625 29.333755493164062
947 -37.687137603759766 29.17273712158203
948 -37.49442672729492 29.04986572265625
949 -37.273216247558594 28.943269729614258
950 -36.907318115234375 28.8052978515625
951 -36.64373016357422 28.711837768554688
952 -36.31920623779297 28.67694854736328
953 -36.02540588378906 28.701412200927734
954 -35.79228591918945 28.8349609375
955 -35.60783767700195 29.013212203979492
956 -35.37104034423828 29.33108901977539
957 -31.738544464111328 38.063453674316406
958 -31.681198120117188 38.325889587402344
959 -31.573711395263672 38.65792465209961
960 -31.497774124145508 38.77242660522461
961 -31.348960876464844 38.9229621887207
962 -31.110397338867188 39.193233489990234
963 -30.934940338134766 39.36082077026367
964 -30.859525680541992 39.462730407714844
965 -30.659400939941406 39.82740020751953
966 -30.481090545654297 40.25935745239258
967 -30.371305465698242 40.59968566894531
968 -30.274295806884766 40.982688903808594
969 -30.0941219329834 41.59843063354492
970 -30.06230354309082 41.83788299560547
971 -30.038557052612305 41.917118072509766
972 -29.94074249267578 42.05719757080078
973 -29.708946228027344 42.24846649169922
974 -29.264585494995117 42.53541946411133
975 -28.726207733154297 42.732139587402344
976 -28.42510223388672 42.75211715698242
977 -28.169452667236328 42.80331802368164
978 -27.687044143676758 43.08256912231445
979 -27.340930938720703 43.27442932128906
980 -27.12051773071289 43.46497344970703
981 -26.975919723510742 43.7722282409668
982 -27.032426834106445 43.94444274902344
983 -27.239105224609375 44.144622802734375
984 -27.58660316467285 44.452003479003906
985 -28.248079299926758 44.948944091796875
986 -28.568836212158203 45.237056732177734
987 -29.09656524658203 45.739986419677734
988 -29.152278900146484 45.80012512207031
989 -29.296077728271484 45.976470947265625
990 -29.765399932861328 46.52358627319336
991 -29.999588012695312 46.823787689208984
992 -30.111465454101562 46.87061309814453
993 -30.202213287353516 46.84006881713867
994 -30.42131233215332 46.91617202758789
995 -31.04036521911621 47.112815856933594
996 -31.31730079650879 47.21257019042969
997 -31.553064346313477 47.286766052246094
998 -31.711835861206055 47.31614685058594
999 -31.859941482543945 47.353065490722656
