0 16.743667602539062 -31.637264251708984
1 16.73227882385254 -31.718639373779297
2 16.695493698120117 -31.922395706176758
3 16.663984298706055 -32.06134033203125
4 16.431093215942383 -32.83248519897461
5 16.193891525268555 -33.28910827636719
6 16.09690284729004 -33.48796463012695
7 15.909668922424316 -33.73646926879883
8 15.69560432434082 -34.01612091064453
9 15.53299331665039 -34.2220344543457
10 15.42325210571289 -34.37944412231445
11 15.333514213562012 -34.851688385009766
12 15.312561988830566 -35.40105056762695
13 15.585914611816406 -35.73324203491211
14 15.877327919006348 -35.843570709228516
15 16.15827751159668 -36.04172134399414
16 16.481861114501953 -36.20107650756836
17 16.664928436279297 -36.38684844970703
18 16.894126892089844 -36.89447021484375
19 17.124805450439453 -37.36830520629883
20 17.378902435302734 -37.7053337097168
21 17.854440689086914 -38.207218170166016
22 18.026790618896484 -38.33183288574219
23 18.253204345703125 -38.4393196105957
24 18.499656677246094 -38.50022888183594
25 18.76557731628418 -38.38019943237305
26 19.12160301208496 -38.158790588378906
27 19.44784164428711 -37.7765007019043
28 19.699787139892578 -37.54948806762695
29 19.88980484008789 -37.29866409301758
30 20.013303756713867 -37.074398040771484
31 19.991344451904297 -36.796875
32 19.87057113647461 -36.55202102661133
33 19.844261169433594 -36.08770751953125
34 19.85954475402832 -35.5551643371582
35 19.780054092407227 -35.28738021850586
36 19.668912887573242 -34.96528244018555
37 19.576251983642578 -34.805416107177734
38 14.80029582977295 -20.70750617980957
39 15.025313377380371 -20.538982391357422
40 15.341092109680176 -20.341411590576172
41 15.684760093688965 -20.258508682250977
42 16.06608772277832 -20.217554092407227
43 16.362836837768555 -20.277660369873047
44 16.584638595581055 -20.53622817993164
45 17.0164737701416 -21.088424682617188
46 17.160877227783203 -21.397428512573242
47 17.222415924072266 -21.554460525512695
48 17.286108016967773 -21.627071380615234
49 15.432209968566895 -38.4862060546875
50 15.514303207397461 -38.754364013671875
51 15.629997253417969 -38.99273681640625
52 15.814993858337402 -39.33112716674805
53 16.06665802001953 -39.8846549987793
54 16.167238235473633 -40.15737533569336
55 16.43406105041504 -40.79202651977539
56 16.617473602294922 -41.17375946044922
57 16.658567428588867 -41.45209503173828
58 16.74652862548828 -42.05392074584961
59 16.76143455505371 -42.395843505859375
60 16.752685546875 -42.82651138305664
61 16.68900489807129 -43.19164276123047
62 16.543533325195312 -43.75278854370117
63 16.482004165649414 -44.048240661621094
64 16.395994186401367 -44.34864807128906
65 16.378469467163086 -44.872657775878906
66 16.278249740600586 -45.20513153076172
67 16.171789169311523 -45.45059585571289
68 15.808070182800293 -45.800724029541016
69 15.327980041503906 -46.1710319519043
70 14.96467113494873 -46.431453704833984
71 14.669846534729004 -46.609989166259766
72 14.46347427368164 -46.6851921081543
73 14.114677429199219 -46.802101135253906
74 13.47684097290039 -46.98969268798828
75 13.26200008392334 -47.01130294799805
76 12.871199607849121 -46.93015670776367
77 12.400788307189941 -46.85094451904297
78 12.030045509338379 -46.71343231201172
79 11.585808753967285 -46.46622848510742
80 11.44140911102295 -46.334388732910156
81 10.972156524658203 -45.78252410888672
82 10.634172439575195 -45.38521957397461
83 10.517132759094238 -45.34846115112305
84 10.427687644958496 -45.41987228393555
85 10.265707015991211 -45.5792236328125
86 42.332027435302734 -45.750274658203125
87 42.43545150756836 -45.58909606933594
88 42.55855941772461 -45.41807174682617
89 42.77924346923828 -44.985191345214844
90 42.9913330078125 -44.50967788696289
91 43.067710876464844 -44.23383331298828
92 43.226348876953125 -43.69906997680664
93 43.22578430175781 -43.450645446777344
94 43.19411087036133 -43.20546340942383
95 43.140785217285156 -42.74396514892578
96 43.14736557006836 -42.38569641113281
97 43.14836502075195 -42.131439208984375
98 43.1282844543457 -41.77159881591797
99 43.053062438964844 -41.28647232055664
100 42.88131332397461 -40.47410202026367
101 42.75886154174805 -39.81797409057617
102 42.74676513671875 -39.67683410644531
103 42.637718200683594 -39.42022705078125
104 42.34956359863281 -39.087867736816406
105 42.04847717285156 -38.91780471801758
106 41.8192024230957 -38.85697937011719
107 41.52553176879883 -38.83586120605469
108 41.03519058227539 -38.8372688293457
109 40.69026565551758 -38.833404541015625
110 17.836111068725586 -14.034390449523926
111 17.740192413330078 -14.073213577270508
112 17.499387741088867 -14.227357864379883
113 17.09903335571289 -14.503412246704102
114 16.84700584411621 -14.740934371948242
115 16.636194229125977 -14.972187995910645
116 16.373239517211914 -15.20235538482666
117 16.22051239013672 -15.346511840820312
118 16.0878849029541 -15.500629425048828
119 15.327730178833008 -16.058055877685547
120 15.151200294494629 -16.174795150756836
121 1.377991795539856 -46.5207405090332
122 1.5346004962921143 -46.645450592041016
123 1.9413737058639526 -46.790950775146484
124 2.102475166320801 -46.77464294433594
125 2.298642635345459 -46.59811782836914
126 2.649282693862915 -46.243019104003906
127 3.293367385864258 -45.603118896484375
128 3.7428855895996094 -45.098201751708984
129 4.112819671630859 -44.498905181884766
130 4.260252952575684 -44.18680953979492
131 4.417035102844238 -43.732154846191406
132 4.4549431800842285 -43.48413848876953
133 4.474887847900391 -43.167903900146484
134 4.547438621520996 -42.56206130981445
135 4.600465297698975 -42.34884262084961
136 32.685977935791016 -34.584468841552734
137 32.694664001464844 -34.67853927612305
138 32.69435119628906 -34.880584716796875
139 32.70811462402344 -35.39414978027344
140 32.75265121459961 -35.809532165527344
141 32.85404968261719 -36.18638229370117
142 33.05180358886719 -36.39045715332031
143 33.314632415771484 -36.50434494018555
144 33.7304801940918 -36.72471237182617
145 34.07839584350586 -36.96088409423828
146 34.489524841308594 -37.29303741455078
147 34.66412353515625 -37.451255798339844
148 34.903507232666016 -37.67578887939453
149 35.28713607788086 -38.05419921875
150 35.66259002685547 -38.48276138305664
151 35.95473098754883 -38.80354690551758
152 36.446598052978516 -39.29525375366211
153 36.57612991333008 -39.45803451538086
154 36.7120246887207 -39.70882797241211
155 36.82799530029297 -39.98992919921875
156 36.95204544067383 -40.495906829833984
157 37.070655822753906 -41.236759185791016
158 37.08712387084961 -41.471073150634766
159 37.0545768737793 -41.6910400390625
160 36.98591613769531 -41.989013671875
161 36.934635162353516 -42.13260269165039
162 9.301066398620605 -41.23674774169922
163 9.173633575439453 -41.430580139160156
164 9.116986274719238 -41.716590881347656
165 9.206005096435547 -41.97027587890625
166 9.248262405395508 -42.43877029418945
167 9.355792999267578 -42.703155517578125
168 9.512372970581055 -42.88565444946289
169 9.790589332580566 -42.99753189086914
170 10.156517028808594 -43.01439666748047
171 10.628950119018555 -42.998165130615234
172 10.857648849487305 -42.987030029296875
173 11.177155494689941 -42.985137939453125
174 11.624759674072266 -43.03725814819336
175 11.836791038513184 -43.0689697265625
176 12.871569633483887 -43.1922492980957
177 13.13924789428711 -43.21971893310547
178 13.333629608154297 -43.241050720214844
179 13.505447387695312 -43.23685073852539
180 30.529382705688477 -50.71421813964844
181 30.78058433532715 -50.883079528808594
182 31.240779876708984 -51.26089859008789
183 31.621261596679688 -51.619022369384766
184 31.841434478759766 -51.91777038574219
185 32.098899841308594 -52.326820373535156
186 32.350765228271484 -52.784297943115234
187 32.56608963012695 -53.11180114746094
188 32.6928825378418 -53.33747100830078
189 32.86742401123047 -53.62088394165039
190 33.1876335144043 -53.85309982299805
191 33.476322174072266 -53.95106506347656
192 33.90666580200195 -54.080928802490234
193 34.340702056884766 -54.13384246826172
194 34.816532135009766 -54.13029861450195
195 35.33888244628906 -54.09746170043945
196 35.79853820800781 -54.01204299926758
197 36.87501525878906 -53.77080535888672
198 37.06075668334961 -53.734397888183594
199 37.271305084228516 -53.606040954589844
200 37.56046676635742 -53.359580993652344
201 37.97615051269531 -52.987693786621094
202 38.37934875488281 -52.59699249267578
203 38.51142120361328 -52.405574798583984
204 38.595802307128906 -52.159915924072266
205 38.726139068603516 -51.50441360473633
206 38.820804595947266 -50.99103927612305
207 38.83380126953125 -50.66539001464844
208 38.8626823425293 -50.45035171508789
209 38.79845428466797 -49.91441345214844
210 38.692684173583984 -49.37527847290039
211 38.662872314453125 -49.203739166259766
212 38.556495666503906 -49.06003952026367
213 38.176361083984375 -48.629722595214844
214 37.90088653564453 -48.34691619873047
215 37.3936653137207 -47.80417251586914
216 37.186161041259766 -47.49183654785156
217 37.002925872802734 -47.10883712768555
218 36.89219665527344 -46.89751052856445
219 36.744773864746094 -46.66870880126953
220 36.454376220703125 -46.24024200439453
221 36.265663146972656 -46.088539123535156
222 35.990264892578125 -46.019500732421875
223 35.52522659301758 -45.951904296875
224 34.90066146850586 -45.83462142944336
225 34.65723419189453 -45.829681396484375
226 34.2894401550293 -45.91564178466797
227 33.952640533447266 -46.026729583740234
228 33.61363220214844 -46.16128158569336
229 33.43545150756836 -46.261539459228516
230 33.008811950683594 -46.44993209838867
231 32.44231033325195 -46.669437408447266
232 31.718828201293945 -46.90467071533203
233 31.375629425048828 -46.99859619140625
234 31.050853729248047 -47.06464767456055
235 30.787511825561523 -47.1080207824707
236 30.326576232910156 -47.13132095336914
237 21.188068389892578 -45.25722885131836
238 20.972877502441406 -45.15974807739258
239 20.468189239501953 -44.77415466308594
240 20.03620147705078 -44.49330520629883
241 19.918216705322266 -44.320735931396484
242 19.898637771606445 -44.05913543701172
243 19.945755004882812 -43.644107818603516
244 20.045385360717773 -43.265663146972656
245 20.23331642150879 -43.12381362915039
246 20.955575942993164 -43.10503005981445
247 21.313745498657227 -43.24590301513672
248 21.82180404663086 -43.47959518432617
249 22.691835403442383 -43.97145080566406
250 22.85634994506836 -44.10423278808594
251 23.06344223022461 -44.246055603027344
252 23.48692512512207 -44.50275421142578
253 23.986398696899414 -44.80144500732422
254 24.258934020996094 -44.95308303833008
255 24.69187355041504 -45.252960205078125
256 24.90965461730957 -45.40269470214844
257 25.048614501953125 -45.409034729003906
258 32.78865432739258 -22.909626007080078
259 32.780879974365234 -22.7276554107666
260 32.72977066040039 -22.47355842590332
261 32.659912109375 -22.293153762817383
262 32.512603759765625 -21.989595413208008
263 32.38414001464844 -21.727319717407227
264 32.34942626953125 -21.452558517456055
265 32.42353820800781 -21.226688385009766
266 32.50222396850586 -20.96532440185547
267 32.69622802734375 -20.47517204284668
268 32.85903549194336 -20.10222053527832
269 32.936439514160156 -19.85542869567871
270 32.94596481323242 -19.7249813079834
271 16.84796714782715 -28.1215763092041
272 16.86737060546875 -27.94368553161621
273 16.919599533081055 -27.754758834838867
274 17.032432556152344 -27.549463272094727
275 17.239866256713867 -27.254661560058594
276 17.496688842773438 -26.903709411621094
277 17.668325424194336 -26.635122299194336
278 17.80220603942871 -26.2355899810791
279 17.755720138549805 -25.858301162719727
280 17.598169326782227 -25.49791717529297
281 17.23084259033203 -25.025257110595703
282 16.851835250854492 -24.679359436035156
283 16.58403778076172 -24.512218475341797
284 16.385196685791016 -24.477685928344727
285 15.974408149719238 -24.323148727416992
286 15.69363784790039 -24.170604705810547
287 15.465619087219238 -24.01154327392578
288 15.21745491027832 -23.81439971923828
289 15.003362655639648 -23.618200302124023
290 14.827961921691895 -23.392366409301758
291 14.643709182739258 -23.258474349975586
292 5.868254661560059 -32.90468215942383
293 5.682661533355713 -33.139549255371094
294 5.427894115447998 -33.353763580322266
295 5.051485538482666 -33.50132369995117
296 4.552206039428711 -33.55092239379883
297 4.208555698394775 -33.473365783691406
298 3.8723628520965576 -33.318206787109375
299 3.7901651859283447 -33.091007232666016
300 3.846529483795166 -32.68368911743164
301 4.105329513549805 -32.06952667236328
302 4.290130615234375 -31.717575073242188
303 38.047325134277344 -11.122342109680176
304 38.20439529418945 -10.862241744995117
305 38.407920837402344 -10.65015983581543
306 38.73632049560547 -10.408038139343262
307 39.0721549987793 -10.238100051879883
308 39.42421340942383 -10.106925010681152
309 39.78792190551758 -10.011140823364258
310 40.20753860473633 -9.999360084533691
311 40.38747787475586 -10.033729553222656
312 40.680606842041016 -10.285622596740723
313 41.08495330810547 -10.615670204162598
314 41.34364700317383 -10.906123161315918
315 41.55324172973633 -11.07608413696289
316 41.792442321777344 -11.429543495178223
317 42.03133773803711 -11.925871849060059
318 42.177764892578125 -12.22411060333252
319 42.24223327636719 -12.480148315429688
320 42.22883987426758 -12.885319709777832
321 42.20067596435547 -13.23505973815918
322 42.22796630859375 -13.598383903503418
323 42.30872344970703 -13.931659698486328
324 42.53526306152344 -14.295727729797363
325 42.703407287597656 -14.554347038269043
326 42.7775764465332 -14.841227531433105
327 42.953060150146484 -15.328980445861816
328 43.03654479980469 -15.587854385375977
329 43.18793487548828 -16.12527084350586
330 43.27568435668945 -16.440481185913086
331 43.33574295043945 -16.812124252319336
332 43.358436584472656 -17.21086311340332
333 43.24918746948242 -17.548017501831055
334 43.04575729370117 -17.865642547607422
335 42.736671447753906 -18.232053756713867
336 42.44661331176758 -18.515796661376953
337 42.258304595947266 -18.68963623046875
338 8.450506210327148 -33.48063659667969
339 8.50330924987793 -33.68483352661133
340 8.619386672973633 -33.93657684326172
341 8.694141387939453 -34.14496994018555
342 8.697037696838379 -34.417938232421875
343 8.617372512817383 -35.03059387207031
344 8.5187406539917 -35.354278564453125
345 8.39072036743164 -35.616004943847656
346 8.101552963256836 -35.98282241821289
347 7.829385757446289 -36.26013946533203
348 7.491937637329102 -36.642433166503906
349 7.317033767700195 -36.88783264160156
350 7.097519397735596 -37.20865249633789
351 6.879588603973389 -37.55388259887695
352 6.577193260192871 -38.0406494140625
353 6.398543357849121 -38.315616607666016
354 6.224476337432861 -38.57827377319336
355 6.021793365478516 -38.859336853027344
356 5.485358715057373 -39.307823181152344
357 5.2514729499816895 -39.386051177978516
358 4.957601070404053 -39.3976936340332
359 4.504307746887207 -39.166526794433594
360 4.022428035736084 -38.79092788696289
361 3.8304190635681152 -38.652225494384766
362 3.807011365890503 -38.61558151245117
363 21.268207550048828 -47.4256477355957
364 21.20122528076172 -47.654537200927734
365 21.019330978393555 -47.96440887451172
366 20.759801864624023 -48.205204010009766
367 20.514928817749023 -48.35860061645508
368 20.099136352539062 -48.48722457885742
369 19.443092346191406 -48.5551872253418
370 19.04702377319336 -48.557132720947266
371 18.51491928100586 -48.546260833740234
372 18.133485794067383 -48.53843307495117
373 17.684297561645508 -48.560020446777344
374 17.24331283569336 -48.61622619628906
375 16.925657272338867 -48.722381591796875
376 16.64137077331543 -48.8870849609375
377 16.197071075439453 -49.1312370300293
378 15.925400733947754 -49.354244232177734
379 15.86075496673584 -49.72351837158203
380 16.208234786987305 -50.633888244628906
381 16.217931747436523 -50.979881286621094
382 16.100727081298828 -51.22224426269531
383 15.577235221862793 -51.43467712402344
384 15.278138160705566 -51.441410064697266
385 14.971461296081543 -51.368804931640625
386 14.469623565673828 -51.08317184448242
387 14.139922142028809 -50.919490814208984
388 13.719819068908691 -50.8275146484375
389 12.994917869567871 -50.79179382324219
390 12.726680755615234 -50.766841888427734
391 12.32680892944336 -50.727684020996094
392 11.79274845123291 -50.6896858215332
393 11.308582305908203 -50.6705322265625
394 10.906968116760254 -50.67259979248047
395 10.587445259094238 -50.756263732910156
396 10.310433387756348 -50.845603942871094
397 9.021978378295898 -51.137550354003906
398 8.768646240234375 -51.11991882324219
399 8.621223449707031 -50.96595764160156
400 8.476740837097168 -50.698143005371094
401 8.332542419433594 -50.339813232421875
402 8.086949348449707 -49.8450927734375
403 7.883459091186523 -49.587886810302734
404 7.452083110809326 -49.154273986816406
405 7.2006306648254395 -48.892269134521484
406 7.112005710601807 -48.565879821777344
407 7.078254222869873 -48.219566345214844
408 7.1179375648498535 -47.87017822265625
409 7.186318397521973 -47.13644027709961
410 7.1855387687683105 -46.93064880371094
411 7.246425151824951 -46.604454040527344
412 7.305123329162598 -46.312313079833984
413 7.385941505432129 -45.96605682373047
414 7.572117328643799 -45.101200103759766
415 7.619852542877197 -44.71100616455078
416 7.625293731689453 -44.49315643310547
417 7.626006126403809 -44.38847351074219
418 26.890459060668945 -23.821260452270508
419 27.008352279663086 -23.883501052856445
420 27.22015380859375 -24.094541549682617
421 27.418502807617188 -24.357980728149414
422 27.54969024658203 -24.572477340698242
423 27.639957427978516 -24.799230575561523
424 27.8256778717041 -25.15761947631836
425 27.9122371673584 -25.537389755249023
426 27.980079650878906 -25.775508880615234
427 28.12657928466797 -25.995243072509766
428 28.40444564819336 -26.221773147583008
429 28.858816146850586 -26.501148223876953
430 29.186906814575195 -26.803010940551758
431 29.360265731811523 -27.103647232055664
432 29.483232498168945 -27.35036277770996
433 29.62953758239746 -27.54205894470215
434 29.597579956054688 -27.673242568969727
435 23.360807418823242 -33.031307220458984
436 23.256019592285156 -33.25061798095703
437 23.21179962158203 -33.443748474121094
438 23.181615829467773 -33.75334548950195
439 23.229761123657227 -34.062042236328125
440 23.29421043395996 -34.41221237182617
441 23.412796020507812 -34.78131866455078
442 23.53057289123535 -35.03017807006836
443 23.665712356567383 -35.20110321044922
444 24.153587341308594 -35.52779006958008
445 24.569660186767578 -35.82144546508789
446 24.76967430114746 -35.96281814575195
447 25.11326789855957 -36.25864791870117
448 28.105426788330078 -40.13197708129883
449 28.291196823120117 -40.27310562133789
450 28.437074661254883 -40.261234283447266
451 28.966997146606445 -40.13427734375
452 29.2971134185791 -40.004478454589844
453 29.787824630737305 -39.82423400878906
454 30.23638916015625 -39.64302444458008
455 30.889511108398438 -39.469688415527344
456 31.438817977905273 -39.31214904785156
457 31.768787384033203 -39.205135345458984
458 31.989086151123047 -39.15251541137695
459 32.084556579589844 -39.12820816040039
460 43.082523345947266 -26.856407165527344
461 43.89573287963867 -25.688007354736328
462 43.98017120361328 -25.65597152709961
463 44.160560607910156 -25.716915130615234
464 44.322608947753906 -25.80524253845215
465 44.501705169677734 -25.983591079711914
466 44.6131477355957 -26.165952682495117
467 44.852394104003906 -26.47243309020996
468 44.88775634765625 -26.64022445678711
469 44.61592102050781 -27.805187225341797
470 44.52291488647461 -28.285024642944336
471 44.4974250793457 -28.47847557067871
472 44.47460174560547 -28.741308212280273
473 44.444114685058594 -28.928028106689453
474 44.367923736572266 -29.206270217895508
475 33.0067138671875 -41.99952697753906
476 32.63572692871094 -42.24644470214844
477 32.418296813964844 -42.37192916870117
478 32.149192810058594 -42.4978141784668
479 31.836139678955078 -42.61931610107422
480 30.5638427734375 -43.071495056152344
481 30.187591552734375 -43.207401275634766
482 29.86100959777832 -43.274322509765625
483 29.622066497802734 -43.28515625
484 29.459457397460938 -43.25000762939453
485 29.334821701049805 -43.14451217651367
486 28.97821807861328 -32.00498962402344
487 28.7792911529541 -31.775592803955078
488 28.498685836791992 -31.57840919494629
489 28.361297607421875 -31.583850860595703
490 28.04305648803711 -31.720279693603516
491 27.739057540893555 -32.13704299926758
492 27.49948501586914 -32.567928314208984
493 27.26358413696289 -33.02431869506836
494 26.97210121154785 -33.34250259399414
495 26.583065032958984 -33.624000549316406
496 26.396686553955078 -33.634552001953125
497 26.243267059326172 -33.49578094482422
498 26.080005645751953 -33.08985137939453
499 25.733327865600586 -32.07834243774414
500 25.453353881835938 -31.449535369873047
501 25.2152156829834 -31.098812103271484
502 25.099651336669922 -30.951948165893555
503 24.99762535095215 -30.795368194580078
504 24.974515914916992 -30.75054359436035
505 6.594426155090332 -20.401735305786133
506 6.470033168792725 -19.983747482299805
507 6.4775309562683105 -19.658323287963867
508 6.51043701171875 -19.408180236816406
509 6.582787990570068 -19.106130599975586
510 6.7268900871276855 -18.864408493041992
511 7.106579303741455 -18.481918334960938
512 7.45432710647583 -18.152034759521484
513 7.5734944343566895 -18.072664260864258
514 7.732410907745361 -18.01235008239746
515 8.145354270935059 -17.882518768310547
516 8.808432579040527 -17.734708786010742
517 9.099486351013184 -17.725370407104492
518 9.397211074829102 -17.76822280883789
519 9.72419548034668 -17.972362518310547
520 10.136300086975098 -18.353435516357422
521 10.983078002929688 -18.93159294128418
522 11.262988090515137 -19.163110733032227
523 11.52468490600586 -19.38567352294922
524 11.935382843017578 -19.735614776611328
525 12.119842529296875 -19.955455780029297
526 12.216670989990234 -20.168514251708984
527 12.249320030212402 -20.490699768066406
528 12.188804626464844 -20.828392028808594
529 11.977827072143555 -21.298999786376953
530 11.76024341583252 -21.63126564025879
531 11.615053176879883 -21.819623947143555
532 11.38959789276123 -22.128694534301758
533 11.166053771972656 -22.525854110717773
534 11.122596740722656 -22.78411865234375
535 11.089349746704102 -23.22296142578125
536 11.079919815063477 -23.53923797607422
537 11.209297180175781 -23.72574806213379
538 11.537986755371094 -24.277122497558594
539 11.652913093566895 -24.4948787689209
540 11.951899528503418 -24.808208465576172
541 12.157259941101074 -25.048786163330078
542 12.393688201904297 -25.326099395751953
543 12.623515129089355 -25.61275291442871
544 17.254247665405273 -29.88567352294922
545 17.494277954101562 -29.992536544799805
546 17.964427947998047 -30.048311233520508
547 18.45644760131836 -30.044193267822266
548 18.876094818115234 -29.9686222076416
549 19.39490509033203 -29.862558364868164
550 19.60654067993164 -29.78831672668457
551 19.81262969970703 -29.71209144592285
552 36.3090705871582 -17.550004959106445
553 36.452301025390625 -17.46903419494629
554 36.75061798095703 -17.259748458862305
555 37.035804748535156 -17.010517120361328
556 37.46765899658203 -16.499757766723633
557 37.612144470214844 -16.295570373535156
558 37.53901672363281 -16.0872745513916
559 37.37861251831055 -15.583301544189453
560 37.149024963378906 -15.188380241394043
561 36.70078659057617 -14.695061683654785
562 36.44499206542969 -14.52245044708252
563 36.183746337890625 -14.48800277709961
564 35.82417678833008 -14.568479537963867
565 35.49805450439453 -14.581010818481445
566 34.58226013183594 -14.505891799926758
567 34.35044860839844 -14.549880981445312
568 33.70995330810547 -14.681609153747559
569 33.37865447998047 -14.771862983703613
570 33.25432586669922 -14.835381507873535
571 33.03260803222656 -14.92352294921875
572 26.698089599609375 -18.64208221435547
573 26.551151275634766 -18.721433639526367
574 26.36557388305664 -18.848960876464844
575 26.05621910095215 -19.08113670349121
576 25.608732223510742 -19.436498641967773
577 25.32978057861328 -19.583587646484375
578 25.112951278686523 -19.723583221435547
579 24.806486129760742 -19.98097801208496
580 24.290315628051758 -20.58442497253418
581 24.075571060180664 -20.888246536254883
582 24.000778198242188 -21.08476448059082
583 23.947925567626953 -21.430248260498047
584 23.915910720825195 -21.696746826171875
585 23.837703704833984 -22.180700302124023
586 23.825881958007812 -22.38902473449707
587 23.847414016723633 -22.68016815185547
588 23.819368362426758 -23.163105010986328
589 23.81415557861328 -23.45393943786621
590 23.854036331176758 -23.793418884277344
591 23.910219192504883 -24.31854820251465
592 23.932905197143555 -24.557432174682617
593 24.05817222595215 -25.12714385986328
594 24.122270584106445 -25.451993942260742
595 24.15180778503418 -26.02569580078125
596 24.23174476623535 -26.57314109802246
597 24.30209732055664 -26.918434143066406
598 24.56620216369629 -27.50572967529297
599 24.706430435180664 -27.65996742248535
600 24.934547424316406 -27.819490432739258
601 25.418134689331055 -28.11215591430664
602 25.89301109313965 -28.339906692504883
603 26.795183181762695 -28.660743713378906
604 27.07171630859375 -28.890329360961914
605 27.46824836730957 -29.265552520751953
606 27.87850570678711 -29.608135223388672
607 28.16415023803711 -29.71347427368164
608 28.489458084106445 -29.804166793823242
609 29.08150863647461 -29.930635452270508
610 29.803369522094727 -30.11073875427246
611 30.16891860961914 -30.2121524810791
612 30.79362678527832 -30.417367935180664
613 31.08060073852539 -30.507823944091797
614 31.62311363220215 -30.63025665283203
615 32.104393005371094 -30.707408905029297
616 32.38954162597656 -30.87444305419922
617 32.55827713012695 -31.082292556762695
618 32.7776985168457 -31.375974655151367
619 33.14710235595703 -31.920103073120117
620 33.34242630004883 -32.22295379638672
621 33.51839828491211 -32.37102508544922
622 33.86652755737305 -32.596885681152344
623 40.26582717895508 -32.93245315551758
624 40.59075164794922 -32.89606475830078
625 41.100860595703125 -32.8942985534668
626 41.67205810546875 -32.92855453491211
627 41.9214973449707 -32.991004943847656
628 42.15034103393555 -33.22072219848633
629 42.25014114379883 -33.447044372558594
630 42.1777229309082 -33.84355926513672
631 41.945404052734375 -34.266380310058594
632 41.52363586425781 -34.774532318115234
633 41.08843231201172 -35.11912536621094
634 40.396549224853516 -35.539180755615234
635 40.072296142578125 -35.68211364746094
636 39.77186965942383 -35.78388595581055
637 39.475284576416016 -35.74675369262695
638 38.909751892089844 -35.58549499511719
639 38.697410583496094 -35.501991271972656
640 37.9090576171875 -35.154449462890625
641 37.3024787902832 -34.93824768066406
642 37.07371139526367 -34.79461669921875
643 36.919673919677734 -34.57176971435547
644 36.70454025268555 -34.22041702270508
645 36.54990768432617 -33.88795471191406
646 36.476627349853516 -33.53887176513672
647 36.44750213623047 -33.13385009765625
648 36.47734832763672 -32.6721076965332
649 36.56441879272461 -32.25104904174805
650 36.80747604370117 -31.742921829223633
651 36.956153869628906 -31.558433532714844
652 37.090187072753906 -31.423442840576172
653 37.41352081298828 -31.190214157104492
654 37.994754791259766 -30.780826568603516
655 38.324317932128906 -30.541913986206055
656 38.65439224243164 -30.299325942993164
657 39.054847717285156 -29.91156768798828
658 39.367332458496094 -29.45917320251465
659 39.49000549316406 -29.119449615478516
660 39.50419616699219 -28.821613311767578
661 39.382545471191406 -28.57412338256836
662 38.94205856323242 -27.980411529541016
663 38.74024963378906 -27.773595809936523
664 38.4388542175293 -27.583324432373047
665 37.84443283081055 -27.360074996948242
666 37.41465377807617 -27.275299072265625
667 37.00882339477539 -27.27447509765625
668 36.55479431152344 -27.337669372558594
669 36.196842193603516 -27.39510154724121
670 35.869693756103516 -27.489662170410156
671 35.43846130371094 -27.671382904052734
672 35.295955657958984 -27.778751373291016
673 -3.3865482807159424 -42.885990142822266
674 -3.297161817550659 -42.76130676269531
675 -3.1738107204437256 -42.624691009521484
676 -2.9018664360046387 -42.396453857421875
677 -2.545713424682617 -42.10140609741211
678 -2.317873954772949 -41.8719596862793
679 -2.1239397525787354 -41.61690902709961
680 -1.9936027526855469 -41.42124938964844
681 -1.8294779062271118 -41.16487503051758
682 -1.5585241317749023 -40.826416015625
683 -1.2877836227416992 -40.51816177368164
684 -1.0874744653701782 -40.381202697753906
685 -0.5722880363464355 -40.169063568115234
686 -0.3003702759742737 -40.12614059448242
687 0.02458067238330841 -40.124778747558594
688 18.88484001159668 -52.463279724121094
689 19.034221649169922 -52.43808364868164
690 19.60516929626465 -52.352108001708984
691 19.88070297241211 -52.35834503173828
692 20.28829002380371 -52.64431381225586
693 20.580202102661133 -52.89406204223633
694 20.7850399017334 -52.98271560668945
695 21.043298721313477 -52.97624969482422
696 21.64520835876465 -52.9322509765625
697 22.064016342163086 -52.91512680053711
698 22.5795955657959 -52.839561462402344
699 22.907432556152344 -52.73478698730469
700 23.38347053527832 -52.432430267333984
701 23.477933883666992 -52.24097442626953
702 23.671586990356445 -51.775455474853516
703 23.796932220458984 -51.3972282409668
704 23.94037628173828 -50.85171127319336
705 24.00756072998047 -50.441184997558594
706 24.168346405029297 -50.16011047363281
707 24.5523681640625 -49.5306282043457
708 24.920948028564453 -48.946136474609375
709 25.05897331237793 -48.77550506591797
710 25.314516067504883 -48.514434814453125
711 25.66253089904785 -48.18546676635742
712 26.04466438293457 -47.980770111083984
713 26.249908447265625 -47.966522216796875
714 26.76771354675293 -48.135902404785156
715 27.20579719543457 -48.37144470214844
716 27.455400466918945 -48.590904235839844
717 27.579708099365234 -48.82891082763672
718 27.614641189575195 -49.11600112915039
719 27.581567764282227 -49.315311431884766
720 27.185958862304688 -49.906673431396484
721 27.022258758544922 -50.190330505371094
722 26.617883682250977 -51.133697509765625
723 26.581371307373047 -51.748779296875
724 26.569683074951172 -52.156822204589844
725 26.56722068786621 -52.60738754272461
726 26.602243423461914 -52.792537689208984
727 30.778596878051758 -18.265962600708008
728 30.71804428100586 -18.12787437438965
729 30.600488662719727 -17.895654678344727
730 30.418560028076172 -17.489688873291016
731 30.234621047973633 -17.075471878051758
732 30.0048770904541 -16.55463218688965
733 29.937267303466797 -16.384191513061523
734 29.813512802124023 -16.21999740600586
735 29.483797073364258 -15.692957878112793
736 29.19995880126953 -15.225106239318848
737 29.039255142211914 -15.056312561035156
738 28.716814041137695 -14.7461576461792
739 28.318849563598633 -14.379410743713379
740 27.986452102661133 -14.0706787109375
741 27.707664489746094 -13.869909286499023
742 27.341827392578125 -13.715409278869629
743 27.010210037231445 -13.59636402130127
744 26.634490966796875 -13.481353759765625
745 26.296070098876953 -13.462348937988281
746 26.053186416625977 -13.51791000366211
747 25.3949031829834 -13.64463996887207
748 24.7779541015625 -13.653409004211426
749 24.08359718322754 -13.629343032836914
750 23.196691513061523 -13.382807731628418
751 22.86642074584961 -13.206323623657227
752 22.424266815185547 -12.977335929870605
753 22.175308227539062 -12.870015144348145
754 21.981019973754883 -12.908559799194336
755 21.69424819946289 -13.082673072814941
756 21.410675048828125 -13.360865592956543
757 20.88762092590332 -13.89653491973877
758 20.797916412353516 -14.143074035644531
759 20.84121322631836 -14.383522987365723
760 21.015981674194336 -14.851581573486328
761 21.211862564086914 -15.32368278503418
762 21.418819427490234 -15.814024925231934
763 21.818029403686523 -16.535503387451172
764 22.036888122558594 -16.89813995361328
765 22.270898818969727 -17.26592254638672
766 22.512502670288086 -17.644943237304688
767 22.650495529174805 -17.892126083374023
768 22.733325958251953 -18.069782257080078
769 26.012313842773438 -42.96794891357422
770 25.895263671875 -42.910064697265625
771 25.63092041015625 -42.74736785888672
772 25.288942337036133 -42.54023742675781
773 25.060962677001953 -42.34736251831055
774 24.817195892333984 -42.08126449584961
775 24.55986976623535 -41.76173400878906
776 24.33267593383789 -41.467525482177734
777 24.085491180419922 -41.15629959106445
778 23.832780838012695 -40.82295227050781
779 23.656505584716797 -40.50984191894531
780 23.465049743652344 -39.8967399597168
781 23.495803833007812 -39.478309631347656
782 23.50991439819336 -38.9943962097168
783 23.492298126220703 -38.672080993652344
784 23.291521072387695 -38.3122673034668
785 23.03019142150879 -38.202205657958984
786 22.7906551361084 -38.364505767822266
787 22.290742874145508 -38.96286392211914
788 22.11549186706543 -39.18280792236328
789 21.643346786499023 -39.61788558959961
790 21.338998794555664 -39.786537170410156
791 21.089616775512695 -40.06481170654297
792 20.903457641601562 -40.349124908447266
793 20.617063522338867 -40.60140609741211
794 20.012487411499023 -40.924564361572266
795 19.67938232421875 -41.02635955810547
796 19.405614852905273 -41.00180435180664
797 19.17877769470215 -40.771202087402344
798 19.042407989501953 -40.44527053833008
799 18.96900177001953 -40.230499267578125
800 33.772891998291016 -25.228864669799805
801 34.019195556640625 -25.060791015625
802 34.302490234375 -24.838172912597656
803 34.584877014160156 -24.590721130371094
804 34.859657287597656 -24.360496520996094
805 35.042232513427734 -24.244848251342773
806 35.28832244873047 -24.11115264892578
807 35.65745544433594 -23.93852996826172
808 36.370849609375 -23.786569595336914
809 36.94927215576172 -23.71293067932129
810 37.588897705078125 -23.68548011779785
811 37.9052848815918 -23.715791702270508
812 38.19866180419922 -23.701730728149414
813 38.48704147338867 -23.691999435424805
814 38.816192626953125 -23.69911003112793
815 39.103416442871094 -23.603727340698242
816 39.343406677246094 -23.522382736206055
817 39.66302490234375 -23.358922958374023
818 39.886959075927734 -23.146392822265625
819 40.10014343261719 -22.91521644592285
820 40.206302642822266 -22.73248291015625
821 40.427528381347656 -21.502960205078125
822 40.469970703125 -21.15212059020996
823 40.37500762939453 -20.805757522583008
824 40.24788284301758 -20.6046085357666
825 39.94748306274414 -20.27486228942871
826 39.64898681640625 -20.008852005004883
827 39.2645378112793 -19.805559158325195
828 38.982666015625 -19.82625389099121
829 37.90534210205078 -20.157270431518555
830 37.579734802246094 -20.26751136779785
831 37.328590393066406 -20.347976684570312
832 36.95769119262695 -20.370542526245117
833 36.66233825683594 -20.347061157226562
834 36.26426315307617 -20.300954818725586
835 35.79354476928711 -20.240917205810547
836 35.52479934692383 -20.235586166381836
837 35.328147888183594 -20.251266479492188
838 29.87162971496582 -20.61888885498047
839 29.615434646606445 -20.644319534301758
840 29.452009201049805 -20.727266311645508
841 29.37090492248535 -20.948028564453125
842 29.160253524780273 -21.927019119262695
843 29.123451232910156 -22.312236785888672
844 29.146913528442383 -22.614429473876953
845 29.2539005279541 -22.860984802246094
846 29.46873664855957 -23.223560333251953
847 29.743087768554688 -23.632169723510742
848 29.99783706665039 -24.014575958251953
849 30.200031280517578 -24.256505966186523
850 30.417322158813477 -24.505474090576172
851 30.674570083618164 -24.78822135925293
852 30.861129760742188 -25.002824783325195
853 31.39893341064453 -25.69461441040039
854 31.72820472717285 -26.0933780670166
855 32.14910888671875 -26.63604736328125
856 32.38840866088867 -27.01173973083496
857 32.63532638549805 -27.461288452148438
858 32.713645935058594 -27.744218826293945
859 32.72060775756836 -27.95822525024414
860 32.6928825378418 -28.192359924316406
861 30.435630798339844 -33.8375244140625
862 30.23196792602539 -34.24254608154297
863 30.037094116210938 -34.593326568603516
864 29.878171920776367 -34.823978424072266
865 29.594697952270508 -35.16200637817383
866 29.132980346679688 -35.529518127441406
867 28.917795181274414 -35.690330505371094
868 28.69399642944336 -35.930965423583984
869 28.492128372192383 -36.305030822753906
870 28.357776641845703 -36.555213928222656
871 28.251953125 -36.71236038208008
872 28.144758224487305 -37.00794219970703
873 27.901185989379883 -37.607730865478516
874 27.617748260498047 -38.028385162353516
875 27.386194229125977 -38.24259948730469
876 27.104812622070312 -38.40422058105469
877 26.816619873046875 -38.505126953125
878 26.34600257873535 -38.633811950683594
879 25.916507720947266 -38.76617431640625
880 25.772510528564453 -38.80790710449219
881 25.520835876464844 -38.86044692993164
882 14.019109725952148 -40.56739044189453
883 13.758427619934082 -40.397525787353516
884 13.513361930847168 -40.19499206542969
885 13.101282119750977 -39.82789611816406
886 12.917390823364258 -39.6383056640625
887 12.357494354248047 -39.260223388671875
888 11.919593811035156 -39.04773712158203
889 11.586349487304688 -38.95085906982422
890 11.353370666503906 -38.89517593383789
891 11.226726531982422 -38.683406829833984
892 10.98936653137207 -38.174156188964844
893 10.958719253540039 -37.89752960205078
894 11.093818664550781 -37.58391571044922
895 11.170492172241211 -37.3480224609375
896 11.378520965576172 -36.75819778442383
897 11.552404403686523 -36.019554138183594
898 11.582806587219238 -35.606101989746094
899 11.585918426513672 -35.2629508972168
900 11.583544731140137 -35.07094955444336
901 11.575905799865723 -34.684139251708984
902 11.545010566711426 -34.1341438293457
903 11.539368629455566 -33.92118453979492
904 11.387064933776855 -33.257904052734375
905 11.271917343139648 -32.86948013305664
906 11.233560562133789 -32.57896423339844
907 11.243592262268066 -32.432838439941406
908 11.357772827148438 -32.208763122558594
909 11.603464126586914 -31.84897804260254
910 12.081411361694336 -31.30170440673828
911 12.537149429321289 -30.98072052001953
912 12.799694061279297 -30.899097442626953
913 12.99760627746582 -30.899755477905273
914 13.547740936279297 -30.85101318359375
915 13.860620498657227 -30.83493995666504
916 14.169621467590332 -30.64841651916504
917 14.377479553222656 -30.364477157592773
918 14.418089866638184 -30.046911239624023
919 14.374462127685547 -29.696069717407227
920 14.25156307220459 -29.48058319091797
921 13.898059844970703 -29.05297088623047
922 13.635001182556152 -28.634679794311523
923 13.571887016296387 -28.324195861816406
924 13.673714637756348 -27.998380661010742
925 13.993666648864746 -27.584794998168945
926 14.158590316772461 -27.551103591918945
927 14.595523834228516 -27.789358139038086
928 18.964004516601562 -32.38102722167969
929 19.252429962158203 -32.46697235107422
930 19.53019905090332 -32.4698600769043
931 20.034788131713867 -32.32939147949219
932 20.616174697875977 -32.10895919799805
933 21.177085876464844 -31.900222778320312
934 21.40679359436035 -31.778106689453125
935 21.765533447265625 -31.510173797607422
936 21.930004119873047 -31.254283905029297
937 22.11603546142578 -30.6967830657959
938 22.148286819458008 -30.31574249267578
939 22.181642532348633 -29.899261474609375
940 22.212890625 -29.570852279663086
941 22.237659454345703 -29.160667419433594
942 22.272071838378906 -28.89565086364746
943 22.202381134033203 -28.640262603759766
944 22.034862518310547 -28.200851440429688
945 21.88140296936035 -27.895078659057617
946 21.709396362304688 -27.66510772705078
947 21.465017318725586 -27.40921974182129
948 21.185041427612305 -27.150466918945312
949 21.002931594848633 -26.851200103759766
950 20.902076721191406 -26.60812759399414
951 20.82595443725586 -25.876615524291992
952 20.75514793395996 -25.365787506103516
953 20.699308395385742 -25.032657623291016
954 20.616424560546875 -24.570106506347656
955 20.549753189086914 -24.18832778930664
956 20.49287223815918 -23.943470001220703
957 20.37930679321289 -23.623371124267578
958 20.283649444580078 -23.253639221191406
959 20.19036102294922 -22.787290573120117
960 20.11603355407715 -22.302961349487305
961 20.07483673095703 -21.77315330505371
962 20.052980422973633 -21.40402603149414
963 20.004627227783203 -21.03746223449707
964 19.92173194885254 -20.665924072265625
965 19.83865737915039 -20.388477325439453
966 19.645479202270508 -19.842876434326172
967 19.473480224609375 -19.427444458007812
968 19.191373825073242 -18.912906646728516
969 19.001787185668945 -18.625625610351562
970 18.65637969970703 -18.293188095092773
971 18.329769134521484 -18.146032333374023
972 17.96559715270996 -18.0245418548584
973 17.736337661743164 -17.9867000579834
974 7.074393272399902 -24.714580535888672
975 6.9647297859191895 -24.8143310546875
976 6.731215000152588 -25.00865364074707
977 6.369391441345215 -25.286548614501953
978 6.048146724700928 -25.53286361694336
979 5.831772804260254 -25.761751174926758
980 5.719806671142578 -26.11041831970215
981 5.7058539390563965 -26.373151779174805
982 5.720804214477539 -26.628816604614258
983 5.891663551330566 -27.18845558166504
984 6.031314373016357 -27.719425201416016
985 6.163113117218018 -28.154081344604492
986 6.37681770324707 -28.650060653686523
987 6.661059379577637 -29.059755325317383
988 7.0486741065979 -29.35169792175293
989 7.368714809417725 -29.49120330810547
990 7.69452428817749 -29.47380828857422
991 7.928218364715576 -29.429813385009766
992 8.233965873718262 -29.250789642333984
993 9.12774658203125 -28.881763458251953
994 9.410929679870605 -28.756534576416016
995 9.661956787109375 -28.639570236206055
996 10.006052017211914 -28.49669075012207
997 10.462106704711914 -28.283357620239258
998 10.667341232299805 -28.164737701416016
999 10.737292289733887 -28.106260299682617
