0 27.368064880371094 56.83616256713867
1 27.521085739135742 56.679080963134766
2 27.986804962158203 56.319435119628906
3 28.40774917602539 56.13438034057617
4 28.83218765258789 56.035823822021484
5 29.129127502441406 56.045654296875
6 29.422006607055664 56.09214782714844
7 30.141239166259766 56.08424758911133
8 30.370027542114258 56.034481048583984
9 30.691770553588867 55.63688278198242
10 30.950504302978516 55.12364196777344
11 30.931316375732422 54.7332763671875
12 30.66337013244629 54.30807113647461
13 30.192792892456055 53.85490417480469
14 29.48252296447754 53.33037185668945
15 28.97736358642578 52.946678161621094
16 28.74608039855957 52.57572555541992
17 28.428627014160156 51.735008239746094
18 28.156526565551758 51.0981559753418
19 28.033775329589844 50.68156433105469
20 27.962993621826172 50.38872146606445
21 27.979106903076172 49.804141998291016
22 27.99961280822754 49.44730758666992
23 27.785629272460938 48.74273681640625
24 27.607511520385742 48.51703643798828
25 27.2822322845459 48.410789489746094
26 26.66523551940918 48.35308837890625
27 26.34242057800293 48.42314910888672
28 26.249794006347656 48.45978927612305
29 25.577322006225586 49.071651458740234
30 25.340185165405273 49.19721221923828
31 25.059709548950195 49.12186813354492
32 24.820890426635742 49.01780700683594
33 24.698606491088867 48.78586196899414
34 24.50330352783203 48.04343795776367
35 24.453250885009766 47.58110046386719
36 24.510068893432617 47.38466262817383
37 24.487600326538086 46.725589752197266
38 24.3687744140625 46.534568786621094
39 24.055219650268555 46.26201629638672
40 23.872222900390625 46.19130325317383
41 23.338117599487305 45.97234344482422
42 23.097248077392578 45.92629623413086
43 22.740768432617188 45.9598388671875
44 22.254945755004883 45.86967468261719
45 21.590757369995117 45.59835433959961
46 21.51975440979004 45.55919647216797
47 21.263164520263672 45.514408111572266
48 20.9495792388916 45.49369812011719
49 20.367097854614258 45.45416259765625
50 19.89668846130371 45.30472183227539
51 19.62616539001465 45.17676544189453
52 19.171710968017578 45.16403579711914
53 18.718761444091797 45.094852447509766
54 17.980810165405273 44.78211975097656
55 17.430511474609375 44.617210388183594
56 17.028940200805664 44.44502639770508
57 16.712377548217773 44.23979568481445
58 16.471832275390625 44.00431442260742
59 16.318742752075195 43.83063888549805
60 16.043750762939453 43.2368049621582
61 16.035463333129883 42.85316467285156
62 16.064483642578125 42.57538604736328
63 16.176485061645508 42.30022430419922
64 16.353120803833008 42.00585174560547
65 16.66916847229004 41.45918273925781
66 16.819307327270508 41.15037536621094
67 17.031803131103516 40.890167236328125
68 17.34126091003418 40.531982421875
69 17.463520050048828 40.332176208496094
70 17.866222381591797 40.098087310791016
71 18.0084228515625 40.05933380126953
72 19.381786346435547 39.89585494995117
73 19.470613479614258 39.944175720214844
74 19.685997009277344 40.07683563232422
75 19.892309188842773 40.24983215332031
76 20.282642364501953 40.59787368774414
77 20.374582290649414 40.709171295166016
78 20.841197967529297 41.295894622802734
79 21.056182861328125 41.463008880615234
80 21.205041885375977 41.57095718383789
81 21.583602905273438 41.735572814941406
82 21.9688720703125 41.77812576293945
83 22.476097106933594 41.75741958618164
84 22.922544479370117 41.710548400878906
85 23.142826080322266 41.65560531616211
86 23.59778594970703 41.35729217529297
87 23.874195098876953 41.16819381713867
88 24.55486297607422 40.860897064208984
89 24.69884490966797 40.91936492919922
90 24.870954513549805 41.23147201538086
91 24.984004974365234 41.42774200439453
92 25.38495445251465 41.8026008605957
93 25.739013671875 41.97034454345703
94 25.948955535888672 42.14167404174805
95 26.121646881103516 42.40940475463867
96 26.074867248535156 42.699493408203125
97 25.6522159576416 43.25424575805664
98 25.60787582397461 43.65413284301758
99 25.794708251953125 44.055442810058594
100 26.07404899597168 44.309452056884766
101 26.51955223083496 44.711177825927734
102 26.7495059967041 44.7159309387207
103 27.088253021240234 44.73342514038086
104 27.420053482055664 44.627197265625
105 27.520973205566406 44.369384765625
106 27.690025329589844 43.92244338989258
107 27.941650390625 43.311771392822266
108 28.035276412963867 43.12678527832031
109 28.23790168762207 42.92376708984375
110 28.598644256591797 42.69640350341797
111 28.953243255615234 42.57286834716797
112 29.415952682495117 42.55205154418945
113 29.500255584716797 42.797367095947266
114 29.531404495239258 43.248199462890625
115 29.680795669555664 43.66319274902344
116 29.853557586669922 44.05808639526367
117 29.830427169799805 44.33218002319336
118 29.959882736206055 45.139041900634766
119 30.149917602539062 45.73554229736328
120 30.268278121948242 45.98295974731445
121 30.66628074645996 46.66023635864258
122 30.80565643310547 47.013851165771484
123 30.864870071411133 47.19242477416992
124 31.064908981323242 48.01344680786133
125 31.04793930053711 48.214603424072266
126 24.428133010864258 55.61610794067383
127 24.52974510192871 55.6787223815918
128 24.686264038085938 55.46883773803711
129 24.945505142211914 55.17153549194336
130 25.512420654296875 54.81983947753906
131 25.554746627807617 54.678043365478516
132 25.58285140991211 54.42500305175781
133 25.44174575805664 54.19561004638672
134 24.959976196289062 53.966392517089844
135 24.487485885620117 53.740631103515625
136 17.893415451049805 51.280704498291016
137 17.704965591430664 51.11626052856445
138 17.47503089904785 50.9503173828125
139 17.07095718383789 50.693721771240234
140 16.94459342956543 50.58602523803711
141 16.726272583007812 50.54594421386719
142 16.405672073364258 50.64836502075195
143 16.234195709228516 50.895172119140625
144 16.088857650756836 51.320213317871094
145 15.929147720336914 52.04292678833008
146 15.968575477600098 52.386783599853516
147 16.16773223876953 52.982662200927734
148 16.368709564208984 53.443199157714844
149 16.387510299682617 53.85264587402344
150 16.52613639831543 54.12321853637695
151 16.871349334716797 54.05049514770508
152 17.459684371948242 53.750633239746094
153 17.995380401611328 53.551029205322266
154 18.22475242614746 53.4890022277832
155 22.97476577758789 52.3509635925293
156 23.210674285888672 52.10299301147461
157 23.563119888305664 51.63138198852539
158 23.6793270111084 51.33264923095703
159 23.559425354003906 50.969749450683594
160 23.340578079223633 50.767581939697266
161 23.079050064086914 50.48985290527344
162 22.705656051635742 50.08713150024414
163 22.637924194335938 49.80485916137695
164 22.485523223876953 49.57432556152344
165 22.29952049255371 49.371334075927734
166 21.95071029663086 48.884090423583984
167 21.679645538330078 48.615257263183594
168 21.414989471435547 48.4388313293457
169 21.190250396728516 48.346641540527344
170 20.29790687561035 47.89476776123047
171 20.05666160583496 47.75541305541992
172 19.253402709960938 47.42987060546875
173 18.990962982177734 47.320594787597656
174 18.621360778808594 47.2113151550293
175 18.135265350341797 47.11252212524414
176 17.584251403808594 47.14860153198242
177 17.406946182250977 47.2674560546875
178 17.4666805267334 47.4426155090332
179 17.60342788696289 47.71316909790039
180 17.72538185119629 48.133644104003906
181 18.238862991333008 48.853416442871094
182 18.467525482177734 48.99888229370117
183 18.8123779296875 49.19145202636719
184 19.053770065307617 49.363651275634766
185 19.31711769104004 49.621665954589844
186 19.455429077148438 49.86326217651367
187 19.653018951416016 50.277679443359375
188 19.75116729736328 50.500694274902344
189 19.935388565063477 51.13127136230469
190 19.99319839477539 51.26911544799805
191 20.119234085083008 51.4440803527832
192 20.502273559570312 51.89257049560547
193 20.73357582092285 52.12797546386719
194 20.79623794555664 52.291961669921875
195 20.83202362060547 52.51801300048828
196 20.861238479614258 53.038333892822266
197 21.17267417907715 53.32046127319336
198 21.52191734313965 53.61752700805664
199 21.820079803466797 53.93058776855469
200 22.059589385986328 54.3688850402832
201 22.310779571533203 54.935218811035156
202 22.423097610473633 55.257728576660156
203 22.41974449157715 55.300331115722656
204 20.575571060180664 54.75262451171875
205 20.364952087402344 54.707862854003906
206 19.957706451416016 54.73414611816406
207 19.31093406677246 54.89744567871094
208 19.07317352294922 55.086578369140625
209 18.920795440673828 55.3740348815918
210 18.774110794067383 55.50564193725586
211 18.333818435668945 55.917057037353516
212 18.110578536987305 56.33818817138672
213 18.182527542114258 56.57680892944336
214 18.26362419128418 56.756988525390625
215 18.699739456176758 57.272891998291016
216 18.94425392150879 57.361732482910156
217 19.172283172607422 57.408546447753906
218 19.90761375427246 57.18626403808594
219 20.358064651489258 57.26384353637695
220 20.918991088867188 57.359642028808594
221 21.482343673706055 57.45063781738281
222 22.13555335998535 57.534061431884766
223 22.783151626586914 57.64691162109375
224 23.01526641845703 57.71669006347656
225 23.995935440063477 58.1198616027832
226 24.349889755249023 58.30707931518555
227 24.909923553466797 58.5322380065918
228 25.271699905395508 58.80165481567383
229 25.571012496948242 59.04096221923828
230 25.86224937438965 59.24846267700195
231 26.21278953552246 59.52920913696289
232 26.41925048828125 59.68732452392578
233 26.687599182128906 59.95664978027344
234 26.993986129760742 60.21684265136719
235 27.142850875854492 60.43958282470703
236 27.405263900756836 60.86328125
237 27.502437591552734 61.07350158691406
238 27.63449478149414 61.407325744628906
239 27.695085525512695 61.9126091003418
240 27.835233688354492 62.052364349365234
241 28.222576141357422 62.08023452758789
242 28.492149353027344 62.03489685058594
243 29.135616302490234 61.8270149230957
244 29.446590423583984 61.72002410888672
245 30.004301071166992 61.63326644897461
246 30.258373260498047 61.546730041503906
247 30.337614059448242 61.410545349121094
248 30.36935043334961 61.12139129638672
249 30.1491756439209 60.31081771850586
250 30.11478614807129 59.6517219543457
251 30.215717315673828 59.59023666381836
252 30.575212478637695 59.64576721191406
253 30.79705047607422 59.729583740234375
254 31.39385986328125 60.072105407714844
255 31.923564910888672 60.09252166748047
256 32.252952575683594 59.98690414428711
257 32.40168762207031 59.85062789916992
258 32.52845764160156 59.734336853027344
259 33.09175491333008 59.55231857299805
260 33.73674011230469 59.58268737792969
261 33.987815856933594 59.69228744506836
262 34.29879379272461 60.090240478515625
263 34.39933776855469 60.344478607177734
264 34.64122009277344 60.675872802734375
265 34.558719635009766 61.81985092163086
266 34.43391418457031 61.91139602661133
267 34.175201416015625 61.88064193725586
268 33.83156204223633 61.93076705932617
269 33.603763580322266 62.084754943847656
270 33.39287567138672 63.16061782836914
271 33.32065963745117 63.776283264160156
272 33.40145492553711 64.0156478881836
273 33.17885208129883 64.09608459472656
274 32.97952651977539 64.15619659423828
275 32.68696594238281 64.4302749633789
276 32.37146759033203 64.58773803710938
277 32.026031494140625 64.73585510253906
278 31.780241012573242 64.82405853271484
279 31.198883056640625 65.02655029296875
280 30.894821166992188 65.10289001464844
281 30.69562339782715 65.08981323242188
282 30.015588760375977 64.90567779541016
283 29.55219078063965 64.81643676757812
284 29.222219467163086 64.7955551147461
285 28.511075973510742 64.8021240234375
286 28.106910705566406 64.92475891113281
287 28.11664390563965 65.12542724609375
288 28.438583374023438 66.02922058105469
289 28.834312438964844 66.77953338623047
290 29.46258544921875 67.61707305908203
291 29.584394454956055 67.82645416259766
292 29.681636810302734 68.07662963867188
293 29.752674102783203 68.7569351196289
294 29.701496124267578 69.20613098144531
295 29.63663101196289 69.32872772216797
296 29.44402503967285 69.5245590209961
297 29.150611877441406 69.9716567993164
298 28.943239212036133 70.30432891845703
299 25.421741485595703 75.49481964111328
300 25.39252471923828 75.73274230957031
301 25.265892028808594 76.37309265136719
302 25.202089309692383 76.55245971679688
303 24.95181655883789 76.83939361572266
304 24.795684814453125 77.01280212402344
305 24.56962013244629 77.22933197021484
306 24.005435943603516 77.5280990600586
307 23.60613441467285 77.60134887695312
308 23.034936904907227 77.69708251953125
309 22.72486114501953 77.72596740722656
310 22.35039710998535 77.72811889648438
311 21.838876724243164 77.78600311279297
312 21.57878303527832 77.80523681640625
313 21.174314498901367 77.71412658691406
314 20.841947555541992 77.5829086303711
315 20.554410934448242 77.49542236328125
316 20.228431701660156 77.42491912841797
317 19.870800018310547 77.33483123779297
318 19.449411392211914 77.27885437011719
319 19.10774040222168 77.23117065429688
320 18.914569854736328 77.2567138671875
321 18.50501251220703 77.3412857055664
322 17.993289947509766 77.44197082519531
323 17.548200607299805 77.675537109375
324 17.387252807617188 77.75538635253906
325 17.332046508789062 77.8092041015625
326 16.950145721435547 78.12738800048828
327 16.675172805786133 78.41234588623047
328 16.44692611694336 78.59530639648438
329 15.967062950134277 78.6540298461914
330 15.861324310302734 78.51502227783203
331 15.725889205932617 78.27660369873047
332 15.412879943847656 64.9228286743164
333 15.580020904541016 64.41438293457031
334 15.727315902709961 64.25759887695312
335 16.097192764282227 64.13716125488281
336 16.54547882080078 64.05723571777344
337 16.758281707763672 63.998355865478516
338 16.88270378112793 63.68006134033203
339 16.976436614990234 63.218170166015625
340 16.992507934570312 62.87689208984375
341 17.02650260925293 62.192893981933594
342 17.070165634155273 61.2541389465332
343 17.054218292236328 60.685462951660156
344 17.045324325561523 60.434444427490234
345 16.942180633544922 60.23444747924805
346 16.679685592651367 59.80287551879883
347 16.049604415893555 59.378658294677734
348 15.756664276123047 59.16768264770508
349 15.268455505371094 59.023563385009766
350 15.078420639038086 59.00746154785156
351 14.765585899353027 59.09029769897461
352 14.446310043334961 59.37615203857422
353 14.019658088684082 59.75143814086914
354 13.805538177490234 59.996681213378906
355 13.4777250289917 60.35154724121094
356 13.10329532623291 60.828670501708984
357 12.983301162719727 61.09324645996094
358 12.80255126953125 61.54895782470703
359 12.681353569030762 62.06547546386719
360 12.644403457641602 62.37047576904297
361 18.470693588256836 80.88176727294922
362 18.29132652282715 81.27188873291016
363 18.155736923217773 81.53173065185547
364 18.016908645629883 81.71385955810547
365 17.332578659057617 82.0811767578125
366 17.191516876220703 82.24990844726562
367 17.13433074951172 82.6819839477539
368 17.17289161682129 82.98543548583984
369 17.172094345092773 83.6132583618164
370 17.3905029296875 83.82445526123047
371 17.7147159576416 84.21259307861328
372 17.888324737548828 84.43611907958984
373 18.163053512573242 84.52236938476562
374 18.50630760192871 84.51876068115234
375 18.947296142578125 84.33285522460938
376 21.493282318115234 80.92611694335938
377 21.37201690673828 81.07255554199219
378 21.298992156982422 81.28112030029297
379 21.314661026000977 81.65705871582031
380 21.169361114501953 81.75260162353516
381 20.61304473876953 81.89752960205078
382 20.294702529907227 81.99785614013672
383 20.039703369140625 82.21855926513672
384 19.737512588500977 82.6446533203125
385 19.65857696533203 82.91905975341797
386 19.777734756469727 83.10860443115234
387 19.973880767822266 83.35029602050781
388 24.121137619018555 81.57074737548828
389 24.175931930541992 81.52689361572266
390 24.071619033813477 81.64763641357422
391 23.45969009399414 82.32036590576172
392 23.381711959838867 82.5089111328125
393 23.162309646606445 82.94012451171875
394 22.940214157104492 83.284423828125
395 22.729290008544922 83.56414031982422
396 22.616262435913086 83.63188171386719
397 22.39160919189453 84.27581787109375
398 22.238632202148438 84.58827209472656
399 22.15221405029297 84.77496337890625
400 22.11844253540039 84.81624603271484
401 22.185705184936523 85.44403839111328
402 22.686790466308594 89.43429565429688
403 22.750873565673828 89.60539245605469
404 22.970149993896484 89.76986694335938
405 23.30511474609375 90.09107208251953
406 23.62235450744629 90.3845443725586
407 23.972532272338867 90.61849975585938
408 24.139423370361328 90.54322814941406
409 24.37541389465332 90.20325469970703
410 24.594036102294922 89.72635650634766
411 24.728527069091797 89.44225311279297
412 25.003385543823242 89.12120819091797
413 25.277238845825195 89.08611297607422
414 25.491703033447266 88.90985107421875
415 25.42047119140625 88.62073516845703
416 25.318721771240234 88.33222961425781
417 25.36968421936035 88.10028839111328
418 25.90342903137207 87.47264099121094
419 26.05870819091797 87.25896453857422
420 26.06311798095703 86.9262466430664
421 25.838321685791016 86.78166198730469
422 24.70218276977539 86.90159606933594
423 24.40767478942871 86.96980285644531
424 23.958829879760742 87.02680206298828
425 23.674619674682617 87.05944061279297
426 23.23284339904785 87.26728820800781
427 23.124603271484375 87.2809829711914
428 22.78367805480957 87.35720825195312
429 22.137235641479492 87.50045013427734
430 21.876354217529297 87.50016784667969
431 21.374814987182617 87.3601303100586
432 21.132831573486328 87.4107894897461
433 20.8623046875 87.57890319824219
434 20.66399574279785 88.2060317993164
435 20.528669357299805 88.38805389404297
436 20.25045394897461 88.64169311523438
437 19.86509895324707 88.92225646972656
438 19.68532371520996 88.96217346191406
439 19.357730865478516 88.96315002441406
440 18.86667251586914 88.54816436767578
441 18.288944244384766 88.22532653808594
442 18.148191452026367 88.17383575439453
443 16.162761688232422 88.74369812011719
444 15.91246509552002 88.86929321289062
445 15.473167419433594 89.11071014404297
446 15.193161964416504 89.31939697265625
447 14.906423568725586 89.57312774658203
448 14.637896537780762 89.71971130371094
449 14.489514350891113 89.77173614501953
450 14.247632026672363 90.02562713623047
451 14.089263916015625 90.18787384033203
452 13.922792434692383 90.32099914550781
453 13.619546890258789 90.42195892333984
454 12.819174766540527 90.42410278320312
455 12.503220558166504 90.42671203613281
456 12.187396049499512 90.81757354736328
457 11.935523986816406 91.31689453125
458 11.88059139251709 91.46099853515625
459 11.852571487426758 91.7225112915039
460 11.800889015197754 91.95437622070312
461 11.584156036376953 92.43496704101562
462 11.468083381652832 92.68097686767578
463 11.306288719177246 93.12580871582031
464 11.402191162109375 93.49954223632812
465 11.698620796203613 93.75360107421875
466 12.420662879943848 93.83277130126953
467 12.781355857849121 93.7479019165039
468 12.943122863769531 93.66100311279297
469 13.137801170349121 93.60380554199219
470 13.377202033996582 93.53609466552734
471 13.760612487792969 93.42027282714844
472 14.479606628417969 93.435791015625
473 14.696514129638672 93.49081420898438
474 15.023950576782227 93.69881439208984
475 15.0885009765625 93.88353729248047
476 15.032878875732422 94.34801483154297
477 14.81178092956543 95.01461029052734
478 14.64302921295166 95.39875030517578
479 14.668610572814941 95.5857925415039
480 14.796527862548828 95.7287368774414
481 15.288958549499512 95.89315032958984
482 15.696109771728516 96.02678680419922
483 16.025835037231445 96.20926666259766
484 16.317272186279297 96.54230499267578
485 16.841354370117188 97.0542984008789
486 16.990734100341797 97.21879577636719
487 17.34945297241211 97.3858871459961
488 17.64851188659668 97.38502502441406
489 18.005285263061523 97.20063018798828
490 18.341381072998047 96.69166564941406
491 18.470243453979492 96.40158081054688
492 18.568464279174805 96.13965606689453
493 18.573251724243164 95.84706115722656
494 18.5599308013916 95.50862884521484
495 18.465768814086914 94.89095306396484
496 18.398218154907227 94.3679428100586
497 18.506681442260742 94.16539001464844
498 19.05814552307129 93.45986938476562
499 19.135263442993164 93.26937103271484
500 19.21099090576172 93.19229125976562
501 20.506895065307617 93.03057861328125
502 20.632646560668945 93.0519790649414
503 20.824665069580078 93.12688446044922
504 21.142885208129883 93.27848815917969
505 21.756797790527344 93.44107818603516
506 22.158126831054688 93.52228546142578
507 22.310001373291016 93.71682739257812
508 22.237550735473633 94.11338806152344
509 22.045242309570312 94.52392578125
510 21.706632614135742 95.00674438476562
511 21.520130157470703 95.3478012084961
512 21.46512794494629 95.8212661743164
513 21.448265075683594 96.17393493652344
514 21.585308074951172 96.55565643310547
515 21.82843589782715 96.87152099609375
516 22.079559326171875 97.12933349609375
517 22.907323837280273 97.78341674804688
518 23.0819034576416 97.8707275390625
519 23.469696044921875 97.89424896240234
520 23.965991973876953 97.91136169433594
521 24.122472763061523 97.84605407714844
522 24.297517776489258 97.66738891601562
523 24.464675903320312 97.32044219970703
524 24.554540634155273 96.99372863769531
525 24.66401481628418 96.59850311279297
526 24.968416213989258 95.90553283691406
527 25.127635955810547 95.70751953125
528 25.376983642578125 95.73760223388672
529 25.85537338256836 96.07816314697266
530 26.18577003479004 96.43963623046875
531 26.525468826293945 96.93019104003906
532 27.00312614440918 97.71995544433594
533 27.246871948242188 98.1338119506836
534 27.323474884033203 98.25302124023438
535 27.581783294677734 98.43452453613281
536 27.81336784362793 98.51734161376953
537 28.10114860534668 98.30142211914062
538 28.34365463256836 98.06533813476562
539 28.49582290649414 97.95878601074219
540 28.65387725830078 97.43229675292969
541 28.728647232055664 97.14949798583984
542 28.767181396484375 96.46387481689453
543 28.7508544921875 96.22087860107422
544 28.81210708618164 95.71944427490234
545 28.757909774780273 95.52523040771484
546 28.62925148010254 95.45555877685547
547 27.798490524291992 95.38227081298828
548 27.57974624633789 95.27619171142578
549 27.43100357055664 95.13660430908203
550 27.04857063293457 94.48970794677734
551 26.76144027709961 94.04488372802734
552 26.403156280517578 93.5042953491211
553 26.3410701751709 93.0919189453125
554 26.476654052734375 92.81714630126953
555 26.631803512573242 92.60629272460938
556 26.963552474975586 92.32298278808594
557 27.24264144897461 92.23469543457031
558 27.709348678588867 92.30304718017578
559 28.01711082458496 92.40953826904297
560 28.496919631958008 92.5919418334961
561 28.69105339050293 92.69058227539062
562 28.988807678222656 93.02185821533203
563 29.306886672973633 93.2271957397461
564 29.844755172729492 93.30473327636719
565 30.132221221923828 93.30301666259766
566 30.430429458618164 93.16100311279297
567 30.73804473876953 92.897705078125
568 31.39278793334961 92.39964294433594
569 31.78742218017578 92.1473159790039
570 32.05451965332031 91.92854309082031
571 32.194122314453125 91.7112045288086
572 32.36785125732422 91.41529846191406
573 32.581207275390625 91.19367980957031
574 32.66785430908203 91.01433563232422
575 32.8124885559082 90.44831085205078
576 32.917484283447266 89.93453979492188
577 32.94869613647461 89.60993194580078
578 32.881919860839844 89.22821044921875
579 32.76057815551758 89.09062957763672
580 32.48964309692383 88.86237335205078
581 32.22389221191406 88.73762512207031
582 31.498018264770508 88.44815826416016
583 31.314176559448242 88.28919219970703
584 30.98044776916504 87.77200317382812
585 31.053613662719727 87.51013946533203
586 31.471506118774414 87.15069580078125
587 31.73828887939453 86.9041519165039
588 31.898788452148438 86.59437561035156
589 32.06673049926758 85.7170639038086
590 31.9721622467041 85.24633026123047
591 31.769237518310547 84.94581604003906
592 31.501310348510742 84.83824157714844
593 30.677732467651367 84.93534851074219
594 30.241165161132812 85.00111389160156
595 29.542158126831055 85.11846923828125
596 29.25498390197754 85.05810546875
597 28.93190574645996 84.99955749511719
598 28.530960083007812 84.97130584716797
599 28.224876403808594 84.9001235961914
600 27.767789840698242 84.91349792480469
601 27.434465408325195 84.57424926757812
602 27.35994529724121 84.33301544189453
603 27.32064437866211 83.80601501464844
604 27.33269500732422 83.45413208007812
605 27.396677017211914 82.97005462646484
606 27.59115219116211 82.9003677368164
607 28.074134826660156 82.95437622070312
608 28.341203689575195 82.9783706665039
609 28.74561882019043 83.00859069824219
610 29.0270938873291 82.99437713623047
611 30.00706672668457 82.71173858642578
612 30.160940170288086 82.64108276367188
613 30.38098907470703 82.44715118408203
614 30.608304977416992 82.15211486816406
615 30.751596450805664 81.87727355957031
616 30.899993896484375 81.33775329589844
617 30.997201919555664 81.15796661376953
618 31.257720947265625 80.75911712646484
619 31.33062171936035 80.60919189453125
620 30.43096923828125 79.78659057617188
621 30.292936325073242 79.57865142822266
622 30.31830406188965 79.47785186767578
623 30.916444778442383 78.4126968383789
624 30.916379928588867 78.11824035644531
625 30.92314338684082 77.62321472167969
626 30.925533294677734 77.35881042480469
627 30.918804168701172 76.9611587524414
628 30.868858337402344 76.72367095947266
629 30.41857147216797 76.59571838378906
630 30.130102157592773 76.4859619140625
631 29.998933792114258 76.30716705322266
632 29.735946655273438 75.85077667236328
633 29.57297134399414 75.44537353515625
634 29.603357315063477 75.08561706542969
635 29.832393646240234 74.46940612792969
636 29.9489688873291 74.16508483886719
637 30.168487548828125 74.1109619140625
638 30.634965896606445 74.02964782714844
639 30.992328643798828 73.9677963256836
640 31.08720588684082 73.9968490600586
641 31.719364166259766 74.25061798095703
642 32.10223388671875 74.29594421386719
643 32.453765869140625 74.16912078857422
644 32.67745590209961 73.8978042602539
645 32.77284240722656 73.62604522705078
646 32.79780197143555 73.16460418701172
647 32.774078369140625 72.3406753540039
648 32.87853240966797 72.04712677001953
649 33.22072219848633 71.52294158935547
650 33.568359375 71.11528778076172
651 33.685062408447266 70.98331451416016
652 33.83806228637695 70.79186248779297
653 34.199195861816406 70.3030014038086
654 34.43153381347656 70.11842346191406
655 34.60746765136719 69.93994903564453
656 34.93882369995117 69.57427978515625
657 35.08141326904297 69.30400848388672
658 35.222869873046875 68.95428466796875
659 35.34539794921875 68.84087371826172
660 35.830345153808594 68.45524597167969
661 36.07148742675781 68.33078002929688
662 36.446964263916016 68.24755096435547
663 36.87158966064453 68.54427337646484
664 37.082969665527344 68.82886505126953
665 37.59461975097656 69.54095458984375
666 38.00065231323242 69.92584991455078
667 38.1815071105957 69.95221710205078
668 38.663597106933594 69.96806335449219
669 39.1984748840332 69.84668731689453
670 39.43819808959961 69.80558013916016
671 39.94357681274414 69.71669006347656
672 40.589813232421875 69.55299377441406
673 41.05160903930664 69.4697036743164
674 41.25230407714844 69.52681732177734
675 41.301448822021484 69.79733276367188
676 41.31476974487305 70.20040893554688
677 41.318939208984375 70.50948333740234
678 41.43710708618164 70.927978515625
679 41.61469268798828 71.11819458007812
680 42.506160736083984 71.20886993408203
681 42.96449279785156 71.2193603515625
682 43.63825607299805 71.2657699584961
683 43.941070556640625 71.38233184814453
684 44.14308166503906 71.58380889892578
685 44.213897705078125 71.83529663085938
686 44.254764556884766 72.25494384765625
687 44.27975845336914 73.3848876953125
688 44.31062698364258 73.67522430419922
689 44.190616607666016 73.78228759765625
690 43.41871643066406 73.90376281738281
691 43.07769012451172 73.89315032958984
692 42.51167678833008 73.8176498413086
693 42.027130126953125 73.72648620605469
694 41.75514602661133 73.6900405883789
695 41.372802734375 73.65005493164062
696 40.82722473144531 73.56710052490234
697 40.5598258972168 73.49132537841797
698 40.09510803222656 73.42302703857422
699 39.64085006713867 73.41719055175781
700 39.34529113769531 73.5050277709961
701 38.821720123291016 73.63565826416016
702 38.600650787353516 73.6692123413086
703 38.359405517578125 73.75773620605469
704 37.96348571777344 73.9023208618164
705 37.387657165527344 74.13774871826172
706 37.0513801574707 74.44908905029297
707 36.78449249267578 74.9303970336914
708 36.84623336791992 75.2079086303711
709 37.300052642822266 76.01216888427734
710 37.490753173828125 76.2654037475586
711 37.60419464111328 76.32013702392578
712 42.74042510986328 79.73715209960938
713 42.94228744506836 79.86487579345703
714 43.314361572265625 79.95450592041016
715 43.623958587646484 80.02747344970703
716 43.879180908203125 79.84125518798828
717 44.19446563720703 79.61663055419922
718 44.40104675292969 79.43882751464844
719 44.53034591674805 79.26719665527344
720 44.766143798828125 78.77330780029297
721 45.02985763549805 78.3185043334961
722 45.13112258911133 77.84259033203125
723 45.04133605957031 77.33819580078125
724 45.084232330322266 76.93453216552734
725 44.91858673095703 76.8907699584961
726 44.23495101928711 76.87071228027344
727 43.852928161621094 76.85533905029297
728 43.18642807006836 76.87007904052734
729 42.80141830444336 76.8189926147461
730 42.4040412902832 76.76866912841797
731 42.20819091796875 76.74312591552734
732 41.9522819519043 76.70272064208984
733 40.20002746582031 76.59659576416016
734 40.02375030517578 76.68952941894531
735 39.79030227661133 76.9661636352539
736 39.74506378173828 77.20540618896484
737 39.7678337097168 77.66544342041016
738 39.841609954833984 77.88538360595703
739 40.154327392578125 78.5149154663086
740 40.1533317565918 78.69944763183594
741 40.01664733886719 79.21343231201172
742 39.899200439453125 79.47132873535156
743 39.64411926269531 79.9140853881836
744 39.392391204833984 80.52061462402344
745 39.412750244140625 80.74458312988281
746 39.544586181640625 80.94152069091797
747 39.873023986816406 81.34420013427734
748 40.09611511230469 81.65499114990234
749 40.12287902832031 81.7993392944336
750 40.075557708740234 82.18218231201172
751 39.846466064453125 83.15107727050781
752 39.778594970703125 83.49850463867188
753 39.712520599365234 83.81491088867188
754 39.61409378051758 84.05939483642578
755 39.281864166259766 84.4632568359375
756 39.06895065307617 84.7479019165039
757 38.912506103515625 84.99987030029297
758 38.638057708740234 85.48249053955078
759 38.37083053588867 85.77851867675781
760 38.22268295288086 85.87022399902344
761 37.89198684692383 86.07524108886719
762 37.42622756958008 85.8166732788086
763 37.28510284423828 85.65298461914062
764 37.07910919189453 85.22745513916016
765 36.903297424316406 84.87902069091797
766 36.60969543457031 84.52507019042969
767 36.05561828613281 83.8729248046875
768 35.90730667114258 83.67131805419922
769 35.66438293457031 83.21987915039062
770 35.64298629760742 82.88316345214844
771 35.789756774902344 82.40473937988281
772 35.99388885498047 81.89683532714844
773 36.14965057373047 81.65312957763672
774 36.28145217895508 81.42328643798828
775 36.29314041137695 81.16311645507812
776 36.31422805786133 80.74297332763672
777 36.236328125 80.47048950195312
778 36.1453742980957 80.203125
779 35.74295425415039 80.02689361572266
780 35.470890045166016 79.97509002685547
781 34.967315673828125 80.00176239013672
782 34.688575744628906 80.06258392333984
783 34.09693145751953 79.96124267578125
784 33.925960540771484 79.89092254638672
785 33.52389907836914 79.14385986328125
786 33.65069580078125 78.85565185546875
787 33.872013092041016 78.49903106689453
788 34.16407012939453 78.2093276977539
789 34.23270034790039 77.84422302246094
790 34.1668815612793 77.72908782958984
791 28.02210235595703 78.32501220703125
792 27.90239715576172 78.42550659179688
793 27.79904556274414 78.54149627685547
794 27.240253448486328 79.05692291259766
795 26.863178253173828 79.29998779296875
796 26.614652633666992 79.41937255859375
797 26.370044708251953 79.44867706298828
798 17.299360275268555 73.9119873046875
799 17.257707595825195 73.84768676757812
800 17.253137588500977 73.80662536621094
801 17.119583129882812 73.80181884765625
802 16.16368293762207 74.00450134277344
803 15.891135215759277 74.041748046875
804 15.585643768310547 73.82075500488281
805 15.3953275680542 73.57392120361328
806 15.098063468933105 73.266845703125
807 14.744521141052246 73.14603424072266
808 14.464691162109375 73.30239868164062
809 13.944784164428711 73.71353912353516
810 13.583748817443848 73.92145538330078
811 13.417201042175293 74.00431823730469
812 13.07692813873291 74.12876892089844
813 12.683221817016602 74.24771881103516
814 12.288981437683105 74.53086853027344
815 11.94669246673584 74.79263305664062
816 11.58457088470459 74.77315521240234
817 11.243826866149902 74.56916809082031
818 10.986814498901367 74.3252182006836
819 10.477666854858398 73.90096282958984
820 10.153914451599121 73.67438507080078
821 9.929499626159668 73.48533630371094
822 9.789510726928711 73.28424835205078
823 9.663935661315918 72.9420166015625
824 9.843302726745605 72.72098541259766
825 10.221790313720703 72.3009033203125
826 10.51595401763916 71.9524154663086
827 10.506641387939453 71.67132568359375
828 10.156170845031738 71.33565521240234
829 9.713749885559082 70.96830749511719
830 9.311663627624512 70.63955688476562
831 9.249089241027832 70.40621948242188
832 9.269152641296387 70.01151275634766
833 9.35444450378418 69.78658294677734
834 9.413593292236328 69.5628433227539
835 9.5927095413208 68.86309814453125
836 9.691549301147461 68.60364532470703
837 9.883630752563477 68.39897918701172
838 10.240716934204102 68.21162414550781
839 10.460105895996094 68.13253021240234
840 10.627909660339355 68.1077651977539
841 11.709298133850098 68.34724426269531
842 11.910147666931152 68.5208511352539
843 12.171703338623047 69.00421905517578
844 12.209616661071777 69.35317993164062
845 12.175239562988281 69.75165557861328
846 12.179023742675781 69.91766357421875
847 12.139654159545898 70.36223602294922
848 12.183425903320312 70.59646606445312
849 12.457451820373535 70.97984313964844
850 12.606282234191895 71.08167266845703
851 13.018180847167969 71.07962036132812
852 13.349081993103027 70.99370574951172
853 13.613804817199707 70.91729736328125
854 14.614622116088867 70.35352325439453
855 14.961697578430176 70.19646453857422
856 15.544148445129395 69.96817779541016
857 16.08562660217285 69.78610229492188
858 16.37071990966797 69.72543334960938
859 17.132362365722656 69.65274810791016
860 17.473451614379883 69.64710235595703
861 18.45207977294922 69.62446594238281
862 18.608314514160156 69.60199737548828
863 19.020687103271484 69.40902709960938
864 19.349538803100586 69.07380676269531
865 19.621042251586914 68.81124877929688
866 20.17073631286621 68.68860626220703
867 20.530689239501953 68.75273895263672
868 20.696422576904297 68.86260223388672
869 20.953243255615234 69.23153686523438
870 21.208967208862305 69.9576187133789
871 21.2354793548584 70.3084945678711
872 21.196773529052734 70.552001953125
873 20.929479598999023 70.85001373291016
874 20.489755630493164 71.19202423095703
875 20.253841400146484 71.5606918334961
876 20.088802337646484 71.8466567993164
877 19.889904022216797 72.40984344482422
878 19.851531982421875 72.67813110351562
879 19.93037223815918 73.19120788574219
880 20.007362365722656 73.37493133544922
881 20.16748809814453 73.62477111816406
882 20.640918731689453 74.0249252319336
883 20.821781158447266 74.11372375488281
884 22.178007125854492 73.59136962890625
885 22.385665893554688 73.51663970947266
886 22.788959503173828 73.39505004882812
887 23.277450561523438 73.21963500976562
888 23.35629653930664 72.9654541015625
889 23.342052459716797 72.4594497680664
890 23.344282150268555 72.20211029052734
891 23.564722061157227 71.87857818603516
892 23.919143676757812 71.61848449707031
893 24.16034507751465 71.56422424316406
894 24.54962158203125 71.7462158203125
895 24.94634246826172 71.98267364501953
896 25.536935806274414 72.51966094970703
897 25.662372589111328 72.64974975585938
898 26.018964767456055 73.06563568115234
899 26.2299747467041 73.12942504882812
900 26.423429489135742 73.1040267944336
901 26.7111759185791 72.87035369873047
902 26.865976333618164 72.72113037109375
903 26.854248046875 72.62006378173828
904 26.390722274780273 70.7870101928711
905 26.35458755493164 70.5550308227539
906 26.26816749572754 70.38050842285156
907 26.122169494628906 70.1156005859375
908 25.897478103637695 69.66815185546875
909 25.780317306518555 69.42196655273438
910 25.52203941345215 68.66792297363281
911 25.293073654174805 67.99864196777344
912 25.096908569335938 67.58934020996094
913 24.58889389038086 66.9405746459961
914 24.42099952697754 66.79590606689453
915 24.103120803833008 66.31587219238281
916 23.911352157592773 65.81156921386719
917 23.940086364746094 65.52552032470703
918 24.393299102783203 65.09455108642578
919 24.884057998657227 64.65279388427734
920 25.00031852722168 64.46867370605469
921 25.157169342041016 63.96146011352539
922 25.21935272216797 63.84809494018555
923 25.044618606567383 63.63581466674805
924 24.378332138061523 63.11148452758789
925 24.290111541748047 62.89653396606445
926 24.253461837768555 62.65648651123047
927 24.11643409729004 62.30580139160156
928 23.53734588623047 61.6453857421875
929 23.3513126373291 61.66182327270508
930 23.016788482666016 61.84132385253906
931 22.791061401367188 62.02216720581055
932 22.509899139404297 62.27717208862305
933 22.34284782409668 62.64026641845703
934 22.146549224853516 63.32255935668945
935 22.0635986328125 63.48891830444336
936 21.393417358398438 63.49174118041992
937 21.17795753479004 63.510101318359375
938 20.94774627685547 63.168277740478516
939 20.850629806518555 63.01231002807617
940 20.765893936157227 62.57128143310547
941 20.793397903442383 62.16950225830078
942 20.801931381225586 61.525047302246094
943 20.661699295043945 61.15803527832031
944 20.282453536987305 60.58403396606445
945 19.96986961364746 60.307186126708984
946 19.681713104248047 60.17596435546875
947 19.510696411132812 60.092567443847656
948 14.271829605102539 56.309383392333984
949 13.995047569274902 56.10676574707031
950 13.729881286621094 55.99769973754883
951 13.358970642089844 55.86851501464844
952 12.399279594421387 55.73017120361328
953 12.131685256958008 55.78385925292969
954 11.523322105407715 55.88520812988281
955 11.187592506408691 55.86459732055664
956 10.259900093078613 55.790462493896484
957 9.989822387695312 55.69282150268555
958 9.513383865356445 55.47677993774414
959 9.185946464538574 55.077178955078125
960 9.121391296386719 54.765296936035156
961 9.046534538269043 54.320350646972656
962 9.210335731506348 53.91063690185547
963 9.477604866027832 53.538421630859375
964 9.6329345703125 53.38531494140625
965 10.351764678955078 53.07853317260742
966 10.750924110412598 52.92271041870117
967 11.12363338470459 52.79512023925781
968 11.410913467407227 52.72647476196289
969 11.627713203430176 52.64557647705078
970 12.028213500976562 52.528324127197266
971 12.561783790588379 52.47819137573242
972 12.953948020935059 52.42923355102539
973 13.328675270080566 52.35624694824219
974 13.457496643066406 52.21063232421875
975 13.665157318115234 51.78470993041992
976 13.633225440979004 51.39863586425781
977 13.431119918823242 51.17205047607422
978 13.155924797058105 50.678810119628906
979 13.066924095153809 50.52076721191406
980 13.42093563079834 50.147701263427734
981 13.951972007751465 49.50739669799805
982 13.95606517791748 49.41367721557617
983 13.94040584564209 49.27317810058594
984 13.675518035888672 48.661643981933594
985 13.503748893737793 48.536102294921875
986 13.13996696472168 48.562950134277344
987 12.347325325012207 48.875267028808594
988 12.014930725097656 48.9301643371582
989 11.523482322692871 48.96426773071289
990 11.12030029296875 48.980613708496094
991 10.779085159301758 48.93624496459961
992 10.570721626281738 48.852622985839844
993 10.549705505371094 48.492889404296875
994 10.590554237365723 48.0408935546875
995 10.7239351272583 47.87078094482422
996 10.890010833740234 47.41019058227539
997 10.96581745147705 46.82674026489258
998 10.982193946838379 46.484375
999 11.002798080444336 46.282318115234375
