0 20.35306739807129 52.255950927734375
1 20.514204025268555 52.136253356933594
2 20.976438522338867 51.90400314331055
3 21.42415428161621 51.82496643066406
4 21.880456924438477 51.7918815612793
5 22.199066162109375 51.859230041503906
6 22.49169921875 51.928558349609375
7 23.021989822387695 51.87093734741211
8 23.253965377807617 51.83831787109375
9 23.830013275146484 51.65652847290039
10 24.460023880004883 51.374114990234375
11 24.604581832885742 51.10501480102539
12 24.45594024658203 50.78192901611328
13 23.999618530273438 50.41553497314453
14 23.27826499938965 50.143978118896484
15 22.761703491210938 49.99781799316406
16 22.529556274414062 49.80390548706055
17 22.352413177490234 49.55238723754883
18 15.17351245880127 44.50212478637695
19 14.974146842956543 44.39015197753906
20 14.882041931152344 44.2495231628418
21 14.933160781860352 43.7559700012207
22 14.896878242492676 43.430030822753906
23 15.018263816833496 42.912532806396484
24 15.133261680603027 42.7939453125
25 15.433034896850586 42.9106559753418
26 15.934284210205078 43.211116790771484
27 16.182966232299805 43.482582092285156
28 16.187490463256836 43.56172180175781
29 16.552148818969727 44.133602142333984
30 16.823331832885742 44.27265167236328
31 17.077852249145508 44.32845687866211
32 17.26969337463379 44.36418533325195
33 17.386152267456055 44.2148323059082
34 17.812353134155273 43.668663024902344
35 18.010770797729492 43.258705139160156
36 18.11113929748535 43.06380081176758
37 18.233402252197266 42.4420051574707
38 18.192697525024414 42.25419616699219
39 17.883481979370117 42.02234649658203
40 17.666406631469727 41.99224090576172
41 17.213886260986328 41.82770919799805
42 17.023908615112305 41.79990768432617
43 16.681562423706055 42.004615783691406
44 13.57966136932373 43.39669418334961
45 13.123884201049805 43.58402633666992
46 13.056278228759766 43.618770599365234
47 12.863068580627441 43.71395492553711
48 12.61738395690918 43.87464904785156
49 12.142752647399902 44.20589065551758
50 11.777750015258789 44.41953659057617
51 11.553126335144043 44.50212478637695
52 11.204605102539062 44.73806381225586
53 10.912571907043457 44.967716217041016
54 10.413618087768555 45.05887222290039
55 9.990811347961426 45.217140197753906
56 9.604296684265137 45.2813606262207
57 9.260489463806152 45.27497863769531
58 8.972880363464355 45.221866607666016
59 8.752266883850098 45.20102310180664
60 8.186196327209473 45.10017776489258
61 7.936361789703369 44.93415069580078
62 7.764418601989746 44.78594207763672
63 7.642828941345215 44.55806350708008
64 7.542069435119629 44.26076889038086
65 7.332186698913574 43.73701858520508
66 7.148897647857666 43.47738265991211
67 7.086704730987549 43.189361572265625
68 7.004552364349365 42.761695861816406
69 6.899672508239746 42.55158996582031
70 7.0486907958984375 42.167720794677734
71 7.147373676300049 42.049320220947266
72 8.091827392578125 41.181488037109375
73 8.187722206115723 41.19868850708008
74 8.3892183303833 41.26331329345703
75 8.611717224121094 41.37433624267578
76 9.010202407836914 41.571319580078125
77 9.11541748046875 41.65297317504883
78 9.678709030151367 42.117801666259766
79 9.900450706481934 42.1894416809082
80 10.065563201904297 42.20868682861328
81 10.400144577026367 42.13449478149414
82 10.715811729431152 41.89876174926758
83 11.019359588623047 41.53642272949219
84 11.251422882080078 41.178993225097656
85 11.32772159576416 40.98736572265625
86 11.30223560333252 40.44254684448242
87 11.348834991455078 40.10197067260742
88 11.619549751281738 39.46450424194336
89 11.756651878356934 39.44023513793945
90 12.040529251098633 39.64747619628906
91 12.195796966552734 39.75038528442383
92 12.680959701538086 39.83375930786133
93 13.01601505279541 39.72359848022461
94 13.2374906539917 39.72298049926758
95 13.432497024536133 39.80447006225586
96 13.472413063049316 40.0741081237793
97 13.21088981628418 40.91818618774414
98 13.35510540008545 41.26400375366211
99 13.634378433227539 41.42232131958008
100 13.93476676940918 41.38352966308594
101 14.376875877380371 41.276641845703125
102 14.560164451599121 41.138916015625
103 14.79871654510498 41.00969696044922
104 15.011951446533203 40.77989196777344
105 15.01916217803955 40.60035705566406
106 15.046038627624512 40.21693420410156
107 15.151261329650879 39.723087310791016
108 15.103006362915039 39.56081008911133
109 15.020909309387207 39.310325622558594
110 15.08293342590332 38.9140625
111 15.191893577575684 38.5789794921875
112 15.441169738769531 38.26918029785156
113 15.651754379272461 38.38017654418945
114 15.920948028564453 38.683692932128906
115 16.27478790283203 38.83926773071289
116 16.584924697875977 38.86833572387695
117 16.74344253540039 39.032920837402344
118 17.357641220092773 39.28923034667969
119 17.895719528198242 39.37744140625
120 18.147212982177734 39.390926361083984
121 18.848100662231445 39.479469299316406
122 19.18153953552246 39.61967086791992
123 19.340185165405273 39.69047927856445
124 20.01259422302246 40.05915832519531
125 20.117652893066406 40.235965728759766
126 17.460092544555664 50.73349380493164
127 17.56765365600586 51.04536819458008
128 17.765737533569336 51.10005569458008
129 18.100276947021484 51.043643951416016
130 18.70611572265625 51.079402923583984
131 18.75716781616211 50.97599792480469
132 18.88018035888672 50.851036071777344
133 18.838350296020508 50.61436462402344
134 18.3785457611084 50.15027618408203
135 17.811819076538086 49.59206008911133
136 17.47030258178711 49.17023849487305
137 17.3059139251709 48.87241744995117
138 17.228132247924805 48.58293151855469
139 17.283727645874023 48.305416107177734
140 17.373794555664062 48.255863189697266
141 17.4804744720459 48.0569953918457
142 17.54343032836914 47.77131652832031
143 17.526704788208008 47.52483367919922
144 17.511978149414062 47.222721099853516
145 17.33660888671875 46.553199768066406
146 17.126766204833984 46.308380126953125
147 16.64453125 46.142948150634766
148 16.318464279174805 46.17986297607422
149 16.197525024414062 46.41819381713867
150 16.083576202392578 46.7176399230957
151 15.959901809692383 47.021121978759766
152 15.800430297851562 47.41440200805664
153 15.510408401489258 47.79833221435547
154 15.281715393066406 47.88276672363281
155 14.875951766967773 47.65018844604492
156 14.63486099243164 47.36466598510742
157 14.475811004638672 46.91643524169922
158 14.497617721557617 46.60634231567383
159 14.600342750549316 46.28691482543945
160 14.533180236816406 46.1486930847168
161 14.363880157470703 45.96792984008789
162 14.046847343444824 45.71055603027344
163 13.833840370178223 45.547821044921875
164 13.56677532196045 45.496299743652344
165 13.30936336517334 45.672607421875
166 12.895800590515137 45.93778991699219
167 12.628990173339844 46.1357536315918
168 12.392189979553223 46.31553268432617
169 12.216303825378418 46.472293853759766
170 11.67094612121582 46.8068962097168
171 11.54647445678711 46.82652282714844
172 9.334301948547363 49.099205017089844
173 9.136598587036133 49.08934783935547
174 8.865593910217285 48.935367584228516
175 8.533374786376953 48.64495849609375
176 8.252447128295898 48.270450592041016
177 8.276383399963379 48.043792724609375
178 8.47746467590332 47.973026275634766
179 8.77931022644043 47.91063690185547
180 9.20266342163086 47.69419860839844
181 10.059930801391602 47.314361572265625
182 10.320246696472168 47.275569915771484
183 10.585007667541504 47.533531188964844
184 10.696907043457031 47.826576232910156
185 10.856341361999512 48.028099060058594
186 10.868054389953613 48.332820892333984
187 10.947221755981445 48.7368049621582
188 11.108847618103027 48.816097259521484
189 11.966071128845215 48.47440719604492
190 12.163930892944336 48.38588333129883
191 12.344186782836914 48.362545013427734
192 12.82448673248291 48.38022994995117
193 13.10542106628418 48.41010284423828
194 13.27839183807373 48.45949935913086
195 13.49358081817627 48.56301498413086
196 14.028646469116211 48.84025573730469
197 14.349267959594727 49.12294387817383
198 14.710686683654785 49.3775749206543
199 15.011924743652344 49.6251220703125
200 15.329385757446289 49.96059799194336
201 15.724102020263672 50.3565673828125
202 15.921988487243652 50.5672721862793
203 15.94604206085205 50.594940185546875
204 14.202901840209961 50.240867614746094
205 14.008661270141602 50.188194274902344
206 13.475991249084473 50.15540313720703
207 12.702149391174316 50.08697509765625
208 12.413366317749023 50.16962432861328
209 12.205394744873047 50.3003044128418
210 12.037469863891602 50.355751037597656
211 11.487833023071289 50.65912628173828
212 11.290935516357422 51.011436462402344
213 11.49224853515625 51.192298889160156
214 11.608242988586426 51.33473587036133
215 12.218049049377441 51.75962448120117
216 12.471080780029297 51.80713653564453
217 12.656309127807617 51.82931137084961
218 13.366296768188477 51.56831359863281
219 13.77198600769043 51.6224479675293
220 14.308192253112793 51.721492767333984
221 14.807859420776367 51.848350524902344
222 15.445744514465332 52.0313720703125
223 16.02597427368164 52.22602081298828
224 16.2213134765625 52.31993103027344
225 17.119384765625 52.810028076171875
226 17.47138786315918 53.03831481933594
227 17.951501846313477 53.198699951171875
228 18.253713607788086 53.41632843017578
229 18.487964630126953 53.57634353637695
230 18.754230499267578 53.73516082763672
231 19.014829635620117 53.97289276123047
232 19.15191650390625 54.110225677490234
233 19.268957138061523 54.38751220703125
234 19.427581787109375 54.66240310668945
235 19.52710723876953 54.90240478515625
236 19.727170944213867 55.319190979003906
237 19.765090942382812 55.51390838623047
238 19.674503326416016 55.81547164916992
239 19.374940872192383 56.25701141357422
240 19.401405334472656 56.405853271484375
241 19.721359252929688 56.50221633911133
242 19.9680233001709 56.50361251831055
243 20.664310455322266 56.33888626098633
244 20.974184036254883 56.24837112426758
245 21.489761352539062 56.22732162475586
246 21.729656219482422 56.186607360839844
247 21.80964469909668 56.08674240112305
248 21.84878158569336 55.83213806152344
249 21.582534790039062 54.994354248046875
250 21.527475357055664 54.30573272705078
251 21.594327926635742 54.302940368652344
252 21.806304931640625 54.50908279418945
253 22.014799118041992 54.610816955566406
254 22.61691665649414 54.950599670410156
255 23.044593811035156 54.829776763916016
256 23.28187370300293 54.619407653808594
257 23.370121002197266 54.43767166137695
258 23.44530487060547 54.29248809814453
259 23.869775772094727 53.944068908691406
260 24.495010375976562 53.75932312011719
261 24.763702392578125 53.75248336791992
262 25.16219711303711 53.95431900024414
263 25.317354202270508 54.14249038696289
264 25.635971069335938 54.35765075683594
265 25.58579444885254 55.46578598022461
266 25.46257972717285 55.53820037841797
267 25.23676300048828 55.422210693359375
268 24.913898468017578 55.42536163330078
269 24.664714813232422 55.567874908447266
270 24.457799911499023 56.43938446044922
271 24.486656188964844 57.1098518371582
272 24.573522567749023 57.288536071777344
273 24.314693450927734 57.25887680053711
274 24.11723518371582 57.25444412231445
275 23.885852813720703 57.5335578918457
276 23.64412498474121 57.718570709228516
277 23.396394729614258 57.891998291015625
278 23.213581085205078 58.055049896240234
279 22.867807388305664 58.47107696533203
280 22.625812530517578 58.644371032714844
281 22.451642990112305 58.69622039794922
282 21.879859924316406 58.604122161865234
283 21.456064224243164 58.508514404296875
284 21.18694496154785 58.429561614990234
285 20.48190689086914 58.20042037963867
286 20.09092903137207 58.139835357666016
287 20.10432243347168 58.27552032470703
288 20.31184959411621 59.0062255859375
289 20.567174911499023 59.55606460571289
290 24.141929626464844 64.60682678222656
291 24.169876098632812 64.7254409790039
292 23.998449325561523 64.82720947265625
293 23.445228576660156 65.0841064453125
294 23.065162658691406 65.29998016357422
295 22.935413360595703 65.3348388671875
296 22.694183349609375 65.31795501708984
297 22.129358291625977 65.39647674560547
298 21.62739372253418 65.48207092285156
299 20.729036331176758 65.84379577636719
300 20.40204620361328 66.0445327758789
301 19.86144256591797 66.42469787597656
302 19.707162857055664 66.53421783447266
303 19.37757682800293 66.7238998413086
304 19.176071166992188 66.82242584228516
305 18.9217586517334 66.9697265625
306 18.42417335510254 67.09194946289062
307 18.103687286376953 67.06385803222656
308 17.638551712036133 66.97970581054688
309 17.406051635742188 66.87017059326172
310 17.10137939453125 66.68987274169922
311 16.671499252319336 66.55115509033203
312 16.429834365844727 66.48101043701172
313 16.120391845703125 66.34780883789062
314 15.864620208740234 66.15713500976562
315 15.609773635864258 65.96354675292969
316 15.39505672454834 65.72219848632812
317 15.212388038635254 65.41097259521484
318 15.039233207702637 65.07085418701172
319 14.966150283813477 64.74860382080078
320 14.945362091064453 64.60188293457031
321 14.819664001464844 64.25223541259766
322 14.618291854858398 63.741600036621094
323 14.410757064819336 63.39048767089844
324 14.344746589660645 63.23554992675781
325 14.302620887756348 63.1537971496582
326 13.904452323913574 62.95724105834961
327 13.568021774291992 62.82976531982422
328 13.305015563964844 62.78952407836914
329 12.951050758361816 62.582725524902344
330 12.929122924804688 62.343013763427734
331 12.927703857421875 61.875213623046875
332 12.83061695098877 61.181190490722656
333 12.727842330932617 60.16380310058594
334 12.675198554992676 59.93260192871094
335 12.450163841247559 59.669925689697266
336 12.15159797668457 59.41154861450195
337 11.997265815734863 59.29029083251953
338 12.05298900604248 58.96746063232422
339 12.07915210723877 58.50117874145508
340 12.04911994934082 58.157691955566406
341 12.149576187133789 57.390174865722656
342 12.134180068969727 55.85855484008789
343 12.072792053222656 55.313079833984375
344 12.04687213897705 55.11221694946289
345 11.941490173339844 54.913265228271484
346 11.714515686035156 54.466400146484375
347 11.17183780670166 54.000701904296875
348 10.919559478759766 53.72325897216797
349 10.444209098815918 53.43665313720703
350 10.27381706237793 53.349369049072266
351 9.980400085449219 53.36159133911133
352 9.683719635009766 53.60858154296875
353 9.287426948547363 53.96721649169922
354 9.128847122192383 54.22551345825195
355 8.920746803283691 54.62562561035156
356 8.757330894470215 55.160255432128906
357 8.749942779541016 55.382591247558594
358 8.737948417663574 55.68649673461914
359 11.383835792541504 64.45592498779297
360 11.58057975769043 64.83678436279297
361 11.765225410461426 65.4339599609375
362 11.772401809692383 66.21964263916016
363 11.72434139251709 66.57047271728516
364 11.619261741638184 66.78913116455078
365 11.000195503234863 67.25047302246094
366 10.893561363220215 67.43791198730469
367 10.898252487182617 67.85395812988281
368 10.967256546020508 68.16951751708984
369 10.952518463134766 68.76210021972656
370 11.165365219116211 68.97924041748047
371 11.426193237304688 69.37610626220703
372 11.527545928955078 69.58660125732422
373 11.771799087524414 69.69451141357422
374 12.162012100219727 69.7597885131836
375 12.92235279083252 69.66722869873047
376 13.859918594360352 69.3038101196289
377 14.014406204223633 69.05094146728516
378 14.254921913146973 68.78914642333984
379 14.558757781982422 68.54583740234375
380 14.490888595581055 68.42860412597656
381 14.09562873840332 67.95450592041016
382 13.804372787475586 67.77896881103516
383 13.509590148925781 67.77391815185547
384 13.045109748840332 67.82418060302734
385 12.780720710754395 67.91832733154297
386 12.72988224029541 68.06048583984375
387 12.764832496643066 68.27791595458984
388 16.343238830566406 68.69612884521484
389 16.446975708007812 68.68557739257812
390 16.404932022094727 68.81410217285156
391 15.956328392028809 69.39828491210938
392 15.905946731567383 69.59244537353516
393 15.747971534729004 69.96940612792969
394 15.54646110534668 70.28009796142578
395 15.373119354248047 70.5140151977539
396 15.242552757263184 70.5338363647461
397 15.031888008117676 71.15493774414062
398 14.950056076049805 71.44312286376953
399 14.942933082580566 71.5875473022461
400 14.931049346923828 71.5850830078125
401 15.058265686035156 72.3133316040039
402 14.625353813171387 75.52068328857422
403 14.680785179138184 75.6575927734375
404 14.912348747253418 75.69994354248047
405 15.326297760009766 75.84441375732422
406 15.73342514038086 75.94654083251953
407 16.06112289428711 76.00879669189453
408 16.147756576538086 75.90338134765625
409 16.12921142578125 75.55961608886719
410 15.910787582397461 75.08598327636719
411 15.736381530761719 74.7599105834961
412 15.446980476379395 74.20121002197266
413 15.551456451416016 74.06378936767578
414 15.727709770202637 73.91912078857422
415 15.916706085205078 73.97804260253906
416 16.182788848876953 74.23819732666016
417 16.436594009399414 74.35076141357422
418 17.107187271118164 74.17131805419922
419 17.297861099243164 74.08717346191406
420 17.347135543823242 73.8088150024414
421 17.197065353393555 73.64076232910156
422 13.315203666687012 75.6968002319336
423 13.158991813659668 75.61116027832031
424 12.881943702697754 75.33275604248047
425 12.720967292785645 75.12897491455078
426 12.912337303161621 74.63719940185547
427 12.940963745117188 74.57766723632812
428 13.14225959777832 74.36164093017578
429 13.64588737487793 73.8622817993164
430 13.723069190979004 73.66564178466797
431 13.734871864318848 73.17571258544922
432 13.623806953430176 73.0240249633789
433 13.40872859954834 72.79483032226562
434 13.113065719604492 72.5779800415039
435 12.901535987854004 72.51155090332031
436 12.547682762145996 72.57670593261719
437 12.078128814697266 72.80095672607422
438 11.93744945526123 72.8470687866211
439 11.623072624206543 72.86360168457031
440 11.149574279785156 72.62300109863281
441 10.520539283752441 72.39750671386719
442 10.394145965576172 72.36676788330078
443 8.922598838806152 73.94218444824219
444 8.849900245666504 74.20391082763672
445 8.75075626373291 74.68053436279297
446 8.734050750732422 75.03257751464844
447 8.766643524169922 75.4380111694336
448 8.836771965026855 75.69721984863281
449 8.861740112304688 75.81385803222656
450 9.251567840576172 75.95609283447266
451 9.539043426513672 76.01807403564453
452 9.740077018737793 76.15460968017578
453 9.966858863830566 76.402587890625
454 10.464149475097656 76.98779296875
455 10.589967727661133 77.19953918457031
456 10.154838562011719 77.53675079345703
457 9.472871780395508 77.73878479003906
458 9.28697681427002 77.75658416748047
459 9.165253639221191 77.94557189941406
460 9.004027366638184 78.08318328857422
461 8.648280143737793 78.36248016357422
462 8.483197212219238 78.59215545654297
463 8.245712280273438 79.00405883789062
464 8.278022766113281 79.37764739990234
465 8.508602142333984 79.66842651367188
466 9.162969589233398 79.83141326904297
467 9.504220008850098 79.76508331298828
468 9.641064643859863 79.70318603515625
469 9.804917335510254 79.65269470214844
470 10.018142700195312 79.57526397705078
471 10.407694816589355 79.35096740722656
472 11.093862533569336 79.27164459228516
473 11.300209045410156 79.30844116210938
474 11.571748733520508 79.45682525634766
475 11.583783149719238 79.6336441040039
476 11.516143798828125 80.09596252441406
477 11.272626876831055 80.76119995117188
478 11.053658485412598 81.1268539428711
479 11.05837631225586 81.28474426269531
480 11.15671157836914 81.4150619506836
481 11.608221054077148 81.53892517089844
482 12.004040718078613 81.60365295410156
483 12.297272682189941 81.75274658203125
484 12.578187942504883 82.06610107421875
485 13.100293159484863 82.47483825683594
486 13.258225440979004 82.62890625
487 13.603862762451172 82.73454284667969
488 13.859682083129883 82.68682098388672
489 14.12368106842041 82.43638610839844
490 14.29468822479248 81.87621307373047
491 14.303996086120605 81.5946044921875
492 14.289795875549316 81.36046600341797
493 14.205562591552734 81.10328674316406
494 14.126993179321289 80.79188537597656
495 13.931522369384766 80.29393005371094
496 13.76491641998291 79.89339447021484
497 13.81497573852539 79.68596649169922
498 13.885302543640137 78.98023223876953
499 13.813488006591797 78.79247283935547
500 13.833582878112793 78.70389556884766
501 14.75629711151123 78.15913391113281
502 14.84281063079834 78.154541015625
503 14.953250885009766 78.20299530029297
504 15.251884460449219 78.30498504638672
505 15.801163673400879 78.36808013916016
506 16.157665252685547 78.30337524414062
507 16.329425811767578 78.40596008300781
508 16.367061614990234 78.75574493408203
509 16.294870376586914 79.14149475097656
510 16.12300682067871 79.56861114501953
511 16.030855178833008 79.86238861083984
512 16.090425491333008 80.21418762207031
513 16.152385711669922 80.47779846191406
514 16.25093650817871 80.78614044189453
515 16.402881622314453 81.0748519897461
516 16.546119689941406 81.36114501953125
517 16.771968841552734 82.09490966796875
518 16.811296463012695 82.26766967773438
519 17.008371353149414 82.51339721679688
520 17.32339096069336 82.87274169921875
521 17.461164474487305 82.96289825439453
522 17.671459197998047 83.05988311767578
523 17.969074249267578 82.98736572265625
524 18.162668228149414 82.75547790527344
525 18.326763153076172 82.39738464355469
526 18.58321189880371 81.66201782226562
527 18.71537208557129 81.45413970947266
528 18.918170928955078 81.42162322998047
529 19.296979904174805 81.60777282714844
530 19.583555221557617 81.87490844726562
531 19.839534759521484 82.27841186523438
532 20.20599365234375 83.04656982421875
533 20.44502067565918 83.48648834228516
534 20.51295280456543 83.5902328491211
535 20.770517349243164 83.7667007446289
536 20.98832893371582 83.82477569580078
537 21.203121185302734 83.59370422363281
538 21.389131546020508 83.3508529663086
539 21.517288208007812 83.2381820678711
540 21.527286529541016 82.77347564697266
541 21.52157211303711 82.49105834960938
542 21.40216636657715 81.84800720214844
543 21.364500045776367 81.6168212890625
544 21.283262252807617 81.17977142333984
545 21.343490600585938 81.0340805053711
546 21.501026153564453 81.01399993896484
547 22.42171859741211 81.2402114868164
548 22.695655822753906 81.18964385986328
549 22.75730323791504 81.07164001464844
550 22.61688995361328 80.29737854003906
551 22.450145721435547 79.75508880615234
552 22.366249084472656 79.14189147949219
553 22.196359634399414 78.75244903564453
554 21.944557189941406 78.64911651611328
555 21.718000411987305 78.63822174072266
556 21.250701904296875 78.71697235107422
557 21.03572654724121 78.7982406616211
558 20.848291397094727 79.09272766113281
559 20.74968147277832 79.34044647216797
560 20.439117431640625 79.64189147949219
561 20.206783294677734 79.6455307006836
562 19.86035919189453 79.74993896484375
563 19.5564022064209 79.7930679321289
564 19.03586196899414 79.65696716308594
565 18.820842742919922 79.51998901367188
566 18.6707763671875 79.26398468017578
567 18.600452423095703 78.901123046875
568 18.622299194335938 78.26594543457031
569 18.62196922302246 77.89930725097656
570 18.61725616455078 77.62655639648438
571 18.61969757080078 77.4380874633789
572 18.746219635009766 77.15947723388672
573 18.883983612060547 76.96497344970703
574 19.016746520996094 76.89837646484375
575 19.49907112121582 76.71562957763672
576 19.955360412597656 76.51978302001953
577 20.24944496154785 76.4380111694336
578 20.552412033081055 76.2866439819336
579 20.583581924438477 76.19612884521484
580 20.493379592895508 75.91876983642578
581 20.273502349853516 75.69847106933594
582 19.72032928466797 75.2244644165039
583 19.659170150756836 75.04139709472656
584 19.706253051757812 74.63542938232422
585 19.957069396972656 74.51856994628906
586 20.550506591796875 74.58201599121094
587 20.965909957885742 74.59172821044922
588 21.281654357910156 74.5235824584961
589 21.889436721801758 73.96861267089844
590 22.00608253479004 73.54633331298828
591 21.999418258666992 73.2889404296875
592 21.826122283935547 73.12014770507812
593 20.992422103881836 73.1152114868164
594 20.492860794067383 73.10569763183594
595 19.747407913208008 73.09322357177734
596 19.477792739868164 72.96959686279297
597 19.19074249267578 72.84485626220703
598 18.856281280517578 72.70529174804688
599 18.59547996520996 72.54450988769531
600 18.131301879882812 72.44962310791016
601 17.91228675842285 72.05841827392578
602 17.923254013061523 71.8428726196289
603 18.05658531188965 71.44342803955078
604 18.096384048461914 71.1258544921875
605 18.12135887145996 70.74671936035156
606 18.263145446777344 70.7625732421875
607 18.72512435913086 70.99774932861328
608 18.95008659362793 71.13890838623047
609 19.2667293548584 71.40740966796875
610 19.501102447509766 71.56991577148438
611 20.281539916992188 71.79978942871094
612 20.441574096679688 71.82369995117188
613 20.671293258666992 71.78942108154297
614 20.918704986572266 71.62153625488281
615 21.072641372680664 71.39215087890625
616 21.12961769104004 70.90400695800781
617 21.12743377685547 70.75589752197266
618 20.986204147338867 70.52058410644531
619 20.94493293762207 70.40413665771484
620 19.64058494567871 69.4679946899414
621 19.51546859741211 69.29368591308594
622 19.588077545166016 69.25313568115234
623 20.75400733947754 69.28638458251953
624 20.8208065032959 69.028564453125
625 20.77723503112793 68.61512756347656
626 20.876270294189453 68.43331146240234
627 21.072662353515625 68.15799713134766
628 21.346054077148438 68.02819061279297
629 21.585861206054688 68.01443481445312
630 21.773530960083008 67.99258422851562
631 21.987730026245117 67.9936752319336
632 22.39079475402832 68.0870361328125
633 22.57451629638672 68.28265380859375
634 22.59185791015625 68.64351654052734
635 22.564083099365234 69.42535400390625
636 22.602725982666016 69.72225189208984
637 22.72872543334961 69.77019500732422
638 23.053573608398438 69.87533569335938
639 23.367076873779297 69.93726348876953
640 23.428852081298828 69.96214294433594
641 24.013629913330078 70.20751953125
642 24.337692260742188 70.16018676757812
643 24.535093307495117 69.90585327148438
644 24.56523895263672 69.53041076660156
645 24.527990341186523 69.24540710449219
646 24.428430557250977 68.82557678222656
647 24.04918670654297 68.01327514648438
648 24.088605880737305 67.76676177978516
649 24.40009880065918 67.4000473022461
650 24.822093963623047 67.1700439453125
651 24.92038345336914 67.08171081542969
652 25.051170349121094 66.9281997680664
653 25.480411529541016 66.52479553222656
654 25.75050163269043 66.45254516601562
655 25.981407165527344 66.39934539794922
656 26.47981834411621 66.39678192138672
657 26.751684188842773 66.43656921386719
658 27.069414138793945 66.54939270019531
659 27.12155532836914 66.69410705566406
660 27.08478355407715 67.30144500732422
661 27.091888427734375 67.49474334716797
662 27.007545471191406 67.7691421508789
663 26.916332244873047 68.14527893066406
664 26.883134841918945 68.43843841552734
665 26.94434928894043 69.15156555175781
666 27.13079071044922 69.63166046142578
667 27.250743865966797 69.7601089477539
668 27.56282615661621 70.11627197265625
669 27.906343460083008 70.44762420654297
670 28.083539962768555 70.58131408691406
671 28.466026306152344 70.8551025390625
672 28.87523651123047 71.23217010498047
673 29.101438522338867 71.50596618652344
674 29.253768920898438 71.59623718261719
675 29.450523376464844 71.5287857055664
676 29.734006881713867 71.38346099853516
677 29.978357315063477 71.31011962890625
678 30.2790470123291 71.33023834228516
679 30.42668914794922 71.4464340209961
680 30.825138092041016 72.2668228149414
681 31.081031799316406 72.6862564086914
682 31.18895721435547 73.44396209716797
683 31.265151977539062 73.7740249633789
684 31.416637420654297 73.94757080078125
685 31.56390953063965 73.97137451171875
686 31.976863861083984 73.88587188720703
687 33.18709182739258 73.60485076904297
688 33.503944396972656 73.58206176757812
689 33.519893646240234 73.46578979492188
690 33.22296905517578 72.81656646728516
691 33.081024169921875 72.52294158935547
692 32.84944152832031 72.04840087890625
693 32.69242477416992 71.64801788330078
694 32.6099967956543 71.43363952636719
695 32.43073654174805 71.1378173828125
696 32.04568099975586 70.7232894897461
697 31.978578567504883 70.48650360107422
698 31.947513580322266 70.0742416381836
699 31.952253341674805 69.70549774169922
700 31.869096755981445 69.4524917602539
701 31.57957649230957 69.08483123779297
702 31.463953018188477 68.98442840576172
703 31.3488712310791 68.81812286376953
704 31.147146224975586 68.51055908203125
705 30.935026168823242 68.08744049072266
706 30.679861068725586 67.71752166748047
707 30.410913467407227 67.20238494873047
708 30.45870018005371 67.035400390625
709 30.953086853027344 66.73252868652344
710 31.19450569152832 66.75956726074219
711 31.41463851928711 66.8184814453125
712 32.291900634765625 66.89619445800781
713 32.57709884643555 66.90215301513672
714 32.93413162231445 66.89450073242188
715 33.1915168762207 66.89600372314453
716 33.42424774169922 67.02836608886719
717 33.70303726196289 67.06195068359375
718 33.9259147644043 67.0984878540039
719 34.12445831298828 67.09516143798828
720 34.562767028808594 67.27007293701172
721 35.051143646240234 67.41619110107422
722 35.381126403808594 67.70228576660156
723 35.59092712402344 68.15316772460938
724 35.8687858581543 68.4222640991211
725 35.76055145263672 68.54082489013672
726 35.31693649291992 68.8983154296875
727 34.99979019165039 69.08084869384766
728 34.489662170410156 69.40988159179688
729 34.35589599609375 69.74798583984375
730 34.35907745361328 70.11246490478516
731 34.371986389160156 70.27495574951172
732 34.285743713378906 70.34758758544922
733 29.127111434936523 68.00167083740234
734 29.08495330810547 68.06085968017578
735 28.99201774597168 68.33108520507812
736 29.024932861328125 68.57113647460938
737 29.098817825317383 69.06250762939453
738 29.148921966552734 69.21147155761719
739 29.604341506958008 73.1820068359375
740 29.56382179260254 73.3567123413086
741 29.35874366760254 73.79535675048828
742 29.20665740966797 73.99571990966797
743 28.77895736694336 74.16532135009766
744 28.33121681213379 74.62400817871094
745 28.15587043762207 74.61051940917969
746 28.034669876098633 74.4675521850586
747 27.85396385192871 74.10602569580078
748 27.75337791442871 73.83782196044922
749 27.668399810791016 73.76817321777344
750 27.418167114257812 73.64730834960938
751 26.807239532470703 73.24142456054688
752 26.572492599487305 73.09880065917969
753 26.397781372070312 72.93167877197266
754 26.25601577758789 72.80696105957031
755 25.884876251220703 72.61681365966797
756 25.62769889831543 72.47737121582031
757 25.446319580078125 72.32025909423828
758 25.042049407958984 72.120361328125
759 24.67991065979004 72.105712890625
760 24.548843383789062 72.18264770507812
761 24.275148391723633 72.30978393554688
762 24.1130428314209 72.64410400390625
763 24.157188415527344 72.8683853149414
764 24.36313247680664 73.30375671386719
765 24.474441528320312 73.58875274658203
766 24.43157386779785 73.9202880859375
767 24.378366470336914 74.50849151611328
768 24.37772560119629 74.69224548339844
769 24.435733795166016 75.08999633789062
770 24.595705032348633 75.33715057373047
771 24.95113754272461 75.63408660888672
772 25.349672317504883 75.96600341796875
773 25.51448631286621 76.10713958740234
774 25.640256881713867 76.30502319335938
775 25.74271011352539 76.51467895507812
776 25.83807373046875 76.87381744384766
777 25.968059539794922 77.08280944824219
778 26.103477478027344 77.2796630859375
779 26.50740623474121 77.1397705078125
780 26.788063049316406 77.09137725830078
781 27.1663875579834 77.23003387451172
782 27.2976131439209 77.4619140625
783 27.607763290405273 77.95410919189453
784 27.71890640258789 78.04108428955078
785 28.760208129882812 78.10667419433594
786 28.8731746673584 77.8276138305664
787 28.967111587524414 77.44441986083984
788 28.934276580810547 77.07568359375
789 28.965335845947266 65.9833984375
790 28.991413116455078 65.80585479736328
791 29.36345100402832 64.99625396728516
792 29.282564163208008 64.86897277832031
793 29.21288299560547 64.83489227294922
794 28.77351951599121 64.50962829589844
795 28.42153549194336 64.28921508789062
796 28.176071166992188 64.16448974609375
797 27.805763244628906 63.94317626953125
798 27.439577102661133 63.45991897583008
799 27.26651382446289 63.30120849609375
800 27.094837188720703 63.17937088012695
801 27.130855560302734 63.07695770263672
802 28.228124618530273 62.726654052734375
803 28.45468521118164 62.56972885131836
804 28.475200653076172 62.27692794799805
805 28.351987838745117 62.013973236083984
806 28.134239196777344 61.59206008911133
807 28.0133113861084 61.149314880371094
808 28.183338165283203 60.97483444213867
809 28.674787521362305 60.678768157958984
810 29.009267807006836 60.43467330932617
811 29.071521759033203 60.27686309814453
812 29.332324981689453 60.01729202270508
813 29.560121536254883 59.59246063232422
814 29.65435791015625 59.03195571899414
815 29.6398983001709 58.566986083984375
816 29.687210083007812 58.170806884765625
817 29.896045684814453 57.91366958618164
818 30.152151107788086 57.77016830444336
819 30.80381965637207 57.63346862792969
820 31.1824951171875 57.53386688232422
821 31.454814910888672 57.5176887512207
822 31.709522247314453 57.589454650878906
823 32.05868148803711 57.72996139526367
824 32.127559661865234 57.988582611083984
825 32.272010803222656 58.47199630737305
826 32.37214279174805 58.86561584472656
827 32.528953552246094 59.12334060668945
828 32.85908889770508 59.347415924072266
829 33.33396530151367 59.631446838378906
830 33.75343322753906 59.87452697753906
831 33.84974670410156 60.10675811767578
832 33.88374710083008 60.52531433105469
833 33.847312927246094 60.73650360107422
834 33.85318374633789 60.970542907714844
835 33.94384002685547 61.64460754394531
836 33.98005676269531 61.92873001098633
837 33.896331787109375 62.1475944519043
838 33.649349212646484 62.409507751464844
839 33.474082946777344 62.529151916503906
840 33.34282302856445 62.6168212890625
841 32.30478286743164 62.7388801574707
842 32.085636138916016 62.61959457397461
843 31.74565887451172 62.21648406982422
844 31.616636276245117 61.91552734375
845 31.52308464050293 61.61931228637695
846 31.530746459960938 61.457698822021484
847 31.577308654785156 61.00615692138672
848 31.58930015563965 60.79962921142578
849 31.389291763305664 60.46727752685547
850 31.280763626098633 60.31666946411133
851 31.003917694091797 60.16084671020508
852 30.817935943603516 60.0407600402832
853 30.64906120300293 59.945098876953125
854 28.072158813476562 59.1557502746582
855 27.772497177124023 59.1521110534668
856 27.276214599609375 59.189327239990234
857 26.84903907775879 59.25620651245117
858 26.61386489868164 59.363677978515625
859 26.07615089416504 59.75154113769531
860 25.851911544799805 59.9593505859375
861 25.595199584960938 60.82423782348633
862 25.514772415161133 60.889522552490234
863 25.07439613342285 60.75291061401367
864 24.697843551635742 60.43630599975586
865 24.41866683959961 60.299156188964844
866 24.064334869384766 60.474876403808594
867 23.9451961517334 60.70587158203125
868 23.98036766052246 60.87705612182617
869 24.129812240600586 61.239803314208984
870 24.68126678466797 62.236080169677734
871 24.750431060791016 62.524391174316406
872 24.61876106262207 62.71870803833008
873 24.327146530151367 62.794620513916016
874 23.88458824157715 62.872982025146484
875 23.53203582763672 62.950321197509766
876 23.27582359313965 62.84663391113281
877 22.965389251708984 62.245243072509766
878 22.799972534179688 62.0523681640625
879 22.422672271728516 61.72126388549805
880 22.263174057006836 61.611202239990234
881 22.01943588256836 61.56024932861328
882 21.522066116333008 61.44892883300781
883 21.390880584716797 61.46603012084961
884 21.789356231689453 63.492469787597656
885 21.713191986083984 63.5827751159668
886 21.351730346679688 63.65705871582031
887 20.900941848754883 63.652530670166016
888 20.755369186401367 63.4442253112793
889 20.516284942626953 63.011104583740234
890 20.395771026611328 62.81800842285156
891 20.082576751708984 62.6404914855957
892 19.650724411010742 62.536678314208984
893 19.44970703125 62.55926513671875
894 19.288389205932617 62.84659957885742
895 19.225440979003906 63.215171813964844
896 19.28987693786621 63.95161819458008
897 19.309951782226562 64.15324401855469
898 18.902807235717773 64.41941833496094
899 18.715654373168945 64.45543670654297
900 18.553447723388672 64.4288330078125
901 18.17336654663086 64.31278991699219
902 18.048023223876953 64.24295043945312
903 18.04302406311035 64.14153289794922
904 17.18845558166504 63.01010513305664
905 17.00550651550293 62.80694580078125
906 16.993871688842773 62.65883255004883
907 17.063396453857422 62.43817138671875
908 17.213687896728516 62.05345153808594
909 17.325942993164062 61.849769592285156
910 17.50829315185547 61.270687103271484
911 17.622806549072266 60.74705123901367
912 17.802288055419922 60.39822769165039
913 18.20676612854004 59.868431091308594
914 18.246448516845703 59.7065315246582
915 18.242551803588867 59.172149658203125
916 18.18779182434082 58.63998794555664
917 18.072540283203125 58.36035919189453
918 17.76378631591797 58.251617431640625
919 17.32477569580078 58.31907272338867
920 17.15401268005371 58.369564056396484
921 16.590255737304688 58.54157638549805
922 16.501571655273438 58.61045455932617
923 16.27501106262207 58.52560043334961
924 15.706236839294434 58.08148956298828
925 15.41112232208252 58.12275695800781
926 15.219511985778809 58.06338882446289
927 14.962345123291016 57.8248176574707
928 14.55727767944336 57.05729293823242
929 14.654404640197754 56.900962829589844
930 14.978596687316895 56.71260452270508
931 15.196754455566406 56.55870819091797
932 15.425792694091797 56.35910415649414
933 15.828065872192383 56.35392379760742
934 16.69229507446289 56.53235626220703
935 16.907299041748047 56.5308837890625
936 17.11446762084961 56.051326751708984
937 17.168962478637695 55.92787170410156
938 16.85889434814453 55.6645393371582
939 16.72157859802246 55.54251480102539
940 16.537139892578125 55.26823806762695
941 16.32861328125 55.05158615112305
942 16.03145980834961 54.67559814453125
943 15.759230613708496 54.43999481201172
944 15.187071800231934 54.26842498779297
945 14.790816307067871 54.28887939453125
946 14.467362403869629 54.391849517822266
947 14.256929397583008 54.28121566772461
948 13.809762001037598 53.755313873291016
949 13.799722671508789 53.44485855102539
950 13.816750526428223 53.280391693115234
951 13.866400718688965 53.096858978271484
952 22.59380340576172 45.9554328918457
953 22.78360366821289 45.93757629394531
954 23.21238136291504 45.88534927368164
955 23.442733764648438 45.71677017211914
956 24.137277603149414 45.23974609375
957 24.276010513305664 45.01974868774414
958 24.49569320678711 44.61511993408203
959 24.442047119140625 44.15650177001953
960 24.248046875 43.91455078125
961 23.99962043762207 43.57906723022461
962 23.650859832763672 43.37472915649414
963 23.23333168029785 43.24070739746094
964 23.027257919311523 43.21471405029297
965 22.25737762451172 43.36330795288086
966 21.842985153198242 43.429710388183594
967 21.450090408325195 43.46647262573242
968 21.21417808532715 43.32207107543945
969 21.019855499267578 43.356082916259766
970 20.682117462158203 43.583126068115234
971 20.226627349853516 43.782958984375
972 19.8933048248291 43.91948699951172
973 19.638242721557617 44.120723724365234
974 19.61960220336914 44.26681137084961
975 19.672216415405273 44.67966079711914
976 19.915050506591797 44.985923767089844
977 20.27166748046875 45.160831451416016
978 20.363082885742188 45.77167510986328
979 20.40559196472168 45.91813278198242
980 19.831953048706055 45.91926574707031
981 19.015609741210938 45.798919677734375
982 18.97557258605957 45.84175491333008
983 18.958145141601562 45.90375518798828
984 18.96942710876465 46.4921989440918
985 19.063392639160156 46.701534271240234
986 19.30682945251465 46.916175842285156
987 19.94895362854004 47.19400405883789
988 20.240861892700195 47.24418258666992
989 20.720426559448242 47.3117790222168
990 21.119369506835938 47.4044075012207
991 21.362462997436523 47.56642532348633
992 21.47388458251953 47.6933708190918
993 21.275115966796875 47.99272155761719
994 20.94255828857422 48.37852478027344
995 20.729955673217773 48.41562271118164
996 20.403844833374023 48.58493423461914
997 20.180770874023438 48.976280212402344
998 20.135292053222656 49.242103576660156
999 20.10943603515625 49.38211441040039
