0 48.432823181152344 43.46003723144531
1 48.27427673339844 43.50399398803711
2 47.961570739746094 43.54107666015625
3 47.69532012939453 43.53504180908203
4 47.422061920166016 43.475521087646484
5 46.74419403076172 43.2018928527832
6 46.54429244995117 43.126976013183594
7 46.15217590332031 42.944969177246094
8 45.61441421508789 42.64738082885742
9 45.30213928222656 42.412559509277344
10 44.98837661743164 41.9550666809082
11 44.69682312011719 41.202232360839844
12 44.533748626708984 40.843719482421875
13 44.34477615356445 40.281494140625
14 44.1910285949707 39.88536071777344
15 44.10110855102539 39.52629470825195
16 44.05936050415039 39.35340118408203
17 43.77803039550781 38.071434020996094
18 43.709434509277344 37.87002944946289
19 43.60322570800781 37.67447280883789
20 42.83625793457031 36.30583953857422
21 42.72697830200195 36.07884979248047
22 42.71387481689453 36.036720275878906
23 60.52543640136719 18.457916259765625
24 60.50874710083008 18.674901962280273
25 60.40960693359375 19.01774024963379
26 60.224853515625 19.462831497192383
27 60.14238739013672 19.8232479095459
28 60.046363830566406 19.945425033569336
29 59.9670524597168 20.21337127685547
30 59.86262512207031 20.421720504760742
31 59.54703140258789 20.71872329711914
32 59.43898391723633 20.838653564453125
33 59.49320602416992 20.90373992919922
34 63.43360137939453 24.080650329589844
35 63.8193473815918 24.00897979736328
36 64.40484619140625 23.758533477783203
37 64.51192474365234 23.617979049682617
38 64.47786712646484 23.521554946899414
39 63.16535568237305 21.819337844848633
40 63.32246780395508 21.761568069458008
41 63.644474029541016 21.716169357299805
42 64.02479553222656 21.7758731842041
43 64.45177459716797 21.9217472076416
44 64.89154815673828 22.095563888549805
45 65.26034545898438 22.179996490478516
46 65.70349884033203 22.04572105407715
47 65.94286346435547 21.65892791748047
48 65.86605072021484 21.28837776184082
49 65.60462951660156 20.845712661743164
50 65.33267211914062 20.621376037597656
51 64.82949829101562 20.485313415527344
52 63.51255416870117 20.093345642089844
53 63.21811294555664 20.03238296508789
54 62.80767059326172 19.967132568359375
55 62.32437515258789 19.915843963623047
56 62.017578125 19.917144775390625
57 61.8981819152832 20.133848190307617
58 61.55511474609375 21.043214797973633
59 61.4506721496582 21.422313690185547
60 61.32882308959961 21.623985290527344
61 60.72734451293945 22.393213272094727
62 60.59605407714844 22.999731063842773
63 60.566307067871094 23.234102249145508
64 60.63982009887695 23.646265029907227
65 60.68480682373047 23.97095489501953
66 60.70965576171875 24.482070922851562
67 60.74177551269531 24.84345054626465
68 60.951419830322266 25.11796760559082
69 61.274322509765625 25.14177894592285
70 61.7574348449707 25.198097229003906
71 62.00072479248047 25.194252014160156
72 66.36659240722656 26.411209106445312
73 66.44257354736328 26.56142234802246
74 66.71705627441406 27.083587646484375
75 67.0146484375 27.665042877197266
76 67.16771697998047 27.922374725341797
77 67.19190216064453 27.923131942749023
78 66.12738800048828 24.618478775024414
79 66.12159729003906 24.421985626220703
80 65.990966796875 24.17970848083496
81 65.76664733886719 24.044729232788086
82 62.652889251708984 23.224164962768555
83 62.37154006958008 23.019411087036133
84 62.32005310058594 22.91121482849121
85 64.74824523925781 19.138647079467773
86 64.75481414794922 19.065011978149414
87 64.67247772216797 18.924577713012695
88 64.50382232666016 18.55242156982422
89 67.0608139038086 15.117033004760742
90 67.23174285888672 15.011691093444824
91 67.61909484863281 15.04601764678955
92 68.23637390136719 15.05783748626709
93 68.59117889404297 14.981975555419922
94 68.72830200195312 14.894206047058105
95 68.87670135498047 14.70677661895752
96 69.23722076416016 13.919476509094238
97 69.49549865722656 13.328934669494629
98 69.5849380493164 13.123458862304688
99 69.59468078613281 13.080227851867676
100 66.82231140136719 19.63154411315918
101 66.85397338867188 19.708389282226562
102 72.5147476196289 25.396142959594727
103 72.550048828125 25.423778533935547
104 72.71212005615234 25.3280086517334
105 72.90581512451172 25.197410583496094
106 73.71833801269531 24.563697814941406
107 73.94792175292969 24.418664932250977
108 74.23408508300781 24.27257537841797
109 74.9290542602539 23.345813751220703
110 75.01618194580078 23.023523330688477
111 75.12731170654297 22.161022186279297
112 75.29930877685547 21.894384384155273
113 75.52665710449219 21.63822364807129
114 75.7593994140625 21.541179656982422
115 76.31050872802734 21.56686782836914
116 76.50822448730469 21.63581085205078
117 76.90172576904297 21.79197120666504
118 78.92208099365234 22.49414825439453
119 79.00167083740234 22.53253936767578
120 79.187255859375 22.83962631225586
121 79.42898559570312 23.287864685058594
122 79.59090423583984 23.747440338134766
123 79.63972473144531 24.08584213256836
124 79.6252212524414 24.669506072998047
125 79.50772857666016 25.27152442932129
126 79.3796615600586 25.602752685546875
127 78.99231719970703 26.064294815063477
128 78.7589111328125 26.21382713317871
129 78.3374252319336 26.357763290405273
130 77.90888977050781 26.435863494873047
131 77.59652709960938 26.41788101196289
132 77.07422637939453 26.313291549682617
133 76.74796295166016 26.27447509765625
134 76.2381820678711 26.279701232910156
135 75.97299194335938 26.323196411132812
136 75.19129943847656 26.929157257080078
137 75.130126953125 27.078418731689453
138 75.04983520507812 27.379131317138672
139 74.25255584716797 28.095470428466797
140 73.9960708618164 28.311817169189453
141 73.42963409423828 28.617164611816406
142 73.19969940185547 28.752864837646484
143 72.80026245117188 28.993419647216797
144 72.60294342041016 29.064647674560547
145 71.6373291015625 29.1910457611084
146 71.37213134765625 29.066255569458008
147 71.08001708984375 28.810640335083008
148 70.87092590332031 28.42390251159668
149 70.73999786376953 28.14212989807129
150 70.5708999633789 27.381301879882812
151 70.49313354492188 26.940818786621094
152 69.48131561279297 20.725200653076172
153 69.45632934570312 20.5239315032959
154 69.3384780883789 20.18674087524414
155 69.13777160644531 19.778087615966797
156 68.89066314697266 19.515329360961914
157 68.4282455444336 19.356800079345703
158 68.1636734008789 19.186893463134766
159 65.32528686523438 13.864144325256348
160 65.30493927001953 13.76158332824707
161 65.22868347167969 13.514358520507812
162 65.23432159423828 13.328313827514648
163 65.22709655761719 13.179774284362793
164 66.57429504394531 6.54635763168335
165 66.64739990234375 5.984811305999756
166 66.6623764038086 5.4116315841674805
167 66.60874938964844 5.114996433258057
168 66.42565155029297 4.9110260009765625
169 66.01505279541016 4.708001136779785
170 65.6996078491211 4.638009548187256
171 64.1758041381836 11.428747177124023
172 64.1660385131836 11.587397575378418
173 64.08948516845703 11.726938247680664
174 57.27263641357422 21.937185287475586
175 57.207679748535156 22.127418518066406
176 56.9861946105957 22.726150512695312
177 56.99308776855469 22.942598342895508
178 56.87882614135742 22.944204330444336
179 55.6760368347168 22.292177200317383
180 55.55199432373047 22.33539581298828
181 55.35942840576172 22.479984283447266
182 55.117130279541016 22.65760040283203
183 54.71317672729492 22.727828979492188
184 53.96404266357422 22.473297119140625
185 53.71112823486328 22.206954956054688
186 53.51856994628906 21.90938949584961
187 53.137657165527344 21.542224884033203
188 53.161949157714844 21.394657135009766
189 53.39870071411133 21.034597396850586
190 53.482418060302734 20.837961196899414
191 53.68431091308594 20.436010360717773
192 53.84345626831055 20.234018325805664
193 54.17504119873047 19.826332092285156
194 54.17140197753906 19.693269729614258
195 53.963294982910156 19.256343841552734
196 53.81266784667969 19.122289657592773
197 52.96772766113281 18.717744827270508
198 52.67850875854492 18.678369522094727
199 52.586952209472656 18.715089797973633
200 62.51012420654297 29.51262092590332
201 62.437198638916016 29.502172470092773
202 62.12122344970703 29.35381507873535
203 62.023773193359375 29.241867065429688
204 61.662872314453125 28.455204010009766
205 61.50537109375 28.14939308166504
206 61.417213439941406 27.9965763092041
207 60.872772216796875 27.30149269104004
208 60.691410064697266 27.14324378967285
209 60.45600128173828 26.87833595275879
210 60.34041213989258 26.740650177001953
211 46.548458099365234 30.562620162963867
212 46.669376373291016 30.40538215637207
213 47.00879669189453 30.230607986450195
214 57.29184341430664 24.920745849609375
215 57.56402587890625 24.879962921142578
216 58.08704376220703 24.890155792236328
217 58.43012237548828 24.85150718688965
218 58.707603454589844 24.708847045898438
219 59.05617141723633 24.527584075927734
220 59.08106231689453 24.32103729248047
221 58.855411529541016 23.481473922729492
222 58.7309455871582 22.546443939208984
223 58.74557113647461 22.37960433959961
224 47.3910026550293 27.164621353149414
225 47.29558181762695 27.020679473876953
226 47.030643463134766 26.720149993896484
227 46.40956115722656 26.103778839111328
228 46.32855987548828 25.882671356201172
229 46.13542175292969 25.701059341430664
230 46.08852767944336 25.529741287231445
231 49.376686096191406 22.49237060546875
232 49.297786712646484 22.460689544677734
233 48.961151123046875 22.635011672973633
234 48.67045974731445 22.768617630004883
235 48.166046142578125 23.12752342224121
236 47.62361526489258 23.687761306762695
237 47.40815734863281 23.929136276245117
238 47.362884521484375 24.07744598388672
239 47.685123443603516 24.481231689453125
240 47.968109130859375 24.781341552734375
241 48.29094314575195 25.03118133544922
242 48.79496765136719 25.451566696166992
243 48.89263916015625 25.56586456298828
244 50.206424713134766 26.66084098815918
245 50.26891326904297 26.763202667236328
246 50.51005172729492 27.209789276123047
247 50.68461608886719 27.46347427368164
248 50.92182159423828 27.752277374267578
249 51.24025344848633 27.960636138916016
250 51.3621940612793 28.175960540771484
251 51.44269561767578 28.631685256958008
252 51.45476531982422 29.081005096435547
253 51.407379150390625 29.470367431640625
254 50.830814361572266 30.047107696533203
255 50.6485710144043 30.139928817749023
256 50.154197692871094 30.3531436920166
257 49.858890533447266 30.398277282714844
258 49.58557891845703 30.4384708404541
259 49.312435150146484 30.46999168395996
260 49.081878662109375 30.56902503967285
261 48.599449157714844 30.878292083740234
262 48.33456802368164 31.0496826171875
263 48.21246337890625 31.109607696533203
264 45.37428665161133 32.47783660888672
265 44.841941833496094 32.67934036254883
266 44.59400177001953 32.74174118041992
267 44.49033737182617 32.7540168762207
268 48.306156158447266 28.647140502929688
269 48.32817459106445 28.57051658630371
270 48.385658264160156 28.553205490112305
271 57.95195770263672 33.58491134643555
272 57.91984176635742 33.63176727294922
273 57.410892486572266 33.647178649902344
274 56.958160400390625 33.49263000488281
275 56.59299850463867 33.24692916870117
276 56.42290496826172 32.8384895324707
277 56.451480865478516 32.436767578125
278 56.9097900390625 31.836267471313477
279 57.160640716552734 31.78374481201172
280 57.629180908203125 31.457990646362305
281 57.69975662231445 31.392606735229492
282 57.68632888793945 31.319881439208984
283 56.739253997802734 30.2831974029541
284 56.42523193359375 29.83685302734375
285 56.414337158203125 29.638248443603516
286 56.66004180908203 29.548961639404297
287 57.10358810424805 29.5109806060791
288 57.75439453125 29.667051315307617
289 58.630882263183594 29.821531295776367
290 59.12934494018555 29.954463958740234
291 59.44297409057617 30.068784713745117
292 59.5817985534668 30.088560104370117
293 59.51914978027344 30.24391746520996
294 54.968048095703125 30.830738067626953
295 54.81731033325195 30.93373680114746
296 54.653053283691406 31.156877517700195
297 54.63310623168945 31.360055923461914
298 54.89702224731445 32.23653030395508
299 54.859230041503906 32.51605224609375
300 54.6758918762207 32.605411529541016
301 54.15182113647461 32.84957504272461
302 53.8915901184082 32.91242980957031
303 53.64507293701172 32.870689392089844
304 53.366580963134766 32.85104751586914
305 52.80474090576172 33.4824333190918
306 52.56322479248047 33.86994934082031
307 52.368919372558594 34.07649230957031
308 52.05001449584961 34.36418151855469
309 51.88459777832031 34.48884201049805
310 51.486202239990234 34.886112213134766
311 51.37746810913086 35.056541442871094
312 50.872676849365234 35.49658966064453
313 50.726470947265625 35.73929977416992
314 50.79008865356445 36.5467529296875
315 50.957088470458984 36.64564514160156
316 51.777957916259766 36.92441177368164
317 52.03274917602539 36.899017333984375
318 52.49678039550781 36.710105895996094
319 53.4444580078125 35.92490005493164
320 53.619590759277344 35.63039016723633
321 53.65908432006836 35.4239501953125
322 45.75786590576172 34.663761138916016
323 45.573020935058594 35.06953430175781
324 45.55158233642578 35.24687957763672
325 45.80411911010742 35.985713958740234
326 46.11125183105469 36.17655944824219
327 46.50849151611328 36.187583923339844
328 47.50602722167969 35.93270492553711
329 47.92172622680664 35.865665435791016
330 48.80304718017578 36.067691802978516
331 48.92748260498047 36.196285247802734
332 48.94060516357422 36.55189895629883
333 48.74197769165039 37.42124938964844
334 48.59322738647461 37.55901336669922
335 47.77467346191406 37.77070617675781
336 47.34381103515625 37.80497741699219
337 47.05299758911133 37.88529968261719
338 46.54004669189453 38.3937873840332
339 46.54402542114258 38.64639663696289
340 47.117584228515625 39.44031524658203
341 47.36204147338867 39.654335021972656
342 47.709495544433594 39.84162139892578
343 48.02336120605469 39.93082809448242
344 48.780784606933594 40.00977325439453
345 49.00895309448242 39.99806594848633
346 52.55900192260742 38.451900482177734
347 52.80157470703125 38.381858825683594
348 53.22549057006836 38.192352294921875
349 53.6552734375 37.9686279296875
350 53.787384033203125 37.90065383911133
351 54.47402572631836 37.7857780456543
352 54.73616027832031 37.86104965209961
353 55.1633186340332 38.0772590637207
354 55.1970100402832 38.20568084716797
355 55.09128952026367 38.693504333496094
356 54.81009292602539 39.588680267333984
357 54.36434555053711 40.07056427001953
358 53.873016357421875 40.48505401611328
359 53.78013229370117 41.19913101196289
360 53.87968063354492 41.373313903808594
361 54.15667724609375 41.38706588745117
362 54.3553466796875 41.2791862487793
363 56.9355583190918 38.34503173828125
364 57.225730895996094 38.11589050292969
365 57.528724670410156 37.817684173583984
366 57.64583969116211 37.50494384765625
367 57.609500885009766 37.26753234863281
368 57.49562454223633 36.74431228637695
369 57.23902130126953 35.94169235229492
370 57.09762191772461 35.814117431640625
371 56.79390335083008 35.719730377197266
372 56.35585403442383 35.61886978149414
373 55.66140365600586 35.45039749145508
374 55.475318908691406 35.326236724853516
375 47.574378967285156 32.91798400878906
376 47.41903305053711 32.8729362487793
377 47.274436950683594 32.78118896484375
378 47.055721282958984 32.65021514892578
379 61.97111511230469 17.845901489257812
380 62.14337158203125 17.8325252532959
381 62.441654205322266 17.784404754638672
382 63.0987434387207 17.738466262817383
383 63.36024475097656 17.64623260498047
384 63.7134895324707 17.373859405517578
385 65.68724822998047 10.68393611907959
386 65.5909652709961 10.121440887451172
387 65.55516815185547 9.740235328674316
388 65.61490631103516 9.382758140563965
389 65.64680480957031 9.260120391845703
390 67.78248596191406 21.434125900268555
391 67.69855499267578 21.600173950195312
392 67.61582946777344 21.851356506347656
393 67.57744598388672 22.21984100341797
394 67.58179473876953 22.522247314453125
395 67.66020965576172 23.092317581176758
396 67.6700439453125 23.85797691345215
397 67.69608306884766 24.176206588745117
398 67.8182144165039 24.763410568237305
399 68.01239776611328 25.13128089904785
400 68.30004119873047 25.38216781616211
401 69.26902770996094 25.25814437866211
402 69.36248016357422 25.009737014770508
403 69.43882751464844 24.232229232788086
404 69.4511489868164 23.843353271484375
405 69.42778015136719 23.327241897583008
406 69.46094512939453 22.99828338623047
407 69.60297393798828 22.575632095336914
408 70.00370788574219 22.33315658569336
409 70.26982879638672 22.329904556274414
410 70.81536865234375 22.550107955932617
411 71.33087158203125 22.656312942504883
412 71.76494598388672 22.71807098388672
413 71.88975524902344 22.60855484008789
414 71.93072509765625 22.10371208190918
415 71.94689178466797 21.579627990722656
416 72.15153503417969 21.113489151000977
417 72.36712646484375 20.79866600036621
418 72.61781311035156 20.609336853027344
419 73.29069519042969 20.143672943115234
420 74.05258178710938 19.654264450073242
421 74.30990600585938 19.435400009155273
422 74.5860595703125 19.145919799804688
423 74.8128433227539 18.791812896728516
424 74.9351806640625 18.462881088256836
425 74.98680877685547 18.20130157470703
426 75.03877258300781 17.914709091186523
427 75.86955261230469 15.479996681213379
428 76.05976104736328 15.562881469726562
429 76.36792755126953 15.712247848510742
430 76.73587799072266 15.900389671325684
431 77.15167236328125 16.23023223876953
432 77.31538391113281 16.391660690307617
433 77.4981918334961 16.712060928344727
434 77.59676361083984 16.893766403198242
435 78.188720703125 18.358184814453125
436 78.4469985961914 18.419485092163086
437 78.8837661743164 18.326988220214844
438 79.80889892578125 17.709211349487305
439 79.9769287109375 17.0158748626709
440 79.93855285644531 16.654813766479492
441 79.73770904541016 16.179616928100586
442 79.51087188720703 15.651150703430176
443 79.43425750732422 15.44272518157959
444 79.39651489257812 14.793834686279297
445 79.302490234375 14.538351058959961
446 78.63665008544922 13.678677558898926
447 78.51471710205078 13.533902168273926
448 78.30083465576172 13.413435935974121
449 77.88733673095703 13.135916709899902
450 77.42660522460938 12.806295394897461
451 76.8548812866211 12.389938354492188
452 76.53533935546875 12.165590286254883
453 75.90204620361328 11.744585990905762
454 75.4410171508789 11.487710952758789
455 75.0117416381836 11.330836296081543
456 74.3500747680664 11.151551246643066
457 73.88125610351562 11.027580261230469
458 73.41262817382812 11.053844451904297
459 73.16343688964844 11.177081108093262
460 72.44911193847656 11.368817329406738
461 72.0115966796875 11.498611450195312
462 71.68705749511719 11.70484733581543
463 71.29305267333984 11.878294944763184
464 57.858367919921875 15.671120643615723
465 57.76579284667969 15.563749313354492
466 57.69652557373047 15.290764808654785
467 57.615055084228516 14.845429420471191
468 57.725887298583984 14.630188941955566
469 58.16033935546875 14.466070175170898
470 58.54490280151367 14.297499656677246
471 59.05644226074219 14.074878692626953
472 59.31478500366211 13.993053436279297
473 59.58391189575195 13.841623306274414
474 60.02339553833008 13.954780578613281
475 60.21657943725586 14.176013946533203
476 60.30493927001953 14.828454971313477
477 60.305423736572266 14.993223190307617
478 60.26500701904297 15.151122093200684
479 59.725502014160156 16.073034286499023
480 59.72441864013672 16.244915008544922
481 59.67182540893555 16.810134887695312
482 59.630104064941406 17.06907844543457
483 59.35163497924805 17.5203857421875
484 58.955780029296875 17.81939125061035
485 58.49277114868164 17.948514938354492
486 58.20199203491211 17.880048751831055
487 57.69922637939453 17.527637481689453
488 57.411922454833984 17.411678314208984
489 55.2818489074707 17.194875717163086
490 54.83415222167969 17.05413246154785
491 54.518394470214844 16.747295379638672
492 54.3241081237793 16.23798179626465
493 54.22791290283203 15.672499656677246
494 54.27912902832031 15.438253402709961
495 54.466041564941406 15.341350555419922
496 55.36548614501953 15.342612266540527
497 55.79655456542969 15.34201431274414
498 55.953330993652344 15.496423721313477
499 56.2327995300293 16.416074752807617
500 56.31282424926758 16.72587776184082
501 56.465003967285156 17.474872589111328
502 56.52973556518555 18.161069869995117
503 56.330570220947266 18.9136905670166
504 56.19964599609375 19.22257423400879
505 56.17524337768555 19.81137466430664
506 56.278099060058594 19.994735717773438
507 56.755645751953125 20.170726776123047
508 57.254150390625 20.024578094482422
509 57.5590934753418 19.80868148803711
510 57.92385482788086 19.517141342163086
511 58.08052062988281 19.324432373046875
512 61.4564323425293 16.588911056518555
513 61.715782165527344 16.261098861694336
514 61.82928466796875 15.967220306396484
515 61.9758415222168 15.332942962646484
516 61.97101974487305 15.13785457611084
517 63.88475799560547 7.608193397521973
518 63.573028564453125 7.517999649047852
519 63.28614044189453 7.494106292724609
520 63.02011489868164 7.591938495635986
521 62.77479553222656 7.919345378875732
522 62.46146774291992 8.398232460021973
523 62.3436164855957 8.700396537780762
524 62.197227478027344 9.315903663635254
525 62.19447708129883 9.588804244995117
526 62.12577438354492 10.482933044433594
527 62.133201599121094 10.700262069702148
528 62.2598876953125 11.215279579162598
529 62.25620651245117 11.726646423339844
530 62.304908752441406 12.036478042602539
531 62.378055572509766 12.37925910949707
532 62.50209426879883 12.885270118713379
533 62.616355895996094 13.399744033813477
534 62.75141525268555 13.728487968444824
535 63.22093200683594 14.529581069946289
536 63.58639144897461 15.117911338806152
537 63.92622756958008 15.416932106018066
538 64.33982849121094 15.572230339050293
539 64.73204040527344 15.732605934143066
540 65.23738861083984 15.783256530761719
541 65.48416137695312 15.81915283203125
542 65.90032958984375 16.290279388427734
543 66.00601959228516 16.505786895751953
544 65.95098876953125 17.008289337158203
545 65.71401977539062 17.448604583740234
546 65.63489532470703 17.794227600097656
547 65.79808807373047 18.049829483032227
548 66.10580444335938 18.173192977905273
549 66.94502258300781 18.09773826599121
550 67.16451263427734 17.916027069091797
551 67.5062026977539 17.623022079467773
552 68.13358306884766 17.531484603881836
553 68.30754852294922 17.665077209472656
554 68.52495574951172 17.772592544555664
555 44.98434066772461 29.746652603149414
556 45.00443649291992 29.710866928100586
557 45.4957275390625 29.26030731201172
558 45.5824089050293 28.962825775146484
559 45.50587463378906 28.421297073364258
560 44.998329162597656 27.965145111083984
561 44.65424728393555 27.755577087402344
562 44.144630432128906 27.576274871826172
563 43.55891418457031 27.504165649414062
564 43.38728713989258 27.499916076660156
565 69.7086410522461 45.120338439941406
566 69.70861053466797 45.11053466796875
567 64.6792984008789 27.85289764404297
568 64.2531509399414 27.514366149902344
569 64.14601135253906 27.346633911132812
570 64.09212493896484 26.463850021362305
571 64.0370864868164 26.070327758789062
572 63.88148880004883 25.798986434936523
573 63.691322326660156 25.692779541015625
574 63.41598892211914 25.602840423583984
575 52.83559036254883 29.933212280273438
576 52.96046829223633 29.770179748535156
577 53.144920349121094 29.5341796875
578 53.292232513427734 29.463119506835938
579 53.573448181152344 29.35740089416504
580 54.08417892456055 28.813493728637695
581 54.2382926940918 28.549299240112305
582 54.32401657104492 28.3868350982666
583 54.436161041259766 28.102855682373047
584 54.31305694580078 27.47197151184082
585 54.145870208740234 27.229000091552734
586 53.65544509887695 26.97464370727539
587 53.175411224365234 26.813283920288086
588 51.26545333862305 25.514358520507812
589 51.247039794921875 25.296154022216797
590 51.486019134521484 24.926288604736328
591 51.71434783935547 24.872941970825195
592 52.50148391723633 24.88050079345703
593 52.75399398803711 24.91146469116211
594 53.20225143432617 25.109254837036133
595 53.895599365234375 25.112415313720703
596 54.09960174560547 25.10178565979004
597 54.3707389831543 25.039684295654297
598 54.737525939941406 25.015308380126953
599 55.04160690307617 25.169130325317383
600 55.3797721862793 25.494966506958008
601 55.60899353027344 25.796010971069336
602 55.986305236816406 26.116424560546875
603 56.2501106262207 26.35603904724121
604 56.6673469543457 26.661779403686523
605 56.912689208984375 26.87082862854004
606 57.294898986816406 27.164520263671875
607 57.50040817260742 27.46139144897461
608 57.723880767822266 27.598386764526367
609 58.17204666137695 27.59212875366211
610 58.50567626953125 27.552961349487305
611 58.71699523925781 27.58359146118164
612 58.78433609008789 27.705759048461914
613 58.69083786010742 27.978885650634766
614 52.12784957885742 31.62823486328125
615 51.84553146362305 31.8568172454834
616 51.66958236694336 31.995201110839844
617 51.41359329223633 32.21683120727539
618 51.08940887451172 32.438880920410156
619 50.74067306518555 32.710975646972656
620 50.34329605102539 32.962581634521484
621 49.81322479248047 33.342620849609375
622 49.72230529785156 33.600284576416016
623 49.68985366821289 33.920082092285156
624 49.720767974853516 34.045982360839844
625 50.80289840698242 39.18553161621094
626 50.829586029052734 39.33957290649414
627 51.05833053588867 40.19469451904297
628 51.16542053222656 40.65363311767578
629 51.243743896484375 41.34032440185547
630 51.266658782958984 41.64216613769531
631 51.358489990234375 42.04694366455078
632 51.43882369995117 42.26829147338867
633 51.80458068847656 42.48783874511719
634 52.244606018066406 42.84529113769531
635 52.640464782714844 43.056480407714844
636 52.83091354370117 43.13616180419922
637 53.76525115966797 43.21297836303711
638 53.925437927246094 43.20445251464844
639 55.76728820800781 42.39085388183594
640 55.91169357299805 42.28142547607422
641 56.01224136352539 42.08784103393555
642 56.24009704589844 41.40021514892578
643 56.33052444458008 41.15495300292969
644 56.35769271850586 40.91318893432617
645 56.40248107910156 40.78824996948242
646 56.45856857299805 40.58146286010742
647 56.53028106689453 40.21757125854492
648 56.3457145690918 39.337501525878906
649 56.33152770996094 39.281471252441406
650 49.683860778808594 11.321245193481445
651 49.56901931762695 11.27354621887207
652 49.2259635925293 11.18600082397461
653 49.05185317993164 11.19166374206543
654 63.92488479614258 46.05952835083008
655 63.909236907958984 45.7406120300293
656 63.93889236450195 45.58168411254883
657 64.23031616210938 45.16939163208008
658 64.4081039428711 44.5554084777832
659 64.47754669189453 44.38676834106445
660 64.75608825683594 43.664119720458984
661 64.89952087402344 43.31380844116211
662 65.08615112304688 42.68037414550781
663 65.13094329833984 42.25107192993164
664 65.13821411132812 42.01110076904297
665 64.93921661376953 41.340736389160156
666 64.94377899169922 41.287200927734375
667 72.94788360595703 40.70962142944336
668 73.00240325927734 40.91810607910156
669 73.05010223388672 41.942691802978516
670 73.04441833496094 42.4295539855957
671 72.9794921875 42.68913269042969
672 72.82066345214844 43.121063232421875
673 72.76654052734375 43.20100784301758
674 72.67743682861328 43.2020149230957
675 67.47799682617188 42.993316650390625
676 67.46940612792969 43.156742095947266
677 67.56705474853516 43.422176361083984
678 67.65081787109375 43.56991958618164
679 59.868995666503906 5.43617057800293
680 59.94139099121094 5.514601707458496
681 60.110713958740234 5.68292760848999
682 60.291446685791016 5.840153694152832
683 60.51130676269531 6.078930377960205
684 70.26899719238281 16.88295555114746
685 70.41873168945312 17.12172508239746
686 70.49076843261719 17.49745750427246
687 70.52365112304688 17.67719841003418
688 70.58085632324219 17.843036651611328
689 71.32024383544922 18.46747398376465
690 71.56700897216797 18.418458938598633
691 71.83486938476562 18.215679168701172
692 72.25177001953125 17.74217414855957
693 72.44539642333984 17.41653823852539
694 72.60139465332031 17.04610824584961
695 72.71556854248047 16.693546295166016
696 72.78572845458984 16.531667709350586
697 72.79056549072266 15.532026290893555
698 72.76940155029297 15.314376831054688
699 72.67526245117188 15.083532333374023
700 72.51702880859375 14.753189086914062
701 72.36373138427734 14.36806869506836
702 72.2949447631836 14.200737953186035
703 70.7825698852539 8.793513298034668
704 70.54447937011719 8.709685325622559
705 69.79457092285156 8.721161842346191
706 69.21894836425781 8.822319030761719
707 68.97567749023438 8.923940658569336
708 68.71602630615234 9.160724639892578
709 68.46793365478516 9.463934898376465
710 68.12095642089844 10.033490180969238
711 67.8171157836914 10.503376007080078
712 67.66121673583984 10.907812118530273
713 67.50341033935547 11.636019706726074
714 67.41349792480469 11.913308143615723
715 67.38320922851562 12.002448081970215
716 52.94789123535156 8.729981422424316
717 53.19281005859375 8.71518611907959
718 53.48293685913086 8.69503402709961
719 53.830406188964844 8.6481351852417
720 54.08213806152344 8.402873992919922
721 54.96465301513672 7.370846271514893
722 55.18303298950195 7.285542011260986
723 55.6633186340332 7.174163818359375
724 56.199485778808594 7.082150936126709
725 56.87452697753906 7.079392910003662
726 57.2929573059082 7.111332416534424
727 57.3551025390625 7.168569564819336
728 60.00686264038086 11.838937759399414
729 60.128074645996094 11.827411651611328
730 60.306495666503906 11.571033477783203
731 60.13999938964844 10.403162956237793
732 60.010948181152344 10.238213539123535
733 59.390499114990234 9.863971710205078
734 59.04524612426758 9.674667358398438
735 58.76759338378906 9.588639259338379
736 58.18622589111328 9.618370056152344
737 57.91547393798828 9.793865203857422
738 57.599365234375 10.204192161560059
739 57.48366928100586 10.56659984588623
740 57.31996536254883 11.244176864624023
741 57.197853088378906 11.547786712646484
742 56.69927978515625 12.513301849365234
743 56.46249771118164 12.74433422088623
744 56.255889892578125 12.943437576293945
745 56.122413635253906 13.043034553527832
746 55.384334564208984 13.042106628417969
747 55.09623718261719 12.950403213500977
748 54.992454528808594 12.806585311889648
749 54.90070343017578 12.368353843688965
750 54.79153060913086 11.892335891723633
751 54.675193786621094 11.684282302856445
752 54.26819610595703 11.401366233825684
753 53.59266662597656 11.451687812805176
754 53.176673889160156 11.61038875579834
755 53.010047912597656 11.95765209197998
756 52.88149642944336 12.429250717163086
757 52.747413635253906 12.864473342895508
758 52.71704864501953 12.922026634216309
759 61.47523880004883 32.363651275634766
760 61.456031799316406 32.26543045043945
761 61.46858215332031 31.843734741210938
762 61.49178695678711 31.603004455566406
763 61.45832824707031 31.467187881469727
764 52.60805130004883 16.453956604003906
765 52.58906173706055 16.470943450927734
766 59.86962127685547 33.083229064941406
767 60.04108810424805 33.3946418762207
768 60.150821685791016 33.59621810913086
769 60.40313720703125 34.05887222290039
770 60.69282913208008 34.64805221557617
771 60.79051208496094 34.91579818725586
772 61.03385543823242 35.970726013183594
773 60.92564392089844 36.42986297607422
774 60.81523132324219 36.746971130371094
775 60.47895431518555 37.36513137817383
776 60.28035354614258 37.44228744506836
777 59.96857833862305 37.38369369506836
778 59.789798736572266 37.00563049316406
779 59.54407501220703 36.39035415649414
780 59.478363037109375 35.97625732421875
781 59.464332580566406 35.89527130126953
782 66.50948333740234 31.93132972717285
783 66.77774810791016 31.881975173950195
784 67.21666717529297 31.904062271118164
785 67.674560546875 31.95963478088379
786 68.52206420898438 32.21044158935547
787 68.8835220336914 32.320552825927734
788 69.08476257324219 32.46379470825195
789 69.46134185791016 32.872684478759766
790 69.44657135009766 33.05641555786133
791 67.8604507446289 33.84424591064453
792 67.65406799316406 33.91212844848633
793 67.38213348388672 33.96562576293945
794 66.78105926513672 34.06709671020508
795 66.68408966064453 34.051788330078125
796 50.458168029785156 14.389932632446289
797 50.403621673583984 14.678901672363281
798 50.22701644897461 15.168434143066406
799 50.06900405883789 15.34702205657959
800 49.83197021484375 15.628787994384766
801 49.40268325805664 15.99974250793457
802 49.08796691894531 15.96910285949707
803 48.42146682739258 15.93455696105957
804 48.185455322265625 15.913947105407715
805 47.757713317871094 15.756525993347168
806 47.501651763916016 15.601141929626465
807 46.58487319946289 14.587279319763184
808 46.3264274597168 14.152067184448242
809 46.281517028808594 14.073205947875977
810 46.30607223510742 14.061120986938477
811 62.79475021362305 34.31134033203125
812 62.90544509887695 34.49843978881836
813 63.07439041137695 34.79275894165039
814 63.24274444580078 34.94915008544922
815 64.81468963623047 36.7964973449707
816 64.91046142578125 37.111602783203125
817 64.8802490234375 37.386531829833984
818 64.76109313964844 37.80186080932617
819 64.76811981201172 38.15961456298828
820 64.71174621582031 38.45729064941406
821 64.43136596679688 38.800209045410156
822 63.337013244628906 38.97574996948242
823 63.13612365722656 38.86397171020508
824 62.86466598510742 38.5135498046875
825 62.63567352294922 38.13958740234375
826 62.601539611816406 37.91715621948242
827 62.60187530517578 37.32984161376953
828 62.67304229736328 37.09090042114258
829 62.886871337890625 36.89230728149414
830 63.02592086791992 36.8145637512207
831 66.40094757080078 35.86065673828125
832 66.8326416015625 35.83339309692383
833 67.20674133300781 35.847190856933594
834 68.3690185546875 35.755645751953125
835 68.64456176757812 35.774314880371094
836 69.24298095703125 35.74643325805664
837 69.5731201171875 35.8044548034668
838 70.01348876953125 35.94367218017578
839 70.32648468017578 36.19460678100586
840 70.21475982666016 36.6102180480957
841 70.06613159179688 37.05330276489258
842 69.91254425048828 37.77771759033203
843 69.8402328491211 38.06696319580078
844 69.51224517822266 38.516422271728516
845 69.15454864501953 38.67341232299805
846 68.82832336425781 38.76243591308594
847 68.38204193115234 38.76640319824219
848 68.06574249267578 38.66391372680664
849 67.89124298095703 38.548362731933594
850 67.5469741821289 38.227840423583984
851 67.39250946044922 38.10495376586914
852 66.94595336914062 37.84999084472656
853 66.7568130493164 37.768951416015625
854 44.687522888183594 20.074928283691406
855 44.829410552978516 19.967802047729492
856 45.23112869262695 19.765846252441406
857 45.515403747558594 19.613296508789062
858 45.71244812011719 19.51374626159668
859 46.03757858276367 19.40361976623535
860 46.25271224975586 19.359373092651367
861 68.63643646240234 41.01955032348633
862 68.42363739013672 40.994319915771484
863 68.09618377685547 41.00186538696289
864 67.71359252929688 40.928916931152344
865 67.49646759033203 40.81898880004883
866 66.60552215576172 40.368038177490234
867 66.3258285522461 40.22491455078125
868 66.1124267578125 40.08308029174805
869 64.40540313720703 35.93537139892578
870 64.45026397705078 35.76309585571289
871 64.58320617675781 35.20583724975586
872 64.66106414794922 34.87685775756836
873 64.85466766357422 34.362491607666016
874 64.99311065673828 34.053314208984375
875 65.06438446044922 33.859375
876 49.330562591552734 19.629926681518555
877 49.33990478515625 19.54311752319336
878 49.50597381591797 19.342514038085938
879 49.720829010009766 19.033939361572266
880 50.0536994934082 18.60832977294922
881 50.21291732788086 18.484418869018555
882 65.28280639648438 30.20383071899414
883 65.13215637207031 30.337095260620117
884 64.99234771728516 30.53778076171875
885 64.59624481201172 31.218463897705078
886 64.44246673583984 31.42717933654785
887 63.8643684387207 32.01364517211914
888 63.64454650878906 32.20960235595703
889 63.408851623535156 32.41044616699219
890 63.23899841308594 32.564632415771484
891 53.76265335083008 46.075538635253906
892 53.359336853027344 45.519737243652344
893 53.145225524902344 45.329044342041016
894 52.88530731201172 45.227195739746094
895 52.341949462890625 45.13789367675781
896 52.188568115234375 45.08998107910156
897 52.06584167480469 45.07716751098633
898 55.97892379760742 43.56991195678711
899 55.981361389160156 43.78691482543945
900 55.84042739868164 44.23066711425781
901 55.68314743041992 44.614707946777344
902 55.58380126953125 44.849761962890625
903 55.54659652709961 45.1417236328125
904 55.64718246459961 45.25728988647461
905 56.532894134521484 45.128028869628906
906 56.92864227294922 45.526546478271484
907 57.09971618652344 46.2934455871582
908 57.11030197143555 46.945556640625
909 57.259010314941406 47.17116928100586
910 57.42897415161133 47.42280197143555
911 57.87220001220703 47.461830139160156
912 58.2110595703125 47.31068801879883
913 58.39788818359375 47.354103088378906
914 58.54600143432617 47.41069030761719
915 58.9189453125 47.6748161315918
916 59.41340637207031 47.9932861328125
917 60.10512161254883 49.29460144042969
918 60.04072570800781 49.38483810424805
919 59.73548126220703 49.62016677856445
920 59.226566314697266 49.76970291137695
921 58.79986572265625 49.779319763183594
922 57.69683837890625 49.81172561645508
923 57.1789436340332 49.855506896972656
924 56.931602478027344 50.01499557495117
925 56.659114837646484 50.07217025756836
926 55.74571228027344 49.697364807128906
927 55.47234344482422 49.55211639404297
928 55.12594985961914 49.341163635253906
929 54.958309173583984 49.06319808959961
930 54.816017150878906 48.630348205566406
931 54.75525665283203 48.18846893310547
932 54.79779052734375 47.36088180541992
933 54.81676483154297 47.244842529296875
934 58.99809646606445 45.341796875
935 59.032066345214844 45.3720588684082
936 59.00040054321289 45.380226135253906
937 58.09972381591797 44.499324798583984
938 58.34761428833008 44.26084899902344
939 58.69775390625 44.20661926269531
940 58.88332748413086 44.23832702636719
941 59.668418884277344 44.51800537109375
942 59.80525588989258 44.58892822265625
943 60.830604553222656 45.7920036315918
944 61.007686614990234 45.95521545410156
945 61.29623794555664 46.41354751586914
946 61.42166519165039 46.65579605102539
947 61.55595779418945 46.9727897644043
948 61.76457977294922 47.22562026977539
949 61.878929138183594 47.38136291503906
950 62.382347106933594 47.94560623168945
951 62.548030853271484 48.06136703491211
952 63.05898666381836 48.26664352416992
953 63.51974105834961 48.507686614990234
954 63.69166946411133 48.5968017578125
955 63.85402297973633 48.6766471862793
956 60.553199768066406 39.477291107177734
957 60.5439338684082 39.50261306762695
958 60.554290771484375 39.67985534667969
959 60.61576843261719 40.46266555786133
960 60.787818908691406 40.86937713623047
961 61.04075241088867 41.15566635131836
962 61.190391540527344 41.334800720214844
963 66.24520111083984 45.146209716796875
964 66.3721923828125 45.312774658203125
965 66.58572387695312 45.92049789428711
966 66.82088470458984 46.309539794921875
967 66.84901428222656 46.48827362060547
968 66.86725616455078 46.93302917480469
969 66.95267486572266 47.63776397705078
970 66.97982025146484 47.96101760864258
971 66.98582458496094 48.077415466308594
972 58.94063949584961 39.73353576660156
973 58.744285583496094 39.80543518066406
974 58.47317123413086 40.07143783569336
975 58.27873611450195 40.52385330200195
976 58.25709533691406 40.96083068847656
977 58.121334075927734 41.4841194152832
978 58.01630783081055 41.9034309387207
979 57.975528717041016 42.30182647705078
980 58.00288391113281 42.45849609375
981 58.176368713378906 42.67008590698242
982 58.802677154541016 42.90328598022461
983 59.225547790527344 42.93628692626953
984 59.57881164550781 42.902099609375
985 60.071041107177734 42.96569061279297
986 60.35541915893555 43.096290588378906
987 60.69660568237305 43.3336296081543
988 61.036094665527344 43.40549850463867
989 61.38637161254883 43.43650436401367
990 61.70615768432617 43.5013427734375
991 61.87590789794922 43.48235321044922
992 62.420963287353516 43.25041580200195
993 62.700965881347656 43.0513801574707
994 62.91801452636719 42.836246490478516
995 62.98680877685547 42.69378662109375
996 63.18210983276367 41.72502899169922
997 63.04667282104492 41.32978439331055
998 62.987064361572266 41.14632797241211
999 62.984535217285156 41.01912307739258
