0 78.24711608886719 25.60362434387207
1 78.2605972290039 25.66171646118164
2 78.28741455078125 25.786407470703125
3 78.38528442382812 26.194705963134766
4 82.7745590209961 37.91050338745117
5 82.97499084472656 38.179527282714844
6 83.2453842163086 38.44791030883789
7 83.58951568603516 38.7331428527832
8 84.36959075927734 39.424598693847656
9 84.5799789428711 39.634464263916016
10 84.84088897705078 39.96656799316406
11 85.06443786621094 40.38251495361328
12 85.29253387451172 40.92512130737305
13 85.38041687011719 41.21054458618164
14 85.49394989013672 41.568782806396484
15 85.56095886230469 41.792545318603516
16 85.76582336425781 42.328495025634766
17 85.91899871826172 42.52910614013672
18 86.21575164794922 42.719017028808594
19 86.67020416259766 42.94303512573242
20 87.01342010498047 43.04014205932617
21 87.27616882324219 43.11781311035156
22 87.39955139160156 43.16977310180664
23 106.82978057861328 -6.986039638519287
24 106.7647476196289 -6.882534503936768
25 106.57575988769531 -6.589498519897461
26 106.2484359741211 -6.203581809997559
27 106.00230407714844 -6.126543045043945
28 105.68506622314453 -6.175150394439697
29 105.02899932861328 -6.493720531463623
30 104.52722930908203 -6.760577201843262
31 104.16720581054688 -6.999999046325684
32 103.4799575805664 -7.48672342300415
33 103.01439666748047 -7.838248252868652
34 102.67347717285156 -8.096810340881348
35 102.43485260009766 -8.284765243530273
36 102.1670150756836 -8.374801635742188
37 101.83627319335938 -8.408312797546387
38 101.45649719238281 -8.364523887634277
39 100.85489654541016 -8.209661483764648
40 100.46390533447266 -8.067402839660645
41 100.1265640258789 -7.875812530517578
42 99.69597625732422 -7.382748603820801
43 99.39837646484375 -7.02105188369751
44 99.20420837402344 -6.669515609741211
45 98.9564437866211 -5.737478256225586
46 98.98236846923828 -5.4481096267700195
47 99.10144805908203 -5.012068271636963
48 99.24453735351562 -4.653993606567383
49 99.54181671142578 -4.188257694244385
50 99.91487884521484 -3.8763015270233154
51 100.3849868774414 -3.790339231491089
52 101.0757827758789 -3.8431296348571777
53 101.50212097167969 -4.0180277824401855
54 101.73387908935547 -4.283688545227051
55 101.813232421875 -4.95739221572876
56 101.73542785644531 -5.445147514343262
57 101.82013702392578 -6.050182342529297
58 101.89080047607422 -6.234224796295166
59 105.93506622314453 -10.332221031188965
60 105.9964828491211 -10.465415000915527
61 106.00704193115234 -10.859152793884277
62 105.96562957763672 -11.277997970581055
63 105.8260269165039 -11.665656089782715
64 105.62344360351562 -11.92796516418457
65 105.3179702758789 -12.224567413330078
66 104.70687866210938 -12.621171951293945
67 104.04627990722656 -12.791962623596191
68 103.49396514892578 -12.786031723022461
69 103.22685241699219 -12.683703422546387
70 102.35906219482422 -12.071431159973145
71 102.04647064208984 -11.809335708618164
72 101.7899398803711 -11.591367721557617
73 101.12284851074219 -11.155579566955566
74 100.76132202148438 -11.036261558532715
75 100.19140625 -10.90931224822998
76 100.03389739990234 -10.99575424194336
77 99.79307556152344 -11.35755729675293
78 99.49332427978516 -12.098937034606934
79 99.39364624023438 -12.386638641357422
80 99.33226013183594 -12.666114807128906
81 99.1441650390625 -13.671493530273438
82 98.64414978027344 -14.607108116149902
83 98.40445709228516 -14.762001991271973
84 98.15592193603516 -14.611995697021484
85 97.92961120605469 -14.255215644836426
86 97.63086700439453 -13.53302001953125
87 96.2828369140625 -8.92561149597168
88 96.07526397705078 -8.921722412109375
89 95.77656555175781 -9.190985679626465
90 95.41734313964844 -9.693415641784668
91 95.33479309082031 -10.176365852355957
92 95.34871673583984 -10.624043464660645
93 95.56141662597656 -11.440980911254883
94 95.68710327148438 -11.748969078063965
95 95.8539810180664 -11.953124046325684
96 95.94437408447266 -12.013532638549805
97 95.9609146118164 -2.148547410964966
98 95.85377502441406 -1.9000778198242188
99 95.56082153320312 -1.5819143056869507
100 94.88186645507812 -0.8925626277923584
101 94.44757843017578 -0.6553937196731567
102 94.14238739013672 -0.5569814443588257
103 93.8760757446289 -0.7279484272003174
104 93.63439178466797 -1.0477592945098877
105 93.4326400756836 -1.5488390922546387
106 93.3323745727539 -1.8821961879730225
107 93.16622161865234 -2.5057032108306885
108 93.17137908935547 -2.9806301593780518
109 93.33364868164062 -3.322913408279419
110 93.74085998535156 -3.7667083740234375
111 94.10469055175781 -4.036678314208984
112 94.56082153320312 -4.338536262512207
113 94.99666595458984 -4.682342529296875
114 95.65008544921875 -5.21168327331543
115 95.85331726074219 -5.486127853393555
116 95.83055114746094 -5.708232402801514
117 95.42216491699219 -6.392726421356201
118 94.98490905761719 -6.898435115814209
119 94.4588851928711 -7.0730085372924805
120 94.10395812988281 -6.993537425994873
121 93.58454895019531 -6.5934319496154785
122 93.25833892822266 -6.3282623291015625
123 92.63178253173828 -5.913156986236572
124 92.08020782470703 -5.735227584838867
125 91.49436950683594 -5.807277202606201
126 91.094482421875 -5.999442100524902
127 90.73312377929688 -6.628314971923828
128 90.63477325439453 -7.0461249351501465
129 90.65319061279297 -7.383818626403809
130 90.8566665649414 -7.87645149230957
131 91.10652923583984 -8.113382339477539
132 91.62033081054688 -8.259355545043945
133 92.05890655517578 -8.395537376403809
134 92.48629760742188 -8.690971374511719
135 92.74189758300781 -9.012761116027832
136 92.79935455322266 -9.090714454650879
137 90.9022216796875 -4.389679431915283
138 90.69943237304688 -4.226615905761719
139 90.46427154541016 -4.052358150482178
140 90.03046417236328 -3.6792824268341064
141 89.76480865478516 -3.417499303817749
142 89.41322326660156 -3.147716522216797
143 89.03611755371094 -2.866684675216675
144 88.84632873535156 -2.615783929824829
145 88.44524383544922 -2.0904502868652344
146 88.26569366455078 -1.9439151287078857
147 87.5966796875 -1.887513279914856
148 87.36299896240234 -1.907261610031128
149 86.9091567993164 -2.1773736476898193
150 86.67289733886719 -2.382296323776245
151 86.4239501953125 -2.9146909713745117
152 86.21122741699219 -3.3134067058563232
153 85.9281234741211 -3.6848702430725098
154 85.78328704833984 -3.8099143505096436
155 70.90533447265625 1.4863859415054321
156 70.74945831298828 1.3924764394760132
157 70.44187927246094 1.1247082948684692
158 70.0339584350586 0.837030291557312
159 69.45790100097656 0.4838099777698517
160 69.16494750976562 0.244218647480011
161 68.98701477050781 0.07910675555467606
162 68.92951965332031 -0.013806195929646492
163 80.32185363769531 -14.929830551147461
164 80.6461181640625 -14.875018119812012
165 80.96025848388672 -14.74866771697998
166 81.1886978149414 -14.61391830444336
167 81.5942611694336 -14.303491592407227
168 81.9971923828125 -13.968734741210938
169 82.75129699707031 -13.319823265075684
170 83.07109069824219 -13.161945343017578
171 83.31893157958984 -13.212059020996094
172 83.67102813720703 -13.473015785217285
173 84.23096466064453 -14.115833282470703
174 84.55900573730469 -14.387839317321777
175 84.89456939697266 -14.55022144317627
176 85.3412857055664 -14.682765007019043
177 85.52753448486328 -14.609979629516602
178 86.19041442871094 -14.010842323303223
179 86.49392700195312 -13.573746681213379
180 86.7380142211914 -13.072768211364746
181 86.85523986816406 -12.556279182434082
182 86.83673858642578 -12.070587158203125
183 86.83976745605469 -11.597152709960938
184 86.93038177490234 -11.103411674499512
185 87.03071594238281 -10.784653663635254
186 87.27286529541016 -10.407145500183105
187 87.53678131103516 -10.148297309875488
188 87.96292114257812 -9.629185676574707
189 88.08694458007812 -9.3609037399292
190 88.16116333007812 -8.404349327087402
191 88.01532745361328 -8.101856231689453
192 87.68744659423828 -8.00090503692627
193 87.03565216064453 -7.961702823638916
194 86.73307800292969 -7.953199863433838
195 86.56885528564453 -8.015159606933594
196 85.74954986572266 -9.134750366210938
197 85.658935546875 -9.240530014038086
198 85.69406127929688 -9.21753978729248
199 87.36953735351562 -6.368452072143555
200 87.51815795898438 -6.032047748565674
201 87.6155776977539 -5.612691402435303
202 87.72596740722656 -5.162779331207275
203 87.86443328857422 -4.8652567863464355
204 88.13841247558594 -4.600929260253906
205 90.61113739013672 -1.7628108263015747
206 90.77409362792969 -1.413462519645691
207 90.87039947509766 -0.9099903106689453
208 90.82950592041016 -0.48275092244148254
209 90.73265075683594 -0.23879048228263855
210 90.54573059082031 0.08428054302930832
211 90.37794494628906 36.74834442138672
212 90.33220672607422 36.80780792236328
213 90.27849578857422 36.860469818115234
214 89.62198638916016 3.2967135906219482
215 89.59861755371094 3.1605141162872314
216 89.45586395263672 2.7063543796539307
217 89.32925415039062 2.352384328842163
218 89.22407531738281 2.0213165283203125
219 89.11483001708984 1.5095808506011963
220 89.00328063964844 0.8535627722740173
221 88.87494659423828 0.45203691720962524
222 88.66671752929688 0.3342345058917999
223 88.48246002197266 0.3178008496761322
224 81.38101959228516 34.74664306640625
225 81.37073516845703 34.89179992675781
226 81.41961669921875 35.14988708496094
227 81.36576843261719 35.47465133666992
228 81.15647888183594 36.03954315185547
229 80.91038513183594 36.43723678588867
230 80.6392593383789 36.7524528503418
231 80.36328887939453 37.01987075805664
232 80.06727600097656 37.41102600097656
233 79.90119934082031 37.72343444824219
234 73.49842834472656 51.21456527709961
235 73.29302215576172 51.206626892089844
236 72.9549331665039 51.13190460205078
237 72.44449615478516 50.7835693359375
238 72.02787017822266 50.32905197143555
239 71.93993377685547 50.06034469604492
240 72.0513687133789 49.765445709228516
241 72.49041748046875 49.231346130371094
242 72.85643768310547 48.93252182006836
243 73.42364501953125 48.74010467529297
244 73.75018310546875 48.731300354003906
245 74.59441375732422 48.886837005615234
246 75.55976867675781 49.11870574951172
247 75.96674346923828 49.16657257080078
248 76.34734344482422 49.085121154785156
249 76.82209777832031 48.857906341552734
250 77.13970184326172 48.58647155761719
251 77.33180236816406 48.27922058105469
252 77.47382354736328 47.86879348754883
253 76.37913513183594 43.40802001953125
254 76.31848907470703 43.30522155761719
255 76.1517562866211 43.082279205322266
256 75.7176284790039 42.55865478515625
257 75.33694458007812 42.2872314453125
258 74.92577362060547 42.099037170410156
259 74.60013580322266 42.00958251953125
260 74.22571563720703 41.88163757324219
261 73.98368072509766 41.74025344848633
262 68.0233383178711 35.36199951171875
263 67.95364379882812 35.129878997802734
264 67.82814025878906 34.51115798950195
265 67.7591781616211 34.15251159667969
266 67.66251373291016 33.50354766845703
267 67.57036590576172 33.12122344970703
268 67.47286987304688 32.68658447265625
269 67.32344818115234 31.53474998474121
270 67.41111755371094 31.198945999145508
271 67.52127075195312 31.04096221923828
272 67.69419860839844 30.990558624267578
273 70.25804901123047 31.908472061157227
274 70.45286560058594 32.008094787597656
275 70.8127212524414 32.488670349121094
276 71.03693389892578 32.8447265625
277 71.22745513916016 33.27014923095703
278 71.36687469482422 34.05623245239258
279 71.40391540527344 35.07737731933594
280 71.41376495361328 35.568885803222656
281 71.44384765625 35.86466598510742
282 71.40995788574219 36.1585807800293
283 70.79305267333984 37.247493743896484
284 70.73237609863281 37.464717864990234
285 70.86561584472656 37.66917037963867
286 71.32556915283203 38.10471725463867
287 71.83050537109375 38.59540557861328
288 72.024169921875 38.852264404296875
289 72.2042236328125 39.019126892089844
290 72.63105773925781 39.2455940246582
291 73.07990264892578 39.257080078125
292 73.62684631347656 39.13628005981445
293 73.9548110961914 39.02225112915039
294 74.15989685058594 38.9110107421875
295 74.7917251586914 38.446388244628906
296 74.96430969238281 38.30390167236328
297 78.56399536132812 35.506195068359375
298 78.69916534423828 35.256107330322266
299 78.81781005859375 34.850669860839844
300 78.98968505859375 33.97735595703125
301 79.04179382324219 33.69856262207031
302 79.09123229980469 32.954254150390625
303 79.13572692871094 32.602542877197266
304 79.2151870727539 32.04547119140625
305 79.2473373413086 31.796306610107422
306 79.26719665527344 31.412498474121094
307 79.29429626464844 31.02017593383789
308 79.3554458618164 30.626737594604492
309 79.44308471679688 29.922710418701172
310 79.62511444091797 29.159605026245117
311 79.72727966308594 28.96521759033203
312 80.07420349121094 28.819690704345703
313 80.5167465209961 28.839736938476562
314 80.87065124511719 28.95313262939453
315 81.30438232421875 29.17729377746582
316 81.70722198486328 29.437726974487305
317 81.98818969726562 29.721206665039062
318 84.63543701171875 33.89244079589844
319 84.84408569335938 34.34737014770508
320 85.24213409423828 35.109230041503906
321 85.68262481689453 35.745933532714844
322 86.01856994628906 36.083499908447266
323 86.31077575683594 36.33366394042969
324 86.52317810058594 36.47212219238281
325 86.90069580078125 36.75141143798828
326 87.47840881347656 37.176204681396484
327 87.70600128173828 37.42055892944336
328 88.12915802001953 37.761940002441406
329 87.88839721679688 38.1254997253418
330 87.71271514892578 38.56299591064453
331 87.57760620117188 38.977264404296875
332 87.42295837402344 39.07975769042969
333 87.34672546386719 39.05611038208008
334 87.48887634277344 34.15793991088867
335 87.55368041992188 33.945335388183594
336 87.77894592285156 33.54851150512695
337 87.94669342041016 33.02916717529297
338 87.94490051269531 32.681095123291016
339 87.84049987792969 32.349918365478516
340 87.69487762451172 31.94931411743164
341 87.43858337402344 31.22886848449707
342 87.22248840332031 30.80277442932129
343 86.96492767333984 30.461978912353516
344 86.73031616210938 30.362001419067383
345 86.2978286743164 30.355121612548828
346 85.7777099609375 30.498395919799805
347 85.17925262451172 30.74917221069336
348 84.56842041015625 30.817485809326172
349 84.19874572753906 30.71932601928711
350 83.97232818603516 30.34000015258789
351 83.82945251464844 29.965295791625977
352 83.75147247314453 29.22541618347168
353 83.72958374023438 28.954992294311523
354 83.61856842041016 28.533658981323242
355 83.48049926757812 28.004945755004883
356 83.40795135498047 27.607852935791016
357 83.37018585205078 27.07595443725586
358 83.32695770263672 26.56463623046875
359 83.18724822998047 26.049053192138672
360 83.0008316040039 25.616943359375
361 82.83401489257812 25.49026870727539
362 82.46984100341797 25.414609909057617
363 81.93419647216797 25.57212257385254
364 81.57778930664062 25.980247497558594
365 81.32283782958984 26.422605514526367
366 81.26212310791016 26.67531394958496
367 80.92517852783203 32.25904846191406
368 81.05845642089844 32.39306640625
369 81.72676086425781 32.2213020324707
370 82.07752227783203 32.023372650146484
371 82.55835723876953 31.694334030151367
372 82.77789306640625 31.56699562072754
373 86.0675277709961 28.687898635864258
374 86.38562774658203 28.457807540893555
375 86.673828125 28.1965274810791
376 86.97988891601562 27.80697250366211
377 87.19026184082031 27.467729568481445
378 87.28685760498047 27.30626678466797
379 102.39728546142578 9.440101623535156
380 102.27672576904297 9.404176712036133
381 101.8810806274414 9.322639465332031
382 101.32829284667969 9.296154975891113
383 100.95211791992188 9.384712219238281
384 100.19506072998047 9.766836166381836
385 99.1520767211914 10.436504364013672
386 98.96273803710938 10.544859886169434
387 98.44828796386719 10.675243377685547
388 98.1861343383789 10.742179870605469
389 96.974365234375 11.338987350463867
390 96.48805236816406 11.45252799987793
391 96.2189712524414 11.341154098510742
392 95.42231750488281 10.37958812713623
393 95.28766632080078 10.058123588562012
394 95.24530792236328 9.656183242797852
395 95.31829833984375 9.142110824584961
396 95.42670440673828 8.88128662109375
397 95.64301300048828 8.60446834564209
398 96.0858383178711 8.167274475097656
399 96.3700942993164 7.8507490158081055
400 96.68407440185547 7.603546619415283
401 96.98168182373047 7.336666107177734
402 97.67506408691406 6.738499164581299
403 98.05982208251953 6.348427772521973
404 98.36871337890625 5.985527038574219
405 98.86274719238281 5.298173904418945
406 99.14319610595703 4.898837089538574
407 99.43992614746094 4.567142963409424
408 99.74325561523438 4.295932292938232
409 100.12466430664062 4.1278886795043945
410 100.50279235839844 4.025500774383545
411 100.86896514892578 4.037731647491455
412 101.1898422241211 4.073026180267334
413 101.8508071899414 4.16546106338501
414 102.25541687011719 4.194242477416992
415 102.96871948242188 4.112110137939453
416 103.51294708251953 3.9490597248077393
417 103.89881134033203 3.7824528217315674
418 104.10657501220703 3.5705840587615967
419 104.2173080444336 3.0487966537475586
420 104.20077514648438 2.211183547973633
421 104.19895935058594 1.7740693092346191
422 104.19171142578125 1.4306495189666748
423 104.19239044189453 0.7665777206420898
424 104.10929107666016 0.4001566767692566
425 103.77503967285156 -0.28172963857650757
426 103.4497299194336 -0.6164825558662415
427 103.0774154663086 -0.7448028922080994
428 102.20050048828125 -0.7349110245704651
429 101.81991577148438 -0.679802656173706
430 101.4657211303711 -0.5900038480758667
431 100.78645324707031 -0.4089037775993347
432 100.27412414550781 -0.3196943402290344
433 99.92830657958984 -0.232635498046875
434 99.48605346679688 -0.07371558994054794
435 98.67704010009766 0.47582387924194336
436 98.47577667236328 0.7006272077560425
437 98.00434875488281 1.3055843114852905
438 97.61540985107422 1.5703718662261963
439 96.99491119384766 1.814976453781128
440 96.50566101074219 1.9983253479003906
441 96.03018951416016 2.174511194229126
442 95.50426483154297 2.4165964126586914
443 95.21028900146484 2.582778215408325
444 94.6026382446289 3.020872116088867
445 94.1859359741211 3.3728623390197754
446 93.92474365234375 3.777520179748535
447 93.76148223876953 4.46640157699585
448 93.6893539428711 4.809713363647461
449 93.60489654541016 5.248724460601807
450 93.4932861328125 5.784465312957764
451 93.42399597167969 6.083357334136963
452 93.33597564697266 6.312711238861084
453 93.05743408203125 6.887017250061035
454 92.94688415527344 7.0519304275512695
455 72.72783660888672 8.848502159118652
456 72.57740783691406 8.656189918518066
457 72.36454772949219 8.34641170501709
458 71.89458465576172 7.864322662353516
459 71.72853088378906 7.462658405303955
460 71.76155853271484 6.8867363929748535
461 71.96561431884766 6.640563011169434
462 72.41380310058594 6.468501567840576
463 72.74932098388672 6.339909076690674
464 72.97916412353516 6.130810260772705
465 73.32293701171875 5.501832485198975
466 73.50843811035156 5.025199890136719
467 73.57735443115234 4.686324596405029
468 73.61353302001953 4.229231834411621
469 73.66986083984375 3.6071271896362305
470 73.70397186279297 2.8312618732452393
471 73.72895812988281 2.5772671699523926
472 73.88026428222656 2.2716331481933594
473 74.08087158203125 1.8916712999343872
474 74.36703491210938 1.4362095594406128
475 74.51041412353516 1.0420589447021484
476 74.54239654541016 0.532197117805481
477 74.55331420898438 0.2703534662723541
478 74.44122314453125 -0.20582647621631622
479 74.23049926757812 -0.6249759793281555
480 74.1070556640625 -0.9158124923706055
481 73.83161926269531 -1.6283167600631714
482 73.6887435913086 -2.1890361309051514
483 73.61799621582031 -2.647327423095703
484 73.5847396850586 -3.027660846710205
485 73.56491088867188 -3.4117119312286377
486 73.63903045654297 -3.8455007076263428
487 73.82263946533203 -4.243336200714111
488 74.21317291259766 -4.6138916015625
489 74.5371322631836 -4.758707523345947
490 75.08467102050781 -4.923996925354004
491 75.48291015625 -4.999839782714844
492 76.09330749511719 -4.992663383483887
493 76.4403076171875 -4.985723495483398
494 76.63817596435547 -4.968361854553223
495 90.115478515625 5.879918098449707
496 90.02071380615234 6.090857982635498
497 89.6123046875 6.60754919052124
498 89.24736022949219 7.045464992523193
499 89.01287078857422 7.322124004364014
500 88.57095336914062 7.6090874671936035
501 88.10468292236328 7.703948974609375
502 87.74641418457031 7.550111770629883
503 87.36572265625 7.180543899536133
504 87.16059875488281 6.7535858154296875
505 87.14337921142578 6.2269816398620605
506 87.2279052734375 5.627981662750244
507 87.29747009277344 5.13172721862793
508 87.28974151611328 4.701296806335449
509 87.1164779663086 4.198266983032227
510 87.00570678710938 3.9295461177825928
511 86.73274230957031 3.5930843353271484
512 86.29682159423828 3.307581663131714
513 85.86182403564453 3.2816717624664307
514 85.44268035888672 3.336327075958252
515 84.7191162109375 3.642455816268921
516 84.40604400634766 3.8424370288848877
517 84.15293884277344 4.0091118812561035
518 83.88871765136719 4.152385234832764
519 83.68922424316406 4.2725067138671875
520 77.1725082397461 -14.29219913482666
521 77.01604461669922 -14.135701179504395
522 76.83431243896484 -13.899436950683594
523 76.46284484863281 -13.282142639160156
524 76.22284698486328 -12.827290534973145
525 75.95536804199219 -12.313663482666016
526 75.71691131591797 -12.032698631286621
527 75.10160064697266 -11.473122596740723
528 74.73054504394531 -11.153647422790527
529 74.46883392333984 -10.874610900878906
530 73.94664001464844 -10.23308277130127
531 73.61119842529297 -9.789510726928711
532 73.46321105957031 -9.517364501953125
533 73.34439086914062 -9.161980628967285
534 73.26828002929688 -8.640853881835938
535 73.23414611816406 -8.292964935302734
536 73.19660186767578 -7.981073379516602
537 68.11931610107422 6.380786418914795
538 68.10848999023438 6.37860631942749
539 68.06529998779297 6.123863220214844
540 67.99154663085938 5.3639936447143555
541 67.96700286865234 4.934482574462891
542 67.9461669921875 4.575089454650879
543 67.84142303466797 4.156896591186523
544 67.7015380859375 3.912264108657837
545 67.07333374023438 2.901768684387207
546 66.9322738647461 2.677746295928955
547 66.68546295166016 2.261277198791504
548 66.49476623535156 1.9873721599578857
549 66.35299682617188 1.762413501739502
550 66.20893096923828 1.483569860458374
551 65.91043853759766 0.8137441873550415
552 65.81085205078125 0.5803595781326294
553 65.6607437133789 0.03060579113662243
554 65.63086700439453 -0.06167379021644592
555 95.45771789550781 33.800819396972656
556 95.46562194824219 33.90228271484375
557 95.54811096191406 34.40090560913086
558 95.55233764648438 34.736183166503906
559 95.4992446899414 35.13161087036133
560 95.40555572509766 35.43431091308594
561 95.15168762207031 36.03595733642578
562 94.93183135986328 36.52101516723633
563 94.72747802734375 36.91909408569336
564 94.32782745361328 37.514854431152344
565 94.08179473876953 37.84624099731445
566 93.99141693115234 37.99361038208008
567 91.87820434570312 8.962111473083496
568 91.82929229736328 8.933805465698242
569 91.76248931884766 8.887142181396484
570 86.86624908447266 1.2610183954238892
571 86.70915985107422 1.1483409404754639
572 86.4354019165039 0.9787564277648926
573 86.00821685791016 0.6875100135803223
574 85.87930297851562 0.5488756895065308
575 69.07881164550781 44.96450424194336
576 69.05577850341797 44.87458038330078
577 68.99295043945312 44.55384826660156
578 68.82836151123047 44.079681396484375
579 68.41024017333984 43.1738166809082
580 68.20669555664062 42.78572082519531
581 67.98484802246094 42.35631561279297
582 67.82245635986328 42.15571212768555
583 67.41216278076172 41.88564682006836
584 66.80986022949219 41.39947509765625
585 66.53792572021484 41.08245086669922
586 66.33253479003906 40.64479446411133
587 66.28360748291016 40.12929153442383
588 66.47355651855469 39.54145050048828
589 66.77357482910156 39.22908020019531
590 67.10888671875 39.15024185180664
591 67.60797882080078 39.20359420776367
592 68.13931274414062 39.349891662597656
593 69.01986694335938 39.685577392578125
594 69.37010955810547 39.800987243652344
595 70.51775360107422 40.055458068847656
596 70.72724151611328 40.20289611816406
597 70.91531372070312 40.5843620300293
598 71.08467102050781 41.29426193237305
599 71.1808853149414 41.69000244140625
600 71.34825897216797 42.0110969543457
601 71.51934051513672 42.356361389160156
602 71.72605895996094 42.685420989990234
603 71.86865234375 42.84355545043945
604 90.41756439208984 40.368953704833984
605 90.67518615722656 40.50619888305664
606 90.92839813232422 40.66214370727539
607 91.27999114990234 40.913978576660156
608 91.63426208496094 41.241825103759766
609 92.12372589111328 41.825496673583984
610 92.46540069580078 42.37716293334961
611 92.66960144042969 42.80808639526367
612 92.76232147216797 43.16786193847656
613 92.79886627197266 43.944664001464844
614 92.77595520019531 44.488094329833984
615 92.73480987548828 44.80818557739258
616 92.65750122070312 45.176727294921875
617 92.48487091064453 45.596778869628906
618 92.22342681884766 46.03968048095703
619 91.9697036743164 46.36674118041992
620 91.34473419189453 47.086830139160156
621 90.98685455322266 47.435028076171875
622 90.6362533569336 47.75173568725586
623 90.34192657470703 47.92143630981445
624 89.41493225097656 48.124942779541016
625 89.18612670898438 48.163116455078125
626 88.8741226196289 48.155853271484375
627 87.74818420410156 47.91650390625
628 87.40989685058594 47.74468231201172
629 86.82135772705078 47.270294189453125
630 86.43639373779297 46.91341781616211
631 85.94039916992188 46.46977233886719
632 85.59563446044922 46.215614318847656
633 85.28863525390625 45.96402359008789
634 84.88545227050781 45.598670959472656
635 84.58814239501953 45.35380172729492
636 84.2461929321289 45.140716552734375
637 83.82376098632812 44.73198318481445
638 83.46772766113281 44.377342224121094
639 83.07933807373047 43.976654052734375
640 82.81774139404297 43.809635162353516
641 82.2474365234375 43.667659759521484
642 81.99970245361328 43.494102478027344
643 81.70513916015625 43.15580368041992
644 81.39125061035156 42.70367431640625
645 81.22264099121094 42.3634033203125
646 81.16667175292969 41.93743133544922
647 81.13751220703125 41.7343864440918
648 81.0964126586914 41.460208892822266
649 81.0996322631836 41.293697357177734
650 92.20276641845703 1.4940063953399658
651 92.31732177734375 1.6539913415908813
652 92.50458526611328 2.019850015640259
653 92.56855010986328 2.178741216659546
654 79.24466705322266 40.10502624511719
655 79.22166442871094 40.168460845947266
656 79.08763122558594 40.42335510253906
657 78.8453598022461 40.81711959838867
658 78.44225311279297 41.23085021972656
659 78.20927429199219 41.255550384521484
660 77.60103607177734 40.880699157714844
661 77.2862548828125 40.54100799560547
662 76.80046844482422 39.883644104003906
663 76.71784210205078 39.62642288208008
664 76.77008056640625 39.498714447021484
665 77.53858947753906 37.91100311279297
666 77.5763931274414 37.81379699707031
667 80.27877044677734 10.177084922790527
668 80.28659057617188 10.176011085510254
669 74.89217376708984 35.887107849121094
670 74.91854858398438 35.76947784423828
671 75.07051849365234 35.517086029052734
672 75.3302230834961 35.20096969604492
673 75.62545013427734 34.92134475708008
674 76.35649871826172 34.4283447265625
675 76.67086791992188 34.161373138427734
676 76.94563293457031 33.906314849853516
677 77.14547729492188 33.68596267700195
678 77.22933197021484 33.61362075805664
679 74.61918640136719 10.992368698120117
680 74.70289611816406 10.989455223083496
681 75.04798889160156 11.014250755310059
682 75.30038452148438 11.099543571472168
683 75.81707000732422 11.367692947387695
684 76.6654052734375 12.060699462890625
685 77.2585678100586 12.544220924377441
686 77.5716552734375 12.640433311462402
687 77.85990905761719 12.589990615844727
688 78.09628295898438 12.431914329528809
689 78.24449157714844 12.164692878723145
690 78.22227478027344 11.750883102416992
691 77.89363098144531 10.41049861907959
692 77.83454132080078 9.823542594909668
693 77.8434066772461 9.15395736694336
694 77.84114837646484 8.830775260925293
695 77.88130187988281 8.370903015136719
696 77.89115905761719 8.125935554504395
697 78.04906463623047 7.796010971069336
698 78.28617858886719 7.60111141204834
699 78.80329132080078 7.195406436920166
700 79.0934066772461 6.864090442657471
701 79.23360443115234 6.622283458709717
702 79.33309173583984 6.3332366943359375
703 78.61659240722656 2.8107259273529053
704 78.5106430053711 2.565922498703003
705 78.33216094970703 2.265709400177002
706 68.9762954711914 -7.396030426025391
707 68.85869598388672 -7.270340919494629
708 68.70469665527344 -6.967254638671875
709 68.60811614990234 -6.522085189819336
710 68.63371276855469 -6.035959720611572
711 68.69512939453125 -5.654443740844727
712 68.78620147705078 -5.311952114105225
713 69.06449890136719 -4.498913764953613
714 69.21717071533203 -4.083591461181641
715 69.33621215820312 -3.8928215503692627
716 69.57504272460938 -3.5688369274139404
717 76.12946319580078 3.2230584621429443
718 76.3530044555664 3.598418951034546
719 76.46304321289062 3.948209285736084
720 76.67962646484375 4.648343086242676
721 76.84371185302734 4.999586582183838
722 77.00515747070312 5.120615005493164
723 77.51519012451172 5.1675567626953125
724 77.77574920654297 5.107359409332275
725 78.37260437011719 4.849903106689453
726 78.89506530761719 4.6922607421875
727 79.33206176757812 4.576171875
728 79.7425537109375 4.472931861877441
729 80.03085327148438 4.446245193481445
730 80.70880126953125 4.280290603637695
731 81.43521118164062 3.9476003646850586
732 81.81083679199219 3.5946781635284424
733 82.05154418945312 2.969200372695923
734 82.02702331542969 2.722874641418457
735 81.90904998779297 2.19437313079834
736 81.93611907958984 1.9631574153900146
737 82.36283874511719 1.259955644607544
738 82.38911437988281 1.0273603200912476
739 82.31600952148438 0.7693772912025452
740 82.10517120361328 0.450940877199173
741 81.78068542480469 -0.014910686761140823
742 81.53636932373047 -0.24851125478744507
743 80.89092254638672 -0.6294999718666077
744 80.16417694091797 -0.9226255416870117
745 79.74988555908203 -1.0519158840179443
746 79.55097961425781 -1.2039027214050293
747 79.33306121826172 -1.5070219039916992
748 79.250244140625 -1.8705075979232788
749 79.24594116210938 -2.2646496295928955
750 79.31137084960938 -3.113762378692627
751 79.22624206542969 -3.4914071559906006
752 79.23381805419922 -3.9539215564727783
753 79.287353515625 -4.150863170623779
754 79.57328033447266 -9.723016738891602
755 79.67106628417969 -10.031960487365723
756 79.90679931640625 -10.404593467712402
757 80.2552719116211 -10.658653259277344
758 80.5710678100586 -10.739420890808105
759 80.99916076660156 -10.720314979553223
760 81.64422607421875 -10.49744987487793
761 82.15423583984375 -10.138733863830566
762 82.43618774414062 -9.728211402893066
763 82.51802825927734 -9.392983436584473
764 82.50201416015625 -8.876093864440918
765 82.58233642578125 -8.393241882324219
766 82.75907135009766 -8.078425407409668
767 83.08940887451172 -7.728574752807617
768 83.7959213256836 -7.086546421051025
769 84.13888549804688 -6.754999160766602
770 84.4087905883789 -6.512767791748047
771 84.7094497680664 -6.293318271636963
772 85.10440063476562 -6.105746746063232
773 85.34798431396484 -6.075652599334717
774 91.50354766845703 -24.391870498657227
775 91.55108642578125 -24.269515991210938
776 91.55943298339844 -24.10578155517578
777 91.50801086425781 -23.951494216918945
778 90.71165466308594 -11.654622077941895
779 91.0589370727539 -11.566557884216309
780 91.36985778808594 -11.583534240722656
781 91.66490173339844 -11.727354049682617
782 92.08551788330078 -12.30246639251709
783 92.14039611816406 -12.604094505310059
784 92.17181396484375 -13.27297592163086
785 92.27256774902344 -13.714766502380371
786 92.48246002197266 -14.042585372924805
787 92.74612426757812 -14.293375015258789
788 93.16523742675781 -14.59925651550293
789 93.43466186523438 -14.81756591796875
790 93.65824127197266 -15.042930603027344
791 93.98329162597656 -15.452895164489746
792 94.3336410522461 -16.16549301147461
793 94.42108154296875 -16.44214630126953
794 94.44171905517578 -16.574586868286133
795 94.3395767211914 -23.001466751098633
796 94.2616958618164 -23.43035888671875
797 94.01390838623047 -24.06438446044922
798 94.0497055053711 -24.199230194091797
799 94.23162841796875 -24.347949981689453
800 95.1417007446289 -24.55731201171875
801 95.41339111328125 -24.552997589111328
802 95.78446197509766 -24.4790096282959
803 96.08251190185547 -24.32967185974121
804 96.41590118408203 -24.03691864013672
805 96.72361755371094 -23.743873596191406
806 97.13048553466797 -23.28848648071289
807 97.37220001220703 -22.976032257080078
808 97.62745666503906 -22.58495330810547
809 97.86498260498047 -22.0177001953125
810 97.86962890625 -21.730159759521484
811 97.78053283691406 -21.263490676879883
812 97.6705322265625 -20.759183883666992
813 97.58673858642578 -20.533857345581055
814 97.45003509521484 -20.403173446655273
815 96.1971664428711 -20.333293914794922
816 96.04116821289062 -20.364044189453125
817 95.79694366455078 -20.421329498291016
818 95.271484375 -20.483076095581055
819 94.67904663085938 -20.436851501464844
820 93.67144775390625 -20.354022979736328
821 93.36405181884766 -20.341821670532227
822 92.91229248046875 -20.309595108032227
823 92.49224090576172 -20.158246994018555
824 91.91388702392578 -19.85010528564453
825 91.37855529785156 -19.535181045532227
826 91.11955261230469 -19.393308639526367
827 90.88261413574219 -19.250751495361328
828 90.29096984863281 -18.845523834228516
829 89.98329162597656 -18.66229820251465
830 89.76072692871094 -18.638620376586914
831 89.38761901855469 -18.776039123535156
832 88.12139892578125 -19.3157958984375
833 87.59970092773438 -19.535171508789062
834 86.88546752929688 -19.747295379638672
835 86.2518310546875 -19.889646530151367
836 85.95709991455078 -19.947641372680664
837 85.79582214355469 -19.95985221862793
838 77.27764892578125 0.5094991326332092
839 77.26659393310547 0.28195878863334656
840 77.25265502929688 -0.17801329493522644
841 77.17652893066406 -0.715835452079773
842 77.07823944091797 -1.0430036783218384
843 76.97882843017578 -1.281065821647644
844 86.83858489990234 -16.724390029907227
845 87.1645736694336 -16.74832534790039
846 87.59490203857422 -16.725786209106445
847 88.21439361572266 -16.60983657836914
848 88.52638244628906 -16.520336151123047
849 88.73550415039062 -16.44402313232422
850 77.62531280517578 -8.01455307006836
851 77.70450592041016 -7.898078918457031
852 77.92761993408203 -7.722632884979248
853 78.25953674316406 -7.5320143699646
854 78.69312286376953 -7.297372817993164
855 79.16619110107422 -7.026619911193848
856 79.9788589477539 -6.514281272888184
857 80.28932189941406 -6.267616271972656
858 80.59548950195312 -6.003354549407959
859 81.55638122558594 -5.035724639892578
860 81.87783813476562 -4.726883411407471
861 82.10404205322266 -4.499638557434082
862 82.36759185791016 -4.264780044555664
863 82.85847473144531 -3.8371665477752686
864 83.13951873779297 -3.5997283458709717
865 83.44667053222656 -3.2754104137420654
866 83.93641662597656 -2.6442346572875977
867 84.12202453613281 -2.456880569458008
868 84.60517883300781 -1.969946026802063
869 84.71590423583984 -1.6305643320083618
870 84.59626007080078 -1.1374273300170898
871 84.43799591064453 -0.8546810746192932
872 84.2677993774414 -0.6424501538276672
873 82.3465347290039 6.958393096923828
874 82.42500305175781 7.3033528327941895
875 82.5899429321289 7.530570983886719
876 82.88983154296875 7.825283050537109
877 83.21588897705078 8.110167503356934
878 83.5799560546875 8.424646377563477
879 84.09586334228516 8.858576774597168
880 84.29686737060547 9.132737159729004
881 84.33728790283203 9.566893577575684
882 84.3079833984375 10.030770301818848
883 84.26021575927734 10.373008728027344
884 84.11744689941406 10.764918327331543
885 83.55225372314453 11.784656524658203
886 83.2527847290039 12.162617683410645
887 82.9482421875 12.42092227935791
888 82.52649688720703 12.777620315551758
889 82.22122955322266 13.018362045288086
890 82.1417465209961 13.087874412536621
891 90.56529998779297 30.352197647094727
892 90.6225814819336 30.46540641784668
893 90.67436218261719 30.66790199279785
894 90.72669982910156 31.151103973388672
895 90.74609375 31.579387664794922
896 90.80694580078125 31.865556716918945
897 90.99149322509766 32.43177795410156
898 91.1729507446289 32.91386032104492
899 91.21465301513672 33.075138092041016
900 77.39012145996094 52.15127182006836
901 77.6664047241211 52.180908203125
902 78.07815551757812 52.130428314208984
903 78.62435913085938 52.042667388916016
904 78.92688751220703 52.00320053100586
905 79.28506469726562 51.962806701660156
906 79.6745376586914 51.89508819580078
907 80.15760040283203 51.81427001953125
908 80.83002471923828 51.697364807128906
909 81.4176254272461 51.6417121887207
910 81.83677673339844 51.65202713012695
911 82.10707092285156 51.68782043457031
912 82.27645111083984 51.74728775024414
913 82.85397338867188 52.464691162109375
914 83.00054168701172 52.66443634033203
915 83.15106964111328 52.924747467041016
916 83.5315933227539 53.35191345214844
917 83.97158813476562 53.784210205078125
918 84.40415954589844 54.06017303466797
919 84.71231079101562 54.088504791259766
920 85.07896423339844 53.86650466918945
921 85.35977935791016 53.55155944824219
922 85.50704193115234 53.07579803466797
923 85.52970123291016 52.47972869873047
924 85.52741241455078 51.97895431518555
925 85.51423645019531 51.2053108215332
926 85.4249038696289 50.79326248168945
927 85.26179504394531 50.524879455566406
928 85.05735778808594 50.321380615234375
929 84.68518829345703 50.077091217041016
930 84.36369323730469 49.88716125488281
931 83.91478729248047 49.564815521240234
932 83.5501937866211 49.308570861816406
933 83.34565734863281 49.194759368896484
934 82.95556640625 48.97268295288086
935 82.46626281738281 48.504547119140625
936 82.11390686035156 48.032325744628906
937 81.91048431396484 47.77576446533203
938 81.50712585449219 47.185081481933594
939 81.07809448242188 46.505348205566406
940 80.83069610595703 46.15331268310547
941 80.42262268066406 45.65996170043945
942 80.1692886352539 45.4717903137207
943 79.67070007324219 45.27596664428711
944 78.87371826171875 45.23894500732422
945 78.43848419189453 45.23751449584961
946 78.10698699951172 45.223236083984375
947 77.64527130126953 45.1540641784668
948 77.40601348876953 45.139259338378906
949 76.74557495117188 45.32902908325195
950 76.42884063720703 45.37096405029297
951 76.03460693359375 45.47557830810547
952 75.8293685913086 45.622440338134766
953 75.55489349365234 45.8232536315918
954 75.24333190917969 46.06160354614258
955 75.15194702148438 46.11357498168945
956 70.72109985351562 30.03994369506836
957 70.9841537475586 29.97020149230957
958 71.34663391113281 29.916744232177734
959 71.75067901611328 29.883953094482422
960 72.42443084716797 29.838863372802734
961 72.91751861572266 29.715778350830078
962 73.19017791748047 29.410173416137695
963 73.42069244384766 28.927963256835938
964 73.60453033447266 28.401552200317383
965 73.8564453125 28.23731803894043
966 74.32734680175781 28.15932846069336
967 74.8082275390625 28.22810173034668
968 75.19511413574219 28.35171127319336
969 75.74063873291016 28.645639419555664
970 76.03971862792969 28.98082160949707
971 76.27568054199219 29.480722427368164
972 76.38607025146484 29.9713077545166
973 76.41939544677734 30.51949691772461
974 76.37805938720703 31.32156753540039
975 76.26785278320312 31.621694564819336
976 75.94239044189453 32.020652770996094
977 75.61131286621094 32.15604782104492
978 75.26310729980469 32.156490325927734
979 74.43634033203125 32.0417366027832
980 74.15760803222656 32.1272087097168
981 73.95198059082031 32.41208267211914
982 73.74300384521484 32.8155403137207
983 73.66565704345703 32.99182891845703
984 73.52420806884766 33.41802978515625
985 71.48489379882812 46.502830505371094
986 71.62609100341797 46.50851058959961
987 71.91015625 46.40620803833008
988 72.32683563232422 46.21250534057617
989 72.64812469482422 45.895179748535156
990 73.0472640991211 45.36836242675781
991 73.25214385986328 45.08653259277344
992 73.52396392822266 44.711788177490234
993 73.8701400756836 44.248870849609375
994 73.96028137207031 44.08223342895508
995 73.99208068847656 43.99812698364258
996 86.59650421142578 11.842850685119629
997 86.55620574951172 11.655982971191406
998 86.49282836914062 11.255536079406738
999 86.46163177490234 11.129182815551758
