0 55.27567672729492 -15.406671524047852
1 55.15015411376953 -15.421536445617676
2 54.87779235839844 -15.490001678466797
3 54.45941925048828 -15.673503875732422
4 54.01717758178711 -16.022293090820312
5 53.6205940246582 -16.431888580322266
6 53.48359680175781 -16.742578506469727
7 53.35490798950195 -17.09743881225586
8 53.19425582885742 -17.50619125366211
9 56.368045806884766 -29.257959365844727
10 56.21540451049805 -29.141725540161133
11 55.89725112915039 -28.922019958496094
12 55.72191619873047 -28.678478240966797
13 55.7318115234375 -28.361648559570312
14 55.829444885253906 -28.023406982421875
15 56.090999603271484 -27.5068359375
16 56.252891540527344 -27.14167594909668
17 56.391197204589844 -26.828380584716797
18 56.65913009643555 -26.439491271972656
19 57.142303466796875 -25.97186851501465
20 57.319786071777344 -25.834022521972656
21 64.06775665283203 -20.272666931152344
22 64.22227478027344 -20.06410026550293
23 64.37078094482422 -19.886577606201172
24 64.39680480957031 -19.700834274291992
25 64.2166748046875 -18.910676956176758
26 64.20259094238281 -18.621379852294922
27 64.30131530761719 -17.61600112915039
28 64.34578704833984 -17.407230377197266
29 64.52790069580078 -17.090654373168945
30 64.47578430175781 -16.735681533813477
31 64.27777862548828 -16.264484405517578
32 64.20415496826172 -16.001981735229492
33 63.82235336303711 -15.578527450561523
34 63.3813591003418 -15.42928695678711
35 63.21796417236328 -15.570526123046875
36 63.07770919799805 -16.289955139160156
37 63.10047912597656 -16.57615852355957
38 63.166595458984375 -16.751914978027344
39 71.08792877197266 -34.40282440185547
40 71.26779174804688 -34.466941833496094
41 71.49349975585938 -34.505550384521484
42 71.9424057006836 -34.459232330322266
43 72.34693145751953 -34.28963088989258
44 72.7205810546875 -34.06001281738281
45 73.18055725097656 -33.84929656982422
46 65.39167022705078 -8.93609619140625
47 65.33554077148438 -8.787251472473145
48 65.11540985107422 -8.348069190979004
49 64.734619140625 -8.02742862701416
50 64.53271484375 -8.043478965759277
51 64.17752838134766 -8.217286109924316
52 64.01316833496094 -8.39110279083252
53 63.91304397583008 -8.683238983154297
54 63.178592681884766 -17.8565731048584
55 63.102848052978516 -17.959293365478516
56 59.57571029663086 -33.43989181518555
57 59.491153717041016 -33.33154296875
58 59.39362716674805 -33.16980743408203
59 59.14190673828125 -32.232913970947266
60 59.136375427246094 -31.926254272460938
61 59.170005798339844 -31.422679901123047
62 59.20316696166992 -31.02846336364746
63 59.13329315185547 -30.585233688354492
64 58.87019348144531 -29.67220687866211
65 58.82884216308594 -29.580123901367188
66 80.32328796386719 -7.379189491271973
67 80.340087890625 -7.344191074371338
68 80.36116790771484 -7.30133056640625
69 53.931427001953125 -11.519207000732422
70 54.073760986328125 -11.446386337280273
71 54.32115173339844 -11.327836036682129
72 54.62519073486328 -11.160981178283691
73 54.97376251220703 -11.026904106140137
74 55.25444030761719 -10.995908737182617
75 55.710906982421875 -11.049276351928711
76 56.272396087646484 -11.193612098693848
77 56.43967056274414 -11.284812927246094
78 56.8301887512207 -11.589496612548828
79 57.092018127441406 -11.947443008422852
80 57.09619140625 -12.254834175109863
81 57.08830642700195 -12.790464401245117
82 57.08143615722656 -13.196734428405762
83 57.109134674072266 -13.464263916015625
84 57.186100006103516 -13.832523345947266
85 57.27473449707031 -14.113628387451172
86 57.62245559692383 -15.387128829956055
87 57.68973922729492 -15.619155883789062
88 57.949623107910156 -15.694454193115234
89 58.395999908447266 -15.747720718383789
90 58.584716796875 -15.777034759521484
91 58.80439758300781 -15.886104583740234
92 58.93801498413086 -15.984771728515625
93 59.60914611816406 -16.713069915771484
94 59.734798431396484 -16.764019012451172
95 62.745792388916016 -19.1165771484375
96 62.76432800292969 -19.406681060791016
97 62.423187255859375 -19.499195098876953
98 62.16367721557617 -19.37965202331543
99 61.63740921020508 -19.077762603759766
100 61.38115310668945 -18.937458038330078
101 60.99946975708008 -18.595888137817383
102 60.819580078125 -18.256860733032227
103 60.8819580078125 -18.012107849121094
104 61.227413177490234 -17.689603805541992
105 61.53715133666992 -17.536338806152344
106 61.67948532104492 -17.54131317138672
107 64.46330261230469 -35.497310638427734
108 64.40107727050781 -35.31605529785156
109 64.28804779052734 -35.000694274902344
110 64.17792510986328 -34.74651336669922
111 64.14923095703125 -34.53705596923828
112 63.98234176635742 -33.666141510009766
113 63.93882369995117 -33.331214904785156
114 63.876792907714844 -33.06608581542969
115 62.78095626831055 -28.826473236083984
116 62.7003288269043 -28.576093673706055
117 62.68370056152344 -28.419370651245117
118 62.61459732055664 -28.265155792236328
119 61.92605972290039 -27.606454849243164
120 61.75035858154297 -27.429197311401367
121 57.15271759033203 -8.750643730163574
122 57.22568893432617 -8.663383483886719
123 57.634498596191406 -8.37058162689209
124 58.23666763305664 -7.994596004486084
125 58.46876525878906 -7.809895992279053
126 58.73424530029297 -7.561234474182129
127 58.999393463134766 -7.1043267250061035
128 59.289581298828125 -6.4845685958862305
129 59.4761848449707 -6.163143634796143
130 59.54433059692383 -5.942412376403809
131 59.65672302246094 -4.969897747039795
132 59.76183319091797 -4.542096138000488
133 59.95769500732422 -4.060347557067871
134 60.05696105957031 -3.8754801750183105
135 60.179168701171875 -3.6598126888275146
136 60.96265411376953 -3.04524827003479
137 61.260440826416016 -2.9293582439422607
138 61.3901481628418 -2.9157209396362305
139 61.711673736572266 -2.9307658672332764
140 62.12592315673828 -3.181016445159912
141 62.165794372558594 -14.332868576049805
142 62.45951843261719 -14.503406524658203
143 62.639957427978516 -14.579380989074707
144 70.7302474975586 -27.828227996826172
145 70.59724426269531 -28.18966293334961
146 70.4787826538086 -28.289878845214844
147 70.36322784423828 -28.451744079589844
148 70.18868255615234 -28.88503646850586
149 69.91839599609375 -29.176549911499023
150 69.67765045166016 -29.606782913208008
151 69.73461151123047 -29.8134822845459
152 70.0721664428711 -30.26819610595703
153 70.31166076660156 -30.498502731323242
154 70.58425903320312 -30.80331802368164
155 70.73191833496094 -31.04541015625
156 70.9071044921875 -31.693504333496094
157 70.86551666259766 -31.895326614379883
158 70.2076187133789 -32.18938446044922
159 69.91537475585938 -32.21543884277344
160 69.43865203857422 -32.073707580566406
161 69.10564422607422 -31.88471221923828
162 68.86278533935547 -31.686431884765625
163 68.56233215332031 -31.389963150024414
164 68.28494262695312 -31.200666427612305
165 67.65534210205078 -31.136629104614258
166 67.45079040527344 -31.24317169189453
167 67.34434509277344 -31.54155921936035
168 67.2177963256836 -32.68860626220703
169 67.22830963134766 -32.92245864868164
170 67.3997802734375 -33.40428161621094
171 67.54022979736328 -33.7573356628418
172 67.63960266113281 -33.915794372558594
173 67.7193374633789 -34.57835388183594
174 67.79353332519531 -35.00430679321289
175 67.84545135498047 -35.237247467041016
176 67.84515380859375 -35.36361312866211
177 60.11443328857422 -22.17173957824707
178 59.990577697753906 -22.395570755004883
179 59.949546813964844 -22.651920318603516
180 60.00311279296875 -23.461292266845703
181 60.057621002197266 -23.71536636352539
182 60.17222213745117 -24.182619094848633
183 60.20566177368164 -24.428394317626953
184 60.15118408203125 -24.720212936401367
185 59.905147552490234 -25.007022857666016
186 59.76921844482422 -25.301921844482422
187 59.77286911010742 -25.65276527404785
188 59.81532669067383 -26.1693115234375
189 59.74948501586914 -26.45844268798828
190 59.424259185791016 -26.921342849731445
191 59.31372833251953 -27.05997085571289
192 58.785728454589844 -27.833181381225586
193 58.75950241088867 -27.896623611450195
194 75.86138153076172 -33.04280090332031
195 75.95386505126953 -32.83565902709961
196 76.05635833740234 -32.5165901184082
197 76.13036346435547 -32.14665603637695
198 76.15327453613281 -31.854204177856445
199 73.89710998535156 -24.97913360595703
200 73.67253112792969 -24.65151023864746
201 73.53608703613281 -24.605972290039062
202 73.2074203491211 -24.48554801940918
203 72.92222595214844 -24.46588706970215
204 72.69815826416016 -24.41769790649414
205 72.25911712646484 -24.211788177490234
206 71.89816284179688 -24.01581573486328
207 71.67909240722656 -23.911298751831055
208 71.40279388427734 -23.569929122924805
209 71.23192596435547 -23.291309356689453
210 70.97596740722656 -22.85055923461914
211 70.71102142333984 -22.70296287536621
212 70.45413208007812 -23.115222930908203
213 70.23641204833984 -23.313907623291016
214 69.98811340332031 -23.189924240112305
215 69.57808685302734 -22.928424835205078
216 69.35420227050781 -22.847187042236328
217 68.67534637451172 -22.88359832763672
218 68.62643432617188 -22.904327392578125
219 78.33773803710938 -7.323200225830078
220 78.0916519165039 -7.403232574462891
221 77.93357849121094 -7.5181427001953125
222 77.49004364013672 -8.170001983642578
223 77.46536254882812 -8.362953186035156
224 77.63787841796875 -9.133723258972168
225 77.90995788574219 -9.50348949432373
226 78.05369567871094 -9.601435661315918
227 78.46754455566406 -10.083686828613281
228 78.54539489746094 -10.215972900390625
229 78.55302429199219 -10.56026554107666
230 78.71256256103516 -11.182421684265137
231 78.79647064208984 -11.370152473449707
232 78.92906188964844 -11.665144920349121
233 79.04949188232422 -12.005533218383789
234 79.13594818115234 -12.22754192352295
235 78.45063018798828 -25.122352600097656
236 78.41079711914062 -25.141172409057617
237 78.3670883178711 -25.186878204345703
238 78.35498809814453 -25.22934341430664
239 63.35175323486328 -0.14938229322433472
240 63.447593688964844 0.018612591549754143
241 63.939842224121094 0.7855981588363647
242 64.1269302368164 1.127979040145874
243 64.32678985595703 1.4811254739761353
244 64.74118041992188 1.7313282489776611
245 65.01655578613281 1.815974473953247
246 65.60714721679688 1.604100227355957
247 66.587158203125 0.9133203029632568
248 66.82218170166016 0.6884146332740784
249 67.33504486083984 -0.0048199486918747425
250 67.45561218261719 -0.25311335921287537
251 67.52948760986328 -0.298439621925354
252 85.92044067382812 -24.500110626220703
253 85.89887237548828 -24.33797264099121
254 85.79989624023438 -23.910200119018555
255 85.68282318115234 -23.477575302124023
256 85.60963439941406 -23.169832229614258
257 85.60802459716797 -22.9654483795166
258 86.45030975341797 -21.827232360839844
259 86.50806427001953 -21.74087905883789
260 67.18424224853516 -16.38248062133789
261 66.97086334228516 -16.43618392944336
262 66.71263885498047 -16.429105758666992
263 66.41046905517578 -16.42758560180664
264 66.15630340576172 -16.500900268554688
265 65.85550689697266 -16.65631675720215
266 65.8219223022461 -16.716224670410156
267 53.93258285522461 -5.447427272796631
268 54.0213623046875 -5.425437927246094
269 54.31113052368164 -5.393833637237549
270 54.71570587158203 -5.3714752197265625
271 55.411808013916016 -5.340242385864258
272 55.719207763671875 -5.3525896072387695
273 55.857643127441406 -5.386520862579346
274 56.014488220214844 -5.452732086181641
275 63.33104705810547 -10.313006401062012
276 63.479270935058594 -10.470415115356445
277 63.80645751953125 -10.890267372131348
278 63.94668960571289 -11.181280136108398
279 63.93437194824219 -11.45719051361084
280 63.76280212402344 -11.70756721496582
281 62.75209426879883 -11.60611343383789
282 62.56779098510742 -11.470203399658203
283 62.47106170654297 -11.314672470092773
284 72.49795532226562 -10.541706085205078
285 72.74281311035156 -10.548540115356445
286 73.0926742553711 -10.47507381439209
287 73.35989379882812 -10.425393104553223
288 73.7967529296875 -10.504533767700195
289 73.99903869628906 -10.512959480285645
290 74.2901382446289 -10.379127502441406
291 74.45905303955078 -10.159914016723633
292 74.82481384277344 -9.474080085754395
293 74.92996978759766 -9.319028854370117
294 75.11012268066406 -9.1856107711792
295 75.35706329345703 -8.868173599243164
296 75.46403503417969 -8.782715797424316
297 66.58429718017578 -11.100717544555664
298 66.47344207763672 -11.083544731140137
299 66.06755828857422 -11.05020809173584
300 65.56768798828125 -10.875417709350586
301 65.3399429321289 -10.620157241821289
302 65.21673583984375 -10.51541805267334
303 65.17332458496094 -10.352723121643066
304 70.11013793945312 -1.4171648025512695
305 70.25312042236328 -1.4214317798614502
306 70.54816436767578 -1.5875452756881714
307 70.84088897705078 -1.7760392427444458
308 71.14313507080078 -1.9512437582015991
309 71.39371490478516 -1.964584231376648
310 72.10993957519531 -1.7551298141479492
311 72.37533569335938 -1.5381507873535156
312 72.93094635009766 -1.0343024730682373
313 73.15766143798828 -1.0754557847976685
314 73.66633605957031 -1.0965293645858765
315 74.08403015136719 -1.2510130405426025
316 74.5225601196289 -1.4118373394012451
317 74.7345199584961 -1.5281485319137573
318 74.95301055908203 -1.7267674207687378
319 75.16194152832031 -2.0835719108581543
320 75.1612777709961 -2.6961352825164795
321 75.08614349365234 -3.1076338291168213
322 74.9990005493164 -3.5316834449768066
323 74.98119354248047 -4.038106918334961
324 74.96839904785156 -4.3110737800598145
325 74.98845672607422 -4.817330837249756
326 75.15022277832031 -5.29118013381958
327 75.41656494140625 -5.731160640716553
328 75.50584411621094 -6.082115173339844
329 75.36495971679688 -6.748040199279785
330 75.18499755859375 -6.968295574188232
331 74.96295166015625 -7.137514114379883
332 74.54278564453125 -7.246270179748535
333 74.291015625 -7.3100690841674805
334 72.4086685180664 -8.795024871826172
335 72.17581939697266 -8.908740997314453
336 72.00642395019531 -8.831768989562988
337 71.18887329101562 -8.23784065246582
338 70.9922103881836 -8.233633041381836
339 70.73374938964844 -8.370024681091309
340 65.50801086425781 -12.234893798828125
341 65.3686752319336 -12.317668914794922
342 65.15662384033203 -12.519282341003418
343 64.72195434570312 -12.645785331726074
344 64.24476623535156 -12.963066101074219
345 64.16131591796875 -13.083505630493164
346 64.00848388671875 -13.52029037475586
347 63.79130935668945 -13.76014518737793
348 63.59602737426758 -13.725062370300293
349 62.99143600463867 -13.308235168457031
350 62.696617126464844 -13.037101745605469
351 62.52521896362305 -12.885237693786621
352 62.36861038208008 -12.809111595153809
353 61.65059280395508 -12.6725435256958
354 61.20659637451172 -12.733624458312988
355 61.069950103759766 -12.857425689697266
356 61.059104919433594 -13.103252410888672
357 67.24051666259766 -23.7427921295166
358 67.32572937011719 -23.78152847290039
359 67.4887924194336 -23.785554885864258
360 68.0096206665039 -23.902509689331055
361 68.29463958740234 -24.006752014160156
362 71.57280731201172 -26.261932373046875
363 71.79893493652344 -26.499755859375
364 72.1910400390625 -26.860210418701172
365 72.47496032714844 -27.13835906982422
366 72.58065032958984 -27.390647888183594
367 72.73883056640625 -27.8346004486084
368 72.82223510742188 -28.095436096191406
369 72.89823150634766 -28.32953643798828
370 73.56327819824219 -31.035877227783203
371 73.52833557128906 -31.079504013061523
372 73.40373992919922 -30.995059967041016
373 73.23340606689453 -30.80756378173828
374 72.95858764648438 -30.441143035888672
375 72.70902252197266 -30.05500602722168
376 72.56201934814453 -29.765949249267578
377 72.52608489990234 -29.692039489746094
378 58.913818359375 -18.514442443847656
379 58.803035736083984 -18.464277267456055
380 58.45135498046875 -18.389375686645508
381 57.906402587890625 -18.3238525390625
382 57.27915954589844 -18.35295295715332
383 56.53212356567383 -18.47203826904297
384 55.86924743652344 -18.601951599121094
385 55.631927490234375 -18.726572036743164
386 55.44220733642578 -18.952289581298828
387 55.23312759399414 -19.54552459716797
388 55.226646423339844 -20.101112365722656
389 55.36470031738281 -20.374204635620117
390 55.84739303588867 -20.60163116455078
391 56.13753128051758 -20.6993350982666
392 56.4051628112793 -20.679201126098633
393 57.327388763427734 -20.42963981628418
394 57.823585510253906 -20.421001434326172
395 58.00941848754883 -20.61409568786621
396 58.14015579223633 -20.908571243286133
397 58.32186508178711 -21.33643341064453
398 58.236602783203125 -21.65545654296875
399 57.230751037597656 -22.345727920532227
400 56.88155746459961 -22.569759368896484
401 56.396183013916016 -23.056188583374023
402 56.328975677490234 -23.27512550354004
403 56.31767654418945 -23.427034378051758
404 56.47745132446289 -23.683940887451172
405 56.815956115722656 -24.048032760620117
406 57.1419677734375 -24.16530418395996
407 57.301963806152344 -24.149715423583984
408 57.79526138305664 -23.73308563232422
409 58.11846923828125 -23.514328002929688
410 58.44355010986328 -23.10683250427246
411 60.8542594909668 -10.693678855895996
412 60.77240753173828 -10.508870124816895
413 60.383296966552734 -9.801321983337402
414 60.24130630493164 -9.802886962890625
415 59.405513763427734 -10.043153762817383
416 59.17876434326172 -10.242737770080566
417 59.08878707885742 -10.407234191894531
418 60.31980895996094 -20.317829132080078
419 60.61456298828125 -20.486595153808594
420 60.88349533081055 -20.53733253479004
421 61.3087158203125 -20.698028564453125
422 61.6357307434082 -20.970518112182617
423 61.746768951416016 -21.143211364746094
424 61.66020202636719 -21.63744354248047
425 61.60513687133789 -22.055723190307617
426 61.629905700683594 -22.42584991455078
427 61.72733688354492 -22.641389846801758
428 61.831966400146484 -23.197677612304688
429 61.809844970703125 -23.435989379882812
430 60.88272476196289 -28.53162384033203
431 60.89573669433594 -28.757802963256836
432 61.82076644897461 -32.78282928466797
433 61.7564811706543 -32.73875427246094
434 61.34256362915039 -32.02598571777344
435 61.28407287597656 -31.84287452697754
436 61.23826217651367 -31.434871673583984
437 61.291988372802734 -31.144376754760742
438 61.57349395751953 -30.344892501831055
439 61.721160888671875 -30.106761932373047
440 61.891082763671875 -30.144208908081055
441 62.39879608154297 -30.343324661254883
442 62.7663459777832 -30.51136589050293
443 63.19667434692383 -30.79006576538086
444 63.40155029296875 -30.96327781677246
445 63.791168212890625 -31.243083953857422
446 64.47676849365234 -31.608930587768555
447 64.88919067382812 -31.61675262451172
448 65.10103607177734 -31.49672508239746
449 65.14047241210938 -31.313535690307617
450 64.92638397216797 -30.802141189575195
451 64.80319213867188 -30.55788803100586
452 64.69060516357422 -30.231142044067383
453 64.63609313964844 -30.004623413085938
454 64.58356475830078 -29.397165298461914
455 64.56282806396484 -28.92302894592285
456 64.61124420166016 -28.666881561279297
457 64.95796203613281 -27.78803062438965
458 65.06407928466797 -27.722599029541016
459 65.32759857177734 -27.932525634765625
460 65.62442016601562 -28.321470260620117
461 65.96654510498047 -28.81740379333496
462 66.21566772460938 -29.195327758789062
463 66.48332214355469 -29.352771759033203
464 66.6780014038086 -29.357303619384766
465 66.93073272705078 -29.140275955200195
466 67.06222534179688 -28.845151901245117
467 67.09486389160156 -28.504520416259766
468 67.12525939941406 -28.266874313354492
469 80.02129364013672 -4.699831962585449
470 79.9998779296875 -4.714269638061523
471 65.47052764892578 -26.017318725585938
472 65.35052490234375 -26.01666259765625
473 64.98648834228516 -26.08188247680664
474 64.52310943603516 -26.106792449951172
475 64.1626205444336 -26.06492042541504
476 63.85657501220703 -26.073246002197266
477 63.45415115356445 -26.15555191040039
478 62.705989837646484 -26.218172073364258
479 62.322242736816406 -26.217592239379883
480 62.199256896972656 -26.100772857666016
481 62.27605438232422 -25.284536361694336
482 62.383296966552734 -24.97675323486328
483 62.50056076049805 -24.865238189697266
484 62.763004302978516 -24.556970596313477
485 63.075260162353516 -24.280094146728516
486 63.44525146484375 -24.186017990112305
487 63.8000602722168 -24.17924690246582
488 64.26315307617188 -24.28062629699707
489 64.73731994628906 -24.33776092529297
490 65.20867919921875 -24.341327667236328
491 65.58892822265625 -24.188121795654297
492 65.76454162597656 -23.911643981933594
493 65.90286254882812 -23.595226287841797
494 69.31806182861328 -25.033884048461914
495 69.4781723022461 -25.096872329711914
496 70.19377136230469 -25.20384407043457
497 70.28353118896484 -25.32021713256836
498 70.23401641845703 -25.757572174072266
499 70.09537506103516 -26.18588638305664
500 69.97992706298828 -26.32430076599121
501 69.87684631347656 -26.383853912353516
502 68.82563781738281 -27.1235294342041
503 68.72415161132812 -27.120325088500977
504 68.56132507324219 -26.948637008666992
505 68.3959732055664 -26.885658264160156
506 67.67469024658203 -26.42500114440918
507 67.53350067138672 -26.278478622436523
508 67.4136734008789 -25.871389389038086
509 67.2895278930664 -25.702287673950195
510 66.84937286376953 -25.448104858398438
511 66.80570220947266 -25.2850341796875
512 66.4695053100586 -20.338794708251953
513 66.45782470703125 -20.176130294799805
514 66.33899688720703 -20.003570556640625
515 66.37389373779297 -19.396190643310547
516 66.47682189941406 -18.886199951171875
517 66.47734069824219 -18.708213806152344
518 66.32310485839844 -18.6387996673584
519 65.95677947998047 -18.59734535217285
520 65.58856964111328 -18.5211181640625
521 65.4106216430664 -18.49787712097168
522 65.32696533203125 -18.356033325195312
523 60.938079833984375 -7.907222747802734
524 61.04839324951172 -7.946580410003662
525 61.18500518798828 -8.077119827270508
526 61.42374038696289 -8.35155963897705
527 61.92132568359375 -8.80922794342041
528 62.0915412902832 -8.906976699829102
529 62.19789123535156 -8.977821350097656
530 62.22353744506836 -8.96939754486084
531 82.9832763671875 -5.454667091369629
532 83.06170654296875 -5.541287422180176
533 83.1241455078125 -5.670016765594482
534 83.24710845947266 -5.9060516357421875
535 83.29541015625 -6.083050727844238
536 79.01626586914062 -31.260404586791992
537 79.06826782226562 -31.101512908935547
538 79.16692352294922 -30.63542938232422
539 79.17020416259766 -30.376192092895508
540 79.14922332763672 -29.820154190063477
541 79.10985565185547 -29.351863861083984
542 79.13375854492188 -28.990924835205078
543 79.14459991455078 -28.74299430847168
544 79.07106018066406 -28.5079345703125
545 78.9815444946289 -28.23328399658203
546 74.90859985351562 -23.339628219604492
547 74.78781127929688 -23.143753051757812
548 74.56130981445312 -22.91090965270996
549 74.32266998291016 -22.87092399597168
550 73.9906005859375 -22.790185928344727
551 73.64752197265625 -22.698368072509766
552 73.2641830444336 -22.505599975585938
553 73.02091979980469 -22.411226272583008
554 72.64453125 -22.1766300201416
555 72.5935287475586 -22.10097312927246
556 78.11774444580078 -22.19659996032715
557 78.23375701904297 -22.265213012695312
558 78.5205078125 -22.737640380859375
559 78.71923828125 -22.961130142211914
560 78.97136688232422 -23.157115936279297
561 80.1180648803711 -23.567211151123047
562 80.27159881591797 -23.589157104492188
563 80.4733657836914 -23.663198471069336
564 80.8188247680664 -23.603740692138672
565 81.44429016113281 -23.445274353027344
566 81.88021087646484 -23.3271484375
567 82.06336212158203 -23.19240951538086
568 82.13778686523438 -22.93263053894043
569 82.17805480957031 -21.957862854003906
570 82.28044891357422 -21.70779037475586
571 82.17703247070312 -21.450977325439453
572 81.9732437133789 -21.291505813598633
573 81.64928436279297 -21.323246002197266
574 81.12936401367188 -21.535064697265625
575 80.9159927368164 -21.550735473632812
576 80.66905975341797 -21.492572784423828
577 79.90562438964844 -21.294597625732422
578 79.60444641113281 -21.219942092895508
579 79.35055541992188 -20.993532180786133
580 79.16065216064453 -20.587879180908203
581 79.04207611083984 -20.198009490966797
582 77.75286102294922 -17.443439483642578
583 77.50881958007812 -16.973031997680664
584 77.3608627319336 -16.522930145263672
585 77.19306182861328 -16.285512924194336
586 76.74488830566406 -16.042221069335938
587 76.50602722167969 -15.9749116897583
588 76.37611389160156 -15.94261360168457
589 77.92864227294922 -27.079063415527344
590 77.85350036621094 -27.03738784790039
591 77.1146469116211 -26.537952423095703
592 76.76109313964844 -26.327672958374023
593 76.7030029296875 -26.295623779296875
594 76.1962661743164 -25.830547332763672
595 75.95805358886719 -25.46961784362793
596 75.83585357666016 -25.20520782470703
597 75.74711608886719 -24.970050811767578
598 68.512939453125 -19.856359481811523
599 68.35317993164062 -19.731172561645508
600 67.9048843383789 -19.49361228942871
601 67.76500701904297 -19.277915954589844
602 65.5359878540039 -15.45273208618164
603 65.44612884521484 -15.273565292358398
604 65.37852478027344 -15.054815292358398
605 65.30073547363281 -14.738828659057617
606 65.35606384277344 -14.427741050720215
607 65.49279022216797 -14.14568042755127
608 65.58174133300781 -13.8276948928833
609 65.5299072265625 -13.702961921691895
610 59.906761169433594 -12.235696792602539
611 59.71344757080078 -12.350651741027832
612 59.51202392578125 -12.589064598083496
613 59.511619567871094 -12.809267044067383
614 59.63796615600586 -13.591672897338867
615 59.77421951293945 -13.983782768249512
616 59.96792221069336 -14.364349365234375
617 60.2428092956543 -14.68058967590332
618 60.91236114501953 -15.237841606140137
619 61.05175018310547 -15.43526554107666
620 61.24850845336914 -15.631319999694824
621 61.56169128417969 -15.881353378295898
622 61.65754318237305 -16.01394271850586
623 75.44513702392578 -29.152973175048828
624 75.50717163085938 -29.135204315185547
625 75.64043426513672 -29.1210880279541
626 75.87870025634766 -29.098220825195312
627 76.28140258789062 -29.005550384521484
628 66.86604309082031 -12.185925483703613
629 66.80414581298828 -12.316216468811035
630 66.74803161621094 -12.54609203338623
631 66.75794219970703 -12.875422477722168
632 66.89691162109375 -13.17906379699707
633 67.18903350830078 -13.33486270904541
634 67.56291198730469 -13.398661613464355
635 68.11842346191406 -13.220566749572754
636 68.19766998291016 -13.094873428344727
637 68.24624633789062 -13.037712097167969
638 72.48760986328125 -4.071545600891113
639 72.4609375 -4.085043430328369
640 72.37653350830078 -4.226970195770264
641 72.16739654541016 -4.637287139892578
642 72.02225494384766 -5.127838611602783
643 71.96717071533203 -5.3422722816467285
644 72.01412200927734 -5.424456596374512
645 72.11898040771484 -5.632028579711914
646 72.18500518798828 -5.969393253326416
647 72.24725341796875 -6.395084381103516
648 72.30750274658203 -6.59853458404541
649 72.56642150878906 -7.234527587890625
650 72.69021606445312 -7.509286880493164
651 72.91351318359375 -7.714514255523682
652 73.0760269165039 -7.872952938079834
653 73.3807144165039 -8.161633491516113
654 76.73412322998047 -14.203161239624023
655 76.84687805175781 -14.064046859741211
656 76.98760223388672 -13.843463897705078
657 77.07268524169922 -13.640107154846191
658 77.14849090576172 -13.195249557495117
659 76.89176177978516 -12.670489311218262
660 76.74471282958984 -12.443175315856934
661 76.5520248413086 -11.980915069580078
662 76.43746185302734 -11.744841575622559
663 76.24546813964844 -11.475091934204102
664 76.07935333251953 -11.179877281188965
665 75.8865737915039 -10.943726539611816
666 70.78894805908203 -9.637176513671875
667 70.61804962158203 -9.785062789916992
668 70.36067962646484 -10.118839263916016
669 70.33844757080078 -10.429549217224121
670 70.57820892333984 -10.631728172302246
671 71.0527572631836 -10.746496200561523
672 71.17552185058594 -10.724437713623047
673 77.1795425415039 -5.237728595733643
674 77.29009246826172 -5.033172130584717
675 77.47765350341797 -4.690456390380859
676 77.50116729736328 -4.19521951675415
677 77.53326416015625 -3.7991676330566406
678 77.63371276855469 -3.5324275493621826
679 77.9315414428711 -2.666712999343872
680 77.9935531616211 -2.372290849685669
681 77.99810028076172 -2.0213053226470947
682 77.97614288330078 -1.4619455337524414
683 77.87847137451172 -0.2555283308029175
684 77.83151245117188 -0.030983295291662216
685 77.69107818603516 0.25293266773223877
686 77.60499572753906 0.3003128170967102
687 69.4874496459961 -3.948563575744629
688 69.38655853271484 -4.0795392990112305
689 69.2745590209961 -4.482452869415283
690 69.21452331542969 -4.981978893280029
691 69.56587982177734 -5.46639347076416
692 69.84245300292969 -5.7578840255737305
693 70.00687408447266 -5.894665718078613
694 70.04232788085938 -6.04293155670166
695 69.52861785888672 -13.50537109375
696 69.58698272705078 -13.647750854492188
697 69.6876220703125 -13.987329483032227
698 69.80261993408203 -14.113288879394531
699 70.27424621582031 -14.126669883728027
700 70.65406799316406 -14.015149116516113
701 70.87085723876953 -13.941140174865723
702 71.08368682861328 -13.855681419372559
703 71.86787414550781 -13.632065773010254
704 72.23400115966797 -13.688468933105469
705 72.44071960449219 -13.826140403747559
706 72.45500946044922 -13.958574295043945
707 72.18450164794922 -14.469128608703613
708 72.04244995117188 -14.621865272521973
709 71.93750762939453 -14.739008903503418
710 66.08502197265625 -7.471556186676025
711 66.09306335449219 -7.233753204345703
712 66.33680725097656 -7.1345624923706055
713 66.61979675292969 -7.058865070343018
714 67.184814453125 -7.109972953796387
715 67.74606323242188 -7.078220367431641
716 68.18303680419922 -6.904388904571533
717 68.53253173828125 -6.957057952880859
718 68.9165267944336 -7.084595680236816
719 69.1746826171875 -7.282203674316406
720 69.42274475097656 -7.479370594024658
721 69.56954193115234 -7.624457836151123
722 70.72134399414062 -15.758322715759277
723 70.73373413085938 -15.781599998474121
724 70.85296630859375 -15.767374038696289
725 75.85791778564453 -17.516279220581055
726 75.98649597167969 -17.652212142944336
727 76.56195068359375 -18.117778778076172
728 76.96621704101562 -18.50766372680664
729 77.21780395507812 -18.69400978088379
730 77.46539306640625 -18.902814865112305
731 77.64997863769531 -19.221446990966797
732 77.70215606689453 -19.532283782958984
733 77.48194885253906 -19.933406829833984
734 77.10956573486328 -20.247303009033203
735 76.8597640991211 -20.296859741210938
736 76.59996795654297 -20.234113693237305
737 76.20594787597656 -19.992631912231445
738 75.75227355957031 -19.643503189086914
739 75.24795532226562 -19.1011962890625
740 74.95040130615234 -18.816505432128906
741 74.86608123779297 -18.87449073791504
742 74.70226287841797 -19.380094528198242
743 74.55979919433594 -19.456335067749023
744 74.22891998291016 -19.479633331298828
745 73.96454620361328 -19.633644104003906
746 73.72396850585938 -19.90289306640625
747 73.64241027832031 -20.309885025024414
748 73.90583801269531 -20.556079864501953
749 74.54690551757812 -20.898157119750977
750 74.74752807617188 -20.968427658081055
751 75.13288116455078 -21.094030380249023
752 75.7073745727539 -21.376310348510742
753 75.93925476074219 -21.603721618652344
754 76.38239288330078 -22.353242874145508
755 76.50556945800781 -22.64639663696289
756 76.67130279541016 -23.038532257080078
757 76.72430419921875 -23.194671630859375
758 76.69139099121094 -23.2702579498291
759 72.12361145019531 -21.122886657714844
760 71.89929962158203 -21.016372680664062
761 71.79625701904297 -20.91086769104004
762 71.62242889404297 -20.6230525970459
763 71.56336975097656 -20.397308349609375
764 71.7046890258789 -19.842910766601562
765 72.01140594482422 -19.57526206970215
766 72.23786926269531 -19.26944923400879
767 72.4482192993164 -18.95975112915039
768 72.45577239990234 -18.796798706054688
769 72.3739013671875 -18.72977066040039
770 70.16409301757812 -16.975534439086914
771 69.7354507446289 -16.791114807128906
772 69.58535766601562 -16.741331100463867
773 69.38690185546875 -16.508769989013672
774 69.3381576538086 -16.303119659423828
775 69.25174713134766 -15.92658805847168
776 69.11040496826172 -15.622547149658203
777 68.96290588378906 -15.36950397491455
778 68.68628692626953 -15.249268531799316
779 68.49296569824219 -15.17004680633545
780 68.27301025390625 -15.161971092224121
781 68.0030517578125 -15.123113632202148
782 67.67707061767578 -14.961796760559082
783 67.3628921508789 -14.822794914245605
784 66.95144653320312 -14.61610221862793
785 66.8046646118164 -14.596587181091309
786 66.64204406738281 -14.529572486877441
787 63.11954879760742 -6.918679714202881
788 62.984039306640625 -6.759334087371826
789 62.82912063598633 -6.43073034286499
790 62.65058517456055 -6.051183700561523
791 62.68657302856445 -5.656174182891846
792 62.97888946533203 -5.309952735900879
793 63.16109085083008 -5.183112621307373
794 63.455665588378906 -5.214184761047363
795 64.38988494873047 -5.388569355010986
796 64.88114166259766 -5.50139045715332
797 65.28997039794922 -5.591725826263428
798 65.47970581054688 -5.65847110748291
799 66.61746978759766 -5.705531597137451
800 67.11087036132812 -5.530401229858398
801 67.40852355957031 -5.355355739593506
802 67.52169799804688 -5.242315292358398
803 82.95030975341797 -16.613040924072266
804 82.87008666992188 -16.733564376831055
805 82.82189178466797 -16.925046920776367
806 82.8668212890625 -17.57499122619629
807 82.94425201416016 -17.78542709350586
808 83.44760131835938 -18.25794792175293
809 84.03116607666016 -18.372371673583984
810 84.29783630371094 -18.335153579711914
811 84.93778228759766 -18.204927444458008
812 85.45111846923828 -18.28240394592285
813 85.70074462890625 -18.48824691772461
814 85.74156951904297 -18.845394134521484
815 85.5912094116211 -19.25945281982422
816 84.7950668334961 -20.364055633544922
817 84.62075805664062 -20.70526695251465
818 84.55433654785156 -20.814044952392578
819 75.16472625732422 -27.302825927734375
820 74.85509490966797 -27.210365295410156
821 74.60134887695312 -27.144390106201172
822 74.49044036865234 -27.165287017822266
823 74.15899658203125 -26.97420883178711
824 73.94075775146484 -26.810617446899414
825 64.31614685058594 -22.982698440551758
826 64.137939453125 -22.90105438232422
827 63.82272720336914 -22.642484664916992
828 63.529815673828125 -22.282638549804688
829 63.491878509521484 -22.00958824157715
830 63.64031219482422 -21.66387176513672
831 63.839759826660156 -21.5406436920166
832 64.73050689697266 -21.54018783569336
833 65.14309692382812 -21.577722549438477
834 65.45355987548828 -21.709272384643555
835 65.70918273925781 -21.836837768554688
836 65.87132263183594 -21.787778854370117
837 66.65061950683594 -21.99880599975586
838 66.80778503417969 -21.969655990600586
839 67.19229125976562 -21.725200653076172
840 67.34041595458984 -21.683128356933594
841 67.45146942138672 -21.517683029174805
842 67.6787109375 -21.32564926147461
843 67.91046142578125 -21.21828269958496
844 68.26774597167969 -21.231048583984375
845 68.69781494140625 -21.27944564819336
846 69.33983612060547 -21.370132446289062
847 69.65458679199219 -21.27614974975586
848 69.88349151611328 -21.163576126098633
849 70.09168243408203 -21.0004940032959
850 70.22916412353516 -20.70855140686035
851 70.28201293945312 -20.415189743041992
852 70.237548828125 -19.837398529052734
853 70.15325927734375 -19.539735794067383
854 70.01453399658203 -19.330303192138672
855 69.60809326171875 -19.033843994140625
856 69.32814025878906 -18.733285903930664
857 69.20521545410156 -18.58785057067871
858 68.95945739746094 -18.23726463317871
859 68.60690307617188 -17.84078598022461
860 68.35162353515625 -17.72098159790039
861 67.88216400146484 -17.788694381713867
862 67.67854309082031 -17.77745819091797
863 67.5908432006836 -17.670076370239258
864 67.77312469482422 -17.232656478881836
865 74.45996856689453 -16.299114227294922
866 74.67682647705078 -16.209203720092773
867 74.98502349853516 -15.88447093963623
868 74.93195343017578 -15.511846542358398
869 74.38381958007812 -15.261406898498535
870 74.01380920410156 -15.271696090698242
871 73.62779998779297 -15.595172882080078
872 73.30245208740234 -15.878361701965332
873 73.1368637084961 -15.937417984008789
874 72.77098846435547 -16.000320434570312
875 72.4766845703125 -16.04801368713379
876 71.89849853515625 -16.253097534179688
877 71.78943634033203 -16.413917541503906
878 71.78367614746094 -16.493345260620117
879 53.87229919433594 -25.0479736328125
880 53.64431381225586 -24.901500701904297
881 53.46297073364258 -24.683202743530273
882 53.07039260864258 -24.229005813598633
883 53.027618408203125 -24.006912231445312
884 52.93458938598633 -23.68692398071289
885 52.95682907104492 -23.5030460357666
886 53.07126235961914 -22.949289321899414
887 53.17000198364258 -22.809961318969727
888 53.2957649230957 -22.535531997680664
889 53.41712951660156 -22.157386779785156
890 81.01991271972656 -16.072410583496094
891 80.93582916259766 -16.32071876525879
892 80.68400573730469 -16.700584411621094
893 80.3897705078125 -16.81232261657715
894 80.03427124023438 -16.72896957397461
895 79.70452117919922 -16.628448486328125
896 79.35166931152344 -16.45150375366211
897 79.13758850097656 -16.21019172668457
898 78.92290496826172 -15.848672866821289
899 78.78899383544922 -15.37889575958252
900 78.78364562988281 -15.013481140136719
901 78.94991302490234 -14.559321403503418
902 79.10440063476562 -14.260516166687012
903 79.60579681396484 -13.846701622009277
904 79.82559967041016 -13.80406665802002
905 80.99696350097656 -13.985520362854004
906 81.32559967041016 -14.030717849731445
907 81.64960479736328 -13.98980712890625
908 82.08114624023438 -13.913933753967285
909 82.36080169677734 -13.865653991699219
910 82.83041381835938 -13.752065658569336
911 83.49177551269531 -13.521977424621582
912 83.94229125976562 -13.317089080810547
913 84.1568832397461 -13.119548797607422
914 84.52816772460938 -12.572473526000977
915 84.67974090576172 -12.21961784362793
916 84.65744018554688 -11.910304069519043
917 84.51980590820312 -11.560235023498535
918 84.23267364501953 -11.158939361572266
919 83.87555694580078 -10.926289558410645
920 83.23384094238281 -10.618785858154297
921 82.82386779785156 -10.45811653137207
922 82.40579986572266 -10.362454414367676
923 82.11031341552734 -10.289101600646973
924 81.51424407958984 -10.060408592224121
925 81.24214172363281 -9.942887306213379
926 80.98628997802734 -9.892578125
927 67.61258697509766 -3.165313720703125
928 67.41638946533203 -2.9297945499420166
929 67.1479721069336 -2.8059589862823486
930 66.67669677734375 -2.622659921646118
931 66.35614776611328 -2.519408702850342
932 65.91094970703125 -2.3081412315368652
933 65.64973449707031 -2.3118109703063965
934 65.281982421875 -2.7017412185668945
935 65.30480194091797 -3.467616558074951
936 65.39237213134766 -3.8951358795166016
937 65.50535583496094 -4.031115531921387
938 65.76497650146484 -4.306410312652588
939 65.97997283935547 -4.605494976043701
940 74.50247192382812 -13.855772972106934
941 74.70043182373047 -13.684343338012695
942 74.82846069335938 -13.39457893371582
943 74.88882446289062 -13.189496994018555
944 74.8231201171875 -12.978458404541016
945 74.60397338867188 -12.798567771911621
946 73.97012329101562 -12.558492660522461
947 73.68986511230469 -12.480793952941895
948 73.26110076904297 -12.392674446105957
949 72.7845230102539 -12.409255027770996
950 72.49727630615234 -12.370333671569824
951 72.10486602783203 -12.252900123596191
952 71.79129791259766 -12.145403861999512
953 71.5528335571289 -12.131383895874023
954 71.05018615722656 -12.220135688781738
955 70.49376678466797 -12.271646499633789
956 70.30425262451172 -12.24533462524414
957 69.858154296875 -12.14139461517334
958 69.51426696777344 -12.094433784484863
959 69.03878021240234 -11.820026397705078
960 68.93663024902344 -11.705254554748535
961 68.55437469482422 -11.645988464355469
962 68.34140014648438 -11.51421070098877
963 68.0116195678711 -11.178343772888184
964 67.7904052734375 -10.74360466003418
965 67.59822845458984 -10.358134269714355
966 67.3834228515625 -9.990419387817383
967 67.02616119384766 -9.358262062072754
968 67.05020904541016 -9.23674488067627
969 67.2047348022461 -9.163830757141113
970 68.04766082763672 -9.144290924072266
971 68.32225036621094 -9.037809371948242
972 68.54117584228516 -9.026226043701172
973 69.08740997314453 -9.400106430053711
974 69.22874450683594 -9.484646797180176
975 69.23371887207031 -9.706564903259277
976 70.76447296142578 -17.934362411499023
977 70.87938690185547 -17.949764251708984
978 71.0373306274414 -17.893712997436523
979 71.43656921386719 -17.8134822845459
980 71.80326843261719 -17.691438674926758
981 72.68242645263672 -17.634658813476562
982 73.14838409423828 -17.49210548400879
983 73.37224578857422 -17.466541290283203
984 73.70098114013672 -17.510181427001953
985 79.37614440917969 -18.37417221069336
986 79.60225677490234 -18.553173065185547
987 79.85617065429688 -18.775060653686523
988 80.04381561279297 -18.95231819152832
989 80.7551040649414 -19.277570724487305
990 80.89075469970703 -19.357757568359375
991 81.0772476196289 -19.59520721435547
992 82.56311798095703 -26.388181686401367
993 82.5664291381836 -26.478883743286133
994 82.51582336425781 -26.521203994750977
995 81.33064270019531 -26.755451202392578
996 81.07779693603516 -26.740400314331055
997 80.3703384399414 -26.49637794494629
998 80.29166412353516 -26.42519187927246
999 80.24600982666016 -26.330810546875
