0 19.294641494750977 -73.5052261352539
1 19.278610229492188 -73.38160705566406
2 19.158845901489258 -73.14869689941406
3 18.548044204711914 -72.25511932373047
4 18.374120712280273 -72.06845092773438
5 17.50481605529785 -71.48519134521484
6 17.205598831176758 -71.26678466796875
7 16.860509872436523 -71.04782104492188
8 16.437923431396484 -70.84259033203125
9 15.640972137451172 -70.27503204345703
10 15.441502571105957 -70.17349243164062
11 15.159212112426758 -70.0721435546875
12 14.946870803833008 -69.97041320800781
13 14.779650688171387 -69.88711547851562
14 6.280669212341309 -65.85587310791016
15 6.061012268066406 -65.75843048095703
16 5.824251651763916 -65.63162994384766
17 5.610427379608154 -65.51670837402344
18 5.231633186340332 -65.45132446289062
19 4.685297966003418 -65.55048370361328
20 4.364532470703125 -65.5943374633789
21 4.1606855392456055 -65.55595397949219
22 3.9989359378814697 -65.54866027832031
23 3.5458321571350098 -65.79222106933594
24 3.390812873840332 -65.9024658203125
25 2.996328592300415 -65.97261810302734
26 2.7163028717041016 -65.92147064208984
27 -6.980195045471191 -58.77070999145508
28 -7.136955738067627 -58.654029846191406
29 -7.482986927032471 -58.41887664794922
30 -7.992088794708252 -58.00394821166992
31 -8.231666564941406 -57.76539993286133
32 -8.349527359008789 -57.50358200073242
33 -8.39391803741455 -57.15438461303711
34 -8.451789855957031 -56.72748565673828
35 -8.440179824829102 -56.46360778808594
36 -8.409124374389648 -56.279754638671875
37 21.355995178222656 -79.40738677978516
38 21.35984230041504 -79.6321792602539
39 21.402587890625 -80.15471649169922
40 21.37973976135254 -80.4368896484375
41 21.212265014648438 -80.80643463134766
42 20.922061920166016 -81.12845611572266
43 20.682729721069336 -81.36247253417969
44 20.278430938720703 -81.4394760131836
45 20.064416885375977 -81.3643569946289
46 19.958036422729492 -81.27936553955078
47 24.757274627685547 -68.22183227539062
48 24.878494262695312 -68.0869369506836
49 25.11819076538086 -67.95066833496094
50 25.4885311126709 -67.83129119873047
51 25.91219711303711 -67.81438446044922
52 26.477617263793945 -67.91899108886719
53 27.044326782226562 -68.25263214111328
54 27.31406593322754 -68.44586181640625
55 27.62010383605957 -68.94072723388672
56 27.649259567260742 -69.16817474365234
57 27.52874183654785 -69.36479187011719
58 27.255043029785156 -69.6410903930664
59 26.909814834594727 -69.93258666992188
60 23.930376052856445 -71.83366394042969
61 23.60474395751953 -71.98089599609375
62 23.311975479125977 -72.01583862304688
63 22.86198616027832 -71.97440338134766
64 22.594514846801758 -71.8707046508789
65 22.14723014831543 -71.58403015136719
66 21.88201141357422 -71.38621520996094
67 21.5920352935791 -71.15263366699219
68 21.246122360229492 -70.9068374633789
69 20.756895065307617 -70.60582733154297
70 20.389551162719727 -70.46453094482422
71 20.111717224121094 -70.43533325195312
72 19.858539581298828 -70.48609924316406
73 19.714248657226562 -70.55274963378906
74 12.261795043945312 -80.69178771972656
75 11.96958065032959 -80.749267578125
76 11.750624656677246 -80.80609893798828
77 11.48581314086914 -80.77294158935547
78 11.154521942138672 -80.60741424560547
79 10.783543586730957 -80.4122543334961
80 10.27800464630127 -80.23814392089844
81 10.019359588623047 -80.24893188476562
82 9.430924415588379 -80.42461395263672
83 9.03803825378418 -80.56376647949219
84 8.712817192077637 -80.51560974121094
85 8.478535652160645 -80.35415649414062
86 8.161540985107422 -80.07190704345703
87 7.561578750610352 -79.7145004272461
88 6.9791741371154785 -79.58338928222656
89 6.745934009552002 -79.53909301757812
90 6.32097864151001 -79.36035919189453
91 5.975001811981201 -79.19624328613281
92 5.490680694580078 -78.916015625
93 5.136744022369385 -78.78016662597656
94 4.909328937530518 -78.69945526123047
95 4.468018054962158 -78.54258728027344
96 4.183168411254883 -78.45099639892578
97 3.6253013610839844 -78.33296203613281
98 3.3114447593688965 -78.32357025146484
99 2.8933658599853516 -78.16325378417969
100 2.533891439437866 -78.12101745605469
101 2.1322171688079834 -78.13179779052734
102 1.8424692153930664 -78.22943878173828
103 1.412787914276123 -78.61698913574219
104 1.2216429710388184 -79.0471420288086
105 1.169604778289795 -79.45420837402344
106 1.2721880674362183 -79.6595230102539
107 1.5139873027801514 -79.78860473632812
108 1.7764488458633423 -79.9337158203125
109 2.1621253490448 -80.08843231201172
110 2.4493727684020996 -80.3294677734375
111 2.599921703338623 -80.39656066894531
112 23.70836639404297 -56.80624008178711
113 23.466176986694336 -56.83980178833008
114 23.252599716186523 -56.93661117553711
115 22.954313278198242 -57.083377838134766
116 22.699495315551758 -57.21940612792969
117 21.900224685668945 -57.8538818359375
118 21.824209213256836 -57.98887634277344
119 21.79865074157715 -58.528106689453125
120 21.796424865722656 -58.7966423034668
121 21.834566116333008 -59.30674362182617
122 21.929168701171875 -60.06956481933594
123 21.929950714111328 -60.321807861328125
124 21.697891235351562 -60.66603088378906
125 21.3550968170166 -61.05870056152344
126 21.12787628173828 -61.27982711791992
127 21.0031681060791 -61.404903411865234
128 20.829328536987305 -61.741397857666016
129 20.4716854095459 -62.230960845947266
130 20.116174697875977 -62.66399383544922
131 19.859357833862305 -62.869686126708984
132 19.567848205566406 -63.13752365112305
133 19.32235336303711 -63.34290313720703
134 18.961442947387695 -63.50308609008789
135 18.635475158691406 -63.58039474487305
136 18.290084838867188 -63.52458190917969
137 17.72332763671875 -63.421905517578125
138 17.352312088012695 -63.369747161865234
139 16.877826690673828 -63.29426956176758
140 16.586793899536133 -63.298519134521484
141 -3.5969040393829346 -64.30423736572266
142 -3.652470350265503 -64.29621124267578
143 -3.6495022773742676 -64.28724670410156
144 9.252259254455566 -46.53712844848633
145 9.28829288482666 -46.5835075378418
146 9.310523986816406 -46.67476272583008
147 7.709200859069824 -59.34935760498047
148 7.7194294929504395 -59.140872955322266
149 7.70554780960083 -58.78828430175781
150 7.682494640350342 -58.5205192565918
151 7.565423965454102 -58.1046028137207
152 7.518356800079346 -57.79907989501953
153 7.491244316101074 -57.65660858154297
154 7.452502250671387 -57.200904846191406
155 7.189510345458984 -56.176212310791016
156 7.002267360687256 -56.00262451171875
157 6.487424850463867 -56.18550109863281
158 6.263265132904053 -56.394744873046875
159 6.203299522399902 -56.506263732910156
160 6.1854023933410645 -56.705909729003906
161 6.198395729064941 -56.87284851074219
162 15.699457168579102 -52.756675720214844
163 15.78449821472168 -52.485843658447266
164 15.868048667907715 -52.1820182800293
165 15.774768829345703 -51.92728042602539
166 15.47325325012207 -51.569637298583984
167 15.225715637207031 -51.44778823852539
168 14.943375587463379 -51.435935974121094
169 14.53066349029541 -51.61064910888672
170 13.710384368896484 -52.24483108520508
171 13.124403953552246 -52.87863540649414
172 12.780954360961914 -53.40800857543945
173 12.59533977508545 -53.769676208496094
174 12.447248458862305 -54.143402099609375
175 12.320457458496094 -54.53507614135742
176 12.252850532531738 -54.9111442565918
177 12.195258140563965 -55.12317657470703
178 12.221267700195312 -55.377376556396484
179 12.479803085327148 -55.698516845703125
180 12.72077751159668 -56.35974884033203
181 12.780893325805664 -56.69548416137695
182 12.941163063049316 -57.24217987060547
183 13.141349792480469 -57.52608871459961
184 13.288926124572754 -57.7122688293457
185 13.277220726013184 -57.906982421875
186 13.142913818359375 -58.356163024902344
187 12.985557556152344 -58.74669647216797
188 12.826273918151855 -58.86991882324219
189 12.386091232299805 -58.783878326416016
190 11.587985038757324 -58.28532409667969
191 11.369548797607422 -58.15894317626953
192 11.247467994689941 -57.970062255859375
193 11.09439754486084 -57.63479232788086
194 11.004627227783203 -57.499752044677734
195 10.858266830444336 -57.17784881591797
196 10.715065956115723 -56.82011413574219
197 10.516142845153809 -56.091033935546875
198 10.222679138183594 -55.906211853027344
199 9.688838005065918 -55.61212921142578
200 9.43348503112793 -55.64278793334961
201 9.220796585083008 -55.890228271484375
202 9.162362098693848 -56.331146240234375
203 9.214643478393555 -56.681556701660156
204 9.278120040893555 -56.96179962158203
205 9.432012557983398 -57.80181884765625
206 9.54155445098877 -58.301109313964844
207 9.62873363494873 -58.869197845458984
208 9.61053466796875 -59.40217590332031
209 9.557509422302246 -59.62926483154297
210 9.45337200164795 -59.77436828613281
211 9.112455368041992 -60.207454681396484
212 8.928945541381836 -60.6035041809082
213 8.641539573669434 -61.208133697509766
214 8.547677040100098 -61.32394027709961
215 8.322783470153809 -61.66428756713867
216 8.002936363220215 -62.016963958740234
217 7.716352939605713 -61.984962463378906
218 7.277517795562744 -61.88400650024414
219 7.090847015380859 -61.80908203125
220 6.713696002960205 -61.486549377441406
221 6.5301289558410645 -61.200172424316406
222 6.488930702209473 -60.83771896362305
223 6.508011817932129 -60.44009780883789
224 5.322301387786865 -55.132144927978516
225 5.352695465087891 -54.856407165527344
226 5.410723686218262 -54.54823684692383
227 5.546965599060059 -54.349937438964844
228 5.829873085021973 -54.19163131713867
229 6.384199619293213 -54.12641525268555
230 6.625672340393066 -54.15113830566406
231 6.915872097015381 -54.15087890625
232 7.308950901031494 -54.04356384277344
233 7.648554801940918 -53.9581184387207
234 7.962368488311768 -53.91094970703125
235 8.308573722839355 -53.914268493652344
236 8.557732582092285 -53.91792297363281
237 8.80994987487793 -53.63101577758789
238 8.873763084411621 -53.381290435791016
239 8.984161376953125 -53.349430084228516
240 9.406376838684082 -53.18428039550781
241 9.610864639282227 -53.00076675415039
242 9.849721908569336 -52.75031280517578
243 10.117179870605469 -52.42389678955078
244 10.327638626098633 -52.20297622680664
245 10.666872024536133 -51.802001953125
246 11.01542854309082 -51.389225006103516
247 11.151901245117188 -51.118194580078125
248 11.25995922088623 -50.56875228881836
249 11.241837501525879 -50.12542724609375
250 11.044819831848145 -49.7719841003418
251 10.909566879272461 -49.51026153564453
252 10.561036109924316 -49.568050384521484
253 10.127920150756836 -49.7126579284668
254 9.42131233215332 -50.039791107177734
255 8.913080215454102 -50.406253814697266
256 8.475995063781738 -50.74531555175781
257 7.871963024139404 -51.141475677490234
258 7.438786506652832 -51.358577728271484
259 6.9155449867248535 -51.537841796875
260 6.411464214324951 -51.74600601196289
261 6.066608905792236 -51.78124237060547
262 5.5794572830200195 -51.78254318237305
263 5.059615135192871 -51.72990798950195
264 4.519948482513428 -51.71457290649414
265 4.122923851013184 -51.761619567871094
266 3.747260570526123 -51.99589920043945
267 3.559436798095703 -52.20450973510742
268 3.47524356842041 -52.484092712402344
269 3.3957436084747314 -52.85004806518555
270 3.3673384189605713 -53.01393508911133
271 3.246427297592163 -53.190528869628906
272 3.1749508380889893 -53.40719223022461
273 2.864769458770752 -53.94681930541992
274 2.5168330669403076 -54.2841796875
275 2.204694986343384 -54.571468353271484
276 2.0425641536712646 -54.7639045715332
277 0.19333872199058533 -63.688873291015625
278 0.12291569262742996 -63.89352798461914
279 -0.24297857284545898 -64.44804382324219
280 -0.35693514347076416 -64.76421356201172
281 -0.38898757100105286 -64.9784927368164
282 -0.325978547334671 -65.29066467285156
283 -0.11257641017436981 -65.7289810180664
284 0.1577068269252777 -65.95867919921875
285 0.28036659955978394 -65.99939727783203
286 0.49732106924057007 -66.0704574584961
287 0.8369828462600708 -66.31676483154297
288 1.1981523036956787 -66.64544677734375
289 1.3606548309326172 -66.8527603149414
290 5.575106620788574 -76.02086639404297
291 5.637433052062988 -76.12950897216797
292 5.783781051635742 -76.40298461914062
293 6.086544990539551 -76.72813415527344
294 6.30690336227417 -76.93682098388672
295 6.658998966217041 -77.09823608398438
296 6.955061912536621 -77.25585174560547
297 7.144409656524658 -77.0325698852539
298 7.227817058563232 -76.88890838623047
299 7.619025230407715 -76.30545806884766
300 7.781457901000977 -76.04354858398438
301 7.8449931144714355 -75.53631591796875
302 7.7506585121154785 -75.26432037353516
303 7.558225631713867 -75.00984191894531
304 7.2893290519714355 -74.83363342285156
305 6.876871109008789 -74.66536712646484
306 6.738826274871826 -74.60232543945312
307 6.548350811004639 -74.50114440917969
308 6.318490505218506 -74.28094482421875
309 6.225696563720703 -73.95193481445312
310 6.399109363555908 -73.6737289428711
311 6.740527629852295 -73.21095275878906
312 6.8681559562683105 -72.90945434570312
313 4.604584693908691 -57.285682678222656
314 4.50241231918335 -57.052490234375
315 4.2797441482543945 -56.76758575439453
316 3.8564765453338623 -56.41482925415039
317 3.368708610534668 -56.181827545166016
318 2.8957014083862305 -56.1383056640625
319 2.6129422187805176 -56.282554626464844
320 2.5046048164367676 -56.54057693481445
321 2.736558675765991 -56.95597457885742
322 2.99537992477417 -57.36885452270508
323 3.186535120010376 -57.58770751953125
324 4.631610870361328 -60.77387619018555
325 4.6957292556762695 -61.084678649902344
326 4.776633262634277 -61.66218948364258
327 4.817965030670166 -61.98539733886719
328 4.878067970275879 -62.33445358276367
329 4.940610408782959 -62.756500244140625
330 5.0156025886535645 -62.98448944091797
331 5.200002670288086 -63.16716766357422
332 5.709073543548584 -63.46284866333008
333 6.230159759521484 -63.55138397216797
334 6.655562877655029 -63.650543212890625
335 7.047369480133057 -63.73659896850586
336 7.340716361999512 -63.853572845458984
337 7.738687515258789 -64.21682739257812
338 7.984002113342285 -64.5235366821289
339 8.212173461914062 -64.74909973144531
340 8.533802032470703 -64.92869567871094
341 8.94790267944336 -65.20355987548828
342 9.356111526489258 -65.64826202392578
343 9.57823657989502 -66.03176879882812
344 9.688620567321777 -66.32626342773438
345 10.435066223144531 -70.79786682128906
346 10.442060470581055 -71.01376342773438
347 10.339174270629883 -71.53487396240234
348 10.123995780944824 -71.90238952636719
349 9.901336669921875 -72.13314056396484
350 9.49495792388916 -72.37149810791016
351 8.849467277526855 -72.78675842285156
352 8.690361976623535 -73.01631164550781
353 8.69723892211914 -73.28288269042969
354 8.969449996948242 -73.4008560180664
355 9.24483871459961 -73.43578338623047
356 9.679889678955078 -73.40866088867188
357 10.208643913269043 -73.40680694580078
358 10.350123405456543 -73.53255462646484
359 10.584000587463379 -73.7784652709961
360 10.639521598815918 -73.99268341064453
361 10.690802574157715 -74.26289367675781
362 10.777381896972656 -74.59518432617188
363 10.946609497070312 -74.84246063232422
364 11.09231948852539 -75.03221130371094
365 11.368659973144531 -75.39213562011719
366 11.88023567199707 -75.78963470458984
367 12.125600814819336 -75.88651275634766
368 12.25639533996582 -75.8839111328125
369 12.440925598144531 -75.84014892578125
370 18.131546020507812 -66.19491577148438
371 18.137550354003906 -66.19263458251953
372 18.121965408325195 -66.35381317138672
373 18.151029586791992 -66.5807876586914
374 18.22755241394043 -66.9098129272461
375 18.33794403076172 -67.35006713867188
376 18.295825958251953 -67.6178207397461
377 18.23142433166504 -67.98291778564453
378 18.117692947387695 -68.52037811279297
379 18.005416870117188 -68.8738021850586
380 17.78241539001465 -69.06916809082031
381 17.086387634277344 -68.90731811523438
382 16.604310989379883 -68.55192565917969
383 16.50592041015625 -68.45738983154297
384 16.44312286376953 -68.48457336425781
385 16.269060134887695 -75.7393798828125
386 16.261428833007812 -75.88175964355469
387 16.161022186279297 -76.1504135131836
388 15.968561172485352 -76.41311645507812
389 15.701098442077637 -76.64293670654297
390 15.437601089477539 -76.73680114746094
391 15.00432300567627 -76.7966537475586
392 14.694690704345703 -76.76001739501953
393 14.42361831665039 -76.72655487060547
394 13.860518455505371 -76.74800109863281
395 10.426248550415039 -76.99136352539062
396 10.212396621704102 -76.9482650756836
397 9.863591194152832 -76.67943572998047
398 9.589383125305176 -76.44374084472656
399 9.47077751159668 -76.24949645996094
400 9.88829517364502 -63.996524810791016
401 9.818563461303711 -63.74039840698242
402 9.787654876708984 -63.303226470947266
403 9.84756851196289 -62.720035552978516
404 10.03691577911377 -62.173622131347656
405 10.250898361206055 -61.796348571777344
406 10.618027687072754 -61.28790283203125
407 10.78009033203125 -61.10082244873047
408 10.981572151184082 -60.94590759277344
409 11.60158920288086 -60.5915412902832
410 12.017118453979492 -60.56658935546875
411 12.41073989868164 -60.617942810058594
412 12.576562881469727 -60.734962463378906
413 12.550031661987305 -61.02760696411133
414 12.557875633239746 -61.52098846435547
415 12.562759399414062 -61.812557220458984
416 12.442935943603516 -62.03518295288086
417 12.334612846374512 -62.39668273925781
418 12.150886535644531 -62.6715087890625
419 11.880133628845215 -63.067161560058594
420 11.800569534301758 -63.24482727050781
421 12.49459171295166 -69.33228302001953
422 12.506852149963379 -69.57754516601562
423 12.636486053466797 -69.75816345214844
424 12.700947761535645 -70.0461654663086
425 12.697446823120117 -70.34046936035156
426 12.617786407470703 -70.79674530029297
427 12.456936836242676 -71.18155670166016
428 12.286269187927246 -71.59551239013672
429 12.22187614440918 -71.89191436767578
430 12.20224666595459 -72.11080932617188
431 12.203824043273926 -72.36085510253906
432 12.601510047912598 -73.14514923095703
433 12.718827247619629 -73.31341552734375
434 12.903714179992676 -73.32221221923828
435 13.24032974243164 -73.1867446899414
436 13.923840522766113 -72.70133209228516
437 14.19395637512207 -72.58267211914062
438 14.36740779876709 -72.6754150390625
439 14.464760780334473 -72.88848876953125
440 14.604351997375488 -73.37940216064453
441 14.730338096618652 -73.77552795410156
442 14.91694164276123 -74.01197052001953
443 15.363760948181152 -73.98048400878906
444 15.80282211303711 -73.8248519897461
445 16.186283111572266 -73.70355987548828
446 16.61284065246582 -73.51195526123047
447 16.82543182373047 -73.33935546875
448 16.80791473388672 -73.19219207763672
449 11.457734107971191 -66.27643585205078
450 11.430303573608398 -66.11154174804688
451 11.438962936401367 -66.0044937133789
452 11.487653732299805 -65.5626449584961
453 11.534107208251953 -65.19461059570312
454 11.618852615356445 -64.96733856201172
455 11.92876148223877 -64.81302642822266
456 12.433673858642578 -64.67020416259766
457 12.81918716430664 -64.54653930664062
458 13.011384963989258 -64.41854095458984
459 17.971403121948242 -59.923736572265625
460 18.23993682861328 -59.904579162597656
461 18.502378463745117 -59.95524215698242
462 18.81964683532715 -60.153053283691406
463 19.00080680847168 -60.355194091796875
464 19.173852920532227 -60.65510559082031
465 20.797653198242188 -64.8890380859375
466 20.885961532592773 -65.18226623535156
467 20.944372177124023 -65.56501770019531
468 20.941862106323242 -65.8254165649414
469 20.92894744873047 -66.26346588134766
470 20.938034057617188 -66.40953063964844
471 -4.3733344078063965 -70.0009536743164
472 -4.16426420211792 -70.02784729003906
473 -3.895831823348999 -70.11280059814453
474 -3.6994540691375732 -70.06918334960938
475 -3.3186163902282715 -69.91133117675781
476 -2.8548905849456787 -69.94379425048828
477 -2.5890800952911377 -70.2628173828125
478 -2.405346155166626 -70.72782897949219
479 -2.2381622791290283 -70.92756652832031
480 -2.0146803855895996 -70.99490356445312
481 -1.5269365310668945 -70.8808822631836
482 -1.296220064163208 -70.78971862792969
483 -0.9531763792037964 -70.50875091552734
484 -0.6508460640907288 -70.36087036132812
485 -0.4391332268714905 -70.32909393310547
486 -0.17102643847465515 -70.25411224365234
487 0.03339733928442001 -69.98703002929688
488 0.3095112144947052 -68.65451049804688
489 0.24905486404895782 -68.2771224975586
490 -0.04349732771515846 -68.08040618896484
491 -0.24128039181232452 -68.17658233642578
492 -0.5740378499031067 -68.43806457519531
493 -0.6888834834098816 -68.73648834228516
494 -1.582780361175537 -72.82867431640625
495 -1.6492973566055298 -72.99322509765625
496 -1.724510669708252 -73.22777557373047
497 -1.7925629615783691 -73.44456481933594
498 -2.104278326034546 -74.04468536376953
499 -2.2895476818084717 -74.23223114013672
500 -2.6469945907592773 -74.31459045410156
501 -2.9965312480926514 -74.39031982421875
502 -3.160081386566162 -74.29199981689453
503 -3.2656056880950928 -74.01216125488281
504 -3.450197219848633 -73.5064468383789
505 -3.5983078479766846 -73.00543975830078
506 -3.5677616596221924 -72.7353515625
507 -3.4891645908355713 -72.49748992919922
508 -2.141148328781128 -67.91581726074219
509 -2.1509969234466553 -67.6064682006836
510 -2.215425968170166 -67.45365142822266
511 -2.439403533935547 -67.16822814941406
512 -2.6977596282958984 -66.79988861083984
513 -2.875821828842163 -66.6174545288086
514 -3.06951904296875 -66.5662841796875
515 -3.2585790157318115 -66.5702133178711
516 -3.6994547843933105 -66.83763885498047
517 -3.8366646766662598 -66.93133544921875
518 -4.506714820861816 -67.44110870361328
519 -4.792367458343506 -67.5958251953125
520 -4.9867262840271 -67.84622192382812
521 -5.079607963562012 -68.02906036376953
522 -5.104716777801514 -68.27787780761719
523 1.247864007949829 -69.64986419677734
524 1.504052758216858 -69.73761749267578
525 1.8392308950424194 -69.74408721923828
526 2.040799140930176 -69.6418685913086
527 2.170117139816284 -69.50837707519531
528 2.318498373031616 -68.9910659790039
529 2.363130569458008 -68.4688491821289
530 2.3629395961761475 -68.10800170898438
531 2.476264238357544 -67.6578598022461
532 2.5109188556671143 -67.36333465576172
533 2.219010591506958 -65.01988983154297
534 2.2591946125030518 -64.82791900634766
535 2.4837558269500732 -64.49453735351562
536 2.677293300628662 -64.24464416503906
537 2.8415780067443848 -63.95954132080078
538 2.889618158340454 -63.718013763427734
539 -1.4456926584243774 -52.22798156738281
540 -1.4378807544708252 -52.084835052490234
541 -1.4120285511016846 -51.91779327392578
542 -1.3667380809783936 -51.51896286010742
543 -1.429998755455017 -50.772430419921875
544 -1.5611765384674072 -50.306312561035156
545 -1.7295482158660889 -49.788490295410156
546 -1.7706655263900757 -49.5963249206543
547 -1.8357995748519897 -49.36031723022461
548 5.6821699142456055 -69.92867279052734
549 5.546770095825195 -70.04231262207031
550 5.2201313972473145 -70.20235443115234
551 4.894154071807861 -70.24406433105469
552 4.552774906158447 -70.12902069091797
553 4.18764591217041 -70.06890869140625
554 3.8217124938964844 -70.16098022460938
555 3.5106663703918457 -70.42036437988281
556 3.046477794647217 -70.90592956542969
557 2.9879989624023438 -70.8759536743164
558 2.933457612991333 -70.7433853149414
559 -3.5452656745910645 -62.010459899902344
560 -3.443805456161499 -61.75450134277344
561 -3.2670834064483643 -61.53157424926758
562 -2.935016393661499 -61.29068374633789
563 -2.5998642444610596 -60.975860595703125
564 -2.2310452461242676 -60.75657272338867
565 -1.9259637594223022 -60.735408782958984
566 -1.5162651538848877 -60.91481018066406
567 -1.3234704732894897 -61.09062957763672
568 -1.014861822128296 -61.47621154785156
569 -0.7240391969680786 -61.896026611328125
570 -0.6527819037437439 -62.284912109375
571 -0.7537156343460083 -62.595462799072266
572 -0.9363321661949158 -62.63500213623047
573 -4.121579647064209 -56.419456481933594
574 -4.210353374481201 -55.96406936645508
575 -4.227724075317383 -55.707977294921875
576 -3.9337124824523926 -55.650089263916016
577 -3.6122348308563232 -55.64720916748047
578 -3.13810133934021 -55.67396926879883
579 -2.5517051219940186 -55.702423095703125
580 -2.020690441131592 -55.67809295654297
581 -1.5827994346618652 -55.56936264038086
582 -0.8826574087142944 -55.195167541503906
583 -0.6448750495910645 -55.02545928955078
584 -0.32054197788238525 -54.8174934387207
585 -0.14783750474452972 -54.769248962402344
586 -2.4919238090515137 -81.94898223876953
587 -2.3111915588378906 -82.1188735961914
588 -2.0548672676086426 -82.29912567138672
589 -1.8091278076171875 -82.4556884765625
590 -1.493074655532837 -82.66680145263672
591 -1.0818408727645874 -83.0556869506836
592 -0.8043109774589539 -83.44319152832031
593 -0.6446550488471985 -83.70802307128906
594 -0.42676886916160583 -83.96920013427734
595 -0.1276252716779709 -84.20132446289062
596 0.29061663150787354 -84.4052505493164
597 1.110999584197998 -84.58840942382812
598 1.631348967552185 -84.63138580322266
599 2.1637184619903564 -84.62174224853516
600 2.486541271209717 -84.54566192626953
601 2.816317558288574 -84.39656066894531
602 3.2647030353546143 -84.06428527832031
603 3.516843557357788 -83.88772583007812
604 3.8685975074768066 -83.69811248779297
605 4.143766403198242 -83.501953125
606 4.388702869415283 -83.31023406982422
607 4.604160308837891 -83.1069107055664
608 8.621362686157227 -71.13684844970703
609 8.654158592224121 -70.89929962158203
610 8.57132625579834 -70.6102523803711
611 8.427078247070312 -70.35993957519531
612 8.19981861114502 -70.23847198486328
613 7.754498481750488 -70.05226135253906
614 7.610245704650879 -70.03422546386719
615 -1.3113383054733276 -78.83521270751953
616 -1.4142135381698608 -78.6852798461914
617 -1.5113967657089233 -78.48394012451172
618 -1.5611109733581543 -78.16663360595703
619 -1.5054781436920166 -77.49175262451172
620 -1.430341362953186 -77.04998779296875
621 -1.3810946941375732 -76.72498321533203
622 -1.43072509765625 -76.57157135009766
623 -1.5452828407287598 -76.46651458740234
624 -3.1283249855041504 -76.95539855957031
625 -3.43227219581604 -77.05072021484375
626 -3.818946361541748 -77.19271850585938
627 -4.034778118133545 -77.11243438720703
628 -4.469215393066406 -76.89480590820312
629 -4.765747547149658 -76.5941162109375
630 -5.369815826416016 -76.1241683959961
631 -5.737089157104492 -75.93995666503906
632 -6.0735907554626465 -75.64071655273438
633 -6.29339599609375 -75.42426300048828
634 -6.532220363616943 -75.12957763671875
635 -6.81186580657959 -74.75203704833984
636 -6.993266582489014 -74.41116333007812
637 -7.143364906311035 -74.08219146728516
638 -7.360947132110596 -73.57510375976562
639 -7.486145496368408 -73.20357513427734
640 -7.74257755279541 -72.34571075439453
641 -7.869636535644531 -72.0327377319336
642 -8.05406379699707 -71.68647003173828
643 -8.182147026062012 -71.36664581298828
644 -8.457205772399902 -70.75489044189453
645 -8.562032699584961 -70.49815368652344
646 -8.673371315002441 -70.09900665283203
647 -8.734855651855469 -69.71086883544922
648 -8.724803924560547 -69.3132553100586
649 -8.607239723205566 -69.0405502319336
650 -8.382487297058105 -68.66071319580078
651 -8.28593921661377 -68.37894439697266
652 -8.217020034790039 -67.799560546875
653 -8.253142356872559 -67.24588775634766
654 -8.29277229309082 -66.60122680664062
655 -8.292975425720215 -65.8503646850586
656 -8.235706329345703 -65.5831298828125
657 -8.13031005859375 -65.2553939819336
658 -7.979278087615967 -64.87754821777344
659 -7.741823196411133 -64.27919006347656
660 -7.636441707611084 -63.99446105957031
661 -7.490020751953125 -63.68545150756836
662 -7.331875801086426 -63.495235443115234
663 -7.169155597686768 -63.320220947265625
664 -6.832385540008545 -62.756309509277344
665 -6.364020824432373 -61.95094299316406
666 -6.1307148933410645 -61.642574310302734
667 -5.953541278839111 -61.4317741394043
668 -5.550893783569336 -60.92216873168945
669 -5.2999091148376465 -60.59623336791992
670 -4.949860095977783 -60.16767883300781
671 -4.567425727844238 -59.60906219482422
672 -4.413584232330322 -59.406089782714844
673 -4.232451438903809 -59.25786209106445
674 -3.0049870014190674 -58.446170806884766
675 -2.676687479019165 -58.257083892822266
676 -2.399110794067383 -58.15229415893555
677 -2.105602741241455 -58.147132873535156
678 -1.841306209564209 -58.18980407714844
679 3.076521873474121 -61.34343338012695
680 3.1582884788513184 -61.45692825317383
681 3.2724721431732178 -61.444454193115234
682 8.013097763061523 -66.39888763427734
683 8.129683494567871 -66.61891174316406
684 8.240429878234863 -66.92837524414062
685 8.338905334472656 -67.36351013183594
686 8.405810356140137 -67.75676727294922
687 8.327509880065918 -68.17971801757812
688 8.159348487854004 -68.18323516845703
689 7.163873195648193 -67.84294128417969
690 6.81946325302124 -67.7622299194336
691 6.559814929962158 -67.74446105957031
692 6.236630439758301 -67.78489685058594
693 6.05861234664917 -67.87450408935547
694 5.950603008270264 -67.87171173095703
695 5.428216934204102 -68.0325927734375
696 5.093337059020996 -68.27249908447266
697 4.7932844161987305 -68.52291107177734
698 4.575668811798096 -68.59236907958984
699 4.362850666046143 -68.48863983154297
700 3.940415143966675 -68.0575180053711
701 3.8846547603607178 -67.77940368652344
702 4.010970115661621 -67.3200912475586
703 4.122708320617676 -67.20941162109375
704 14.45842456817627 -56.2594108581543
705 14.513626098632812 -55.9539909362793
706 14.54112434387207 -55.55282974243164
707 14.624802589416504 -55.370140075683594
708 15.214847564697266 -55.114524841308594
709 16.007923126220703 -54.86605453491211
710 16.328433990478516 -54.867549896240234
711 16.609363555908203 -54.89310836791992
712 16.749311447143555 -55.082923889160156
713 16.846839904785156 -55.34140396118164
714 16.837736129760742 -55.798728942871094
715 16.664794921875 -56.86341857910156
716 16.601781845092773 -57.388240814208984
717 16.563602447509766 -57.762359619140625
718 16.510066986083984 -58.16000747680664
719 16.4078311920166 -58.3873176574707
720 16.13022232055664 -58.66913604736328
721 15.844573974609375 -58.87569808959961
722 15.399365425109863 -59.03485107421875
723 15.26838207244873 -59.14761734008789
724 15.075697898864746 -59.25907897949219
725 14.764613151550293 -59.35436248779297
726 3.626955270767212 -49.713401794433594
727 3.5069940090179443 -49.67671203613281
728 3.299436569213867 -49.655887603759766
729 3.02429461479187 -49.486358642578125
730 2.8078975677490234 -49.197322845458984
731 2.5941989421844482 -48.833438873291016
732 2.642404556274414 -48.4521369934082
733 2.8230762481689453 -48.14814758300781
734 3.0701169967651367 -47.80091094970703
735 3.492154121398926 -47.43197250366211
736 3.8541812896728516 -47.20724105834961
737 4.252116680145264 -47.06749725341797
738 4.418391704559326 -47.063899993896484
739 4.76481819152832 -47.159568786621094
740 5.183220386505127 -47.41539001464844
741 5.5279364585876465 -47.65862274169922
742 5.785678863525391 -47.86735916137695
743 6.168808937072754 -48.17964172363281
744 6.393795967102051 -48.51213455200195
745 6.571829795837402 -48.920928955078125
746 6.7378363609313965 -49.2728271484375
747 6.788847923278809 -49.47027587890625
748 5.7536301612854 -58.798866271972656
749 5.682131767272949 -58.909305572509766
750 5.411673545837402 -59.09601974487305
751 4.956698894500732 -59.281707763671875
752 4.432775497436523 -59.419368743896484
753 3.900174856185913 -59.46158218383789
754 3.372187376022339 -59.39748001098633
755 3.079853057861328 -59.300289154052734
756 2.745884895324707 -59.216617584228516
757 2.440641164779663 -59.08399963378906
758 1.5108822584152222 -58.25374221801758
759 1.1964343786239624 -58.06549835205078
760 0.921963095664978 -58.08342361450195
761 0.7818250060081482 -58.17990493774414
762 0.6621789932250977 -58.3554573059082
763 0.642872154712677 -58.97270202636719
764 0.650909960269928 -59.50428771972656
765 0.6541527509689331 -59.70173645019531
766 0.6980081796646118 -59.95091247558594
767 0.8541881442070007 -60.410133361816406
768 0.9957762956619263 -60.7884407043457
769 1.1498490571975708 -61.15046310424805
770 1.3263603448867798 -61.42442321777344
771 1.6244560480117798 -61.845577239990234
772 1.7532222270965576 -62.18204879760742
773 1.786438226699829 -62.47475814819336
774 1.7817821502685547 -62.61893844604492
775 2.2235565185546875 -72.26749420166016
776 2.1467363834381104 -72.66128540039062
777 2.0630781650543213 -73.0650863647461
778 1.9888319969177246 -73.3761215209961
779 1.7981696128845215 -73.97518157958984
780 1.6610926389694214 -74.25113677978516
781 1.383657455444336 -74.68143463134766
782 0.8222768902778625 -75.26958465576172
783 0.6856052875518799 -75.34082794189453
784 0.5060905814170837 -75.17362213134766
785 0.35769909620285034 -74.91886901855469
786 0.2752678692340851 -74.28555297851562
787 0.26265132427215576 -73.9859848022461
788 0.2902606427669525 -73.2853012084961
789 0.2965879440307617 -72.93807220458984
790 0.34910765290260315 -72.51697540283203
791 0.43420377373695374 -72.2616958618164
792 0.523239016532898 -71.86885070800781
793 0.5520642995834351 -71.75003814697266
794 11.542983055114746 -84.86637115478516
795 11.658356666564941 -84.77974700927734
796 11.85374641418457 -84.57103729248047
797 12.215286254882812 -84.11505889892578
798 12.48791790008545 -83.78961181640625
799 12.751660346984863 -83.77099609375
800 13.105403900146484 -84.03787231445312
801 13.363469123840332 -84.2984390258789
802 13.651086807250977 -84.60247039794922
803 13.921871185302734 -84.8294677734375
804 14.662440299987793 -85.30146789550781
805 15.020915985107422 -85.40119171142578
806 15.463253021240234 -85.381591796875
807 15.750070571899414 -85.26612854003906
808 16.04425811767578 -84.95413970947266
809 16.22780990600586 -84.44051361083984
810 16.29133415222168 -83.85580444335938
811 16.309921264648438 -83.3321533203125
812 16.284732818603516 -83.02120208740234
813 16.216981887817383 -82.6612777709961
814 16.04994773864746 -82.37773132324219
815 15.816179275512695 -82.14823913574219
816 15.6312837600708 -81.9476318359375
817 15.395125389099121 -81.70726776123047
818 15.027551651000977 -81.29658508300781
819 14.780717849731445 -80.74504089355469
820 14.72989273071289 -80.43824005126953
821 14.639524459838867 -79.95950317382812
822 14.503615379333496 -79.62437438964844
823 14.320121765136719 -79.29073333740234
824 14.200479507446289 -79.15069580078125
825 14.024051666259766 -79.03716278076172
826 13.795607566833496 -79.00492095947266
827 13.188264846801758 -78.69341278076172
828 12.832762718200684 -78.45875549316406
829 12.622074127197266 -78.33910369873047
830 12.20954704284668 -78.0976333618164
831 11.835046768188477 -77.97468566894531
832 11.680091857910156 -77.89058685302734
833 18.907228469848633 -57.18475341796875
834 18.939640045166016 -57.01830291748047
835 19.05742835998535 -56.54612731933594
836 19.199331283569336 -56.18254852294922
837 19.362245559692383 -55.88072204589844
838 19.51911163330078 -55.46965789794922
839 19.68580436706543 -54.815677642822266
840 19.69567108154297 -54.58185577392578
841 19.68621063232422 -54.50819778442383
842 2.091897487640381 -76.24376678466797
843 2.1879661083221436 -76.30899810791016
844 2.3280997276306152 -76.35372924804688
845 2.958540201187134 -76.33766174316406
846 3.16631817817688 -76.17998504638672
847 3.33182430267334 -75.88211822509766
848 3.3863449096679688 -75.76242065429688
849 3.471053123474121 -75.48456573486328
850 3.788484811782837 -74.59967803955078
851 3.8425052165985107 -74.39897155761719
852 3.891141891479492 -74.1436538696289
853 3.9012656211853027 -73.84468841552734
854 3.8908896446228027 -73.59163665771484
855 3.9989914894104004 -72.91059112548828
856 4.060847282409668 -72.77861022949219
857 4.241962909698486 -72.49028015136719
858 4.500518321990967 -72.27776336669922
859 4.8198089599609375 -72.13475799560547
860 5.239970684051514 -71.93573760986328
861 5.682701587677002 -71.81246948242188
862 6.259366989135742 -71.68636322021484
863 6.554929256439209 -71.59529113769531
864 6.790385723114014 -71.56682586669922
865 6.909588813781738 -71.56842041015625
866 17.347793579101562 -79.27079772949219
867 17.61907958984375 -79.20003509521484
868 17.7640380859375 -79.10967254638672
869 18.033706665039062 -78.80509185791016
870 18.28354835510254 -78.42733764648438
871 18.659717559814453 -77.75074768066406
872 19.013452529907227 -77.23184967041016
873 19.3548583984375 -76.93946838378906
874 19.566089630126953 -76.76641082763672
875 19.664152145385742 -76.69104766845703
876 19.87331199645996 -76.37226867675781
877 20.061628341674805 -76.09304809570312
878 20.146831512451172 -75.87850189208984
879 20.35521697998047 -75.40446472167969
880 20.542333602905273 -74.86924743652344
881 20.63711166381836 -74.58650207519531
882 20.90667152404785 -74.21941375732422
883 21.422203063964844 -74.08744049072266
884 21.782907485961914 -74.18103790283203
885 22.026269912719727 -74.3214111328125
886 22.421768188476562 -74.5924072265625
887 22.83833885192871 -74.96168518066406
888 23.351572036743164 -75.44287109375
889 23.536237716674805 -75.61615753173828
890 23.962541580200195 -75.76397705078125
891 24.57303810119629 -75.9990463256836
892 24.785072326660156 -76.0406723022461
893 24.93840980529785 -76.020263671875
894 25.22258758544922 -75.96843719482422
895 25.44129753112793 -75.91143798828125
896 26.151960372924805 -75.50027465820312
897 26.664615631103516 -75.18080139160156
898 26.974767684936523 -74.95674896240234
899 27.222091674804688 -74.7030029296875
900 27.259864807128906 -74.49116516113281
901 27.169864654541016 -74.18280029296875
902 26.973142623901367 -73.68917846679688
903 26.79021453857422 -73.28648376464844
904 26.708545684814453 -73.13768005371094
905 26.4952392578125 -72.841552734375
906 26.189186096191406 -72.427001953125
907 25.469167709350586 -71.41792297363281
908 25.26396942138672 -71.1124496459961
909 25.120254516601562 -70.83358764648438
910 24.8905029296875 -70.55934143066406
911 24.51105499267578 -70.29459381103516
912 23.475831985473633 -69.47602081298828
913 23.29625129699707 -69.35028076171875
914 23.00737190246582 -69.15092468261719
915 22.423656463623047 -68.7856674194336
916 21.813329696655273 -68.47432708740234
917 21.468521118164062 -68.31237030029297
918 21.204875946044922 -68.2778091430664
919 9.3695068359375 -78.15956115722656
920 9.279671669006348 -78.38491821289062
921 9.16295337677002 -78.52385711669922
922 8.879114151000977 -78.79365539550781
923 7.4387078285217285 -81.4912338256836
924 7.325573921203613 -81.89852905273438
925 7.3632354736328125 -82.1876220703125
926 7.418868541717529 -82.40763092041016
927 7.628170490264893 -82.88232421875
928 7.9423747062683105 -83.36162567138672
929 8.309311866760254 -83.67680358886719
930 8.808138847351074 -83.95592498779297
931 9.078113555908203 -84.10124206542969
932 9.156351089477539 -84.10089874267578
933 16.077838897705078 -65.19268798828125
934 15.90681266784668 -65.2342529296875
935 15.621392250061035 -65.28900909423828
936 15.289859771728516 -65.43955993652344
937 14.768733978271484 -65.67160034179688
938 14.692245483398438 -65.80465698242188
939 14.629640579223633 -66.16258239746094
940 14.674697875976562 -66.65343475341797
941 14.7604341506958 -67.03425598144531
942 14.722874641418457 -67.23668670654297
943 14.457125663757324 -67.59171295166016
944 14.1631498336792 -67.73573303222656
945 13.724055290222168 -67.74486541748047
946 13.405335426330566 -67.72367858886719
947 13.237096786499023 -67.71105194091797
948 13.019325256347656 -67.80595397949219
949 12.718924522399902 -67.89344024658203
950 12.128111839294434 -67.92119598388672
951 11.56102180480957 -67.95350646972656
952 10.842845916748047 -68.15096282958984
953 10.612405776977539 -68.21765899658203
954 10.37134075164795 -68.41735076904297
955 10.134078025817871 -68.7560043334961
956 10.127881050109863 -69.04149627685547
957 10.194615364074707 -69.2280044555664
958 10.3261137008667 -69.37649536132812
959 10.423845291137695 -69.44233703613281
960 14.235136032104492 -63.22475814819336
961 14.334145545959473 -62.94777297973633
962 14.422689437866211 -62.497806549072266
963 14.472174644470215 -62.1123161315918
964 14.656088829040527 -61.907108306884766
965 14.83244514465332 -61.75898742675781
966 15.032266616821289 -61.63161849975586
967 15.43865966796875 -61.465511322021484
968 15.72732162475586 -61.36552047729492
969 15.913856506347656 -61.320377349853516
970 16.127573013305664 -61.28153991699219
971 16.325599670410156 -61.29945755004883
972 22.32189178466797 -63.77931213378906
973 22.460962295532227 -63.8958740234375
974 22.692148208618164 -64.1058120727539
975 23.313697814941406 -64.59539031982422
976 23.755552291870117 -64.83301544189453
977 24.000394821166992 -64.92436981201172
978 24.300722122192383 -64.9635238647461
979 24.81668472290039 -64.8070068359375
980 25.306669235229492 -64.6839599609375
981 25.76218605041504 -64.47978210449219
982 26.169523239135742 -64.25080871582031
983 26.304365158081055 -64.09663391113281
984 26.46784019470215 -63.66677474975586
985 26.495731353759766 -63.38481140136719
986 26.447593688964844 -63.130184173583984
987 26.19529151916504 -62.828426361083984
988 25.845752716064453 -62.53965377807617
989 25.524389266967773 -62.368778228759766
990 24.6185359954834 -61.960025787353516
991 24.5274658203125 -61.76933288574219
992 24.57223129272461 -61.504737854003906
993 24.56672477722168 -61.230979919433594
994 24.60469627380371 -60.9847412109375
995 24.996482849121094 -60.466552734375
996 25.255046844482422 -60.158145904541016
997 25.64609146118164 -59.69882583618164
998 25.721162796020508 -59.526920318603516
999 25.78622055053711 -59.43923568725586
