0 -68.01875305175781 -22.151084899902344
1 -68.04566955566406 -22.21721649169922
2 -68.15290832519531 -22.363874435424805
3 -68.3437728881836 -22.56295394897461
4 -68.50584411621094 -22.811962127685547
5 -68.61967468261719 -23.098478317260742
6 -68.84056854248047 -23.466659545898438
7 -68.95011901855469 -23.63050079345703
8 -69.02352905273438 -23.846168518066406
9 -69.1172866821289 -24.2174015045166
10 -69.30883026123047 -25.237472534179688
11 -69.38431549072266 -25.597545623779297
12 -69.50834655761719 -25.949649810791016
13 -69.67076110839844 -26.341140747070312
14 -69.79127502441406 -26.558408737182617
15 -69.88520812988281 -26.7656192779541
16 -70.04242706298828 -27.152565002441406
17 -70.19471740722656 -27.571313858032227
18 -70.3511734008789 -27.972368240356445
19 -70.5220947265625 -28.362102508544922
20 -70.64298248291016 -28.887971878051758
21 -70.66297149658203 -29.251768112182617
22 -70.66974639892578 -29.693326950073242
23 -70.68770599365234 -30.0247859954834
24 -70.72888946533203 -30.40667152404785
25 -70.77713775634766 -30.71501350402832
26 -70.84541320800781 -31.046749114990234
27 -70.96861267089844 -31.563928604125977
28 -71.08059692382812 -31.978918075561523
29 -71.2003173828125 -32.175148010253906
30 -71.42806243896484 -32.430850982666016
31 -71.98493194580078 -32.82379150390625
32 -72.34317016601562 -33.00093460083008
33 -72.63544464111328 -33.090362548828125
34 -72.99138641357422 -33.2183723449707
35 -73.16695404052734 -33.33161163330078
36 -73.69664764404297 -33.805694580078125
37 -74.08987426757812 -34.22880554199219
38 -74.31763458251953 -34.407318115234375
39 -74.62022399902344 -34.57382583618164
40 -74.8769302368164 -34.640113830566406
41 -75.20809173583984 -34.53390121459961
42 -75.46533966064453 -34.38554000854492
43 -75.6139144897461 -34.13335037231445
44 -75.8526382446289 -33.465267181396484
45 -75.99330139160156 -33.119544982910156
46 -76.10698699951172 -32.84012222290039
47 -76.16606140136719 -32.55447769165039
48 -76.26912689208984 -31.906335830688477
49 -76.36753845214844 -31.311080932617188
50 -76.44670867919922 -30.6928768157959
51 -76.50947570800781 -30.226764678955078
52 -76.56639099121094 -29.97755241394043
53 -76.54570770263672 -29.714916229248047
54 -76.43965148925781 -29.32819175720215
55 -76.36246490478516 -29.069372177124023
56 -76.15306854248047 -28.828184127807617
57 -75.85801696777344 -28.442481994628906
58 -75.67900848388672 -28.222734451293945
59 -75.42242431640625 -28.005508422851562
60 -74.95989990234375 -27.59619903564453
61 -74.54647827148438 -27.215576171875
62 -74.20103454589844 -26.83353042602539
63 -74.0971908569336 -26.678997039794922
64 -73.97081756591797 -26.50052261352539
65 -73.82437896728516 -26.148799896240234
66 -73.65608215332031 -25.6153564453125
67 -73.51834106445312 -25.05060386657715
68 -73.41980743408203 -24.65266990661621
69 -73.37765502929688 -24.36466407775879
70 -73.3774642944336 -24.157482147216797
71 -73.3763198852539 -23.818368911743164
72 -73.31970977783203 -23.50094223022461
73 -73.21184539794922 -23.23451805114746
74 -73.04109191894531 -22.810327529907227
75 -72.9708480834961 -22.4838809967041
76 -73.03856658935547 -22.085859298706055
77 -73.13433074951172 -21.802276611328125
78 -73.18966674804688 -21.582372665405273
79 -73.29361724853516 -21.35921287536621
80 -73.59262084960938 -21.183361053466797
81 -73.86259460449219 -21.01146125793457
82 -74.12039184570312 -20.97648811340332
83 -74.36768341064453 -20.969392776489258
84 -74.54086303710938 -21.077585220336914
85 -74.8781967163086 -21.25467300415039
86 -75.3126220703125 -21.331966400146484
87 -75.64823913574219 -21.34056282043457
88 -76.06171417236328 -21.243242263793945
89 -76.6307144165039 -21.08240509033203
90 -76.93075561523438 -21.044307708740234
91 -77.14796447753906 -21.014883041381836
92 -77.27005767822266 -20.96645736694336
93 -89.77383422851562 2.243933916091919
94 -89.8401870727539 2.461817741394043
95 -89.94793701171875 2.8989064693450928
96 -90.07342529296875 3.3673624992370605
97 -90.03409576416016 3.6552393436431885
98 -89.91184997558594 3.8415780067443848
99 -89.82015228271484 4.089817047119141
100 -89.70021057128906 4.547588348388672
101 -89.68900299072266 4.724102020263672
102 -89.85460662841797 4.861666202545166
103 -90.15328979492188 5.116694927215576
104 -90.4657211303711 5.7385406494140625
105 -90.60065460205078 6.252288818359375
106 -90.6352767944336 6.624987602233887
107 -90.57740020751953 7.040456295013428
108 -90.5136489868164 7.271727561950684
109 -90.42951202392578 7.454524040222168
110 -90.18301391601562 7.918542385101318
111 -89.9395980834961 8.28630542755127
112 -89.72398376464844 8.542031288146973
113 -89.40381622314453 8.833995819091797
114 -88.88459777832031 9.280391693115234
115 -88.6333999633789 9.496213912963867
116 -88.33212280273438 9.74162483215332
117 -88.05133819580078 9.901588439941406
118 -87.70913696289062 10.082565307617188
119 -87.37871551513672 10.168063163757324
120 -87.11036682128906 10.182663917541504
121 -86.6985855102539 10.23837661743164
122 -86.46653747558594 10.262035369873047
123 -86.098388671875 10.203734397888184
124 -85.75621795654297 10.023650169372559
125 -85.519287109375 9.751094818115234
126 -85.29946899414062 9.443731307983398
127 -85.15234375 9.17623233795166
128 -84.9570083618164 8.728676795959473
129 -84.87141418457031 8.399978637695312
130 -84.76986694335938 8.14013385772705
131 -84.60428619384766 7.821492671966553
132 -84.38638305664062 7.483909606933594
133 -84.18433380126953 7.160208702087402
134 -84.0604019165039 6.944583892822266
135 -83.87168884277344 6.735177993774414
136 -83.63423919677734 6.530735492706299
137 -83.45159149169922 6.349947452545166
138 -83.25025177001953 6.131677150726318
139 -82.69361114501953 5.4566755294799805
140 -82.50007629394531 5.278783321380615
141 -82.39259338378906 5.197840690612793
142 -70.18553924560547 1.1564992666244507
143 -70.17413330078125 1.0112178325653076
144 -70.17247772216797 0.805553138256073
145 -70.3606948852539 0.6676371693611145
146 -70.80000305175781 0.41058266162872314
147 -71.3232192993164 0.1293821781873703
148 -71.82173919677734 -0.0957908183336258
149 -72.18499755859375 -0.1855517476797104
150 -72.7252426147461 -0.24542473256587982
151 -73.13423156738281 -0.2048545777797699
152 -73.5776138305664 -0.17926323413848877
153 -73.98583221435547 -0.12893901765346527
154 -74.20014953613281 -0.08933565020561218
155 -74.44849395751953 -0.054586101323366165
156 -74.71875762939453 -0.007992152124643326
157 -74.98157501220703 0.05837726220488548
158 -75.29986572265625 0.22918936610221863
159 -75.93415069580078 0.6524808406829834
160 -76.2396011352539 0.924802303314209
161 -76.44295501708984 1.260562539100647
162 -76.76421356201172 1.9918477535247803
163 -76.9294204711914 2.344799518585205
164 -77.0144271850586 2.552102565765381
165 -76.96879577636719 2.8545308113098145
166 -76.91211700439453 3.135993003845215
167 -76.76177978515625 3.3864593505859375
168 -76.36174011230469 3.876396417617798
169 -76.10582733154297 4.138354301452637
170 -75.86907196044922 4.405021667480469
171 -75.70832824707031 4.560481071472168
172 -75.43453216552734 4.686939239501953
173 -75.0141830444336 4.838972568511963
174 -74.74031066894531 4.893015384674072
175 -74.47581481933594 4.950814723968506
176 -74.14688110351562 5.0585126876831055
177 -73.56419372558594 5.25521993637085
178 -73.1788558959961 5.36487340927124
179 -72.75138092041016 5.631525993347168
180 -72.59223937988281 5.830583572387695
181 -72.66303253173828 6.186326503753662
182 -72.7216567993164 6.565990447998047
183 -72.87608337402344 6.94270658493042
184 -72.97102355957031 7.202213764190674
185 -72.95248413085938 7.350792407989502
186 -72.83952331542969 7.586486339569092
187 -72.6070785522461 7.967654705047607
188 -72.5091552734375 8.220440864562988
189 -72.25506591796875 8.416400909423828
190 -72.04341888427734 8.473213195800781
191 -71.6519546508789 8.7190580368042
192 -71.49198150634766 8.74589729309082
193 -71.3859634399414 8.728589057922363
194 -71.10091400146484 8.823725700378418
195 -70.85611724853516 8.817848205566406
196 -70.71488952636719 8.763421058654785
197 -70.52059173583984 8.640777587890625
198 -70.32710266113281 8.303226470947266
199 -70.01620483398438 7.99024772644043
200 -69.44691467285156 7.581295967102051
201 -69.2664794921875 7.394875526428223
202 -69.00247192382812 7.002614974975586
203 -68.89063262939453 6.867342948913574
204 -68.7063980102539 6.627412796020508
205 -68.43036651611328 6.241737365722656
206 -68.19747161865234 5.948017597198486
207 -68.07341003417969 5.715409755706787
208 -67.91690826416016 5.358091354370117
209 -67.75920867919922 5.108781814575195
210 -67.6298599243164 4.952811241149902
211 -67.38129425048828 4.659451007843018
212 -67.19771575927734 4.441346645355225
213 -66.90306854248047 4.095241069793701
214 -66.62446594238281 3.7983663082122803
215 -66.36279296875 3.454515218734741
216 -66.12589263916016 3.1551849842071533
217 -65.85889434814453 2.8592309951782227
218 -65.54598236083984 2.5725080966949463
219 -65.38939666748047 2.4281654357910156
220 -65.32758331298828 2.2810826301574707
221 -65.25052642822266 1.9814499616622925
222 -65.2026138305664 1.6857844591140747
223 -65.16108703613281 1.407874584197998
224 -65.12882995605469 1.0760451555252075
225 -65.07539367675781 0.7688623666763306
226 -64.98434448242188 0.34341686964035034
227 -64.8644790649414 0.03801439329981804
228 -64.76156616210938 -0.1700274497270584
229 -57.05269241333008 -20.19389533996582
230 -57.25495529174805 -20.119277954101562
231 -57.462982177734375 -20.022432327270508
232 -57.68502426147461 -19.862958908081055
233 -57.791908264160156 -19.755901336669922
234 -57.901283264160156 -19.62076759338379
235 -58.0639762878418 -19.386089324951172
236 -58.36526107788086 -18.98037338256836
237 -58.581871032714844 -18.621116638183594
238 -58.68465805053711 -18.388916015625
239 -58.97779083251953 -17.558794021606445
240 -59.05385971069336 -17.284543991088867
241 -59.08734130859375 -17.09295654296875
242 -59.10353088378906 -16.705312728881836
243 -59.108642578125 -16.284189224243164
244 -59.13978576660156 -15.43254280090332
245 -59.166297912597656 -14.914029121398926
246 -59.17488098144531 -14.645012855529785
247 -59.24045944213867 -14.377925872802734
248 -59.34351348876953 -14.011009216308594
249 -59.431766510009766 -13.620925903320312
250 -59.51490020751953 -13.38239860534668
251 -59.683528900146484 -13.098784446716309
252 -60.020328521728516 -12.614116668701172
253 -60.13779830932617 -12.434834480285645
254 -60.23267364501953 -12.191221237182617
255 -60.23366928100586 -11.873101234436035
256 -60.14255905151367 -11.265381813049316
257 -60.07086181640625 -11.041614532470703
258 -59.98798751831055 -10.682958602905273
259 -59.763343811035156 -9.770444869995117
260 -59.70431137084961 -9.408909797668457
261 -59.68196487426758 -9.056302070617676
262 -59.692481994628906 -8.771623611450195
263 -59.746158599853516 -8.587976455688477
264 -59.89476776123047 -8.302181243896484
265 -60.031211853027344 -8.08539867401123
266 -76.87374877929688 -2.646690607070923
267 -77.05301666259766 -2.8179240226745605
268 -77.0611801147461 -2.954115629196167
269 -77.0941390991211 -3.1943559646606445
270 -77.1101303100586 -3.545452833175659
271 -77.14006042480469 -3.8727052211761475
272 -77.06977081298828 -4.316567897796631
273 -77.02174377441406 -4.5622687339782715
274 -76.99901580810547 -4.769144535064697
275 -76.98314666748047 -5.07467794418335
276 -76.98088836669922 -5.39206075668335
277 -77.010986328125 -5.834933757781982
278 -77.07563781738281 -6.0330963134765625
279 -77.65043640136719 -7.157622337341309
280 -77.765380859375 -7.435986518859863
281 -77.84140014648438 -7.758318901062012
282 -77.87177276611328 -8.015425682067871
283 -77.89640808105469 -8.368374824523926
284 -77.94599914550781 -8.690845489501953
285 -77.97086334228516 -9.061354637145996
286 -77.91822052001953 -9.454748153686523
287 -77.73916625976562 -9.847006797790527
288 -77.55987548828125 -10.146989822387695
289 -77.3597183227539 -10.513178825378418
290 -77.17816162109375 -10.895487785339355
291 -76.96807861328125 -11.288053512573242
292 -76.62235260009766 -11.839107513427734
293 -76.36688232421875 -12.2344970703125
294 -76.19205474853516 -12.51742172241211
295 -76.10602569580078 -12.66122817993164
296 -70.62012481689453 -19.949138641357422
297 -70.35128784179688 -20.032123565673828
298 -70.06517028808594 -20.11215591430664
299 -69.81644439697266 -20.052242279052734
300 -69.5998306274414 -19.834247589111328
301 -69.40550231933594 -19.58831787109375
302 -69.25199890136719 -19.21257209777832
303 -69.24171447753906 -18.73172378540039
304 -69.30419158935547 -18.20990562438965
305 -69.45242309570312 -17.826412200927734
306 -69.69916534423828 -17.59688949584961
307 -69.948974609375 -17.474824905395508
308 -70.28718566894531 -17.40650177001953
309 -70.61406707763672 -17.3815860748291
310 -70.91969299316406 -17.372499465942383
311 -71.21774291992188 -17.417011260986328
312 -71.46347045898438 -17.462156295776367
313 -71.71869659423828 -17.487524032592773
314 -72.14530181884766 -17.435964584350586
315 -72.44129943847656 -17.406417846679688
316 -72.7793197631836 -17.40552520751953
317 -73.02434539794922 -17.389808654785156
318 -73.4407730102539 -17.41547966003418
319 -73.81034088134766 -17.512521743774414
320 -74.3996353149414 -17.609058380126953
321 -74.83625793457031 -17.673255920410156
322 -75.08155822753906 -17.641931533813477
323 -75.23600769042969 -17.468524932861328
324 -75.19258117675781 -17.116474151611328
325 -75.0748062133789 -16.603660583496094
326 -74.96202087402344 -16.296438217163086
327 -74.83367156982422 -15.968332290649414
328 -74.6580581665039 -15.597504615783691
329 -74.47567749023438 -15.187396049499512
330 -74.35328674316406 -14.982171058654785
331 -74.22633361816406 -14.76820182800293
332 -74.10431671142578 -14.59192943572998
333 -62.5140380859375 -5.583701133728027
334 -62.74055862426758 -5.280673503875732
335 -62.930625915527344 -5.045480251312256
336 -63.16958236694336 -4.761155128479004
337 -63.34260177612305 -4.573909282684326
338 -63.60934829711914 -4.470659255981445
339 -63.86653518676758 -4.514466285705566
340 -64.05084228515625 -4.668333053588867
341 -64.23556518554688 -4.901198863983154
342 -64.50562286376953 -5.203765392303467
343 -64.78410339355469 -5.637147903442383
344 -64.99858856201172 -5.989356517791748
345 -65.21083068847656 -6.338072776794434
346 -65.3856430053711 -6.612062454223633
347 -65.50086212158203 -6.830918788909912
348 -65.59866333007812 -6.9833831787109375
349 -65.73120880126953 -7.139219760894775
350 -65.96617889404297 -7.370940208435059
351 -66.36849975585938 -7.6232075691223145
352 -66.66429901123047 -7.780890941619873
353 -67.35121154785156 -8.083965301513672
354 -67.70977783203125 -8.214030265808105
355 -68.08023071289062 -8.335500717163086
356 -68.43438720703125 -8.419833183288574
357 -68.7271728515625 -8.474668502807617
358 -69.10899353027344 -8.550414085388184
359 -69.43240356445312 -8.610358238220215
360 -69.56844329833984 -8.632513046264648
361 -69.81847381591797 -8.712148666381836
362 -85.97364044189453 -13.634353637695312
363 -86.10071563720703 -13.997823715209961
364 -86.1119613647461 -14.273816108703613
365 -85.9806137084961 -14.394412994384766
366 -85.63184356689453 -14.564751625061035
367 -85.39969635009766 -14.67615032196045
368 -85.16725158691406 -14.70755672454834
369 -84.76795959472656 -14.564336776733398
370 -84.47628784179688 -14.418094635009766
371 -84.18521118164062 -14.345895767211914
372 -83.82681274414062 -14.40410327911377
373 -83.59896850585938 -14.465167045593262
374 -83.10330200195312 -14.679269790649414
375 -82.8537826538086 -14.77916431427002
376 -82.4152603149414 -14.951089859008789
377 -82.25459289550781 -15.03647518157959
378 -82.03702545166016 -15.131429672241211
379 -81.71650695800781 -15.261157989501953
380 -81.38955688476562 -15.395877838134766
381 -65.80023193359375 -25.749418258666992
382 -65.73982238769531 -25.896820068359375
383 -65.66786193847656 -26.150728225708008
384 -65.56156921386719 -26.504226684570312
385 -65.52581787109375 -26.807960510253906
386 -65.52367401123047 -27.394332885742188
387 -65.54749298095703 -27.823301315307617
388 -65.46669006347656 -28.170806884765625
389 -65.3365478515625 -28.652263641357422
390 -65.17535400390625 -29.096210479736328
391 -65.02436065673828 -29.396595001220703
392 -64.70802307128906 -29.86773681640625
393 -64.41170501708984 -30.16548728942871
394 -64.09059143066406 -30.27578353881836
395 -63.872066497802734 -30.19330596923828
396 -63.39653778076172 -29.876253128051758
397 -63.100765228271484 -29.71542739868164
398 -62.9357795715332 -29.58416748046875
399 -62.591217041015625 -29.254592895507812
400 -62.411659240722656 -28.982913970947266
401 -62.282310485839844 -28.80145835876465
402 -62.10882568359375 -28.557836532592773
403 -61.871299743652344 -28.135581970214844
404 -61.75454330444336 -27.820964813232422
405 -61.6119270324707 -27.393815994262695
406 -61.57326889038086 -27.18754768371582
407 -61.61930465698242 -26.946550369262695
408 -61.72666931152344 -26.538618087768555
409 -62.03501892089844 -25.624530792236328
410 -62.2441520690918 -25.13471794128418
411 -62.40609359741211 -24.81169891357422
412 -62.53913497924805 -24.55129623413086
413 -62.775577545166016 -24.1705322265625
414 -62.94326400756836 -23.912384033203125
415 -63.09905242919922 -23.696744918823242
416 -63.26757049560547 -23.42464828491211
417 -63.422264099121094 -23.187273025512695
418 -63.52698516845703 -23.028350830078125
419 -63.60341262817383 -22.91231346130371
420 -80.21012878417969 -1.1735444068908691
421 -80.46424865722656 -1.3808809518814087
422 -80.71395111083984 -1.7505640983581543
423 -80.82887268066406 -1.9681094884872437
424 -81.02143096923828 -2.05370831489563
425 -81.66898345947266 -2.1756680011749268
426 -82.12308502197266 -2.153010845184326
427 -82.4302978515625 -2.0479342937469482
428 -82.6319351196289 -1.8195862770080566
429 -82.82847595214844 -1.4536088705062866
430 -82.97575378417969 -1.1558398008346558
431 -83.05471801757812 -0.8171780705451965
432 -83.37728118896484 -0.18942342698574066
433 -83.65959167480469 -0.0270386915653944
434 -83.87843322753906 0.03492164984345436
435 -84.31843566894531 -0.01886553317308426
436 -84.64540100097656 -0.006708850152790546
437 -85.04674530029297 -0.01157284900546074
438 -85.28511047363281 -0.09540995955467224
439 -85.65178680419922 -0.3472462296485901
440 -85.83399200439453 -0.5440361499786377
441 -86.062255859375 -0.9538670182228088
442 -86.20252990722656 -1.2789632081985474
443 -86.30602264404297 -1.5255213975906372
444 -86.4419937133789 -1.9180954694747925
445 -86.54810333251953 -2.089703321456909
446 -86.75660705566406 -2.164015531539917
447 -87.10240173339844 -2.0950889587402344
448 -87.33444213867188 -2.0731914043426514
449 -87.5606918334961 -2.0712296962738037
450 -87.8236083984375 -2.0850391387939453
451 -94.45455932617188 -15.207910537719727
452 -94.44967651367188 -15.469225883483887
453 -94.46981811523438 -15.86725902557373
454 -94.51839447021484 -16.22563362121582
455 -94.52981567382812 -16.427194595336914
456 -94.2393569946289 -17.06352996826172
457 -94.09881591796875 -17.370704650878906
458 -93.97249603271484 -17.471153259277344
459 -93.5736083984375 -17.64037322998047
460 -93.34061431884766 -17.73423194885254
461 -93.07124328613281 -17.83539581298828
462 -92.46417999267578 -18.015642166137695
463 -92.14373016357422 -18.138961791992188
464 -91.88501739501953 -18.251808166503906
465 -91.71420288085938 -18.28614616394043
466 -78.83252716064453 -17.520668029785156
467 -78.8672103881836 -17.509233474731445
468 -79.05577850341797 -17.572341918945312
469 -79.3742446899414 -17.772598266601562
470 -79.62352752685547 -17.989681243896484
471 -79.83395385742188 -18.1839599609375
472 -80.0869140625 -18.35517120361328
473 -80.51974487304688 -18.57611656188965
474 -80.76528930664062 -18.659442901611328
475 -81.13947296142578 -18.720245361328125
476 -81.44281768798828 -18.67012596130371
477 -81.74536895751953 -18.6541805267334
478 -82.40283203125 -18.709001541137695
479 -82.65504455566406 -18.749698638916016
480 -82.80864715576172 -18.76789093017578
481 -83.07147979736328 -18.839693069458008
482 -83.31410217285156 -18.96877098083496
483 -83.67843627929688 -19.15275764465332
484 -83.9616928100586 -19.327167510986328
485 -84.0927963256836 -19.441198348999023
486 -84.53402709960938 -19.843971252441406
487 -84.71473693847656 -19.972063064575195
488 -85.0033187866211 -20.154600143432617
489 -85.3879165649414 -20.371217727661133
490 -85.61158752441406 -20.62232208251953
491 -85.77206420898438 -21.035114288330078
492 -85.78043365478516 -21.175065994262695
493 -85.87092590332031 -21.44148063659668
494 -86.07225036621094 -22.01601791381836
495 -86.06825256347656 -22.258670806884766
496 -86.2730484008789 -22.83492660522461
497 -86.4197769165039 -23.390098571777344
498 -86.51673126220703 -23.657310485839844
499 -86.61882781982422 -23.89613914489746
500 -86.71163940429688 -24.180957794189453
501 -86.83192443847656 -24.505386352539062
502 -87.00332641601562 -24.932395935058594
503 -87.10650634765625 -25.1881046295166
504 -87.23133087158203 -25.429231643676758
505 -87.3501205444336 -25.7423152923584
506 -87.45378875732422 -26.014678955078125
507 -87.56655883789062 -26.27727699279785
508 -87.71309661865234 -26.54985809326172
509 -88.0607681274414 -26.91463851928711
510 -88.31629180908203 -27.165531158447266
511 -88.67073822021484 -27.315628051757812
512 -89.0798110961914 -27.352388381958008
513 -89.38121795654297 -27.35734748840332
514 -89.66565704345703 -27.332122802734375
515 -90.26032257080078 -27.176958084106445
516 -90.74789428710938 -27.020719528198242
517 -91.14517211914062 -26.954008102416992
518 -91.4907455444336 -26.918434143066406
519 -91.67424011230469 -26.86922836303711
520 -91.86148834228516 -26.78355598449707
521 -92.15889739990234 -26.64607048034668
522 -92.55337524414062 -26.44829559326172
523 -92.92525482177734 -26.234844207763672
524 -93.20915222167969 -25.9644775390625
525 -93.44879150390625 -25.693723678588867
526 -93.78341674804688 -25.309362411499023
527 -93.97770690917969 -25.01901626586914
528 -94.12405395507812 -24.764995574951172
529 -94.22081756591797 -24.516918182373047
530 -94.32611083984375 -24.275531768798828
531 -94.33221435546875 -24.03266716003418
532 -94.26824951171875 -23.671688079833984
533 -94.16739654541016 -23.21835708618164
534 -94.02519226074219 -22.901134490966797
535 -93.77047729492188 -22.681303024291992
536 -93.36800384521484 -22.63484764099121
537 -92.58255004882812 -22.608203887939453
538 -92.3409194946289 -22.587825775146484
539 -91.88639831542969 -22.45024299621582
540 -91.52505493164062 -22.383316040039062
541 -91.38092041015625 -22.3962345123291
542 -91.13558959960938 -22.343860626220703
543 -90.80304718017578 -22.36056137084961
544 -90.41154479980469 -22.406831741333008
545 -90.12841796875 -22.41940689086914
546 -89.92522430419922 -22.341835021972656
547 -89.73712158203125 -22.03750228881836
548 -89.63301086425781 -21.748903274536133
549 -89.5467758178711 -21.40724754333496
550 -89.49337768554688 -21.035247802734375
551 -89.3446273803711 -20.723886489868164
552 -89.13095092773438 -20.465778350830078
553 -88.93899536132812 -20.274616241455078
554 -88.76036071777344 -20.163450241088867
555 -88.54753112792969 -20.057571411132812
556 -88.34567260742188 -19.916234970092773
557 -74.17056274414062 -9.47547721862793
558 -73.98552703857422 -9.19459342956543
559 -73.85214233398438 -8.95733642578125
560 -73.76152801513672 -8.720046997070312
561 -73.74337768554688 -8.356523513793945
562 -73.7789077758789 -7.981273174285889
563 -73.91854095458984 -7.598715782165527
564 -73.92181396484375 -7.293309688568115
565 -73.87739562988281 -7.047604084014893
566 -73.81865692138672 -6.640432834625244
567 -73.84429168701172 -6.279623985290527
568 -73.94001007080078 -6.036567687988281
569 -74.07564544677734 -5.791845798492432
570 -74.1733627319336 -5.596487045288086
571 -74.3047866821289 -5.4431681632995605
572 -74.41841125488281 -5.283431053161621
573 -74.46644592285156 -5.058868885040283
574 -74.49320983886719 -4.70835018157959
575 -74.38951110839844 -4.506280899047852
576 -74.21377563476562 -4.346636772155762
577 -73.9594497680664 -4.1323652267456055
578 -73.5437240600586 -3.962200164794922
579 -73.34076690673828 -3.9451632499694824
580 -72.868896484375 -3.9362950325012207
581 -72.3026351928711 -3.8957018852233887
582 -72.05040740966797 -3.937624216079712
583 -71.84021759033203 -4.078946113586426
584 -71.51627349853516 -4.148530960083008
585 -70.94633483886719 -4.277566432952881
586 -70.45354461669922 -4.373544216156006
587 -70.07838439941406 -4.460453033447266
588 -69.61652374267578 -4.594809055328369
589 -69.32453155517578 -4.575028419494629
590 -69.14191436767578 -4.4667863845825195
591 -68.9847183227539 -4.29433012008667
592 -68.83492279052734 -3.9914634227752686
593 -68.75762176513672 -3.6764025688171387
594 -68.71173858642578 -3.2482852935791016
595 -68.90455627441406 -3.0007150173187256
596 -69.10475158691406 -2.820143461227417
597 -80.42947387695312 -5.091808319091797
598 -80.79656219482422 -5.179754734039307
599 -80.97731018066406 -5.2542829513549805
600 -81.50730895996094 -5.421923637390137
601 -81.89541625976562 -5.625830173492432
602 -82.0735092163086 -5.87360954284668
603 -82.15691375732422 -6.187712669372559
604 -82.14472961425781 -6.64222526550293
605 -82.01519775390625 -7.029782772064209
606 -81.89005279541016 -7.396363258361816
607 -81.82469177246094 -7.6234354972839355
608 -81.740234375 -8.00244140625
609 -81.65126037597656 -8.49366283416748
610 -81.58942413330078 -9.014894485473633
611 -81.53523254394531 -9.29833698272705
612 -81.42206573486328 -10.01961612701416
613 -81.45635986328125 -10.262141227722168
614 -81.50977325439453 -10.587749481201172
615 -81.45494079589844 -10.873592376708984
616 -81.25067138671875 -11.379343032836914
617 -80.88484954833984 -11.713201522827148
618 -80.11998748779297 -12.091320991516113
619 -79.8300552368164 -12.336203575134277
620 -79.3765869140625 -12.755241394042969
621 -79.00590515136719 -13.18766975402832
622 -78.64630126953125 -13.67083740234375
623 -78.33460998535156 -14.061078071594238
624 -78.12387084960938 -14.384678840637207
625 -78.0580062866211 -14.508902549743652
626 -77.897705078125 -14.784374237060547
627 -77.7859115600586 -15.045340538024902
628 -77.72019958496094 -15.218318939208984
629 -77.73797607421875 -15.38439655303955
630 -77.76866912841797 -15.561213493347168
631 -80.72407531738281 -21.60431671142578
632 -80.97763061523438 -22.012176513671875
633 -81.13622283935547 -22.254846572875977
634 -81.31986236572266 -22.499614715576172
635 -81.48371124267578 -22.693645477294922
636 -81.76030731201172 -23.01125144958496
637 -82.03402709960938 -23.36556053161621
638 -82.17698669433594 -23.566133499145508
639 -82.45568084716797 -23.988115310668945
640 -82.68737030029297 -24.42428970336914
641 -82.80320739746094 -24.627517700195312
642 -82.92766571044922 -24.897245407104492
643 -83.00853729248047 -25.11357879638672
644 -83.22261810302734 -25.492115020751953
645 -83.46954345703125 -25.847835540771484
646 -83.80925750732422 -26.266847610473633
647 -84.11225128173828 -26.5636043548584
648 -84.37232971191406 -26.901426315307617
649 -84.54597473144531 -27.109285354614258
650 -84.62812805175781 -27.31144905090332
651 -84.79460906982422 -27.739809036254883
652 -84.87660217285156 -28.059612274169922
653 -85.00060272216797 -28.590126037597656
654 -85.08634948730469 -29.13382339477539
655 -85.07882690429688 -29.433700561523438
656 -85.03292083740234 -29.76799964904785
657 -84.96922302246094 -30.1245059967041
658 -84.77366638183594 -30.444164276123047
659 -84.66620635986328 -30.62677001953125
660 -84.469482421875 -30.7581729888916
661 -84.2591552734375 -30.935762405395508
662 -83.8892822265625 -31.054914474487305
663 -83.21391296386719 -31.154542922973633
664 -82.86873626708984 -31.14234161376953
665 -82.6659927368164 -31.101736068725586
666 -82.44471740722656 -31.047470092773438
667 -82.24797821044922 -30.828027725219727
668 -81.91988372802734 -30.433958053588867
669 -81.70028686523438 -30.149600982666016
670 -81.46633911132812 -29.878244400024414
671 -81.3065185546875 -29.63631248474121
672 -81.21350860595703 -29.37514305114746
673 -81.17242431640625 -28.98576545715332
674 -81.18743133544922 -28.49113655090332
675 -81.11385345458984 -28.22637367248535
676 -80.97533416748047 -27.916624069213867
677 -80.72884368896484 -27.741989135742188
678 -79.76123809814453 -27.145965576171875
679 -79.50244903564453 -26.98086929321289
680 -78.90788269042969 -26.57608985900879
681 -78.38055419921875 -26.287111282348633
682 -78.10700988769531 -26.116806030273438
683 -77.92172241210938 -25.874296188354492
684 -77.72431182861328 -25.5819034576416
685 -77.64095306396484 -25.368648529052734
686 -77.68331146240234 -25.108293533325195
687 -77.79900360107422 -24.8325252532959
688 -77.95515441894531 -24.478126525878906
689 -78.21024322509766 -24.141389846801758
690 -78.51529693603516 -23.88200569152832
691 -78.8825912475586 -23.69647789001465
692 -79.07796478271484 -23.712493896484375
693 -79.53358459472656 -23.788619995117188
694 -79.85364532470703 -23.799205780029297
695 -86.89855194091797 -17.636648178100586
696 -86.99894714355469 -17.50796890258789
697 -87.33426666259766 -17.24063491821289
698 -87.5682601928711 -17.045724868774414
699 -87.98676300048828 -16.673494338989258
700 -88.2422866821289 -16.414329528808594
701 -88.49273681640625 -16.336069107055664
702 -88.66820526123047 -16.319028854370117
703 -88.9381332397461 -16.37492561340332
704 -89.2406005859375 -16.365652084350586
705 -89.49129486083984 -16.240028381347656
706 -89.7241439819336 -16.038467407226562
707 -89.97991943359375 -15.67326831817627
708 -90.12921142578125 -15.398141860961914
709 -90.2177505493164 -15.199235916137695
710 -90.32781982421875 -14.777046203613281
711 -90.49440002441406 -14.480626106262207
712 -90.71968078613281 -14.021341323852539
713 -90.85477447509766 -13.831602096557617
714 -91.29345703125 -13.490009307861328
715 -91.62226104736328 -13.21515941619873
716 -91.79061889648438 -12.989837646484375
717 -92.00228881835938 -12.778266906738281
718 -92.2055892944336 -12.562658309936523
719 -92.50057220458984 -12.346909523010254
720 -92.81815338134766 -12.094293594360352
721 -92.96908569335938 -11.961664199829102
722 -93.21188354492188 -11.699152946472168
723 -93.504150390625 -11.426366806030273
724 -93.56326293945312 -11.189245223999023
725 -93.59748840332031 -10.823723793029785
726 -93.5926513671875 -10.32420539855957
727 -93.50637817382812 -9.475733757019043
728 -93.4984130859375 -8.985464096069336
729 -93.5522689819336 -8.551122665405273
730 -93.56217193603516 -8.30589485168457
731 -93.56880187988281 -7.9987897872924805
732 -93.5117416381836 -7.74277400970459
733 -93.44720458984375 -7.203598976135254
734 -93.38954162597656 -6.760929107666016
735 -93.31412506103516 -6.5371623039245605
736 -93.16120910644531 -6.41937255859375
737 -92.92855072021484 -6.467730522155762
738 -92.48008728027344 -6.566915035247803
739 -91.92027282714844 -6.7507853507995605
740 -91.10089111328125 -6.991143703460693
741 -90.71278381347656 -7.073546886444092
742 -90.28060913085938 -7.125161647796631
743 -89.97552490234375 -7.331603050231934
744 -89.71405029296875 -7.6886982917785645
745 -89.56835174560547 -8.013486862182617
746 -89.46427154541016 -8.403200149536133
747 -89.41084289550781 -8.68240737915039
748 -89.36943817138672 -8.885697364807129
749 -89.31880187988281 -9.122607231140137
750 -89.23514556884766 -9.349802017211914
751 -89.0725326538086 -9.76647663116455
752 -88.98758697509766 -10.103702545166016
753 -88.86954498291016 -10.294084548950195
754 -88.67333984375 -10.390438079833984
755 -88.40608215332031 -10.590645790100098
756 -88.0894546508789 -10.69618034362793
757 -87.8807144165039 -10.725431442260742
758 -87.61595916748047 -10.794722557067871
759 -87.30517578125 -10.857200622558594
760 -86.92112731933594 -10.870540618896484
761 -86.52588653564453 -10.810060501098633
762 -86.32177734375 -10.72707462310791
763 -85.91877746582031 -10.58592700958252
764 -85.64454650878906 -10.37996768951416
765 -85.44822692871094 -10.285112380981445
766 -84.43196868896484 -9.940780639648438
767 -84.31615447998047 -9.797372817993164
768 -84.21634674072266 -9.510863304138184
769 -84.27653503417969 -9.215006828308105
770 -84.3630142211914 -8.967012405395508
771 -84.57011413574219 -8.631108283996582
772 -84.75215911865234 -8.361587524414062
773 -84.97962188720703 -7.944355487823486
774 -85.34156799316406 -7.250194072723389
775 -85.5522689819336 -6.946227073669434
776 -85.69303131103516 -6.715249061584473
777 -85.84020233154297 -6.519660472869873
778 -86.00656127929688 -6.304947853088379
779 -86.22267150878906 -5.9964776039123535
780 -86.52099609375 -5.640065670013428
781 -86.71742248535156 -5.411728858947754
782 -86.9520263671875 -5.202475547790527
783 -87.15838623046875 -5.039456844329834
784 -87.61321258544922 -4.788064002990723
785 -87.91667938232422 -4.59265661239624
786 -88.20464324951172 -4.415403842926025
787 -88.54351043701172 -4.259623050689697
788 -88.93246459960938 -4.066567420959473
789 -89.27738952636719 -3.8760440349578857
790 -89.48128509521484 -3.730733871459961
791 -89.6727066040039 -3.5740504264831543
792 -89.85090637207031 -3.4277939796447754
793 -90.15425109863281 -3.164236068725586
794 -90.52014923095703 -2.8806838989257812
795 -90.75501251220703 -2.716811180114746
796 -91.20040893554688 -2.419300079345703
797 -91.79035949707031 -1.9871195554733276
798 -92.20661163330078 -1.6728333234786987
799 -92.40957641601562 -1.4915456771850586
800 -92.66715240478516 -1.3446482419967651
801 -92.91673278808594 -1.1332623958587646
802 -93.27545166015625 -0.7372021079063416
803 -93.46356201171875 -0.5330334901809692
804 -93.67860412597656 -0.20478098094463348
805 -93.85964965820312 0.10535161197185516
806 -94.11637878417969 0.5964726805686951
807 -94.20703887939453 0.8040904998779297
808 -94.32349395751953 1.0003695487976074
809 -94.52465057373047 1.2939847707748413
810 -94.86790466308594 1.6481602191925049
811 -95.09413146972656 1.8454843759536743
812 -95.35607147216797 2.0494368076324463
813 -95.53673553466797 2.190178394317627
814 -95.87416076660156 2.4592370986938477
815 -96.2123794555664 2.745995283126831
816 -96.36659240722656 2.8802101612091064
817 -96.62174987792969 3.1161048412323
818 -96.8741683959961 3.29978084564209
819 -97.10643768310547 3.2956807613372803
820 -97.56761932373047 3.164929151535034
821 -97.96931457519531 3.082205057144165
822 -98.21987915039062 3.0045998096466064
823 -98.41778564453125 2.889279842376709
824 -98.50471496582031 2.5859763622283936
825 -98.56599426269531 2.156808614730835
826 -98.68482971191406 1.7076306343078613
827 -98.81694793701172 1.412462830543518
828 -98.99824523925781 1.1835519075393677
829 -99.29454040527344 0.9815995097160339
830 -99.61505126953125 0.8110870122909546
831 -99.8637924194336 0.689736545085907
832 -100.05883026123047 0.5227978229522705
833 -100.18256378173828 0.3202703595161438
834 -100.31503295898438 -0.08017029613256454
835 -100.40203094482422 -0.39313891530036926
836 -100.54753875732422 -0.7036209106445312
837 -100.62421417236328 -0.9273896217346191
838 -100.75059509277344 -1.2981736660003662
839 -100.8731460571289 -1.7618772983551025
840 -100.92121124267578 -1.9509997367858887
841 -100.83250427246094 -2.1362695693969727
842 -100.64675903320312 -2.5893747806549072
843 -100.47159576416016 -3.0883827209472656
844 -100.313232421875 -3.409213066101074
845 -100.18817901611328 -3.5965020656585693
846 -72.86222076416016 -11.865421295166016
847 -72.70868682861328 -11.75705337524414
848 -72.48676300048828 -11.588323593139648
849 -72.12052917480469 -11.307768821716309
850 -71.8306655883789 -11.155486106872559
851 -71.40934753417969 -11.163034439086914
852 -71.03607177734375 -11.269970893859863
853 -70.83202362060547 -11.480606079101562
854 -70.63265228271484 -11.83255672454834
855 -70.47238159179688 -12.094247817993164
856 -70.27696990966797 -12.442648887634277
857 -70.16645812988281 -12.567222595214844
858 -69.96041107177734 -12.640932083129883
859 -69.71612548828125 -12.624959945678711
860 -69.06513214111328 -12.64928913116455
861 -68.51591491699219 -12.657472610473633
862 -68.19231414794922 -12.62903881072998
863 -67.81143951416016 -12.535715103149414
864 -67.53851318359375 -12.454719543457031
865 -66.79871368408203 -12.258990287780762
866 -66.37767028808594 -12.185604095458984
867 -65.94654083251953 -12.187823295593262
868 -65.61821746826172 -12.249822616577148
869 -65.3298110961914 -12.395297050476074
870 -65.14617919921875 -12.49798583984375
871 -65.02073669433594 -12.654094696044922
872 -64.85244750976562 -12.909782409667969
873 -64.92304992675781 -13.476690292358398
874 -64.89595031738281 -13.94068717956543
875 -64.85872650146484 -14.24897575378418
876 -64.79534912109375 -14.894124984741211
877 -64.78935241699219 -15.29841423034668
878 -64.82833099365234 -15.659711837768555
879 -64.85370635986328 -15.940973281860352
880 -64.94393157958984 -16.2111759185791
881 -65.07732391357422 -16.520601272583008
882 -65.15848541259766 -16.76349449157715
883 -65.26163482666016 -17.123971939086914
884 -65.3132553100586 -17.265535354614258
885 -93.30128479003906 -31.791494369506836
886 -93.43830108642578 -31.53139877319336
887 -93.67320251464844 -30.940460205078125
888 -93.75482177734375 -30.670005798339844
889 -93.82776641845703 -30.465717315673828
890 -93.94620513916016 -30.237009048461914
891 -94.1452865600586 -29.981731414794922
892 -94.56951141357422 -29.516950607299805
893 -94.88267517089844 -29.451936721801758
894 -95.42743682861328 -29.65122413635254
895 -95.71196746826172 -29.82451629638672
896 -95.85790252685547 -30.05022430419922
897 -96.06663513183594 -30.56594467163086
898 -96.33467864990234 -31.219572067260742
899 -96.49431610107422 -31.598804473876953
900 -96.75675964355469 -31.90483856201172
901 -96.98677825927734 -32.048828125
902 -97.20121002197266 -32.17151641845703
903 -97.52557373046875 -32.27401351928711
904 -97.88187408447266 -32.308563232421875
905 -98.1936264038086 -32.25776672363281
906 -98.50294494628906 -32.16243362426758
907 -98.69204711914062 -31.95207977294922
908 -98.77979278564453 -31.748798370361328
909 -98.92332458496094 -31.504140853881836
910 -99.09468078613281 -31.248493194580078
911 -99.176025390625 -31.02460479736328
912 -99.19576263427734 -30.6773624420166
913 -99.24616241455078 -30.232112884521484
914 -99.30144500732422 -29.83717918395996
915 -99.2706298828125 -29.551118850708008
916 -99.14276885986328 -29.284332275390625
917 -98.99848937988281 -29.06338882446289
918 -98.52655792236328 -28.300762176513672
919 -98.36927032470703 -28.06126594543457
920 -98.35383605957031 -27.857450485229492
921 -98.34060668945312 -27.563289642333984
922 -98.3032455444336 -27.125064849853516
923 -98.2484130859375 -26.35392189025879
924 -98.24858093261719 -25.960344314575195
925 -98.24359130859375 -25.515600204467773
926 -98.25276184082031 -25.22113800048828
927 -98.2274169921875 -25.049602508544922
928 -98.11585998535156 -24.7264347076416
929 -97.91095733642578 -24.17632484436035
930 -97.8021469116211 -23.87921142578125
931 -97.69780731201172 -23.433137893676758
932 -97.65376281738281 -22.932729721069336
933 -97.64058685302734 -22.553983688354492
934 -97.61378479003906 -22.26897621154785
935 -97.67771911621094 -22.036523818969727
936 -97.82437133789062 -21.637540817260742
937 -97.8780517578125 -21.39417839050293
938 -98.02157592773438 -21.18916893005371
939 -98.22489929199219 -21.067249298095703
940 -98.59970092773438 -20.9283504486084
941 -99.07149505615234 -20.82528305053711
942 -99.52202606201172 -20.802095413208008
943 -99.81867980957031 -20.779247283935547
944 -100.00077056884766 -20.756982803344727
945 -100.3164291381836 -20.65715217590332
946 -100.6559829711914 -20.482877731323242
947 -100.75895690917969 -20.251150131225586
948 -100.77302551269531 -19.92385482788086
949 -100.79691314697266 -19.649307250976562
950 -100.77205657958984 -19.386119842529297
951 -100.67776489257812 -18.883617401123047
952 -100.65404510498047 -18.255504608154297
953 -100.61087799072266 -17.886119842529297
954 -100.54228210449219 -17.4899959564209
955 -100.43879699707031 -17.109704971313477
956 -100.33929443359375 -16.653676986694336
957 -100.2269515991211 -16.267135620117188
958 -100.12384796142578 -15.952001571655273
959 -100.04558563232422 -15.737780570983887
960 -99.9292984008789 -15.46869945526123
961 -99.7003173828125 -15.025473594665527
962 -99.52215576171875 -14.748680114746094
963 -99.40308380126953 -14.490562438964844
964 -99.24485778808594 -14.041532516479492
965 -99.11327362060547 -13.561049461364746
966 -99.03966522216797 -13.155156135559082
967 -98.99630737304688 -12.841113090515137
968 -99.0000991821289 -12.351998329162598
969 -99.10018157958984 -11.856480598449707
970 -99.41429901123047 -10.863840103149414
971 -99.52002716064453 -10.581491470336914
972 -99.67359924316406 -10.294136047363281
973 -99.84349822998047 -9.990640640258789
974 -99.9588851928711 -9.838458061218262
975 -100.21683502197266 -9.539647102355957
976 -100.4316177368164 -9.320916175842285
977 -100.731689453125 -9.109006881713867
978 -100.9871826171875 -8.9556245803833
979 -101.29835510253906 -8.886911392211914
980 -101.65328979492188 -8.992819786071777
981 -101.89881896972656 -9.090706825256348
982 -102.06678771972656 -9.178595542907715
983 -102.59654235839844 -9.554887771606445
984 -103.1053695678711 -9.972092628479004
985 -103.29367065429688 -10.17293930053711
986 -103.48302459716797 -10.410734176635742
987 -103.69657897949219 -10.69937515258789
988 -103.9659652709961 -11.045230865478516
989 -104.14531707763672 -11.320656776428223
990 -104.29345703125 -11.636852264404297
991 -104.3839340209961 -12.016366958618164
992 -104.4720230102539 -12.464066505432129
993 -104.49451446533203 -12.558489799499512
994 -104.45326232910156 -12.780518531799316
995 -104.33889770507812 -13.295391082763672
996 -104.26425170898438 -13.559900283813477
997 -104.13041687011719 -13.824919700622559
998 -104.04216003417969 -14.027347564697266
999 -104.0107650756836 -14.13422679901123
