0 16.238323211669922 -92.00373840332031
1 16.38918685913086 -92.07504272460938
2 16.712068557739258 -92.2154541015625
3 17.01601219177246 -92.3143310546875
4 17.634057998657227 -92.44180297851562
5 18.186838150024414 -92.51012420654297
6 18.685565948486328 -92.5306396484375
7 19.604896545410156 -92.52508544921875
8 20.106578826904297 -92.48460388183594
9 20.636821746826172 -92.39938354492188
10 20.992752075195312 -92.29876708984375
11 21.349241256713867 -92.16159057617188
12 21.695531845092773 -92.00672149658203
13 22.043106079101562 -91.84480285644531
14 22.596189498901367 -91.57362365722656
15 22.913780212402344 -91.4120101928711
16 23.246992111206055 -91.24799346923828
17 34.084129333496094 -68.53562927246094
18 34.30082321166992 -68.38493347167969
19 34.75279998779297 -68.06771850585938
20 35.10341262817383 -67.7246322631836
21 35.280975341796875 -67.31880950927734
22 35.20477294921875 -66.92526245117188
23 34.91224670410156 -66.51103973388672
24 34.27891540527344 -66.08406829833984
25 33.847564697265625 -65.84246063232422
26 33.62824249267578 -65.71424102783203
27 33.3947639465332 -65.54008483886719
28 22.13801383972168 -56.505558013916016
29 22.137731552124023 -56.281795501708984
30 22.23970603942871 -55.97755813598633
31 22.424278259277344 -55.74449157714844
32 22.98244285583496 -55.1029052734375
33 23.245845794677734 -54.84126281738281
34 23.474348068237305 -54.69392395019531
35 24.572912216186523 -54.31773376464844
36 24.836984634399414 -54.30018615722656
37 25.17901611328125 -54.42066192626953
38 25.792293548583984 -54.83557891845703
39 26.168941497802734 -55.23023223876953
40 26.350549697875977 -55.56332778930664
41 26.486845016479492 -55.84816360473633
42 26.71738624572754 -56.159629821777344
43 27.2808780670166 -56.63541793823242
44 27.466854095458984 -56.81769561767578
45 27.635374069213867 -57.05757141113281
46 27.85899543762207 -57.50675964355469
47 28.2211856842041 -58.38964080810547
48 28.390539169311523 -58.7597541809082
49 28.60737419128418 -59.047882080078125
50 28.861467361450195 -59.31326675415039
51 29.358238220214844 -59.80977249145508
52 29.732160568237305 -60.24109649658203
53 29.880615234375 -60.477169036865234
54 29.939790725708008 -60.76968765258789
55 29.871078491210938 -66.6101303100586
56 29.87550163269043 -67.02935028076172
57 29.93146324157715 -67.26107788085938
58 30.150543212890625 -67.52144622802734
59 30.448131561279297 -67.7360610961914
60 30.84132194519043 -68.00782775878906
61 31.12777328491211 -68.28062438964844
62 31.23773956298828 -68.77931213378906
63 31.126380920410156 -69.25618743896484
64 31.1768798828125 -69.54106140136719
65 31.424657821655273 -69.7431640625
66 31.931291580200195 -69.884765625
67 32.22685241699219 -69.9415283203125
68 51.116943359375 -60.359596252441406
69 51.19668960571289 -60.369632720947266
70 51.43368148803711 -60.43146896362305
71 51.874515533447266 -60.624122619628906
72 52.12474822998047 -60.857398986816406
73 52.3218879699707 -61.115474700927734
74 52.85626983642578 -61.844329833984375
75 53.137027740478516 -62.236572265625
76 53.34164810180664 -62.50679397583008
77 53.42982482910156 -62.7111930847168
78 53.560970306396484 -62.99431610107422
79 53.72491455078125 -63.30036926269531
80 51.118408203125 -86.45128631591797
81 51.09083557128906 -86.44802856445312
82 50.99644470214844 -86.45587921142578
83 49.478858947753906 -86.57124328613281
84 48.89513397216797 -86.73543548583984
85 48.62325668334961 -86.88661193847656
86 48.27341842651367 -87.17591094970703
87 47.770408630371094 -87.77565002441406
88 47.521690368652344 -88.17291259765625
89 47.354732513427734 -88.68033599853516
90 47.27716827392578 -89.40696716308594
91 47.35542678833008 -89.8816909790039
92 47.53038787841797 -90.24357604980469
93 47.768089294433594 -90.6013412475586
94 47.94330978393555 -90.77750396728516
95 48.19184112548828 -90.94517517089844
96 48.520843505859375 -91.0710678100586
97 48.91282653808594 -91.2146224975586
98 66.19160461425781 -64.57829284667969
99 66.24691772460938 -64.29022216796875
100 66.36016082763672 -63.86499786376953
101 66.49593353271484 -63.53739547729492
102 66.96719360351562 -62.53841781616211
103 67.01028442382812 -62.317378997802734
104 66.90857696533203 -61.66801834106445
105 66.76837921142578 -61.257080078125
106 66.68942260742188 -61.03092956542969
107 66.63113403320312 -60.89596176147461
108 66.54490661621094 -60.8106803894043
109 62.466339111328125 -77.21833801269531
110 62.2226448059082 -77.39872741699219
111 61.89105987548828 -77.6105728149414
112 61.49258041381836 -77.86297607421875
113 61.1724739074707 -78.04138946533203
114 60.77739715576172 -78.10057830810547
115 60.21271896362305 -78.08765411376953
116 59.84783935546875 -78.00862884521484
117 59.51422882080078 -77.92879486083984
118 58.96479034423828 -77.74333190917969
119 58.651798248291016 -77.54556274414062
120 58.51880645751953 -77.32575988769531
121 58.445838928222656 -76.93486022949219
122 58.30527877807617 -76.18832397460938
123 58.19745635986328 -75.7590560913086
124 58.07476043701172 -75.21394348144531
125 57.91426086425781 -74.64868927001953
126 57.609432220458984 -74.10379028320312
127 57.35687255859375 -73.91636657714844
128 57.017372131347656 -73.84378051757812
129 49.74244689941406 -77.16700744628906
130 49.332542419433594 -77.55342102050781
131 49.066497802734375 -77.9053726196289
132 48.895172119140625 -78.17797088623047
133 48.764892578125 -78.49456787109375
134 48.710201263427734 -78.95158386230469
135 48.78703308105469 -79.41368103027344
136 49.09543991088867 -79.96453857421875
137 49.55268478393555 -80.4438247680664
138 50.02314758300781 -80.7527084350586
139 50.5922966003418 -81.01521301269531
140 51.330101013183594 -81.21163177490234
141 52.38157272338867 -81.282958984375
142 52.84247970581055 -81.24164581298828
143 53.2459831237793 -81.10232543945312
144 53.65379333496094 -80.87486267089844
145 54.041439056396484 -80.53346252441406
146 54.21519088745117 -80.32563781738281
147 54.295066833496094 -80.06910705566406
148 54.40275955200195 -79.66449737548828
149 54.448883056640625 -78.49515533447266
150 54.39030838012695 -78.09772491455078
151 54.243865966796875 -77.61370086669922
152 53.99407196044922 -77.19098663330078
153 53.50672912597656 -76.69962310791016
154 53.2891731262207 -76.36408996582031
155 53.08157730102539 -75.97896575927734
156 52.9346809387207 -75.54865264892578
157 52.84147262573242 -75.03019714355469
158 52.76371383666992 -74.46041870117188
159 52.76811981201172 -74.05429077148438
160 52.79562759399414 -73.69200897216797
161 52.8326301574707 -73.40557861328125
162 58.00042724609375 -59.88095474243164
163 58.15901565551758 -59.53884506225586
164 58.24679183959961 -59.283634185791016
165 58.328514099121094 -58.80317306518555
166 58.381439208984375 -58.08760452270508
167 58.37763214111328 -57.79074478149414
168 58.33618927001953 -57.522247314453125
169 58.11068344116211 -56.68623733520508
170 57.98773193359375 -56.42472457885742
171 57.50584030151367 -55.838375091552734
172 57.24413299560547 -55.58340835571289
173 56.78321838378906 -55.176876068115234
174 56.27996063232422 -54.6580810546875
175 55.72382354736328 -54.044288635253906
176 55.472076416015625 -53.75311279296875
177 55.175865173339844 -53.45014572143555
178 54.827552795410156 -53.15260314941406
179 54.55565643310547 -52.97645950317383
180 54.264503479003906 -52.813507080078125
181 53.846378326416016 -52.59487533569336
182 52.937862396240234 -51.96478271484375
183 52.4405632019043 -51.59808349609375
184 52.08660125732422 -51.34263610839844
185 51.67831802368164 -51.036170959472656
186 51.17184066772461 -50.65283966064453
187 50.57375717163086 -50.20387649536133
188 50.158145904541016 -49.908050537109375
189 49.78749465942383 -49.67736053466797
190 49.33681869506836 -49.415042877197266
191 48.422569274902344 -48.89980697631836
192 48.03600311279297 -48.684593200683594
193 47.436912536621094 -48.417503356933594
194 47.011932373046875 -48.26558303833008
195 46.27351379394531 -48.07615661621094
196 45.5760383605957 -47.907447814941406
197 45.183433532714844 -47.849205017089844
198 44.7010383605957 -47.865657806396484
199 44.335594177246094 -47.98935317993164
200 43.90565490722656 -48.218353271484375
201 43.502593994140625 -48.55908966064453
202 43.01015853881836 -49.14551544189453
203 42.8906364440918 -49.387447357177734
204 42.79617691040039 -49.80181884765625
205 42.86159896850586 -50.65489959716797
206 43.05699920654297 -51.20269775390625
207 43.22972106933594 -51.504150390625
208 43.50007629394531 -51.8763313293457
209 43.67825698852539 -52.057456970214844
210 43.96350860595703 -52.33182907104492
211 44.55665588378906 -52.82987594604492
212 44.87455368041992 -53.09897994995117
213 45.156761169433594 -53.35121154785156
214 45.616485595703125 -53.75768280029297
215 46.143184661865234 -54.07072448730469
216 46.40129852294922 -54.17198944091797
217 46.835872650146484 -54.234371185302734
218 47.21858596801758 -54.24393081665039
219 47.50110626220703 -54.21565246582031
220 48.3416862487793 -54.187042236328125
221 48.735504150390625 -54.25830078125
222 48.874298095703125 -54.40422058105469
223 48.81955337524414 -54.7679328918457
224 48.49991226196289 -55.63294982910156
225 48.396629333496094 -56.273353576660156
226 48.37413787841797 -56.5872917175293
227 48.39345169067383 -57.011695861816406
228 48.46617126464844 -57.39979553222656
229 48.583675384521484 -57.87976837158203
230 48.92731475830078 -74.02952575683594
231 48.73223114013672 -74.16629791259766
232 48.44002151489258 -74.3040542602539
233 47.810916900634766 -74.43955993652344
234 47.37706756591797 -74.38736724853516
235 46.42860794067383 -73.95326232910156
236 46.165714263916016 -73.82294464111328
237 45.957157135009766 -73.56546783447266
238 45.79390335083008 -73.10197448730469
239 45.72180938720703 -72.47000122070312
240 45.75408935546875 -72.30036926269531
241 56.89983367919922 -70.31141662597656
242 57.15071105957031 -70.25108337402344
243 57.49065399169922 -70.1384048461914
244 57.99322509765625 -69.96411895751953
245 58.623085021972656 -69.77288818359375
246 59.06792449951172 -69.70259094238281
247 59.56869125366211 -69.69483947753906
248 60.0978889465332 -69.75846099853516
249 60.611724853515625 -69.90520477294922
250 61.003334045410156 -70.0429458618164
251 61.245723724365234 -70.15753936767578
252 61.560699462890625 -70.32909393310547
253 61.99313735961914 -70.59304809570312
254 62.39822006225586 -70.88477325439453
255 62.7387580871582 -71.14028930664062
256 63.26015853881836 -71.48799133300781
257 63.54180145263672 -71.63623046875
258 63.7891960144043 -71.72533416748047
259 64.1393814086914 -71.7778549194336
260 64.70050811767578 -71.80477905273438
261 65.27581787109375 -71.82130432128906
262 65.64864349365234 -71.834228515625
263 66.2612075805664 -71.91783905029297
264 66.58629608154297 -72.0460433959961
265 67.1487808227539 -72.37220764160156
266 67.38175201416016 -72.50466918945312
267 67.66510772705078 -72.69610595703125
268 68.0094985961914 -72.99382781982422
269 68.24220275878906 -73.21031188964844
270 68.46686553955078 -73.46576690673828
271 68.6578369140625 -73.69986724853516
272 29.327075958251953 -92.65779113769531
273 29.16040802001953 -92.80662536621094
274 28.896068572998047 -93.1155776977539
275 28.730764389038086 -93.49983215332031
276 28.640687942504883 -94.24626159667969
277 28.6947078704834 -94.70954132080078
278 28.771047592163086 -95.10802459716797
279 28.735605239868164 -95.54644012451172
280 28.604045867919922 -96.33366394042969
281 28.45729637145996 -96.79120635986328
282 28.14217185974121 -97.71272277832031
283 28.010629653930664 -98.00052642822266
284 27.822050094604492 -98.2463150024414
285 27.224655151367188 -98.67334747314453
286 26.881328582763672 -98.80132293701172
287 26.281471252441406 -98.90906524658203
288 25.873510360717773 -98.89924621582031
289 25.502777099609375 -98.81522369384766
290 24.843063354492188 -98.48165893554688
291 24.338850021362305 -98.08116149902344
292 24.004758834838867 -97.69227600097656
293 23.815570831298828 -97.28856658935547
294 23.696975708007812 -96.86410522460938
295 23.701595306396484 -96.50506591796875
296 23.779956817626953 -96.10710144042969
297 23.81668472290039 -95.89896392822266
298 43.58770751953125 -74.9471206665039
299 43.450401306152344 -74.8694839477539
300 43.1517448425293 -74.7635498046875
301 42.778831481933594 -74.66169738769531
302 42.36073303222656 -74.55996704101562
303 41.83878707885742 -74.31686401367188
304 41.517539978027344 -73.88436126708984
305 41.38995361328125 -73.42662811279297
306 41.419029235839844 -73.16905975341797
307 41.50447463989258 -72.66820526123047
308 41.57550048828125 -72.18909454345703
309 41.52655029296875 -71.82939910888672
310 41.35148620605469 -71.427001953125
311 40.914573669433594 -70.67337799072266
312 40.720184326171875 -70.38776397705078
313 40.4688606262207 -70.09489440917969
314 40.2484016418457 -69.80191040039062
315 39.9560432434082 -69.2823257446289
316 39.91958999633789 -68.84193420410156
317 39.97650909423828 -68.40006256103516
318 40.04187774658203 -68.12262725830078
319 41.539588928222656 -58.892086029052734
320 41.614803314208984 -58.58283615112305
321 41.73060607910156 -58.1961784362793
322 41.740814208984375 -57.924217224121094
323 41.70424270629883 -57.52862548828125
324 41.64723205566406 -56.97803497314453
325 41.602970123291016 -56.55707550048828
326 41.57389831542969 -55.99607467651367
327 41.53187942504883 -55.17453384399414
328 41.396976470947266 -54.95551681518555
329 41.127769470214844 -54.78968811035156
330 40.66571807861328 -54.67462921142578
331 40.33637237548828 -54.6754035949707
332 40.07365036010742 -54.78073501586914
333 43.51164627075195 -80.38651275634766
334 43.43411636352539 -80.62134552001953
335 43.338741302490234 -80.89995574951172
336 43.16740036010742 -81.42037200927734
337 42.94620132446289 -82.11539459228516
338 42.71354675292969 -82.67304229736328
339 42.4109001159668 -83.20413208007812
340 41.93049621582031 -84.0230941772461
341 41.564422607421875 -84.61214447021484
342 41.22285461425781 -85.23991394042969
343 40.93301773071289 -85.7673568725586
344 40.757225036621094 -86.02615356445312
345 40.41922378540039 -86.38441467285156
346 39.97038650512695 -86.78121948242188
347 39.53782653808594 -87.01996612548828
348 39.04550552368164 -87.19944763183594
349 38.62028884887695 -87.25724792480469
350 38.20994186401367 -87.29493713378906
351 37.75910568237305 -87.48114013671875
352 37.5907096862793 -87.64556884765625
353 37.13302993774414 -88.53439331054688
354 37.03070068359375 -88.80619812011719
355 36.95522689819336 -89.24120330810547
356 36.890811920166016 -89.68031311035156
357 36.871124267578125 -90.0002670288086
358 36.862518310546875 -90.31802368164062
359 36.892948150634766 -90.57638549804688
360 36.9166145324707 -90.90878295898438
361 36.86085510253906 -91.18963623046875
362 36.70808029174805 -91.60198974609375
363 36.629390716552734 -91.9124755859375
364 36.52425003051758 -92.32597351074219
365 36.40224075317383 -92.81331634521484
366 36.28084945678711 -93.46580505371094
367 36.189327239990234 -94.10298156738281
368 36.05302810668945 -94.4820327758789
369 35.719146728515625 -94.96473693847656
370 35.40568923950195 -95.1555404663086
371 34.98829650878906 -95.16488647460938
372 34.52360153198242 -95.06245422363281
373 34.30834197998047 -94.89862823486328
374 34.022151947021484 -94.45899963378906
375 33.826393127441406 -94.04061889648438
376 33.64913558959961 -93.45578002929688
377 33.512054443359375 -92.89219665527344
378 33.43467712402344 -92.58271789550781
379 33.3197021484375 -92.33589172363281
380 27.692626953125 -69.9572982788086
381 27.657779693603516 -69.83661651611328
382 27.67136001586914 -69.3483657836914
383 27.675249099731445 -69.15864562988281
384 25.853918075561523 -88.17295837402344
385 25.946928024291992 -88.47154998779297
386 26.029699325561523 -88.72767639160156
387 26.127429962158203 -89.04122161865234
388 26.222166061401367 -89.4341049194336
389 26.368858337402344 -90.17262268066406
390 26.526607513427734 -90.70886993408203
391 26.768272399902344 -91.1508560180664
392 26.90005111694336 -91.28923797607422
393 27.03491973876953 -91.35179901123047
394 44.09413528442383 -85.80387115478516
395 44.2973518371582 -85.6175537109375
396 44.52182388305664 -85.31839752197266
397 44.74493408203125 -84.86346435546875
398 44.92789840698242 -84.43733978271484
399 45.17201232910156 -83.83677673339844
400 45.297637939453125 -83.49857330322266
401 45.400543212890625 -83.16092681884766
402 45.50426483154297 -82.85169982910156
403 45.617408752441406 -82.58837127685547
404 47.48944854736328 -61.79719924926758
405 47.521995544433594 -61.4979362487793
406 47.49748229980469 -61.09279251098633
407 47.36225509643555 -60.544952392578125
408 47.12940216064453 -60.03473663330078
409 46.858184814453125 -59.722015380859375
410 46.5823860168457 -59.50617599487305
411 46.37590026855469 -59.47472381591797
412 45.87092590332031 -59.56978225708008
413 45.51347351074219 -59.78000259399414
414 44.72284698486328 -60.39327621459961
415 44.42314910888672 -60.7007942199707
416 44.07765197753906 -61.198448181152344
417 43.933815002441406 -61.5715217590332
418 43.8431510925293 -61.951297760009766
419 43.716697692871094 -62.4550895690918
420 43.69352722167969 -62.72015380859375
421 43.712249755859375 -63.05409240722656
422 44.02067184448242 -63.93760681152344
423 44.04021072387695 -64.0198745727539
424 34.469947814941406 -84.37714385986328
425 34.5538215637207 -84.48592376708984
426 34.68144607543945 -84.71806335449219
427 34.86854553222656 -84.98084259033203
428 35.206844329833984 -85.41373443603516
429 35.48683547973633 -85.7219009399414
430 35.67064666748047 -85.91558837890625
431 40.82179641723633 -91.30023193359375
432 40.993682861328125 -91.34233093261719
433 41.276397705078125 -91.29519653320312
434 41.60590744018555 -91.13899993896484
435 41.91133117675781 -90.81649780273438
436 42.07400894165039 -90.38324737548828
437 42.060062408447266 -90.11228942871094
438 41.89760971069336 -89.6588134765625
439 41.687034606933594 -89.10769653320312
440 41.61190414428711 -88.9165267944336
441 41.55157470703125 -88.7514877319336
442 40.525184631347656 -80.17150115966797
443 40.59654998779297 -79.90076446533203
444 40.79328155517578 -79.31663513183594
445 40.933380126953125 -78.85778045654297
446 41.12830352783203 -78.42168426513672
447 41.592098236083984 -77.91353607177734
448 41.94342803955078 -77.78797149658203
449 42.36845779418945 -77.73886108398438
450 43.077735900878906 -77.66464233398438
451 43.621543884277344 -77.607666015625
452 44.4836540222168 -77.61405181884766
453 44.919273376464844 -77.6461410522461
454 45.19732666015625 -77.67173767089844
455 45.415550231933594 -77.70115661621094
456 58.26199722290039 -82.32616424560547
457 58.37205123901367 -82.54650115966797
458 58.63274383544922 -83.16275024414062
459 58.73161315917969 -83.41403198242188
460 58.830596923828125 -83.76914978027344
461 58.99779510498047 -84.67375183105469
462 59.03599548339844 -85.26429748535156
463 59.00477600097656 -85.59425354003906
464 58.86409378051758 -85.8744888305664
465 58.637332916259766 -86.12909698486328
466 58.335548400878906 -86.25306701660156
467 57.653663635253906 -86.2988510131836
468 57.31460189819336 -86.24705505371094
469 57.085365295410156 -86.20435333251953
470 25.21895980834961 -69.49767303466797
471 25.221370697021484 -69.59293365478516
472 25.236513137817383 -69.7704086303711
473 25.266359329223633 -69.91674041748047
474 28.5284366607666 -77.59598541259766
475 28.61043930053711 -77.93586730957031
476 28.831836700439453 -78.44880676269531
477 29.070985794067383 -78.87584686279297
478 29.346540451049805 -79.27887725830078
479 29.550090789794922 -79.66519165039062
480 29.82009506225586 -80.35852813720703
481 29.89193344116211 -80.49722290039062
482 30.114473342895508 -80.66476440429688
483 30.797468185424805 -81.0334243774414
484 31.066980361938477 -81.1139907836914
485 31.32638168334961 -81.19493103027344
486 32.167110443115234 -81.49665832519531
487 32.693321228027344 -81.86735534667969
488 33.02731704711914 -82.02989959716797
489 33.46395492553711 -82.01244354248047
490 33.93573760986328 -81.86141967773438
491 34.30031204223633 -81.70733642578125
492 34.85587692260742 -81.18250274658203
493 35.10549545288086 -80.86341857910156
494 35.19289016723633 -80.64376068115234
495 35.42331314086914 -79.07630920410156
496 35.505775451660156 -78.81639862060547
497 35.77451705932617 -78.2284164428711
498 35.929595947265625 -77.92706298828125
499 36.07145690917969 -77.75997924804688
500 36.278106689453125 -77.61351013183594
501 37.08134460449219 -77.41070556640625
502 37.324302673339844 -77.3712158203125
503 37.935245513916016 -77.1797103881836
504 38.268428802490234 -77.00157165527344
505 38.7338752746582 -76.62898254394531
506 38.838775634765625 -76.42213439941406
507 38.80282974243164 -76.13853454589844
508 38.73026657104492 -75.52197265625
509 38.7198600769043 -75.01586151123047
510 38.68194580078125 -74.5216293334961
511 38.58043670654297 -74.2710952758789
512 38.21218490600586 -73.83837890625
513 37.92474365234375 -73.6485595703125
514 37.58930587768555 -73.53813934326172
515 37.29021072387695 -73.59648132324219
516 36.58280563354492 -73.9241943359375
517 35.92451095581055 -74.19544219970703
518 35.568111419677734 -74.3011474609375
519 35.40871047973633 -74.3037109375
520 29.055803298950195 -71.4380874633789
521 29.01423454284668 -71.55034637451172
522 29.037158966064453 -71.7664566040039
523 29.110883712768555 -72.15908813476562
524 29.25642967224121 -72.60877227783203
525 29.454877853393555 -73.13043975830078
526 29.610830307006836 -73.44792175292969
527 29.81088638305664 -73.61518859863281
528 30.261871337890625 -73.67888641357422
529 30.842248916625977 -73.68833923339844
530 31.34897232055664 -73.73091125488281
531 31.87815284729004 -73.84280395507812
532 32.24951934814453 -73.84864807128906
533 32.62492370605469 -73.7257080078125
534 32.7471923828125 -73.72117614746094
535 32.20292663574219 -84.06082153320312
536 32.06645965576172 -84.04203033447266
537 31.74728775024414 -83.92982482910156
538 30.99814796447754 -83.5586166381836
539 30.77901268005371 -83.42347717285156
540 22.84679412841797 -62.28949737548828
541 22.63815689086914 -62.125125885009766
542 22.373750686645508 -61.88331985473633
543 22.020580291748047 -61.251686096191406
544 21.954729080200195 -60.86192321777344
545 22.003284454345703 -60.361595153808594
546 22.138713836669922 -60.04479217529297
547 22.422142028808594 -59.7323112487793
548 22.832181930541992 -59.49470520019531
549 23.750879287719727 -59.206695556640625
550 24.15058708190918 -59.1466178894043
551 24.75689125061035 -59.0587272644043
552 25.12074851989746 -59.028560638427734
553 25.430084228515625 -58.984066009521484
554 30.429912567138672 -57.2047004699707
555 30.75912857055664 -57.04362869262695
556 31.000274658203125 -56.909725189208984
557 31.536537170410156 -56.55360412597656
558 31.895944595336914 -56.305519104003906
559 32.212257385253906 -56.03131866455078
560 32.54783248901367 -55.63399124145508
561 32.833194732666016 -55.370059967041016
562 33.20530319213867 -55.12246322631836
563 33.65793228149414 -54.94565200805664
564 34.19668960571289 -54.82675552368164
565 34.45793151855469 -54.819793701171875
566 38.57147979736328 -58.57706832885742
567 38.73748779296875 -59.05766677856445
568 38.79716110229492 -59.3507080078125
569 38.871726989746094 -59.805763244628906
570 38.91209411621094 -60.29838562011719
571 39.01218032836914 -60.660465240478516
572 39.4562873840332 -61.168052673339844
573 39.783103942871094 -61.357200622558594
574 40.588993072509766 -61.69108963012695
575 40.69799041748047 -61.86225128173828
576 40.74413299560547 -62.23820495605469
577 40.682071685791016 -62.6235237121582
578 40.585426330566406 -63.006900787353516
579 40.52619934082031 -63.44530487060547
580 40.51826095581055 -63.902992248535156
581 40.5656852722168 -64.21419525146484
582 40.55657958984375 -64.4262466430664
583 40.45491409301758 -64.81514739990234
584 40.273746490478516 -65.16787719726562
585 39.879112243652344 -65.67933654785156
586 39.66801071166992 -65.8160171508789
587 39.07209396362305 -65.89915466308594
588 38.611717224121094 -65.880126953125
589 38.082923889160156 -65.49788665771484
590 37.72270584106445 -65.09771728515625
591 37.54496383666992 -64.88291931152344
592 37.11076354980469 -64.46959686279297
593 36.723487854003906 -64.13141632080078
594 36.53103256225586 -63.8563346862793
595 36.4373893737793 -63.62037658691406
596 36.39198303222656 -63.32632064819336
597 36.39006042480469 -62.27013397216797
598 36.35260009765625 -62.00824737548828
599 36.25273895263672 -61.846038818359375
600 36.06951904296875 -61.70242691040039
601 26.737165451049805 -64.06970977783203
602 26.56310272216797 -64.112548828125
603 26.01793098449707 -64.2121353149414
604 25.575790405273438 -64.2920913696289
605 25.060283660888672 -64.47431945800781
606 24.73223114013672 -64.65541076660156
607 24.423809051513672 -64.86653137207031
608 23.883543014526367 -65.19991302490234
609 23.586963653564453 -65.40150451660156
610 23.027420043945312 -65.83456420898438
611 22.67621421813965 -66.19438171386719
612 22.511869430541992 -66.65457916259766
613 22.56203842163086 -67.0897445678711
614 22.801136016845703 -67.76899719238281
615 23.094873428344727 -68.26921844482422
616 23.18340301513672 -68.49952697753906
617 19.518943786621094 -79.08274841308594
618 19.425899505615234 -79.25762939453125
619 19.23642349243164 -79.78850555419922
620 19.289714813232422 -80.14765930175781
621 19.476184844970703 -80.44224548339844
622 19.850343704223633 -80.66014862060547
623 20.501211166381836 -80.80387878417969
624 20.876344680786133 -80.75981903076172
625 21.174636840820312 -80.61067199707031
626 21.910175323486328 -80.25172424316406
627 22.40543556213379 -80.0486831665039
628 22.709747314453125 -79.82701110839844
629 22.924795150756836 -79.40117645263672
630 23.11800193786621 -78.55513763427734
631 23.133928298950195 -78.26393127441406
632 23.109127044677734 -77.63906860351562
633 23.131372451782227 -77.17936706542969
634 23.25826072692871 -76.7928237915039
635 23.59571075439453 -76.44619750976562
636 24.10565185546875 -76.30377960205078
637 24.53484535217285 -76.36930847167969
638 24.965938568115234 -76.463623046875
639 25.37772560119629 -76.4897689819336
640 25.86484146118164 -76.46454620361328
641 26.206575393676758 -76.40035247802734
642 26.65996742248535 -76.20366668701172
643 27.082256317138672 -75.88822174072266
644 27.254003524780273 -75.63166046142578
645 27.282672882080078 -75.24358367919922
646 27.13711166381836 -74.91989135742188
647 26.67021369934082 -74.4327621459961
648 26.248197555541992 -74.05735778808594
649 26.045900344848633 -73.69711303710938
650 25.97698211669922 -73.40819549560547
651 25.932785034179688 -72.82276153564453
652 26.05135726928711 -72.24849700927734
653 26.149734497070312 -72.02330780029297
654 32.680206298828125 -62.351112365722656
655 32.75660705566406 -62.22163391113281
656 32.87134552001953 -62.0272216796875
657 33.0914306640625 -61.60889434814453
658 33.278629302978516 -61.224700927734375
659 33.48160171508789 -60.84403610229492
660 33.840789794921875 -60.26762390136719
661 34.22622299194336 -59.7780647277832
662 34.50968551635742 -59.547122955322266
663 34.787235260009766 -59.38967514038086
664 35.50503921508789 -59.0729866027832
665 35.88571548461914 -58.84226608276367
666 36.20595169067383 -58.47716522216797
667 36.30967330932617 -58.203548431396484
668 36.28098678588867 -57.9444694519043
669 36.46322250366211 -57.14150619506836
670 36.55202865600586 -56.835750579833984
671 36.75086212158203 -56.347190856933594
672 36.867774963378906 -55.991737365722656
673 36.99515151977539 -55.59634780883789
674 37.059776306152344 -55.326744079589844
675 37.15813446044922 -54.73185729980469
676 37.222469329833984 -53.81049728393555
677 37.28398132324219 -53.400657653808594
678 37.42800521850586 -52.94075012207031
679 37.67166519165039 -52.4939079284668
680 38.143035888671875 -51.821983337402344
681 38.43741226196289 -51.391815185546875
682 38.59379577636719 -51.05254364013672
683 38.67172622680664 -50.85287857055664
684 18.314485549926758 -76.09447479248047
685 18.483078002929688 -76.17996215820312
686 18.804716110229492 -76.26874542236328
687 19.28154182434082 -76.37451171875
688 19.723142623901367 -76.46292114257812
689 20.225210189819336 -76.52883911132812
690 20.560407638549805 -76.55341339111328
691 43.405860900878906 -66.22291564941406
692 43.41348648071289 -66.2742919921875
693 43.300132751464844 -66.46810913085938
694 43.04221725463867 -66.91544342041016
695 42.813262939453125 -67.39864349365234
696 42.72734832763672 -67.8117446899414
697 42.68778991699219 -68.2985610961914
698 42.644771575927734 -68.61663055419922
699 33.05451583862305 -78.75942993164062
700 32.925148010253906 -78.93603515625
701 32.76350402832031 -79.13218688964844
702 32.623191833496094 -79.22496795654297
703 62.62593078613281 -59.52765655517578
704 62.599449157714844 -59.6871452331543
705 62.48115539550781 -60.085655212402344
706 62.2894287109375 -60.567527770996094
707 62.00033950805664 -61.157615661621094
708 61.79679870605469 -61.705711364746094
709 61.67650604248047 -62.235557556152344
710 61.60091018676758 -62.540645599365234
711 61.48907470703125 -62.81008529663086
712 61.29827880859375 -63.1414909362793
713 61.006065368652344 -63.45957946777344
714 60.622657775878906 -63.72785568237305
715 60.0150260925293 -64.08651733398438
716 59.67579650878906 -64.25990295410156
717 59.314910888671875 -64.46770477294922
718 58.927181243896484 -64.71435546875
719 58.65537643432617 -64.90436553955078
720 58.34870910644531 -65.1161880493164
721 57.89952087402344 -65.42845916748047
722 57.58161544799805 -65.60958862304688
723 56.96702575683594 -65.91583251953125
724 56.52205276489258 -66.0970458984375
725 56.192710876464844 -66.18724822998047
726 55.83607482910156 -66.24842071533203
727 55.296817779541016 -66.35342407226562
728 54.794979095458984 -66.51537322998047
729 54.38816833496094 -66.7271957397461
730 54.10410690307617 -67.07154083251953
731 53.958038330078125 -67.40826416015625
732 53.87405014038086 -67.66310119628906
733 53.02251052856445 -69.15122985839844
734 52.8177604675293 -69.31549835205078
735 52.46393966674805 -69.4842529296875
736 52.18711471557617 -69.54117584228516
737 51.107688903808594 -69.60530853271484
738 50.73026657104492 -69.61174774169922
739 50.50422286987305 -69.6047134399414
740 49.95130920410156 -69.53689575195312
741 49.63317108154297 -69.47259521484375
742 49.223995208740234 -69.31163787841797
743 48.77397155761719 -69.05464172363281
744 48.45644760131836 -68.82975769042969
745 48.11305236816406 -68.51705169677734
746 47.438865661621094 -67.84037780761719
747 47.25925827026367 -67.63034057617188
748 47.05164337158203 -67.21429443359375
749 46.925655364990234 -66.71949768066406
750 46.90012741088867 -66.29621887207031
751 47.034305572509766 -66.01152801513672
752 47.51140213012695 -65.29946899414062
753 47.79505920410156 -64.87551879882812
754 48.05842208862305 -64.65127563476562
755 48.45455551147461 -64.51363372802734
756 49.23756790161133 -64.416015625
757 49.56422424316406 -64.50933074951172
758 50.0003776550293 -64.78779602050781
759 50.27946090698242 -65.01118469238281
760 50.6036262512207 -65.32036590576172
761 50.77259063720703 -65.512939453125
762 41.1220588684082 -96.44644165039062
763 41.342308044433594 -96.3125991821289
764 41.709564208984375 -96.06621551513672
765 42.16965866088867 -95.7354507446289
766 42.37067794799805 -95.58686828613281
767 42.46152877807617 -95.51571655273438
768 54.03573226928711 -57.628700256347656
769 53.90568923950195 -57.564918518066406
770 53.735984802246094 -57.5057258605957
771 52.662052154541016 -57.177001953125
772 52.40993881225586 -57.10038757324219
773 52.17458724975586 -57.069271087646484
774 51.84611511230469 -57.037349700927734
775 51.396934509277344 -56.97651290893555
776 20.222333908081055 -64.4489517211914
777 20.199296951293945 -64.49718475341797
778 21.834871292114258 -84.16658782958984
779 22.009693145751953 -84.25720977783203
780 22.49175453186035 -84.44566345214844
781 22.988723754882812 -84.56970977783203
782 23.56835174560547 -84.6148910522461
783 24.046018600463867 -84.5591812133789
784 24.372116088867188 -84.46236419677734
785 24.694787979125977 -84.25975036621094
786 24.90218162536621 -83.99889373779297
787 25.088768005371094 -83.71685028076172
788 31.330623626708984 -76.62030792236328
789 31.71831512451172 -76.54467010498047
790 31.99953842163086 -76.53092193603516
791 33.148658752441406 -76.38834381103516
792 33.468505859375 -76.25359344482422
793 33.68603515625 -76.08318328857422
794 33.83731460571289 -75.88334655761719
795 27.318172454833984 -66.70376586914062
796 27.148345947265625 -66.52074432373047
797 27.032949447631836 -66.44806671142578
798 26.847261428833008 -66.42813873291016
799 11.856803894042969 -78.57893371582031
800 11.866968154907227 -78.86790466308594
801 11.912046432495117 -79.19353485107422
802 11.99885368347168 -79.54167175292969
803 12.108563423156738 -79.87376403808594
804 12.213008880615234 -80.19170379638672
805 12.329675674438477 -80.56120300292969
806 12.542767524719238 -81.09284210205078
807 12.812810897827148 -81.59075164794922
808 13.02662467956543 -81.8735122680664
809 13.244857788085938 -82.047119140625
810 13.509953498840332 -82.18982696533203
811 14.732943534851074 -82.90921020507812
812 15.071450233459473 -83.07552337646484
813 15.4562406539917 -83.26465606689453
814 15.855329513549805 -83.42218017578125
815 16.32228660583496 -83.5213623046875
816 16.713762283325195 -83.51127624511719
817 17.29380989074707 -83.44673156738281
818 17.940654754638672 -83.37605285644531
819 18.3067626953125 -83.31380462646484
820 18.618642807006836 -83.25918579101562
821 18.782075881958008 -83.2400131225586
822 38.246368408203125 -84.81605529785156
823 38.3656120300293 -84.76567840576172
824 38.52036666870117 -84.42890930175781
825 38.65897750854492 -84.11332702636719
826 45.687686920166016 -70.00846099853516
827 45.6026496887207 -69.95430755615234
828 45.456485748291016 -69.90444946289062
829 45.29531478881836 -69.96318054199219
830 34.306095123291016 -87.83478546142578
831 34.12187957763672 -87.92865753173828
832 33.859928131103516 -87.99662780761719
833 32.75213623046875 -88.08106231689453
834 32.21624755859375 -88.09667205810547
835 31.896541595458984 -88.15470886230469
836 31.593656539916992 -88.23049926757812
837 30.822757720947266 -88.41117095947266
838 30.478662490844727 -88.47907257080078
839 29.84046745300293 -88.43038177490234
840 29.57949447631836 -88.30072021484375
841 29.418256759643555 -88.01956939697266
842 29.329591751098633 -87.335205078125
843 29.360597610473633 -86.970458984375
844 29.419105529785156 -86.5821762084961
845 29.62822151184082 -86.2414779663086
846 30.139720916748047 -85.92491149902344
847 30.564403533935547 -85.697509765625
848 30.78352928161621 -85.60133361816406
849 30.899221420288086 -85.5540542602539
850 33.913421630859375 -72.03654479980469
851 33.975914001464844 -71.97246551513672
852 34.21288299560547 -71.77091979980469
853 34.58494567871094 -71.54276275634766
854 35.069580078125 -71.31793212890625
855 35.5147590637207 -71.18597412109375
856 35.98137283325195 -71.07284545898438
857 36.67017364501953 -70.70984649658203
858 36.97682571411133 -70.46266174316406
859 37.30663299560547 -70.11121368408203
860 37.41903305053711 -69.86470031738281
861 37.55432891845703 -69.4119644165039
862 37.63968276977539 -69.02247619628906
863 37.65687942504883 -68.65904998779297
864 37.58601760864258 -67.96125030517578
865 37.52641677856445 -67.85969543457031
866 37.8772087097168 -79.89087677001953
867 37.88397979736328 -80.04745483398438
868 37.90361785888672 -80.2763671875
869 37.89730453491211 -80.91594696044922
870 37.77948760986328 -81.49073028564453
871 37.541297912597656 -81.91748046875
872 37.39509582519531 -82.0599594116211
873 26.038375854492188 -79.80751037597656
874 25.933574676513672 -79.99581909179688
875 25.851194381713867 -80.41755676269531
876 25.8879451751709 -80.72527313232422
877 26.02771759033203 -80.9321060180664
878 26.348846435546875 -81.21199035644531
879 27.24444580078125 -81.8134994506836
880 27.50332260131836 -81.9589614868164
881 27.759737014770508 -82.12379455566406
882 28.05752944946289 -82.61398315429688
883 28.040403366088867 -83.11968994140625
884 27.87705421447754 -83.53138732910156
885 27.618642807006836 -83.82442474365234
886 27.127153396606445 -84.23870849609375
887 26.9536190032959 -84.42302703857422
888 33.46567916870117 -49.66190719604492
889 33.29661178588867 -49.749141693115234
890 32.82297897338867 -50.000858306884766
891 32.43899154663086 -50.19931411743164
892 32.183441162109375 -50.332984924316406
893 31.841001510620117 -50.51763153076172
894 31.359756469726562 -50.71902084350586
895 30.66248893737793 -50.9774284362793
896 30.331209182739258 -51.117942810058594
897 30.047189712524414 -51.26646041870117
898 29.83405113220215 -51.42913055419922
899 29.519811630249023 -51.75647735595703
900 29.09765625 -52.421260833740234
901 28.861469268798828 -52.92780303955078
902 28.76821517944336 -53.126861572265625
903 26.937437057495117 -61.558170318603516
904 27.090576171875 -61.735042572021484
905 27.37062644958496 -61.94260025024414
906 27.719974517822266 -62.13018798828125
907 28.74256706237793 -62.69990921020508
908 29.45049476623535 -63.08566665649414
909 29.9782657623291 -63.4914436340332
910 30.15643310546875 -63.77391052246094
911 30.31902503967285 -64.04014587402344
912 30.406034469604492 -64.21959686279297
913 22.41832733154297 -88.01703643798828
914 22.12595558166504 -88.13573455810547
915 21.812456130981445 -88.24775695800781
916 21.543832778930664 -88.34852600097656
917 21.190269470214844 -88.4993667602539
918 20.67919921875 -88.6530990600586
919 20.170673370361328 -88.66277313232422
920 19.8216609954834 -88.59231567382812
921 19.405698776245117 -88.44861602783203
922 19.095169067382812 -88.2140884399414
923 16.19712257385254 -78.2855453491211
924 16.051647186279297 -77.95054626464844
925 15.792840003967285 -77.49148559570312
926 15.551043510437012 -77.06197357177734
927 15.266376495361328 -76.70759582519531
928 15.118890762329102 -76.47648620605469
929 14.937015533447266 -76.02609252929688
930 14.70339298248291 -75.21633911132812
931 14.477781295776367 -74.229736328125
932 14.453935623168945 -73.97172546386719
933 14.539901733398438 -73.74618530273438
934 14.848276138305664 -73.3780746459961
935 15.35057544708252 -72.98670196533203
936 15.759394645690918 -72.82803344726562
937 16.70592498779297 -72.70348358154297
938 17.083505630493164 -72.76946258544922
939 17.480680465698242 -72.93456268310547
940 18.245811462402344 -73.2690200805664
941 18.58817481994629 -73.37405395507812
942 18.88351821899414 -73.42237854003906
943 19.408931732177734 -73.47175598144531
944 19.974727630615234 -73.51134490966797
945 20.527475357055664 -73.54855346679688
946 21.157085418701172 -73.59252166748047
947 21.53765106201172 -73.57878875732422
948 22.028247833251953 -73.44226837158203
949 22.5658016204834 -73.14684295654297
950 22.886859893798828 -72.79891204833984
951 22.926538467407227 -72.60337829589844
952 22.70330047607422 -72.32572937011719
953 21.938209533691406 -71.76118469238281
954 21.190547943115234 -71.24803924560547
955 20.789445877075195 -70.96503448486328
956 20.358224868774414 -70.6468734741211
957 19.793960571289062 -70.23480224609375
958 19.50417709350586 -70.00617218017578
959 19.001375198364258 -69.57405090332031
960 18.562477111816406 -69.18151092529297
961 18.219036102294922 -68.87814331054688
962 17.815996170043945 -68.49851989746094
963 17.532442092895508 -68.24368286132812
964 16.95966148376465 -67.74059295654297
965 16.768850326538086 -67.4870834350586
966 16.479328155517578 -66.89373779296875
967 16.27885627746582 -66.39341735839844
968 16.188087463378906 -66.0431137084961
969 16.095727920532227 -65.49091339111328
970 16.003726959228516 -64.81092071533203
971 15.889554023742676 -64.2000732421875
972 15.778090476989746 -63.70223617553711
973 15.736529350280762 -63.465545654296875
974 15.742269515991211 -63.114017486572266
975 15.782449722290039 -62.627159118652344
976 15.918231010437012 -62.11199188232422
977 16.068735122680664 -61.62405776977539
978 16.211753845214844 -61.06460189819336
979 16.23988151550293 -60.621925354003906
980 16.094005584716797 -60.244869232177734
981 15.702312469482422 -59.69334411621094
982 15.415058135986328 -59.35630416870117
983 15.136139869689941 -59.19099807739258
984 14.71032428741455 -59.010826110839844
985 14.437759399414062 -58.927337646484375
986 14.116732597351074 -58.874053955078125
987 13.898995399475098 -58.8695068359375
988 12.867193222045898 -59.060672760009766
989 12.382328033447266 -59.09072494506836
990 12.039532661437988 -59.15534591674805
991 11.75175952911377 -59.28321838378906
992 11.626409530639648 -59.58078384399414
993 11.527040481567383 -59.978694915771484
994 11.511575698852539 -60.46852493286133
995 11.574666023254395 -60.74338150024414
996 11.719990730285645 -61.08952331542969
997 11.955550193786621 -61.445674896240234
998 12.189787864685059 -61.7076416015625
999 12.25533390045166 -61.75199508666992
