0 65.1725845336914 55.3096809387207
1 65.23092651367188 55.43660354614258
2 65.42582702636719 55.67549133300781
3 65.62145233154297 55.85154342651367
4 65.87254333496094 55.98545837402344
5 66.62060546875 56.198028564453125
6 66.8156509399414 56.256317138671875
7 67.24419403076172 56.339603424072266
8 67.86276245117188 56.40578842163086
9 68.23868560791016 56.40352249145508
10 68.75141143798828 56.264610290527344
11 69.4275131225586 55.919708251953125
12 69.7379379272461 55.733768463134766
13 70.18226623535156 55.37905502319336
14 70.49179077148438 55.134742736816406
15 70.7762451171875 54.9166374206543
16 70.9155502319336 54.8292236328125
17 72.03272247314453 54.562992095947266
18 72.23638153076172 54.58314514160156
19 72.45536804199219 54.63478469848633
20 73.79621124267578 55.0722770690918
21 74.02489471435547 55.13536071777344
22 74.06510925292969 55.14630126953125
23 67.96590423583984 14.946210861206055
24 68.22599792480469 15.126455307006836
25 68.5157699584961 15.378142356872559
26 68.89392852783203 15.813583374023438
27 69.15476989746094 16.10671043395996
28 69.22283172607422 16.252098083496094
29 69.38746643066406 16.550588607788086
30 69.47211456298828 16.80523681640625
31 69.61406707763672 17.241172790527344
32 69.69315338134766 17.39759635925293
33 69.73392486572266 17.40125846862793
34 78.97279357910156 22.610973358154297
35 78.91502380371094 22.339319229125977
36 78.73345184326172 21.81817054748535
37 78.62249755859375 21.700241088867188
38 78.5648193359375 21.743915557861328
39 77.52928161621094 24.181106567382812
40 77.35569763183594 24.119626998901367
41 77.01509857177734 23.933317184448242
42 76.82856750488281 23.590801239013672
43 76.6247787475586 23.059953689575195
44 76.54529571533203 22.549924850463867
45 76.57677459716797 22.168729782104492
46 76.52123260498047 21.615833282470703
47 76.29390716552734 21.246973037719727
48 75.9370346069336 21.163843154907227
49 75.40155029296875 21.180696487426758
50 75.0468978881836 21.265222549438477
51 74.63323974609375 21.512601852416992
52 73.92823791503906 21.88896942138672
53 73.6971435546875 22.050376892089844
54 73.48243713378906 22.317947387695312
55 73.24173736572266 22.761280059814453
56 73.06362915039062 23.119890213012695
57 73.15684509277344 23.352596282958984
58 73.67017364501953 24.171979904174805
59 73.88047790527344 24.473798751831055
60 73.97521209716797 24.605993270874023
61 75.63018035888672 28.270580291748047
62 76.0165786743164 28.579978942871094
63 76.22369384765625 28.659679412841797
64 76.64561462402344 28.562660217285156
65 77.02023315429688 28.451486587524414
66 77.59368896484375 28.293079376220703
67 77.9561996459961 28.212247848510742
68 78.47368621826172 28.01850128173828
69 78.70753479003906 27.756650924682617
70 79.02101135253906 27.27571678161621
71 79.15353393554688 26.967416763305664
72 79.68829345703125 25.595718383789062
73 79.76909637451172 25.374242782592773
74 80.05388641357422 24.812719345092773
75 80.36219787597656 24.291494369506836
76 80.51773834228516 24.010971069335938
77 80.52732849121094 23.911508560180664
78 78.60415649414062 19.851560592651367
79 78.4285659790039 19.73528289794922
80 78.13137817382812 19.699222564697266
81 77.87873840332031 19.751277923583984
82 71.36376190185547 21.57012367248535
83 71.17092895507812 21.47918701171875
84 71.1099853515625 21.357954025268555
85 71.11758422851562 19.964218139648438
86 71.00751495361328 19.833147048950195
87 70.78614044189453 19.750093460083008
88 70.26425170898438 19.60405921936035
89 66.83399963378906 17.095964431762695
90 66.66907501220703 16.9332275390625
91 66.37239837646484 16.73998260498047
92 65.77235412597656 16.5178279876709
93 65.36334991455078 16.418607711791992
94 65.17404174804688 16.390005111694336
95 64.88134765625 16.37325096130371
96 63.75838088989258 16.33502769470215
97 63.129112243652344 16.306529998779297
98 62.878273010253906 16.303974151611328
99 62.798728942871094 16.331560134887695
100 84.08258819580078 24.856229782104492
101 84.20352935791016 24.92388153076172
102 85.22232818603516 25.440004348754883
103 85.36726379394531 25.51577377319336
104 85.57486724853516 25.435548782348633
105 85.74974060058594 25.288766860961914
106 86.47124481201172 24.300004959106445
107 86.6435775756836 24.063020706176758
108 86.85697937011719 23.81035041809082
109 87.38304138183594 22.467891693115234
110 87.45726776123047 22.13343048095703
111 87.55780792236328 21.186126708984375
112 87.69641876220703 20.88447380065918
113 87.8921127319336 20.58551025390625
114 88.12067413330078 20.43484115600586
115 88.71021270751953 20.344804763793945
116 88.9288558959961 20.3651180267334
117 89.33563995361328 20.428560256958008
118 91.66352844238281 20.694908142089844
119 91.7467269897461 20.71449089050293
120 92.01826477050781 20.963623046875
121 92.39983367919922 21.343311309814453
122 92.72068786621094 21.759485244750977
123 92.8835220336914 22.08002471923828
124 93.07579040527344 22.659244537353516
125 93.18119812011719 23.30442237854004
126 93.19139099121094 23.68416404724121
127 93.021484375 24.291025161743164
128 92.87535858154297 24.535015106201172
129 92.54187774658203 24.866275787353516
130 92.1645736694336 25.14178466796875
131 91.85740661621094 25.26789093017578
132 91.3171157836914 25.399980545043945
133 90.96604919433594 25.438810348510742
134 90.41207885742188 25.542083740234375
135 90.13213348388672 25.607084274291992
136 89.18955993652344 26.07778549194336
137 89.1423110961914 26.22631072998047
138 89.06982421875 26.50557518005371
139 88.68769836425781 27.63348388671875
140 88.59124755859375 27.951841354370117
141 88.35810852050781 28.579111099243164
142 88.27100372314453 28.85976219177246
143 88.15264892578125 29.38417625427246
144 88.07610321044922 29.599075317382812
145 87.45211029052734 30.507503509521484
146 87.18885803222656 30.578895568847656
147 86.81102752685547 30.550369262695312
148 86.39155578613281 30.315967559814453
149 86.11597442626953 30.12973976135254
150 85.56399536132812 29.5682315826416
151 85.31901550292969 29.29863739013672
152 76.70267486572266 18.171194076538086
153 76.56253814697266 18.006248474121094
154 76.28692626953125 17.644472122192383
155 75.94519805908203 17.15117073059082
156 75.72176361083984 16.70527458190918
157 75.46052551269531 16.15178680419922
158 75.24308776855469 15.627824783325195
159 74.91643524169922 14.590463638305664
160 74.8780517578125 14.397384643554688
161 74.83423614501953 14.036099433898926
162 74.79972076416016 13.8243989944458
163 74.76058959960938 13.668076515197754
164 75.24411010742188 5.428899765014648
165 75.19725799560547 4.879384517669678
166 75.08627319335938 4.340932846069336
167 74.95547485351562 4.074665069580078
168 74.71135711669922 3.9320132732391357
169 74.2242431640625 3.8924384117126465
170 73.8719482421875 3.9500837326049805
171 72.82606506347656 12.007567405700684
172 72.79083251953125 12.174195289611816
173 72.74886322021484 12.292956352233887
174 71.07674407958984 24.540983200073242
175 71.10623931884766 24.753877639770508
176 71.18356323242188 25.363666534423828
177 71.21060943603516 25.58027458190918
178 71.09889221191406 25.70212745666504
179 69.86226654052734 26.299388885498047
180 69.72159576416016 26.393577575683594
181 69.55142974853516 26.569896697998047
182 69.33724212646484 26.777307510375977
183 68.88496398925781 27.03797149658203
184 68.03397369384766 27.156673431396484
185 67.62384033203125 27.15155792236328
186 67.24340057373047 27.08647346496582
187 66.75513458251953 27.053842544555664
188 66.5853500366211 27.042516708374023
189 66.09683990478516 27.106782913208008
190 65.81011962890625 27.17022132873535
191 65.1711196899414 27.29489517211914
192 64.93256378173828 27.257814407348633
193 64.35671997070312 27.0938777923584
194 64.16609191894531 27.1226806640625
195 63.738704681396484 27.36490249633789
196 63.67823791503906 27.538297653198242
197 63.8596076965332 28.565534591674805
198 64.14823913574219 28.997760772705078
199 64.4404067993164 29.32908058166504
200 64.95299530029297 30.052696228027344
201 65.14643096923828 30.27568244934082
202 65.62338256835938 30.57219696044922
203 65.80184936523438 30.64288902282715
204 67.14305114746094 30.686098098754883
205 67.54354858398438 30.651247024536133
206 67.75617980957031 30.621809005737305
207 68.96136474609375 30.307281494140625
208 69.19482421875 30.266155242919922
209 69.57987976074219 30.216394424438477
210 69.78057861328125 30.214662551879883
211 77.78317260742188 41.5736083984375
212 77.70112609863281 41.50335693359375
213 77.46965789794922 41.44595718383789
214 73.2497787475586 31.11281394958496
215 73.08068084716797 30.824777603149414
216 72.79209899902344 30.39675521850586
217 72.51329803466797 30.069921493530273
218 72.28868103027344 29.756776809692383
219 72.14476776123047 29.359582901000977
220 72.05148315429688 29.133838653564453
221 71.75275421142578 28.524070739746094
222 71.53899383544922 27.961246490478516
223 71.53125 27.82819938659668
224 81.65032958984375 41.28682327270508
225 81.78944396972656 41.18695068359375
226 82.0445327758789 40.880043029785156
227 82.52078247070312 40.082977294921875
228 82.7046127319336 39.926143646240234
229 82.84660339355469 39.54144287109375
230 83.03323364257812 39.318504333496094
231 84.10343170166016 38.39386749267578
232 84.40115356445312 38.3276252746582
233 84.85047149658203 38.4999885559082
234 85.10592651367188 38.73653793334961
235 85.41780090332031 39.31385040283203
236 85.68819427490234 40.20975112915039
237 85.8187484741211 40.58794403076172
238 85.82012176513672 40.77676773071289
239 85.45771026611328 41.12468719482422
240 85.2107162475586 41.452911376953125
241 84.94047546386719 41.729591369628906
242 84.40376281738281 42.144287109375
243 84.28622436523438 42.18293380737305
244 73.70396423339844 39.22578430175781
245 73.61417388916016 39.34580612182617
246 73.33502960205078 39.718109130859375
247 73.07493591308594 39.929561614990234
248 72.6230239868164 40.224334716796875
249 72.05217742919922 40.36331558227539
250 71.76353454589844 40.471458435058594
251 71.3821029663086 40.73774337768555
252 71.1560287475586 41.05860900878906
253 70.9619369506836 41.42604064941406
254 71.13504028320312 42.48936462402344
255 71.29380798339844 42.641239166259766
256 72.00003814697266 42.931583404541016
257 72.36328887939453 42.965999603271484
258 72.69466400146484 43.00532913208008
259 73.0655746459961 42.845481872558594
260 73.46351623535156 42.5953369140625
261 74.12478637695312 42.35523986816406
262 74.52159881591797 42.28831100463867
263 74.71370697021484 42.30225372314453
264 75.41960906982422 43.174991607666016
265 75.62965393066406 43.685752868652344
266 75.71147155761719 43.91111755371094
267 75.75736999511719 43.993675231933594
268 76.77041625976562 38.397193908691406
269 76.74457550048828 38.31083297729492
270 76.70130920410156 38.26846694946289
271 67.79895782470703 38.386695861816406
272 67.82698822021484 38.463134765625
273 68.33009338378906 38.70071029663086
274 68.75997161865234 38.7330207824707
275 69.20560455322266 38.72768783569336
276 69.76377868652344 38.66940689086914
277 70.1896743774414 38.524234771728516
278 71.44205474853516 37.95852279663086
279 71.64707946777344 37.80311584472656
280 72.16343688964844 37.32835006713867
281 72.27842712402344 37.220787048339844
282 72.30730438232422 37.12395477294922
283 72.1908950805664 35.76322555541992
284 72.10997772216797 35.1728630065918
285 72.01020812988281 34.79522705078125
286 71.79788970947266 34.41972732543945
287 71.54046630859375 34.096004486083984
288 71.0234603881836 33.770938873291016
289 70.3306655883789 33.359352111816406
290 69.83146667480469 33.235267639160156
291 69.4551773071289 33.213157653808594
292 69.13484954833984 33.26608657836914
293 68.82430267333984 33.73008728027344
294 68.42750549316406 34.41838455200195
295 68.24090576171875 34.695072174072266
296 68.02610778808594 35.11389923095703
297 68.00110626220703 35.369911193847656
298 68.51483917236328 35.96475601196289
299 68.85089111328125 36.05317306518555
300 69.16789245605469 36.03777313232422
301 69.68643951416016 36.22023391723633
302 69.96304321289062 36.3735237121582
303 70.1996841430664 36.523921966552734
304 70.43467712402344 36.601898193359375
305 79.13518524169922 44.31278610229492
306 79.15876770019531 44.56281661987305
307 79.1249008178711 44.812381744384766
308 78.96672821044922 45.337196350097656
309 78.82581329345703 45.52739334106445
310 78.52168273925781 45.997161865234375
311 78.32477569580078 46.14311218261719
312 77.69135284423828 46.52173614501953
313 77.41145324707031 46.63314437866211
314 76.29115295410156 46.762577056884766
315 76.1377944946289 46.761756896972656
316 71.36395263671875 46.467369079589844
317 71.35706329345703 46.36568069458008
318 71.43756866455078 46.11750030517578
319 72.1293716430664 45.60923767089844
320 72.53655242919922 45.587677001953125
321 73.0510482788086 45.82137680053711
322 73.51451873779297 46.379425048828125
323 73.8521499633789 47.33529281616211
324 73.88241577148438 47.558929443359375
325 73.6598129272461 48.431243896484375
326 73.39604187011719 48.713253021240234
327 73.04717254638672 48.888404846191406
328 72.31285858154297 49.14942932128906
329 71.97280883789062 49.26594161987305
330 71.42047882080078 49.90824890136719
331 71.38615417480469 50.10851287841797
332 71.57380676269531 50.44586181640625
333 72.5995101928711 51.07267379760742
334 72.80137634277344 51.16453552246094
335 73.86636352539062 51.416324615478516
336 74.32085418701172 51.418025970458984
337 74.62306213378906 51.37123489379883
338 75.4281234741211 50.99924087524414
339 75.7085189819336 50.81508255004883
340 76.47991943359375 50.29833984375
341 76.75284576416016 50.08721160888672
342 77.01929473876953 49.847171783447266
343 77.07073974609375 49.7342414855957
344 69.50932312011719 47.603172302246094
345 69.42280578613281 47.47892761230469
346 69.1290283203125 46.51799774169922
347 69.00787353515625 46.20686340332031
348 68.81378173828125 45.7432975769043
349 68.60354614257812 45.23976516723633
350 68.51911163330078 45.107757568359375
351 67.8271484375 44.761199951171875
352 67.55521392822266 44.69629669189453
353 67.00163269042969 44.654563903808594
354 66.87065887451172 44.741153717041016
355 66.57035827636719 45.14108657836914
356 65.98860931396484 45.81819152832031
357 65.60879516601562 46.18776321411133
358 65.25358581542969 46.34217834472656
359 64.67822265625 45.94037628173828
360 64.53633117675781 45.70774459838867
361 64.5601806640625 45.05288314819336
362 64.63363647460938 44.484439849853516
363 64.634033203125 43.68980026245117
364 64.55010986328125 43.095245361328125
365 64.4652099609375 42.493873596191406
366 64.51509857177734 42.069271087646484
367 64.69456481933594 41.8533821105957
368 65.16533660888672 41.48052215576172
369 66.06749725341797 41.059139251708984
370 66.29825592041016 41.069644927978516
371 66.67728424072266 41.22938919067383
372 67.16595458984375 41.458534240722656
373 67.92818450927734 41.78858947753906
374 68.16771697998047 41.805702209472656
375 75.33346557617188 40.12189483642578
376 75.45130157470703 40.17291259765625
377 75.57786560058594 40.30153274536133
378 75.71025085449219 40.52320098876953
379 83.10456848144531 27.830230712890625
380 83.1170654296875 27.657136917114258
381 83.07356262207031 27.36767578125
382 82.74188995361328 26.580078125
383 82.65525817871094 26.370529174804688
384 80.13904571533203 14.535002708435059
385 80.10132598876953 14.236235618591309
386 79.56998443603516 13.823043823242188
387 79.07524108886719 13.584792137145996
388 78.59037780761719 13.396484375
389 78.37523651123047 13.349085807800293
390 77.97176361083984 15.858231544494629
391 77.96012115478516 16.104244232177734
392 77.98726654052734 16.41975212097168
393 78.09001922607422 16.84758186340332
394 78.31053161621094 17.106508255004883
395 78.82984924316406 17.357690811157227
396 79.39852142333984 17.479816436767578
397 79.64270782470703 17.404525756835938
398 80.0737075805664 17.10761260986328
399 80.39807891845703 16.89900779724121
400 80.75975799560547 16.72259521484375
401 81.59895324707031 16.730077743530273
402 81.6397705078125 16.92987823486328
403 81.53045654296875 17.98250389099121
404 81.46121978759766 18.44597625732422
405 81.31875610351562 19.09572982788086
406 81.29107666015625 19.43638801574707
407 81.31832885742188 19.993488311767578
408 81.57247924804688 20.511293411254883
409 81.78916931152344 20.81319236755371
410 82.36839294433594 21.321430206298828
411 82.94879913330078 21.575050354003906
412 83.40230560302734 21.657697677612305
413 83.56108856201172 21.545787811279297
414 83.75714874267578 20.97661781311035
415 83.86773681640625 20.384796142578125
416 84.03345489501953 19.787784576416016
417 84.14373779296875 19.324007034301758
418 84.26881408691406 18.976606369018555
419 84.60501861572266 18.18595314025879
420 84.96477508544922 17.452327728271484
421 85.09119415283203 17.152637481689453
422 85.19456481933594 16.78514289855957
423 85.24081420898438 16.353729248046875
424 85.2105941772461 16.005510330200195
425 85.17982482910156 15.731195449829102
426 85.15758514404297 15.435924530029297
427 85.44644927978516 13.004815101623535
428 85.67776489257812 13.002891540527344
429 86.04601287841797 13.011954307556152
430 86.4917221069336 13.01767635345459
431 87.02532958984375 13.115387916564941
432 87.23551177978516 13.216278076171875
433 87.50984191894531 13.478849411010742
434 87.65473175048828 13.632126808166504
435 88.57476043701172 15.158348083496094
436 88.81843566894531 15.213374137878418
437 89.23555755615234 15.139219284057617
438 90.1324462890625 14.601927757263184
439 90.34532165527344 13.938364028930664
440 90.34757232666016 13.57852554321289
441 90.20858764648438 13.105687141418457
442 90.05265808105469 12.583888053894043
443 89.99947357177734 12.372969627380371
444 89.9848861694336 11.748321533203125
445 89.8930435180664 11.5000581741333
446 89.17326354980469 10.729223251342773
447 89.0382308959961 10.58985710144043
448 88.81532287597656 10.477949142456055
449 88.4002914428711 10.213569641113281
450 87.96529388427734 9.896410942077637
451 87.4427490234375 9.482133865356445
452 87.14568328857422 9.246033668518066
453 86.60570526123047 8.815690040588379
454 86.23809814453125 8.546870231628418
455 86.06719207763672 8.452595710754395
456 59.013790130615234 17.18642234802246
457 59.124290466308594 17.275739669799805
458 59.40342330932617 17.44925308227539
459 59.645843505859375 17.56865119934082
460 60.17563247680664 17.872102737426758
461 60.49726486206055 18.071125030517578
462 60.765174865722656 18.32306480407715
463 61.15205383300781 18.844635009765625
464 61.600521087646484 19.662282943725586
465 61.70668411254883 19.969539642333984
466 61.90388107299805 20.398210525512695
467 61.9525260925293 20.843791961669922
468 62.025962829589844 21.246898651123047
469 62.115055084228516 21.90171241760254
470 62.172481536865234 22.433507919311523
471 62.16801452636719 23.221513748168945
472 62.2105598449707 23.535160064697266
473 62.28467559814453 23.835256576538086
474 62.67959213256836 24.1031551361084
475 63.017982482910156 24.14118194580078
476 63.81897735595703 24.096355438232422
477 64.01539611816406 24.09054946899414
478 64.17765045166016 24.00023078918457
479 65.14415740966797 23.186683654785156
480 65.25218963623047 23.00979995727539
481 66.25575256347656 21.186670303344727
482 66.46051025390625 21.149255752563477
483 66.6688461303711 21.465511322021484
484 66.61630249023438 21.897478103637695
485 66.242919921875 22.27531623840332
486 65.97315216064453 22.282482147216797
487 64.97774505615234 21.8971004486084
488 64.60279083251953 21.792329788208008
489 64.06348419189453 21.690603256225586
490 60.31916427612305 22.00016212463379
491 59.98793411254883 21.828128814697266
492 59.672664642333984 21.438030242919922
493 59.378536224365234 20.93650245666504
494 59.263492584228516 20.68107032775879
495 59.2983283996582 20.533891677856445
496 62.689334869384766 19.12545394897461
497 63.02312088012695 18.992841720581055
498 63.244224548339844 19.033262252807617
499 64.1165542602539 19.337862014770508
500 64.38166809082031 19.44523048400879
501 64.74349212646484 19.675334930419922
502 67.44014739990234 23.485820770263672
503 67.7708511352539 23.827482223510742
504 68.05168914794922 23.913227081298828
505 68.62195587158203 23.79709243774414
506 68.8022689819336 23.654401779174805
507 69.05171203613281 23.09751319885254
508 69.0351791381836 22.567411422729492
509 68.97172546386719 22.189943313598633
510 68.92491149902344 21.677833557128906
511 68.82655334472656 21.330799102783203
512 68.51475524902344 20.288604736328125
513 68.35469055175781 19.854034423828125
514 68.17205810546875 19.56621742248535
515 67.79097747802734 19.039669036865234
516 67.69363403320312 18.926544189453125
517 68.91415405273438 5.904430389404297
518 69.19546508789062 6.118331432342529
519 69.4178237915039 6.309969902038574
520 69.61454010009766 6.548023223876953
521 69.7777099609375 6.921057224273682
522 69.99458312988281 7.481905460357666
523 70.0119400024414 7.816756248474121
524 69.95378112792969 8.519218444824219
525 69.86365509033203 8.81845760345459
526 69.48765563964844 9.93840217590332
527 69.48651885986328 10.146470069885254
528 69.76844024658203 10.734870910644531
529 69.90634155273438 11.210426330566406
530 69.99457550048828 11.53268814086914
531 70.1413803100586 11.902053833007812
532 70.3396224975586 12.469762802124023
533 70.53248596191406 13.03210163116455
534 70.69208526611328 13.378316879272461
535 71.1274185180664 14.149855613708496
536 71.48612976074219 14.700211524963379
537 71.76191711425781 15.0634183883667
538 72.04330444335938 15.286903381347656
539 72.36399841308594 15.484878540039062
540 72.82096862792969 15.736255645751953
541 73.0506820678711 15.921772956848145
542 73.20289611816406 16.466249465942383
543 73.16275024414062 16.73577880859375
544 72.88050079345703 17.26537322998047
545 72.39900207519531 17.82854652404785
546 72.22115325927734 18.282621383666992
547 72.3073501586914 18.60965347290039
548 72.62720489501953 18.772933959960938
549 73.43463134765625 18.77140998840332
550 73.61557006835938 18.70332145690918
551 74.05077362060547 18.659740447998047
552 74.69141387939453 18.745147705078125
553 74.95354461669922 18.783029556274414
554 75.1917495727539 18.81087303161621
555 79.23563385009766 40.05773162841797
556 79.20260620117188 40.01929473876953
557 78.79808044433594 39.381019592285156
558 78.76687622070312 39.06875991821289
559 78.98455047607422 38.49281311035156
560 79.29090118408203 38.09011459350586
561 79.51941680908203 37.82341384887695
562 79.91718292236328 37.56610107421875
563 80.40523529052734 37.36084747314453
564 80.54188537597656 37.31013107299805
565 65.00596618652344 38.59250259399414
566 65.00155639648438 38.58168029785156
567 73.65164184570312 27.383859634399414
568 73.70327758789062 27.1217041015625
569 73.77385711669922 27.010610580444336
570 74.55170440673828 26.395267486572266
571 74.92011260986328 26.083587646484375
572 75.41322326660156 25.875669479370117
573 75.6465835571289 25.840024948120117
574 75.73371124267578 25.876062393188477
575 74.74270629882812 37.06268310546875
576 74.78609466552734 36.834232330322266
577 74.86720275878906 36.490028381347656
578 74.82581329345703 36.29548645019531
579 74.72636413574219 35.975772857666016
580 74.44489288330078 35.098514556884766
581 74.33882141113281 34.71714401245117
582 74.30416870117188 34.45657730102539
583 74.30097198486328 34.027645111083984
584 74.6538314819336 33.404205322265625
585 74.90977478027344 33.333499908447266
586 75.45591735839844 33.577640533447266
587 75.86670684814453 33.897308349609375
588 77.53629302978516 35.384456634521484
589 77.7284927368164 35.30251693725586
590 77.97482299804688 34.91392135620117
591 77.97095489501953 34.656776428222656
592 77.63728332519531 33.880645751953125
593 77.54578399658203 33.6202507019043
594 77.5319595336914 33.170745849609375
595 77.73763275146484 32.34907531738281
596 77.79478454589844 32.107666015625
597 77.96660614013672 31.844438552856445
598 78.22920227050781 31.553115844726562
599 78.53058624267578 31.37617301940918
600 78.98123168945312 31.180706024169922
601 79.34442901611328 31.065305709838867
602 79.80021667480469 30.86766815185547
603 80.20609283447266 30.759071350097656
604 80.77565002441406 30.655746459960938
605 81.1897964477539 30.63576316833496
606 81.73722076416016 30.845500946044922
607 82.11200714111328 31.134658813476562
608 82.24092102050781 31.40396499633789
609 82.27911376953125 31.83342933654785
610 82.28189086914062 32.19473648071289
611 82.28575134277344 32.48497772216797
612 82.3611068725586 32.76919174194336
613 82.59677124023438 33.32603454589844
614 82.80653381347656 33.80758285522461
615 82.95738220214844 34.26434326171875
616 83.06255340576172 34.54619216918945
617 83.14360046386719 34.91390609741211
618 83.21006774902344 35.29218292236328
619 83.22135925292969 35.617313385009766
620 81.72626495361328 43.7305793762207
621 81.87278747558594 44.20331573486328
622 81.93572998046875 44.542701721191406
623 81.9813003540039 44.983455657958984
624 82.00947570800781 45.20539855957031
625 81.959228515625 46.019596099853516
626 81.94886779785156 46.104698181152344
627 67.78799438476562 50.5382080078125
628 67.54082489013672 50.49277877807617
629 66.94851684570312 50.309452056884766
630 66.65736389160156 50.205291748046875
631 66.255859375 50.06499099731445
632 66.02894592285156 49.974666595458984
633 65.63984680175781 49.766361236572266
634 65.1093978881836 49.52577590942383
635 64.65280151367188 49.38096618652344
636 64.45045471191406 49.30670166015625
637 63.571319580078125 48.85868453979492
638 63.41626739501953 48.768550872802734
639 62.31333541870117 47.756683349609375
640 62.20834732055664 47.58729553222656
641 62.17500686645508 47.34912109375
642 62.22395324707031 46.517250061035156
643 62.23548126220703 46.2521858215332
644 62.281227111816406 45.97844696044922
645 62.28944396972656 45.80742263793945
646 62.292274475097656 45.55318832397461
647 62.33477783203125 45.134674072265625
648 62.66243362426758 44.04824447631836
649 62.681724548339844 43.99711227416992
650 56.0849609375 20.960344314575195
651 55.9726448059082 20.958093643188477
652 55.56217956542969 21.00242805480957
653 55.34027099609375 21.073789596557617
654 50.12480163574219 45.09123611450195
655 50.39773941040039 44.908695220947266
656 50.50039291381836 44.772640228271484
657 50.64004898071289 44.28644561767578
658 51.02396011352539 43.69247817993164
659 51.00144958496094 43.50334167480469
660 50.894676208496094 42.70600509643555
661 50.81748580932617 42.31655502319336
662 50.60540008544922 41.6626091003418
663 50.42009735107422 41.25168228149414
664 50.303253173828125 41.0782356262207
665 49.39811706542969 40.74951171875
666 49.34624099731445 40.72123336791992
667 51.086753845214844 23.64116096496582
668 50.90436553955078 23.684436798095703
669 49.97207260131836 24.030319213867188
670 49.52481460571289 24.223892211914062
671 49.28983688354492 24.361488342285156
672 48.89895248413086 24.629003524780273
673 48.83012390136719 24.68775749206543
674 48.83147430419922 24.7287540435791
675 52.723602294921875 40.03654861450195
676 53.016353607177734 40.107093811035156
677 53.2657356262207 40.20491409301758
678 53.41883087158203 40.24287414550781
679 56.2120475769043 15.60111141204834
680 56.29269027709961 15.479317665100098
681 56.49530792236328 15.215673446655273
682 56.697959899902344 14.926553726196289
683 57.13107681274414 14.276529312133789
684 57.512664794921875 13.628217697143555
685 57.7578239440918 13.155996322631836
686 58.012691497802734 12.705215454101562
687 58.07339859008789 12.520170211791992
688 58.13344955444336 12.345038414001465
689 58.274261474609375 11.230528831481934
690 58.332275390625 10.930583953857422
691 58.433834075927734 10.58430290222168
692 58.66427993774414 9.912507057189941
693 58.8198127746582 9.510961532592773
694 58.9856071472168 9.064339637756348
695 59.09457778930664 8.720331192016602
696 59.175235748291016 8.537208557128906
697 59.75931167602539 7.590670585632324
698 59.90290069580078 7.406807899475098
699 60.16922378540039 7.2324137687683105
700 60.579139709472656 7.031877517700195
701 60.97451400756836 6.8271355628967285
702 61.245155334472656 6.720204830169678
703 62.707122802734375 6.217065811157227
704 63.07996368408203 6.191932678222656
705 63.938621520996094 6.33500337600708
706 64.49652862548828 6.51566743850708
707 64.72933959960938 6.633959770202637
708 65.01128387451172 6.894087791442871
709 65.28799438476562 7.201369285583496
710 65.7321548461914 7.766326904296875
711 66.08573150634766 8.187507629394531
712 66.26046752929688 8.374031066894531
713 81.37522888183594 11.35694694519043
714 81.46019744873047 11.144377708435059
715 81.51225280761719 10.86855697631836
716 81.45966339111328 9.823515892028809
717 81.29798126220703 9.223714828491211
718 81.1163330078125 8.916058540344238
719 80.86884307861328 8.642987251281738
720 80.59898376464844 8.435880661010742
721 79.443115234375 7.847602367401123
722 79.21795654296875 7.882545471191406
723 78.7616958618164 8.091277122497559
724 78.29244232177734 8.371232032775879
725 77.80120849609375 8.839296340942383
726 77.4991683959961 9.246886253356934
727 77.4225082397461 9.40719223022461
728 76.91653442382812 10.384540557861328
729 76.69252014160156 10.622230529785156
730 76.20264434814453 10.962285995483398
731 75.42059326171875 10.80782699584961
732 75.21405029296875 10.678271293640137
733 74.6047134399414 9.970076560974121
734 74.34051513671875 9.659963607788086
735 74.1553726196289 9.430105209350586
736 73.5916519165039 9.06189250946045
737 73.32295227050781 9.08056926727295
738 72.85043334960938 9.282269477844238
739 72.52466583251953 9.566607475280762
740 72.01868438720703 10.082147598266602
741 71.83576965332031 10.252484321594238
742 67.34945678710938 12.750317573547363
743 67.15660095214844 12.882390975952148
744 66.99078369140625 13.080424308776855
745 66.86337280273438 13.212122917175293
746 66.06348419189453 13.398691177368164
747 65.78111267089844 13.353842735290527
748 65.66590881347656 13.201141357421875
749 65.57669067382812 12.743996620178223
750 65.49642944335938 12.169538497924805
751 65.37521362304688 11.919901847839355
752 64.98344421386719 11.59487533569336
753 64.24592590332031 11.582401275634766
754 63.7618408203125 11.748133659362793
755 63.53778076171875 12.088325500488281
756 63.36708068847656 12.546849250793457
757 63.228389739990234 12.99241828918457
758 63.20321273803711 13.057944297790527
759 62.07860565185547 33.44168472290039
760 62.19087219238281 33.39115905761719
761 62.53354263305664 33.139251708984375
762 62.83578872680664 33.0623664855957
763 63.20566177368164 33.14002990722656
764 63.95713806152344 33.42383575439453
765 64.11314392089844 33.65453338623047
766 64.29112243652344 34.68775177001953
767 64.241455078125 35.40994644165039
768 64.15489196777344 35.68152618408203
769 63.83207321166992 36.18878936767578
770 63.39082717895508 36.83026123046875
771 63.21828079223633 37.0923957824707
772 62.503013610839844 38.04170227050781
773 62.273231506347656 38.43020248413086
774 62.13105773925781 38.70960235595703
775 61.82967758178711 39.295467376708984
776 61.5809440612793 39.35175704956055
777 61.146690368652344 39.247100830078125
778 60.844844818115234 38.84800338745117
779 60.58316421508789 38.303993225097656
780 60.4219856262207 37.83867645263672
781 60.36463928222656 37.6215705871582
782 60.17734146118164 36.491546630859375
783 60.122039794921875 36.12759017944336
784 59.97667694091797 35.653743743896484
785 59.816566467285156 35.20528793334961
786 59.40553283691406 34.52888107299805
787 59.22998046875 34.26697540283203
788 59.119956970214844 34.06608581542969
789 58.89345169067383 33.620445251464844
790 58.77962112426758 33.488101959228516
791 53.90732955932617 29.793903350830078
792 53.80583572387695 29.57599449157715
793 53.72588348388672 29.3249568939209
794 53.58564376831055 28.617582321166992
795 53.52687072753906 28.232553482055664
796 53.516685485839844 27.553424835205078
797 53.69502258300781 27.185766220092773
798 54.02426528930664 26.66700553894043
799 54.19392776489258 26.40153694152832
800 54.464996337890625 26.083864212036133
801 54.81304931640625 25.56020164489746
802 55.0683708190918 25.430782318115234
803 55.599891662597656 25.17380714416504
804 55.822509765625 25.13145637512207
805 56.310665130615234 25.15265464782715
806 56.62897491455078 25.17561149597168
807 57.8895149230957 25.53215789794922
808 58.31239318847656 25.836803436279297
809 58.4041748046875 25.957273483276367
810 58.46393585205078 26.22550392150879
811 57.09108352661133 33.051353454589844
812 56.98904037475586 33.31970977783203
813 56.82413101196289 33.691375732421875
814 56.68515396118164 33.866363525390625
815 56.32943344116211 34.610923767089844
816 56.17985916137695 35.01406478881836
817 56.012367248535156 35.307884216308594
818 55.66978454589844 35.695213317871094
819 55.359886169433594 35.91155242919922
820 55.15983200073242 36.15393829345703
821 54.956180572509766 36.642276763916016
822 55.102638244628906 37.84318923950195
823 55.26814651489258 38.00264358520508
824 55.73332214355469 38.13666915893555
825 56.225040435791016 38.21736526489258
826 56.441307067871094 38.155609130859375
827 57.030982971191406 37.90605545043945
828 57.286888122558594 37.762908935546875
829 57.405155181884766 37.49684143066406
830 57.47183609008789 37.37455368041992
831 53.12293243408203 32.36050033569336
832 52.82549285888672 32.141170501708984
833 52.535552978515625 31.9539794921875
834 51.80301284790039 31.29906463623047
835 51.544681549072266 31.224275588989258
836 51.064971923828125 31.072431564331055
837 50.780235290527344 31.101402282714844
838 50.445980072021484 31.256181716918945
839 50.229244232177734 31.557859420776367
840 50.32298278808594 32.07734298706055
841 50.42096710205078 32.57060241699219
842 50.57394027709961 33.454803466796875
843 50.57600021362305 33.77709197998047
844 50.49267578125 34.37934112548828
845 50.413692474365234 34.72011184692383
846 50.236637115478516 34.993865966796875
847 49.835121154785156 35.29427719116211
848 49.492713928222656 35.45446014404297
849 49.23321533203125 35.52838134765625
850 48.547054290771484 35.634559631347656
851 48.346214294433594 35.60566329956055
852 47.9166145324707 35.301002502441406
853 47.666133880615234 35.08590316772461
854 46.96110916137695 34.0775032043457
855 46.808006286621094 33.668235778808594
856 46.92321014404297 33.12602615356445
857 47.120357513427734 32.840362548828125
858 47.32977294921875 32.71066665649414
859 47.69809341430664 32.60586166381836
860 47.94766616821289 32.641414642333984
861 50.07289505004883 37.37236785888672
862 50.29460525512695 37.455291748046875
863 50.69980239868164 37.576576232910156
864 51.138553619384766 37.605899810791016
865 51.35036849975586 37.50153732299805
866 52.274051666259766 36.88381576538086
867 52.54145431518555 36.65518569946289
868 52.79511642456055 36.43101501464844
869 53.68159484863281 35.409400939941406
870 53.809574127197266 35.116214752197266
871 54.38578414916992 33.96026611328125
872 54.5620231628418 33.5704231262207
873 54.9344482421875 32.62056350708008
874 55.112953186035156 32.117279052734375
875 55.257484436035156 31.673580169677734
876 55.746212005615234 30.55375862121582
877 55.89833068847656 30.333463668823242
878 56.17259216308594 30.056690216064453
879 56.51087951660156 29.727895736694336
880 57.06846618652344 29.327404022216797
881 57.42836380004883 29.234363555908203
882 58.01544189453125 29.283052444458008
883 58.7203483581543 29.33460807800293
884 59.02839660644531 29.417682647705078
885 59.50181198120117 29.954572677612305
886 59.633323669433594 30.17301368713379
887 60.082183837890625 30.922142028808594
888 60.25236511230469 31.19731330871582
889 60.415470123291016 31.528100967407227
890 60.541358947753906 31.764745712280273
891 61.82341003417969 52.716209411621094
892 62.2492790222168 52.093570709228516
893 62.44470977783203 51.84233474731445
894 62.65382766723633 51.60710906982422
895 63.03968048095703 51.29807662963867
896 63.15639877319336 51.17786407470703
897 63.23841094970703 51.12325668334961
898 61.04457092285156 49.06617736816406
899 60.8609619140625 49.23122787475586
900 60.571807861328125 49.68913650512695
901 60.372379302978516 50.08232116699219
902 60.28007888793945 50.339988708496094
903 60.09623336791992 50.63252258300781
904 59.90843963623047 50.69113540649414
905 59.18170166015625 50.253849029541016
906 58.63432693481445 50.392520904541016
907 58.01630783081055 50.96202850341797
908 57.62824249267578 51.472713470458984
909 57.38627243041992 51.601810455322266
910 57.10136413574219 51.738059997558594
911 56.64835739135742 51.63961410522461
912 56.359535217285156 51.433372497558594
913 56.16527557373047 51.373558044433594
914 55.99885177612305 51.321044921875
915 55.54555130004883 51.28207778930664
916 54.98908615112305 51.24483871459961
917 53.63593292236328 52.02803421020508
918 53.625205993652344 52.15440368652344
919 53.726966857910156 52.56049346923828
920 54.0343017578125 53.01390838623047
921 54.344058990478516 53.283939361572266
922 55.41902542114258 54.049156188964844
923 55.87462615966797 54.376583099365234
924 56.03825759887695 54.62278747558594
925 56.261985778808594 54.809879302978516
926 57.310054779052734 55.07390594482422
927 57.63868713378906 55.10026550292969
928 58.08430862426758 55.09843063354492
929 58.39996337890625 54.92939758300781
930 58.77607727050781 54.623897552490234
931 59.08647918701172 54.2840576171875
932 59.5421257019043 53.555545806884766
933 59.60066604614258 53.44163513183594
934 56.344356536865234 48.892822265625
935 56.32196807861328 48.88825607299805
936 56.35951232910156 48.91067123413086
937 57.70534133911133 48.6070556640625
938 57.623870849609375 48.250701904296875
939 57.3624153137207 47.979835510253906
940 57.180912017822266 47.90260696411133
941 56.3482666015625 47.670921325683594
942 56.185264587402344 47.645633697509766
943 54.14338302612305 48.18862533569336
944 53.91624069213867 48.22232437133789
945 53.39054489135742 48.44015884399414
946 53.12754440307617 48.52995681762695
947 52.74165725708008 48.577972412109375
948 52.40126419067383 48.5714111328125
949 52.19532775878906 48.566280364990234
950 51.40546798706055 48.52268600463867
951 51.19316864013672 48.46685791015625
952 50.65441131591797 48.18592071533203
953 50.189632415771484 47.965599060058594
954 50.00437927246094 47.856563568115234
955 49.821170806884766 47.72528839111328
956 60.45018005371094 41.878787994384766
957 60.39104461669922 41.90432357788086
958 60.20761489868164 42.031063079833984
959 58.93180847167969 42.69357681274414
960 58.35268783569336 42.888389587402344
961 57.79778289794922 42.911888122558594
962 57.42457962036133 42.83496856689453
963 56.77582931518555 42.38514709472656
964 56.610504150390625 42.134063720703125
965 56.62179183959961 41.4851188659668
966 56.72764205932617 41.02246856689453
967 56.88273620605469 40.89730453491211
968 57.35839080810547 40.69716262817383
969 58.03324508666992 40.505340576171875
970 58.373538970947266 40.4511604309082
971 58.507232666015625 40.44722366333008
972 59.945159912109375 43.779563903808594
973 60.09451675415039 44.054744720458984
974 60.26165771484375 44.49774169921875
975 60.2542724609375 45.036224365234375
976 60.09725570678711 45.471405029296875
977 59.95397186279297 46.059059143066406
978 59.74286651611328 46.45883560180664
979 59.46805191040039 46.781864166259766
980 59.29970169067383 46.87053298950195
981 58.98867416381836 46.88383483886719
982 58.13644027709961 46.5811653137207
983 57.73021697998047 46.33613586425781
984 57.41983413696289 46.07786560058594
985 56.8795166015625 45.815799713134766
986 56.52629089355469 45.737037658691406
987 56.02962875366211 45.722434997558594
988 55.641273498535156 45.599327087402344
989 55.2541389465332 45.44942092895508
990 54.89595413208008 45.354209899902344
991 54.720458984375 45.27846908569336
992 54.07380676269531 44.92505645751953
993 53.78055191040039 44.67713165283203
994 53.57105255126953 44.40149688720703
995 53.51439666748047 44.23019027709961
996 53.63374328613281 43.21601104736328
997 53.9185905456543 42.9026985168457
998 54.065895080566406 42.74822235107422
999 54.110862731933594 42.666015625
