0 -29.56254768371582 -21.451213836669922
1 -29.63625717163086 -21.65599822998047
2 -29.875513076782227 -22.12327003479004
3 -29.96786880493164 -22.336833953857422
4 -30.13593292236328 -22.84652328491211
5 -30.347322463989258 -23.50301742553711
6 -30.480165481567383 -23.879873275756836
7 -30.4622802734375 -24.137880325317383
8 -30.427827835083008 -24.38335609436035
9 -30.277889251708984 -24.675565719604492
10 -29.946657180786133 -24.77378273010254
11 -29.454105377197266 -24.940502166748047
12 -29.162885665893555 -24.98351287841797
13 -28.990760803222656 -24.832857131958008
14 -28.79373550415039 -24.676511764526367
15 -28.662845611572266 -24.531265258789062
16 -28.47080421447754 -24.365047454833984
17 -27.875507354736328 -23.984037399291992
18 -27.811763763427734 -23.902664184570312
19 -27.473432540893555 -23.712474822998047
20 -27.14670181274414 -23.475326538085938
21 -26.912620544433594 -23.316837310791016
22 -26.683807373046875 -23.1998233795166
23 -26.417184829711914 -23.167089462280273
24 -25.957019805908203 -23.235849380493164
25 -25.727399826049805 -23.27304458618164
26 -25.003870010375977 -23.620845794677734
27 -24.6577205657959 -23.752546310424805
28 -24.172636032104492 -23.881391525268555
29 -23.472238540649414 -24.05875587463379
30 -23.118030548095703 -24.0820255279541
31 -22.716829299926758 -24.105487823486328
32 -22.088632583618164 -24.17104721069336
33 -21.862178802490234 -24.206790924072266
34 -21.538837432861328 -24.231069564819336
35 -20.951618194580078 -24.333791732788086
36 -20.651086807250977 -24.37156105041504
37 -20.341888427734375 -24.350543975830078
38 -19.901987075805664 -24.324098587036133
39 -19.36642074584961 -24.279159545898438
40 -19.08101463317871 -24.2913875579834
41 -18.795379638671875 -24.362194061279297
42 -18.369136810302734 -24.467859268188477
43 -17.7216854095459 -24.534738540649414
44 -17.444583892822266 -24.54862403869629
45 -17.147607803344727 -24.63624382019043
46 -16.853368759155273 -24.73106575012207
47 -16.412107467651367 -24.830455780029297
48 -16.04469871520996 -24.78755760192871
49 -15.647275924682617 -24.732311248779297
50 -15.273833274841309 -24.634296417236328
51 -8.124627113342285 -19.62215805053711
52 -8.077544212341309 -19.418272018432617
53 -8.004504203796387 -19.101125717163086
54 -7.966687202453613 -18.78903579711914
55 -7.950631141662598 -18.28487777709961
56 -7.979923248291016 -17.929492950439453
57 -7.982767581939697 -17.606477737426758
58 -7.907742500305176 -17.390520095825195
59 -7.78212308883667 -17.070287704467773
60 -7.643101215362549 -16.557626724243164
61 -7.585533618927002 -16.2861385345459
62 -7.52724552154541 -15.905716896057129
63 -7.5475335121154785 -15.612513542175293
64 -7.538732528686523 -15.277992248535156
65 -7.502471446990967 -15.002806663513184
66 -7.453761100769043 -14.614648818969727
67 -7.399964332580566 -14.316917419433594
68 -7.0814738273620605 -13.732808113098145
69 -6.902495861053467 -13.49710464477539
70 -6.380626678466797 -13.037127494812012
71 -6.114558219909668 -13.0604248046875
72 -5.929049491882324 -13.1466646194458
73 -5.165367126464844 -13.588003158569336
74 -4.970367908477783 -13.811394691467285
75 -4.664032459259033 -14.444140434265137
76 -4.5048699378967285 -14.688858032226562
77 -4.299167633056641 -14.992664337158203
78 -4.019796848297119 -15.366063117980957
79 -3.6940407752990723 -15.73713207244873
80 -3.4931929111480713 -15.935884475708008
81 -2.95939302444458 -16.48305320739746
82 -2.8497095108032227 -16.561769485473633
83 -2.7313361167907715 -16.72245216369629
84 -2.5944576263427734 -17.0711612701416
85 -2.627270221710205 -17.398082733154297
86 -2.8067755699157715 -17.828947067260742
87 -2.983307361602783 -18.241552352905273
88 -3.2381744384765625 -18.645503997802734
89 -3.468165874481201 -18.98397445678711
90 -3.608670949935913 -19.25104331970215
91 -3.6246724128723145 -19.39667510986328
92 -3.5886247158050537 -19.66619300842285
93 -3.496885299682617 -20.086822509765625
94 -3.524662494659424 -20.391191482543945
95 -3.649418830871582 -20.64956283569336
96 -4.004456043243408 -21.122093200683594
97 -4.105120658874512 -21.242643356323242
98 -4.358039379119873 -21.485549926757812
99 -4.724635601043701 -21.841184616088867
100 -5.090450286865234 -22.17808723449707
101 -5.402555465698242 -22.387012481689453
102 -6.0769500732421875 -22.575159072875977
103 -6.373761177062988 -22.6694393157959
104 -6.459187030792236 -22.715213775634766
105 -6.3398051261901855 -23.16948127746582
106 -6.314608573913574 -23.586915969848633
107 -6.263757705688477 -24.206369400024414
108 -6.177793502807617 -24.452022552490234
109 -5.940659999847412 -24.521774291992188
110 -5.712401866912842 -24.59894371032715
111 -5.472148895263672 -24.511089324951172
112 -4.899667263031006 -24.429615020751953
113 -4.474733352661133 -24.402847290039062
114 -3.812654733657837 -24.18411636352539
115 -2.952406406402588 -23.879730224609375
116 -2.511509895324707 -23.647205352783203
117 -2.1798267364501953 -23.613962173461914
118 -1.7177577018737793 -23.569496154785156
119 -1.5367927551269531 -23.753753662109375
120 -1.339076280593872 -24.265859603881836
121 -1.3728437423706055 -24.478757858276367
122 -1.8927366733551025 -25.162582397460938
123 -2.2951533794403076 -25.805110931396484
124 -2.477234125137329 -26.24766731262207
125 -2.591475486755371 -26.403928756713867
126 -2.8629417419433594 -26.917516708374023
127 -3.0106687545776367 -27.27491569519043
128 -3.1530919075012207 -27.698314666748047
129 -3.331446409225464 -28.01032829284668
130 -3.530303478240967 -28.21271324157715
131 -3.806567907333374 -28.21361541748047
132 -4.431159496307373 -27.833572387695312
133 -4.776116371154785 -27.588735580444336
134 -5.037398338317871 -27.4428653717041
135 -5.537875175476074 -27.223472595214844
136 -6.206181526184082 -27.0905818939209
137 -6.396796226501465 -27.038240432739258
138 -7.055025100708008 -27.010452270507812
139 -7.864912986755371 -26.963281631469727
140 -8.241203308105469 -26.988636016845703
141 -8.551433563232422 -27.033184051513672
142 -8.757411003112793 -27.058441162109375
143 -9.023043632507324 -27.111892700195312
144 -9.351801872253418 -27.332250595092773
145 -9.74011516571045 -27.659868240356445
146 -10.315271377563477 -27.949670791625977
147 -10.816865921020508 -28.18828582763672
148 -11.159600257873535 -28.32001304626465
149 -11.458826065063477 -28.439041137695312
150 -11.533697128295898 -28.589645385742188
151 -11.558862686157227 -28.98603057861328
152 -11.549816131591797 -29.282676696777344
153 -11.670615196228027 -29.695531845092773
154 -11.729568481445312 -30.033550262451172
155 -11.682958602905273 -30.421688079833984
156 -11.564096450805664 -30.833646774291992
157 -11.394062042236328 -31.171493530273438
158 -11.251458168029785 -31.441635131835938
159 -11.118294715881348 -31.576059341430664
160 -4.591524600982666 -30.614532470703125
161 -4.394327640533447 -30.70709228515625
162 -4.361380577087402 -30.861652374267578
163 -4.521113395690918 -31.28900909423828
164 -4.712422847747803 -31.65182113647461
165 -4.958971977233887 -31.911033630371094
166 -5.212570667266846 -32.05302810668945
167 -5.489803314208984 -32.12083053588867
168 -6.15098762512207 -32.27075958251953
169 -6.481790542602539 -32.296791076660156
170 -6.8190765380859375 -32.329471588134766
171 -7.651960372924805 -32.48898696899414
172 -7.984652519226074 -32.38545608520508
173 -8.272751808166504 -32.16558074951172
174 -8.5457181930542 -31.95265007019043
175 -8.851180076599121 -31.64089584350586
176 -8.939325332641602 -31.570964813232422
177 -8.938406944274902 -31.41033935546875
178 -8.854702949523926 -30.993162155151367
179 -8.742388725280762 -30.68739891052246
180 -8.238024711608887 -29.75326919555664
181 -8.085261344909668 -29.619993209838867
182 -7.876422882080078 -29.373260498046875
183 -7.5931291580200195 -29.212846755981445
184 -7.331057548522949 -29.020048141479492
185 -7.126589775085449 -29.01532745361328
186 -6.89852237701416 -29.176740646362305
187 -6.6936774253845215 -29.5260009765625
188 -6.590356826782227 -29.818923950195312
189 -6.644672393798828 -30.232839584350586
190 -6.6703996658325195 -30.52447509765625
191 -7.126006126403809 -34.204227447509766
192 -7.287250518798828 -34.89274215698242
193 -7.3927459716796875 -35.26948547363281
194 -7.566124439239502 -35.6836051940918
195 -7.9332475662231445 -36.240638732910156
196 -8.153127670288086 -36.43292236328125
197 -8.44942855834961 -36.53451919555664
198 -8.71591854095459 -36.46878433227539
199 -9.131877899169922 -36.295467376708984
200 -9.70860481262207 -36.05231857299805
201 -9.940495491027832 -35.929439544677734
202 -10.116267204284668 -35.85539627075195
203 -10.505627632141113 -35.593692779541016
204 -10.69240665435791 -35.437259674072266
205 -9.906518936157227 -23.92521095275879
206 -9.905099868774414 -23.74321174621582
207 -9.950532913208008 -23.29572296142578
208 -10.037050247192383 -23.104368209838867
209 -10.329644203186035 -22.808839797973633
210 -10.588907241821289 -22.515045166015625
211 -10.66480541229248 -22.254793167114258
212 -10.766674995422363 -21.64059066772461
213 -10.906436920166016 -21.23712730407715
214 -10.98327922821045 -20.996986389160156
215 -11.1347017288208 -20.70073127746582
216 -11.36502456665039 -20.418174743652344
217 -11.657308578491211 -20.09330177307129
218 -11.78974437713623 -19.924434661865234
219 -12.1182279586792 -19.916568756103516
220 -12.471084594726562 -19.976938247680664
221 -12.657328605651855 -20.10503578186035
222 -12.920672416687012 -20.23017120361328
223 -13.299629211425781 -20.27631187438965
224 -13.930174827575684 -20.321813583374023
225 -14.311059951782227 -20.379470825195312
226 -15.122486114501953 -20.49979019165039
227 -15.321416854858398 -20.552824020385742
228 -15.6450834274292 -20.547887802124023
229 -16.11014175415039 -20.550283432006836
230 -16.374845504760742 -20.413484573364258
231 -16.649080276489258 -20.320655822753906
232 -16.783735275268555 -20.077335357666016
233 -16.80862808227539 -19.819746017456055
234 -16.864282608032227 -19.27297592163086
235 -16.921520233154297 -18.67735481262207
236 -16.8373966217041 -18.41844940185547
237 -16.456756591796875 -18.162015914916992
238 -15.617230415344238 -17.808210372924805
239 -14.791861534118652 -17.609445571899414
240 -14.338364601135254 -17.489971160888672
241 -14.018486976623535 -17.36663055419922
242 -13.423615455627441 -17.095067977905273
243 -13.233853340148926 -16.953792572021484
244 -13.164544105529785 -16.55925178527832
245 -13.230319023132324 -15.998196601867676
246 -13.349099159240723 -15.537631034851074
247 -13.450559616088867 -15.22712516784668
248 -13.875256538391113 -14.759639739990234
249 -14.310880661010742 -14.397315979003906
250 -14.552815437316895 -14.33028507232666
251 -15.616897583007812 -14.509754180908203
252 -16.0905818939209 -14.686280250549316
253 -17.150135040283203 -15.170153617858887
254 -17.54131317138672 -15.396955490112305
255 -17.89386749267578 -15.60361385345459
256 -18.263750076293945 -15.780471801757812
257 -18.537538528442383 -15.892361640930176
258 -18.845571517944336 -15.976249694824219
259 -19.552541732788086 -16.452667236328125
260 -19.844482421875 -16.5664005279541
261 -20.162473678588867 -16.568723678588867
262 -21.07430648803711 -16.519760131835938
263 -21.464109420776367 -16.578018188476562
264 -21.832855224609375 -16.769559860229492
265 -21.974912643432617 -17.177471160888672
266 -21.946523666381836 -17.4411678314209
267 -21.872440338134766 -17.766124725341797
268 -21.835174560546875 -17.927289962768555
269 -21.745437622070312 -18.659658432006836
270 -21.74217414855957 -19.073034286499023
271 -21.822111129760742 -19.686965942382812
272 -21.905160903930664 -19.90721321105957
273 -22.268619537353516 -20.296672821044922
274 -22.635366439819336 -20.43094253540039
275 -23.294036865234375 -20.310266494750977
276 -23.622243881225586 -20.2007999420166
277 -23.971078872680664 -19.997783660888672
278 -24.82596778869629 -19.583454132080078
279 -25.167333602905273 -19.45372772216797
280 -25.538705825805664 -19.358064651489258
281 -25.923192977905273 -19.228288650512695
282 -26.474727630615234 -19.038875579833984
283 -27.031368255615234 -18.86380386352539
284 -27.536209106445312 -18.63480567932129
285 -28.049226760864258 -18.417011260986328
286 -28.40211296081543 -18.285310745239258
287 -28.887248992919922 -18.149959564208984
288 -29.77134132385254 -17.578332901000977
289 -30.028057098388672 -17.279916763305664
290 -30.118738174438477 -16.9747371673584
291 -30.274526596069336 -16.03995704650879
292 -30.31578826904297 -15.664592742919922
293 -30.364032745361328 -15.244857788085938
294 -30.433847427368164 -14.807635307312012
295 -30.554515838623047 -14.39526653289795
296 -30.6291446685791 -14.137823104858398
297 -30.721128463745117 -13.949360847473145
298 -31.268444061279297 -13.413410186767578
299 -31.628684997558594 -13.108222961425781
300 -31.891357421875 -12.938233375549316
301 -32.21363067626953 -12.747653007507324
302 -32.595829010009766 -12.393413543701172
303 -32.69032287597656 -12.111666679382324
304 -32.61730194091797 -11.757549285888672
305 -32.52939987182617 -11.433286666870117
306 -32.50179672241211 -11.234427452087402
307 -32.303375244140625 -10.97598934173584
308 -31.91379165649414 -10.653312683105469
309 -31.673410415649414 -10.444859504699707
310 -31.480060577392578 -10.260390281677246
311 -31.10304832458496 -9.893293380737305
312 -30.829614639282227 -9.614208221435547
313 -30.451980590820312 -9.383652687072754
314 -30.104215621948242 -9.305333137512207
315 -29.800004959106445 -9.3020658493042
316 -29.562776565551758 -9.249007225036621
317 -29.02840232849121 -9.056571006774902
318 -28.306474685668945 -8.915385246276855
319 -27.873241424560547 -8.877903938293457
320 -27.520126342773438 -8.92041301727295
321 -27.28251075744629 -9.008726119995117
322 -27.212059020996094 -9.298022270202637
323 -27.172962188720703 -9.564416885375977
324 -27.181034088134766 -9.99207592010498
325 -27.145355224609375 -10.439199447631836
326 -27.134342193603516 -10.795947074890137
327 -26.97578239440918 -11.746881484985352
328 -26.909503936767578 -12.065675735473633
329 -26.90225601196289 -12.281044006347656
330 -26.944143295288086 -12.474164962768555
331 -27.11077880859375 -13.134246826171875
332 -27.208295822143555 -13.475809097290039
333 -27.282529830932617 -14.359790802001953
334 -27.205137252807617 -14.69279670715332
335 -26.94068717956543 -15.040964126586914
336 -26.418119430541992 -15.491552352905273
337 -26.351112365722656 -15.515685081481934
338 -26.123579025268555 -15.580710411071777
339 -20.83608055114746 4.558255195617676
340 -20.798044204711914 4.754143714904785
341 -20.69770050048828 5.06641149520874
342 -20.559823989868164 5.4259185791015625
343 -20.43335723876953 5.738439083099365
344 -20.35753631591797 6.02131986618042
345 -20.2866268157959 6.134668350219727
346 -20.003856658935547 6.716126441955566
347 -19.88410186767578 6.7790727615356445
348 -19.460556030273438 6.893772602081299
349 -18.891206741333008 7.114871501922607
350 -18.283296585083008 7.2983527183532715
351 -17.922645568847656 7.263810634613037
352 -17.64394187927246 7.009066104888916
353 -17.468900680541992 6.798576354980469
354 -17.460216522216797 6.534332275390625
355 -17.735261917114258 5.505278587341309
356 -17.771209716796875 5.20336389541626
357 -17.855243682861328 4.837188720703125
358 -24.02743148803711 -10.004549980163574
359 -23.981800079345703 -10.204506874084473
360 -23.794483184814453 -10.615694046020508
361 -23.566076278686523 -11.058757781982422
362 -23.41056251525879 -11.225497245788574
363 -23.255390167236328 -11.376553535461426
364 -23.06862449645996 -11.701793670654297
365 -22.999107360839844 -12.014480590820312
366 -23.023448944091797 -12.453072547912598
367 -23.0224552154541 -12.892535209655762
368 -22.914379119873047 -13.317766189575195
369 -22.584749221801758 -13.817301750183105
370 -22.337013244628906 -14.015785217285156
371 -22.041501998901367 -14.006656646728516
372 -21.854061126708984 -13.885272979736328
373 -21.367963790893555 -13.470945358276367
374 -21.053077697753906 -13.126609802246094
375 -20.716833114624023 -12.883047103881836
376 -20.336240768432617 -12.78407096862793
377 -19.694658279418945 -12.625445365905762
378 -19.404949188232422 -12.465032577514648
379 -19.312707901000977 -12.17784595489502
380 -19.345378875732422 -11.62356185913086
381 -19.433988571166992 -11.162115097045898
382 -19.76749038696289 -10.530415534973145
383 -19.954919815063477 -10.287579536437988
384 -20.16687774658203 -10.114424705505371
385 -20.37260627746582 -9.978531837463379
386 -20.664600372314453 -9.805163383483887
387 -21.187389373779297 -9.531904220581055
388 -21.74347686767578 -9.302864074707031
389 -22.019411087036133 -9.182679176330566
390 -22.326955795288086 -9.027379035949707
391 -22.782855987548828 -8.637784957885742
392 -23.231698989868164 -8.220673561096191
393 -23.51334571838379 -7.895604133605957
394 -23.65023422241211 -7.541240215301514
395 -23.680461883544922 -7.297242164611816
396 -23.592037200927734 -7.060850620269775
397 -23.461057662963867 -6.647311210632324
398 -23.19314956665039 -6.460574626922607
399 -22.66069221496582 -6.242612361907959
400 -22.277667999267578 -6.048200607299805
401 -22.11776351928711 -6.013071537017822
402 -21.76312828063965 -6.018955230712891
403 -21.246074676513672 -6.062207221984863
404 -20.791175842285156 -6.120186805725098
405 -20.39491844177246 -6.207129955291748
406 -19.921287536621094 -6.380704402923584
407 -19.674135208129883 -6.462845802307129
408 -19.528881072998047 -6.609360694885254
409 -19.277189254760742 -7.0002827644348145
410 -18.99648666381836 -7.389759540557861
411 -18.76366424560547 -7.612720012664795
412 -18.324562072753906 -7.854098320007324
413 -18.170452117919922 -7.872440338134766
414 -17.899477005004883 -7.86091947555542
415 -17.557762145996094 -7.788247585296631
416 -17.358219146728516 -7.60451078414917
417 -17.03264808654785 -7.202642917633057
418 -16.89702796936035 -6.964061260223389
419 -16.65665054321289 -6.256674766540527
420 -16.587778091430664 -5.83404541015625
421 -16.59400749206543 -5.139238357543945
422 -16.61869239807129 -4.919989109039307
423 -16.640512466430664 -4.584366321563721
424 -16.6664981842041 -4.315183162689209
425 -16.74805450439453 -3.7504212856292725
426 -16.806087493896484 -3.4032390117645264
427 -16.731149673461914 -3.233719825744629
428 -16.36038589477539 -2.8008978366851807
429 -16.17124366760254 -2.516125202178955
430 -15.99168872833252 -2.260108709335327
431 -15.620309829711914 -2.1373376846313477
432 -15.28181266784668 -2.1291472911834717
433 -15.066893577575684 -2.149602174758911
434 -14.835787773132324 -2.3578433990478516
435 -14.242134094238281 -2.870323419570923
436 -14.077445030212402 -3.072699546813965
437 -14.004338264465332 -3.2880029678344727
438 -13.820460319519043 -3.573760509490967
439 -13.512857437133789 -3.8624584674835205
440 -13.337343215942383 -3.945225238800049
441 -12.777694702148438 -4.177014350891113
442 -12.263245582580566 -4.489851474761963
443 -11.984881401062012 -4.741775035858154
444 -11.740617752075195 -5.106381416320801
445 -11.654936790466309 -5.393945217132568
446 -11.648298263549805 -5.6141815185546875
447 -11.441014289855957 -6.207982063293457
448 -11.216841697692871 -6.492356777191162
449 -10.983865737915039 -6.761363506317139
450 -10.811059951782227 -6.8275909423828125
451 -10.395674705505371 -6.997808933258057
452 -9.958489418029785 -7.189533710479736
453 -9.648420333862305 -7.350041389465332
454 -9.391683578491211 -7.50554084777832
455 -8.93772029876709 -7.696042060852051
456 -8.57745361328125 -7.967926025390625
457 -8.437467575073242 -8.291357040405273
458 -8.588199615478516 -8.68422794342041
459 -9.067794799804688 -8.99191951751709
460 -9.314395904541016 -9.101990699768066
461 -9.494216918945312 -9.176654815673828
462 -9.78872013092041 -9.374035835266113
463 -10.113557815551758 -9.475415229797363
464 -10.419580459594727 -9.613947868347168
465 -10.670748710632324 -9.626428604125977
466 -11.244986534118652 -9.625249862670898
467 -11.409590721130371 -9.686100959777832
468 -11.486234664916992 -9.77098274230957
469 -11.75682258605957 -9.926501274108887
470 -12.207440376281738 -10.200435638427734
471 -12.59311580657959 -10.387290000915527
472 -13.014936447143555 -10.692268371582031
473 -13.281879425048828 -10.725689888000488
474 -13.75033187866211 -10.681280136108398
475 -14.083232879638672 -10.481983184814453
476 -14.407261848449707 -10.20984935760498
477 -14.506916046142578 -10.047849655151367
478 -14.619919776916504 -9.492834091186523
479 -14.688068389892578 -9.08932876586914
480 -14.69023323059082 -8.667256355285645
481 -14.54817008972168 -8.368555068969727
482 -14.289881706237793 -7.9989752769470215
483 -13.961655616760254 -7.668607234954834
484 -13.681599617004395 -7.449530124664307
485 -13.458831787109375 -7.288891792297363
486 -13.188972473144531 -7.1028947830200195
487 -9.112703323364258 -4.841630935668945
488 -8.811356544494629 -4.694246292114258
489 -8.447135925292969 -4.5094475746154785
490 -8.264127731323242 -4.403753757476807
491 -8.179290771484375 -4.1719207763671875
492 -8.079736709594727 -3.775214672088623
493 -8.017000198364258 -3.2767505645751953
494 -8.067272186279297 -2.9708328247070312
495 -8.180769920349121 -2.645240068435669
496 -8.268280982971191 -2.362398624420166
497 -8.332242965698242 -2.138427257537842
498 -8.50706958770752 -1.5633761882781982
499 -8.706256866455078 -1.1488642692565918
500 -8.960712432861328 -0.7399802803993225
501 -9.150263786315918 -0.3964464068412781
502 -9.305153846740723 -0.11919592320919037
503 -9.460954666137695 0.10033329576253891
504 -9.66787338256836 0.17116859555244446
505 -10.043561935424805 0.2816048860549927
506 -10.346625328063965 0.3324092924594879
507 -10.799675941467285 0.2777916491031647
508 -11.131884574890137 0.25029468536376953
509 -11.36544132232666 0.2541346848011017
510 -11.675058364868164 0.431343138217926
511 -11.980446815490723 0.8457547426223755
512 -12.023411750793457 1.1412711143493652
513 -11.833983421325684 1.7589870691299438
514 -11.632160186767578 2.126854658126831
515 -11.359423637390137 2.5024471282958984
516 -11.206766128540039 2.740027904510498
517 -11.030976295471191 3.2932052612304688
518 -11.006743431091309 3.5296194553375244
519 -11.0399808883667 3.8107824325561523
520 -11.309669494628906 4.246760845184326
521 -11.697989463806152 4.619171142578125
522 -11.902534484863281 4.784708023071289
523 -12.03451919555664 4.862007141113281
524 -12.339681625366211 4.933076858520508
525 -12.905740737915039 4.989388942718506
526 -13.391067504882812 4.942241668701172
527 -13.7030029296875 4.777255058288574
528 -13.960573196411133 4.625052452087402
529 -14.182839393615723 4.34914493560791
530 -14.39493179321289 4.108221054077148
531 -14.614266395568848 3.858485460281372
532 -14.890408515930176 3.566390037536621
533 -15.32696533203125 3.199970245361328
534 -15.911897659301758 2.799160957336426
535 -16.381338119506836 2.481934070587158
536 -16.809188842773438 2.1938319206237793
537 -17.059463500976562 2.1283414363861084
538 -17.49472999572754 2.002434492111206
539 -18.226377487182617 1.64670729637146
540 -18.663225173950195 1.4722726345062256
541 -19.03160285949707 1.42204749584198
542 -19.23700714111328 1.458698034286499
543 -19.706708908081055 1.4600725173950195
544 -19.962987899780273 1.4550178050994873
545 -20.130165100097656 1.3423187732696533
546 -20.531679153442383 1.0145447254180908
547 -20.744422912597656 0.6917320489883423
548 -20.759685516357422 0.42521747946739197
549 -20.73281478881836 -0.08941430598497391
550 -20.791284561157227 -0.6393888592720032
551 -20.883426666259766 -1.4205149412155151
552 -20.976808547973633 -1.493106484413147
553 -21.3360652923584 -1.2192749977111816
554 -21.660402297973633 -0.9851362109184265
555 -22.07002830505371 -0.5666524171829224
556 -22.30533790588379 -0.34840282797813416
557 -22.455686569213867 -0.35319194197654724
558 -23.512479782104492 -0.5386168956756592
559 -24.057830810546875 -0.5495750308036804
560 -24.120277404785156 -0.6215160489082336
561 -24.2138729095459 -0.8967259526252747
562 -24.295995712280273 -1.2604641914367676
563 -24.376195907592773 -1.7050925493240356
564 -24.537508010864258 -2.1029105186462402
565 -24.70081329345703 -2.3041200637817383
566 -24.87701988220215 -2.5327389240264893
567 -25.107635498046875 -2.750321865081787
568 -25.343549728393555 -2.8559212684631348
569 -25.721084594726562 -2.964845895767212
570 -25.969758987426758 -3.0701675415039062
571 -26.203062057495117 -3.071974992752075
572 -26.622514724731445 -3.249464511871338
573 -26.87262725830078 -3.2592968940734863
574 -27.133037567138672 -3.0970730781555176
575 -27.355207443237305 -2.8467788696289062
576 -27.656267166137695 -2.426558256149292
577 -27.876995086669922 -2.2675271034240723
578 -28.134521484375 -2.110694646835327
579 -28.423282623291016 -2.0123798847198486
580 -28.891286849975586 -1.9088568687438965
581 -29.15045166015625 -1.8720048666000366
582 -29.592714309692383 -1.8431445360183716
583 -29.883560180664062 -1.80659019947052
584 -30.217763900756836 -1.746512532234192
585 -30.663124084472656 -1.5952210426330566
586 -31.020414352416992 -1.4668885469436646
587 -31.20221710205078 -1.4063447713851929
588 -31.70868682861328 -1.2124658823013306
589 -32.06730651855469 -1.1010234355926514
590 -32.37245559692383 -1.1210333108901978
591 -32.95731735229492 -1.2698429822921753
592 -33.40617752075195 -1.4128957986831665
593 -33.67371368408203 -1.4984115362167358
594 -34.01227569580078 -1.6402397155761719
595 -34.30548858642578 -1.7591736316680908
596 -34.51068115234375 -1.799147367477417
597 -35.380950927734375 -1.73862624168396
598 -35.61082077026367 -1.7179034948349
599 -35.857887268066406 -1.6756809949874878
600 -36.32124328613281 -1.5056893825531006
601 -36.80429458618164 -1.3113824129104614
602 -37.08552932739258 -1.1961921453475952
603 -37.534324645996094 -1.0707675218582153
604 -38.200523376464844 -0.9333646893501282
605 -38.53665542602539 -0.8844344019889832
606 -38.89521408081055 -0.862695038318634
607 -39.389503479003906 -0.8637697696685791
608 -39.61566162109375 -0.9023109674453735
609 -39.9210205078125 -0.9343100786209106
610 -40.33812713623047 -1.0827863216400146
611 -40.61094665527344 -1.202296257019043
612 -41.01036071777344 -1.4326659440994263
613 -41.408538818359375 -1.6156435012817383
614 -41.65742492675781 -1.6478805541992188
615 -42.2418098449707 -1.7086663246154785
616 -42.8160285949707 -1.7620692253112793
617 -43.122798919677734 -1.83023202419281
618 -43.33842468261719 -1.9287763833999634
619 -43.72500228881836 -2.1340060234069824
620 -43.91598129272461 -2.3231074810028076
621 -44.221614837646484 -2.665131092071533
622 -44.41071319580078 -2.9631693363189697
623 -44.57773208618164 -3.2701098918914795
624 -44.73103713989258 -3.600545883178711
625 -44.91242218017578 -4.3101959228515625
626 -44.96644592285156 -4.577442646026611
627 -45.014774322509766 -4.827524662017822
628 -45.0147590637207 -5.0229692459106445
629 -45.04302215576172 -5.468873023986816
630 -45.06135177612305 -5.808338165283203
631 -45.04580307006836 -6.012584686279297
632 -44.95116424560547 -6.417796611785889
633 -44.87413787841797 -6.702560901641846
634 -44.78461837768555 -6.999267578125
635 -44.66095733642578 -7.426693439483643
636 -44.566810607910156 -7.760964870452881
637 -44.490577697753906 -8.051019668579102
638 -44.383262634277344 -8.478896141052246
639 -44.33159637451172 -8.818160057067871
640 -44.19745635986328 -9.436929702758789
641 -44.16212463378906 -9.656336784362793
642 -44.138824462890625 -9.888766288757324
643 -44.098384857177734 -10.095654487609863
644 -44.03700637817383 -10.579048156738281
645 -43.91423034667969 -11.081987380981445
646 -43.645835876464844 -11.90617847442627
647 -43.53562545776367 -12.164129257202148
648 -43.358055114746094 -12.416410446166992
649 -43.1112174987793 -12.659551620483398
650 -42.787437438964844 -12.893243789672852
651 -42.337764739990234 -13.159735679626465
652 -41.39386749267578 -13.658068656921387
653 -40.941471099853516 -13.915523529052734
654 -40.55311965942383 -14.112143516540527
655 -40.00035858154297 -14.375626564025879
656 -39.830013275146484 -14.47779655456543
657 -39.6153564453125 -14.465556144714355
658 -39.02385711669922 -14.462544441223145
659 -38.82272720336914 -14.459609031677246
660 -38.443382263183594 -14.447154998779297
661 -38.10900115966797 -14.424915313720703
662 -37.64396286010742 -14.384445190429688
663 -37.360511779785156 -14.348043441772461
664 -37.09602737426758 -14.274384498596191
665 -36.87788391113281 -14.185253143310547
666 -36.57173538208008 -13.956979751586914
667 -36.403202056884766 -13.777793884277344
668 -33.9406852722168 1.292542815208435
669 -33.838802337646484 1.490094780921936
670 -33.702598571777344 1.8014919757843018
671 -33.616416931152344 2.2904913425445557
672 -33.563804626464844 2.54565167427063
673 -33.41420364379883 3.0037436485290527
674 -33.230674743652344 3.4843361377716064
675 -33.185367584228516 3.86043119430542
676 -33.4549446105957 4.442989349365234
677 -33.8233757019043 5.040140628814697
678 -34.06037902832031 5.302156925201416
679 -34.25448989868164 5.486685752868652
680 -34.54354476928711 5.646754741668701
681 -34.8163948059082 5.588958263397217
682 -35.099647521972656 5.3841400146484375
683 -35.32500457763672 5.096309661865234
684 -35.690425872802734 4.528486251831055
685 -35.91785430908203 3.938601493835449
686 -35.94822311401367 3.739943742752075
687 -35.77475357055664 3.501063585281372
688 -35.516414642333984 3.2897520065307617
689 -35.01397705078125 3.094505786895752
690 -31.91571044921875 2.7066550254821777
691 -31.69791603088379 2.6558709144592285
692 -31.55031967163086 2.4914145469665527
693 -30.940364837646484 2.0320847034454346
694 -30.682086944580078 1.816540002822876
695 -30.428569793701172 1.7734594345092773
696 -30.204118728637695 1.7907390594482422
697 -29.94314193725586 1.772102952003479
698 -29.683799743652344 1.8832073211669922
699 -29.39217758178711 2.337059259414673
700 -29.26881980895996 2.781552791595459
701 -29.3265323638916 3.001892566680908
702 -29.4914608001709 3.325129508972168
703 -29.665782928466797 3.556474447250366
704 -29.898115158081055 3.8714475631713867
705 -30.213998794555664 4.167931079864502
706 -30.42467498779297 4.3288960456848145
707 -30.74448585510254 4.4885735511779785
708 -31.196704864501953 4.839271068572998
709 -31.457176208496094 5.122198104858398
710 -31.56702995300293 5.324429512023926
711 -31.441316604614258 5.62272310256958
712 -31.285696029663086 5.917174816131592
713 -30.98576545715332 6.301510810852051
714 -30.69861602783203 6.50869607925415
715 -30.356203079223633 6.639997959136963
716 -29.994647979736328 6.6098856925964355
717 -29.60572052001953 6.507167816162109
718 -29.29914665222168 6.417976379394531
719 -29.031757354736328 6.299578666687012
720 -28.624271392822266 6.049598217010498
721 -28.28333282470703 5.74138879776001
722 -28.058170318603516 5.522621154785156
723 -27.828073501586914 5.271426200866699
724 -27.642261505126953 5.101828575134277
725 -27.354719161987305 4.976936340332031
726 -26.973819732666016 4.949298858642578
727 -26.731571197509766 5.028000354766846
728 -26.483997344970703 5.176352500915527
729 -19.419597625732422 11.295035362243652
730 -19.19391632080078 11.371565818786621
731 -18.95309066772461 11.457412719726562
732 -18.46245002746582 11.553427696228027
733 -18.07276153564453 11.582512855529785
734 -17.646892547607422 11.551405906677246
735 -17.074275970458984 11.415677070617676
736 -16.60875701904297 11.2634859085083
737 -16.214942932128906 11.080496788024902
738 -15.789963722229004 10.870863914489746
739 -15.539796829223633 10.529295921325684
740 -15.321966171264648 10.080484390258789
741 -15.345804214477539 9.62006950378418
742 -15.41922664642334 9.327972412109375
743 -15.662823677062988 9.137533187866211
744 -15.873895645141602 8.94906234741211
745 -15.991365432739258 8.896435737609863
746 -23.988920211791992 4.336575984954834
747 -24.128978729248047 4.206982612609863
748 -24.189048767089844 4.072726726531982
749 -24.362842559814453 3.865332841873169
750 -24.642648696899414 3.5450551509857178
751 -24.99325180053711 3.141629457473755
752 -25.238893508911133 2.8464725017547607
753 -25.653383255004883 2.522709369659424
754 -25.932723999023438 2.33469557762146
755 -26.35094451904297 2.075021982192993
756 -26.716379165649414 1.8517601490020752
757 -26.999971389770508 1.6839349269866943
758 -27.246746063232422 1.5408475399017334
759 -27.418018341064453 1.5000256299972534
760 -29.807289123535156 13.21512508392334
761 -29.895994186401367 13.137687683105469
762 -30.25119972229004 12.631266593933105
763 -30.597196578979492 12.078228950500488
764 -30.803768157958984 11.763556480407715
765 -31.0084171295166 11.46246337890625
766 -31.152074813842773 11.271875381469727
767 -31.406484603881836 10.907419204711914
768 -31.519933700561523 10.722055435180664
769 -31.892183303833008 9.989514350891113
770 -31.99673843383789 9.48607349395752
771 -31.931917190551758 9.228588104248047
772 -31.775754928588867 9.136309623718262
773 -31.010339736938477 8.896286010742188
774 -30.540849685668945 8.896397590637207
775 -30.084247589111328 8.96306037902832
776 -29.777851104736328 9.004561424255371
777 -29.477596282958984 8.98689079284668
778 -29.190187454223633 8.944650650024414
779 -28.70327377319336 8.778231620788574
780 -28.336313247680664 8.580097198486328
781 -28.00255012512207 8.320913314819336
782 -27.75086784362793 8.164376258850098
783 -27.518980026245117 8.021428108215332
784 -27.20882225036621 7.8911309242248535
785 -26.64373779296875 7.641878128051758
786 -26.32211685180664 7.443586349487305
787 -26.036012649536133 7.280210494995117
788 -25.83636474609375 7.228390216827393
789 -25.38296890258789 7.222237586975098
790 -24.882600784301758 7.309938430786133
791 -24.429805755615234 7.462796688079834
792 -24.20949935913086 7.541464805603027
793 -23.804100036621094 7.7908172607421875
794 -23.616758346557617 8.017871856689453
795 -23.38715934753418 8.418262481689453
796 -23.196950912475586 8.686306953430176
797 -23.14519691467285 8.911934852600098
798 -23.166593551635742 9.424345016479492
799 -23.231704711914062 9.728221893310547
800 -23.539043426513672 10.064892768859863
801 -23.865591049194336 10.24845027923584
802 -24.296384811401367 10.32469367980957
803 -24.8333740234375 10.431077003479004
804 -25.14384651184082 10.507485389709473
805 -25.53884506225586 10.607417106628418
806 -25.930818557739258 10.767481803894043
807 -26.386323928833008 10.935824394226074
808 -26.574426651000977 11.019366264343262
809 -26.928539276123047 11.302977561950684
810 -27.284217834472656 11.932661056518555
811 -27.326332092285156 12.261241912841797
812 -27.114362716674805 13.172831535339355
813 -26.94202995300293 13.826391220092773
814 -26.86749267578125 14.280868530273438
815 -26.92424201965332 14.633368492126465
816 -27.06282615661621 14.876151084899902
817 -27.539295196533203 15.312396049499512
818 -27.834983825683594 15.531377792358398
819 -28.033586502075195 15.830157279968262
820 -28.068744659423828 16.079030990600586
821 -28.028112411499023 16.45452880859375
822 -28.033998489379883 16.83409881591797
823 -28.0692081451416 17.39836311340332
824 -28.184785842895508 17.85784149169922
825 -28.499034881591797 18.531360626220703
826 -28.540699005126953 18.674861907958984
827 -28.561124801635742 19.025588989257812
828 -28.585695266723633 19.47728729248047
829 -28.605371475219727 19.761444091796875
830 -28.619054794311523 20.068523406982422
831 -28.60744285583496 20.415586471557617
832 -28.597156524658203 20.81036376953125
833 -28.539222717285156 21.272674560546875
834 -28.478572845458984 21.619049072265625
835 -28.384471893310547 21.79476547241211
836 -28.132535934448242 22.061777114868164
837 -27.866361618041992 22.27875328063965
838 -27.583051681518555 22.542299270629883
839 -27.31472396850586 22.762920379638672
840 -26.998563766479492 22.963903427124023
841 -26.718381881713867 23.137203216552734
842 -26.298418045043945 23.341693878173828
843 -25.968833923339844 23.510801315307617
844 -25.50020980834961 23.604612350463867
845 -25.099367141723633 23.627059936523438
846 -24.652847290039062 23.593257904052734
847 -24.35166358947754 23.57129669189453
848 -23.879560470581055 23.455310821533203
849 -23.52070426940918 23.324010848999023
850 -23.313867568969727 23.162277221679688
851 -22.91196632385254 22.80449104309082
852 -22.558269500732422 22.334423065185547
853 -22.400075912475586 22.117103576660156
854 -21.996084213256836 21.46316146850586
855 -21.875864028930664 21.209997177124023
856 -21.710060119628906 20.824298858642578
857 -21.49612808227539 20.37348747253418
858 -21.3287353515625 20.095592498779297
859 -21.1237735748291 19.770193099975586
860 -20.969602584838867 19.522974014282227
861 -20.752777099609375 19.19171905517578
862 -20.617216110229492 18.988618850708008
863 -20.43328285217285 18.720108032226562
864 -20.297138214111328 18.509592056274414
865 -20.068693161010742 18.16237449645996
866 -19.724201202392578 17.674257278442383
867 -19.526819229125977 17.391061782836914
868 -19.44239044189453 17.232280731201172
869 -19.26560401916504 16.870256423950195
870 -19.219804763793945 16.656564712524414
871 -19.173858642578125 16.39122200012207
872 -19.23876190185547 16.14620590209961
873 -19.33730125427246 15.950714111328125
874 -38.23693084716797 4.384113311767578
875 -38.35680389404297 4.356863498687744
876 -38.580135345458984 4.308724403381348
877 -39.09226608276367 4.217203140258789
878 -39.55168533325195 4.106377124786377
879 -39.71749496459961 4.036320686340332
880 -40.07346725463867 3.9885523319244385
881 -40.85142135620117 4.029362678527832
882 -41.25358963012695 4.113305568695068
883 -41.419227600097656 4.2230610847473145
884 -41.62501525878906 4.34467887878418
885 -41.80228042602539 4.545141696929932
886 -42.01726150512695 4.858527183532715
887 -42.250003814697266 5.13293981552124
888 -42.3041877746582 5.548076152801514
889 -42.17637252807617 5.932221412658691
890 -41.931236267089844 6.274764537811279
891 -41.752281188964844 6.53147029876709
892 -41.45729064941406 6.900079250335693
893 -41.183902740478516 7.108051300048828
894 -40.70687484741211 7.385862827301025
895 -40.367408752441406 7.53302526473999
896 -39.31788635253906 7.861278533935547
897 -38.9599723815918 7.963222026824951
898 -38.6082649230957 8.02802848815918
899 -38.451961517333984 8.05568790435791
900 -38.16769027709961 8.134861946105957
901 -37.52806854248047 8.279186248779297
902 -37.27744674682617 8.352446556091309
903 -36.87553405761719 8.496405601501465
904 -36.39350128173828 8.69084644317627
905 -36.17169952392578 8.830070495605469
906 -35.920265197753906 9.08499526977539
907 -35.75745391845703 9.533785820007324
908 -35.659629821777344 10.037540435791016
909 -35.68170166015625 10.32913589477539
910 -35.92208480834961 10.864091873168945
911 -36.08931350708008 11.178879737854004
912 -36.407711029052734 11.726240158081055
913 -36.63760757446289 12.121025085449219
914 -36.7387809753418 12.500356674194336
915 -36.74919891357422 12.751762390136719
916 -36.635738372802734 13.016768455505371
917 -36.50858688354492 13.216941833496094
918 -36.21042251586914 13.402036666870117
919 -35.7877311706543 13.58606243133545
920 -35.34565353393555 13.760704040527344
921 -34.92683410644531 13.815864562988281
922 -34.53141403198242 13.809540748596191
923 -34.43245315551758 13.908465385437012
924 -34.43027114868164 14.443612098693848
925 -34.45538330078125 14.800960540771484
926 -34.43013000488281 14.994590759277344
927 -34.161216735839844 15.49775218963623
928 -33.95954895019531 15.820013046264648
929 -33.60935592651367 15.9998779296875
930 -33.280208587646484 16.065614700317383
931 -33.09479904174805 16.096261978149414
932 -33.00227737426758 16.0766544342041
933 -38.78180694580078 -4.289730072021484
934 -38.86943817138672 -4.523165225982666
935 -39.0600471496582 -4.826504707336426
936 -39.395633697509766 -5.185865879058838
937 -39.58653259277344 -5.445580959320068
938 -39.7912483215332 -5.804020881652832
939 -39.86863327026367 -6.159195423126221
940 -39.878509521484375 -6.516255855560303
941 -40.00761032104492 -6.803248405456543
942 -39.9093017578125 -6.927363395690918
943 -39.283870697021484 -7.604583263397217
944 -39.01970672607422 -7.9565043449401855
945 -38.79526138305664 -8.299910545349121
946 -38.57777786254883 -8.6243314743042
947 -38.322147369384766 -8.984343528747559
948 -38.09832000732422 -9.325865745544434
949 -37.9025993347168 -9.615943908691406
950 -37.525638580322266 -9.897231101989746
951 -37.32650375366211 -10.02582836151123
952 -36.982337951660156 -10.133075714111328
953 -36.530662536621094 -10.197478294372559
954 -36.4149169921875 -10.132345199584961
955 -36.07999801635742 -9.492134094238281
956 -35.904502868652344 -9.163084983825684
957 -35.724552154541016 -8.831775665283203
958 -35.70234680175781 -8.567047119140625
959 -35.68043899536133 -8.030953407287598
960 -35.652549743652344 -7.732078552246094
961 -35.448970794677734 -7.544107913970947
962 -35.24723815917969 -7.356783390045166
963 -34.90736389160156 -7.049729824066162
964 -34.58855438232422 -6.720301151275635
965 -34.45178985595703 -6.534411907196045
966 -34.30824661254883 -6.310189723968506
967 -34.100250244140625 -5.981028079986572
968 -33.8038444519043 -5.49728536605835
969 -33.61088562011719 -5.1844635009765625
970 -33.504180908203125 -5.087035655975342
971 -33.343597412109375 -5.094832897186279
972 -33.06234359741211 -5.0355916023254395
973 -32.459590911865234 -4.825682163238525
974 -32.09853744506836 -4.743021011352539
975 -31.065349578857422 -4.632284641265869
976 -30.718740463256836 -4.650084495544434
977 -30.3616886138916 -4.8790693283081055
978 -30.062541961669922 -5.219742774963379
979 -29.9160099029541 -5.538268566131592
980 -29.845447540283203 -5.777773857116699
981 -35.46638488769531 -17.82109832763672
982 -35.580745697021484 -18.024093627929688
983 -35.728004455566406 -18.29509925842285
984 -36.31459045410156 -19.16317367553711
985 -36.79955291748047 -19.815866470336914
986 -36.96229553222656 -20.00872230529785
987 -37.12279510498047 -20.254762649536133
988 -37.25367736816406 -20.478567123413086
989 -37.351959228515625 -20.643177032470703
990 -37.67087936401367 -21.1337890625
991 -37.85272216796875 -21.410799026489258
992 -38.10107421875 -21.797733306884766
993 -38.28879928588867 -22.086721420288086
994 -38.37894821166992 -22.238739013671875
995 -38.653778076171875 -22.72422218322754
996 -38.82304000854492 -23.01667022705078
997 -38.980106353759766 -23.26241111755371
998 -39.092891693115234 -23.438581466674805
999 -39.144569396972656 -23.515657424926758
