0 5.033008575439453 -8.352598190307617
1 5.16960334777832 -8.471961975097656
2 5.457226753234863 -8.748895645141602
3 5.737699508666992 -8.998215675354004
4 5.937633037567139 -9.086362838745117
5 6.541615009307861 -9.253931045532227
6 7.212233543395996 -9.409801483154297
7 7.595330715179443 -9.52011775970459
8 7.8785400390625 -9.620355606079102
9 8.14328384399414 -9.707999229431152
10 8.374011039733887 -9.748271942138672
11 8.727117538452148 -9.749560356140137
12 9.150914192199707 -9.760476112365723
13 9.487237930297852 -9.765656471252441
14 9.954447746276855 -9.781259536743164
15 10.426941871643066 -9.802875518798828
16 10.992802619934082 -9.854475975036621
17 11.637027740478516 -9.924701690673828
18 11.97791576385498 -9.972407341003418
19 12.367034912109375 -10.024480819702148
20 12.73745059967041 -10.059203147888184
21 13.151192665100098 -10.05142593383789
22 13.546133995056152 -10.007623672485352
23 13.952230453491211 -9.929056167602539
24 14.291810035705566 -9.837203979492188
25 14.624253273010254 -9.717379570007324
26 14.842057228088379 -9.623960494995117
27 43.88874435424805 -3.5219566822052
28 43.80963897705078 -3.603177070617676
29 43.67452621459961 -3.7017946243286133
30 43.26726531982422 -3.954159736633301
31 42.83481216430664 -4.2074666023254395
32 42.443115234375 -4.454848289489746
33 41.93558883666992 -4.83875036239624
34 41.63375473022461 -5.04152774810791
35 41.2052116394043 -5.226146221160889
36 40.82675552368164 -5.320353031158447
37 40.45018005371094 -5.253347873687744
38 40.00442886352539 -5.152256011962891
39 39.68433380126953 -5.020030975341797
40 39.327247619628906 -4.755498886108398
41 39.21323776245117 -4.40775728225708
42 39.158966064453125 -3.8292157649993896
43 39.08336639404297 -3.432180404663086
44 38.9869499206543 -3.214538335800171
45 38.792274475097656 -2.892681121826172
46 38.44644546508789 -2.6019208431243896
47 38.124000549316406 -2.6396172046661377
48 37.57981491088867 -2.823411703109741
49 36.979122161865234 -3.146486282348633
50 36.59646987915039 -3.3810784816741943
51 36.203033447265625 -3.6946208477020264
52 35.9204216003418 -3.907759666442871
53 35.630409240722656 -4.09254264831543
54 35.36045837402344 -4.279206275939941
55 35.053260803222656 -4.534791469573975
56 34.60881805419922 -4.897914886474609
57 34.418060302734375 -5.039116859436035
58 34.10887145996094 -5.208732604980469
59 33.78475570678711 -5.356464862823486
60 33.502323150634766 -5.42756462097168
61 33.25035858154297 -5.436991214752197
62 32.79866027832031 -5.525306224822998
63 31.957162857055664 -5.6758131980896
64 31.719877243041992 -5.703780651092529
65 31.47047233581543 -5.672738552093506
66 30.87828254699707 -5.694372177124023
67 30.484493255615234 -5.726162910461426
68 30.079313278198242 -5.736151695251465
69 29.729764938354492 -5.72468376159668
70 29.24323081970215 -5.705480098724365
71 28.99378204345703 -5.672041416168213
72 28.668947219848633 -5.604525089263916
73 28.326871871948242 -5.566871643066406
74 28.000078201293945 -5.5789875984191895
75 27.526485443115234 -5.688793659210205
76 27.154224395751953 -5.880734920501709
77 26.30122184753418 -6.391759872436523
78 25.809011459350586 -6.821534633636475
79 25.5988826751709 -7.1227312088012695
80 25.497705459594727 -7.482532024383545
81 25.470338821411133 -7.926053524017334
82 25.562326431274414 -8.155805587768555
83 25.76070213317871 -8.596919059753418
84 26.117034912109375 -8.967388153076172
85 26.530364990234375 -9.26106071472168
86 26.920631408691406 -9.44224739074707
87 27.14337921142578 -9.63625717163086
88 27.29978370666504 -9.768355369567871
89 27.903757095336914 -9.863651275634766
90 28.389516830444336 -9.952451705932617
91 28.973217010498047 -10.030547142028809
92 29.51703453063965 -10.182064056396484
93 29.910001754760742 -10.332062721252441
94 30.276195526123047 -10.437254905700684
95 30.803386688232422 -10.499581336975098
96 31.400951385498047 -10.515336036682129
97 31.826488494873047 -10.50867748260498
98 32.21855163574219 -10.468293190002441
99 32.54756546020508 -10.396604537963867
100 32.90411376953125 -10.279292106628418
101 33.45970916748047 -10.039237022399902
102 33.80131912231445 -9.828316688537598
103 33.98235321044922 -9.635475158691406
104 34.203365325927734 -9.353474617004395
105 34.4380989074707 -9.023645401000977
106 41.93036651611328 10.903855323791504
107 41.93412780761719 11.095999717712402
108 41.8938102722168 11.382233619689941
109 41.84638977050781 11.560115814208984
110 41.78813171386719 11.736331939697266
111 41.757572174072266 11.946761131286621
112 41.65957260131836 12.76700496673584
113 41.61124801635742 13.45826530456543
114 41.613712310791016 13.737140655517578
115 41.62458419799805 14.371962547302246
116 41.61036682128906 14.79962158203125
117 41.582244873046875 15.44726848602295
118 41.54990005493164 15.844091415405273
119 41.543121337890625 16.08662986755371
120 41.508060455322266 16.390460968017578
121 41.42724609375 16.767183303833008
122 41.27098846435547 17.185781478881836
123 41.107784271240234 17.550622940063477
124 40.96107864379883 17.698104858398438
125 40.8572998046875 17.80001449584961
126 22.294830322265625 27.849512100219727
127 22.178300857543945 27.944393157958984
128 21.90250587463379 28.166933059692383
129 21.597702026367188 28.389944076538086
130 21.428049087524414 28.57670783996582
131 21.245107650756836 28.67670440673828
132 21.058856964111328 28.73314094543457
133 20.755023956298828 28.799198150634766
134 20.314855575561523 28.868188858032227
135 19.882720947265625 28.931081771850586
136 19.387968063354492 28.996084213256836
137 18.96245765686035 29.013076782226562
138 18.531978607177734 28.969709396362305
139 18.294443130493164 28.90717124938965
140 17.800491333007812 28.56831169128418
141 17.415441513061523 28.308116912841797
142 17.12972640991211 28.09465789794922
143 16.81268310546875 28.027475357055664
144 16.419038772583008 28.119508743286133
145 16.04168128967285 28.34298324584961
146 15.922392845153809 28.552038192749023
147 15.87105941772461 29.08810043334961
148 15.906852722167969 29.615633010864258
149 15.950704574584961 29.888507843017578
150 16.0122127532959 30.121105194091797
151 16.124977111816406 31.002717971801758
152 16.12411880493164 31.386478424072266
153 16.111061096191406 31.629636764526367
154 15.980488777160645 31.8243350982666
155 15.704368591308594 32.077449798583984
156 15.137059211730957 32.370201110839844
157 14.635353088378906 32.45415115356445
158 14.26832103729248 32.37366485595703
159 13.659499168395996 32.13511657714844
160 13.440128326416016 31.908266067504883
161 13.243738174438477 31.324440002441406
162 13.125567436218262 30.740427017211914
163 13.121209144592285 30.331066131591797
164 13.123897552490234 30.10276985168457
165 13.149470329284668 29.803983688354492
166 13.18121337890625 29.298547744750977
167 13.203705787658691 28.785858154296875
168 13.152913093566895 28.225589752197266
169 12.982852935791016 27.888288497924805
170 12.734024047851562 27.758373260498047
171 12.544347763061523 27.710674285888672
172 11.514427185058594 27.777801513671875
173 11.199295997619629 27.93212890625
174 10.852529525756836 28.26289176940918
175 10.755783081054688 28.532962799072266
176 10.737778663635254 28.976037979125977
177 10.738128662109375 29.30792808532715
178 10.80654239654541 29.739959716796875
179 10.786572456359863 30.00948715209961
180 10.684453964233398 30.5664005279541
181 10.473215103149414 30.835094451904297
182 10.187539100646973 30.95418930053711
183 9.756914138793945 30.87729835510254
184 9.474212646484375 30.74446678161621
185 9.195653915405273 30.51345443725586
186 8.496220588684082 29.690717697143555
187 8.205708503723145 29.217815399169922
188 7.940394401550293 28.77827262878418
189 7.785592079162598 28.50462532043457
190 7.689901351928711 28.244043350219727
191 7.447494983673096 27.73954200744629
192 7.278013706207275 27.308727264404297
193 7.16615629196167 26.966724395751953
194 7.056527137756348 26.58539581298828
195 6.936251640319824 26.387378692626953
196 6.736060619354248 26.075000762939453
197 6.276486396789551 25.472227096557617
198 6.1066155433654785 25.184215545654297
199 6.0275702476501465 24.94038963317871
200 6.163061141967773 24.50815200805664
201 6.44634485244751 23.665830612182617
202 6.566282749176025 23.24876594543457
203 6.644741058349609 22.740211486816406
204 6.795053482055664 22.63433837890625
205 7.327035427093506 22.467391967773438
206 8.02060317993164 22.422719955444336
207 8.612299919128418 22.509559631347656
208 9.084250450134277 22.686424255371094
209 9.387977600097656 22.848405838012695
210 9.801351547241211 23.0805606842041
211 10.02163028717041 23.113948822021484
212 10.621442794799805 22.934478759765625
213 10.825569152832031 22.78693962097168
214 11.034137725830078 22.588300704956055
215 11.411527633666992 22.25718116760254
216 11.54454517364502 22.092437744140625
217 11.730681419372559 21.82773208618164
218 11.880498886108398 21.622081756591797
219 13.13669204711914 -2.277303695678711
220 12.992218971252441 -2.5319669246673584
221 12.742740631103516 -2.916945219039917
222 12.43956470489502 -3.417206287384033
223 12.223209381103516 -3.865788459777832
224 12.176400184631348 -4.0803141593933105
225 12.288862228393555 -4.352916717529297
226 12.614006042480469 -4.686705112457275
227 13.230822563171387 -5.051252365112305
228 13.675945281982422 -5.173372268676758
229 14.287683486938477 -5.204230308532715
230 15.001996994018555 -5.195580959320068
231 15.437969207763672 -5.119974613189697
232 15.80014419555664 -5.045465469360352
233 16.23991584777832 -4.919480800628662
234 16.446393966674805 -4.725311279296875
235 16.60346794128418 -4.345602512359619
236 16.6094970703125 -3.961285352706909
237 16.555681228637695 -3.604203939437866
238 16.49451446533203 -2.783991813659668
239 16.573196411132812 -2.6892566680908203
240 16.852825164794922 -2.534517288208008
241 17.29949378967285 -2.5242786407470703
242 17.534969329833984 -2.548720359802246
243 17.994388580322266 -2.6365716457366943
244 18.32219123840332 -2.6799211502075195
245 18.54401206970215 -2.6992616653442383
246 37.36095428466797 25.026283264160156
247 37.06455993652344 25.289167404174805
248 36.630516052246094 25.676212310791016
249 36.4443244934082 25.80640411376953
250 36.245521545410156 25.792037963867188
251 35.92756652832031 25.663307189941406
252 35.6750373840332 25.494539260864258
253 35.44136428833008 25.08405113220215
254 35.24889373779297 24.710561752319336
255 35.1447639465332 24.503353118896484
256 34.997100830078125 24.21405601501465
257 19.535125732421875 2.3331916332244873
258 19.31732177734375 2.2066245079040527
259 18.93794059753418 2.099170684814453
260 18.383756637573242 1.9794459342956543
261 17.87786102294922 1.8375645875930786
262 17.663557052612305 1.7562812566757202
263 17.4522762298584 1.7023426294326782
264 16.876850128173828 1.5207041501998901
265 16.295019149780273 1.3290770053863525
266 15.983774185180664 1.3534064292907715
267 15.73646354675293 1.4361224174499512
268 15.467596054077148 1.6783149242401123
269 15.32270336151123 1.901344895362854
270 15.090770721435547 2.2125988006591797
271 14.88648796081543 2.4583511352539062
272 14.627140998840332 2.7686197757720947
273 14.347735404968262 3.225935697555542
274 13.993162155151367 3.5984482765197754
275 13.578746795654297 3.972194194793701
276 13.241549491882324 4.224415302276611
277 12.844285011291504 4.503904342651367
278 12.370662689208984 4.8191351890563965
279 11.947978019714355 5.010748863220215
280 11.22890567779541 5.212233543395996
281 10.90326976776123 5.282023906707764
282 10.336328506469727 5.400939464569092
283 9.941728591918945 5.565805435180664
284 9.512328147888184 5.770112991333008
285 9.276748657226562 5.894577503204346
286 8.8814058303833 6.201192855834961
287 8.657126426696777 6.386646270751953
288 8.134712219238281 6.845736980438232
289 7.966766834259033 6.97689151763916
290 7.586403846740723 7.135486602783203
291 7.252346515655518 7.195680618286133
292 6.81144380569458 7.156156539916992
293 6.701138496398926 6.981060028076172
294 6.496650218963623 6.644726276397705
295 6.41587495803833 6.1932573318481445
296 6.452149391174316 5.131833076477051
297 6.437008857727051 4.845735549926758
298 6.361269474029541 4.250585079193115
299 6.2886810302734375 3.9788098335266113
300 6.066757678985596 3.4324722290039062
301 5.930535316467285 3.1539041996002197
302 5.734251499176025 2.8885326385498047
303 5.468719959259033 2.5968148708343506
304 4.919247627258301 2.048471212387085
305 4.590135097503662 1.6827698945999146
306 4.393224239349365 1.4233952760696411
307 4.1291327476501465 0.9936091303825378
308 4.053432464599609 0.7635005712509155
309 4.002382278442383 0.3836728632450104
310 4.021785259246826 -0.10063818097114563
311 4.125931262969971 -0.6559751033782959
312 4.17330265045166 -0.7933958768844604
313 4.374760627746582 -1.2082678079605103
314 4.606082439422607 -1.5697853565216064
315 4.875210285186768 -1.941135287284851
316 5.18496561050415 -2.283200979232788
317 5.613148212432861 -2.6456472873687744
318 5.898090362548828 -2.8743276596069336
319 6.113423824310303 -3.0484259128570557
320 6.449851989746094 -3.2640585899353027
321 6.793985843658447 -3.550901174545288
322 7.0719733238220215 -3.6109251976013184
323 7.544134616851807 -3.525820255279541
324 7.8491973876953125 -3.447314500808716
325 8.207921981811523 -3.2753612995147705
326 8.51926326751709 -3.111191511154175
327 8.970584869384766 -2.9016075134277344
328 9.224185943603516 -2.785566806793213
329 9.316572189331055 -2.7442479133605957
330 20.307205200195312 16.41152572631836
331 20.544462203979492 16.58951759338379
332 20.74323272705078 16.73937225341797
333 21.10541534423828 16.91411018371582
334 21.308046340942383 17.087644577026367
335 21.50465965270996 17.405502319335938
336 21.620363235473633 17.605928421020508
337 21.955768585205078 17.967424392700195
338 22.353452682495117 18.329572677612305
339 22.60682487487793 18.559720993041992
340 22.90769386291504 18.681018829345703
341 23.300512313842773 18.801555633544922
342 23.84329605102539 18.905418395996094
343 24.07691764831543 18.915889739990234
344 24.401296615600586 18.83539581298828
345 24.863462448120117 18.75864601135254
346 25.166643142700195 18.71249008178711
347 25.354455947875977 18.70538902282715
348 29.988006591796875 20.694171905517578
349 30.209882736206055 20.759098052978516
350 30.459856033325195 20.851884841918945
351 30.948110580444336 21.18307876586914
352 31.286701202392578 21.53195571899414
353 31.461517333984375 21.819726943969727
354 31.74151611328125 22.609113693237305
355 31.79547119140625 23.109697341918945
356 31.751171112060547 23.60284996032715
357 31.68159294128418 23.913917541503906
358 31.581546783447266 24.217260360717773
359 31.495962142944336 24.494646072387695
360 31.40276527404785 24.848180770874023
361 31.299057006835938 25.44654655456543
362 31.30485725402832 25.803476333618164
363 31.33461570739746 26.165250778198242
364 31.408254623413086 26.557836532592773
365 31.494937896728516 26.851211547851562
366 31.61456298828125 27.12558937072754
367 31.866544723510742 27.53792381286621
368 32.31857681274414 28.038345336914062
369 32.644500732421875 28.31333351135254
370 33.10993957519531 28.657787322998047
371 33.13584518432617 28.666257858276367
372 33.0509033203125 28.642383575439453
373 13.225464820861816 25.653182983398438
374 13.243335723876953 25.436037063598633
375 13.355100631713867 25.13319969177246
376 13.504974365234375 24.886749267578125
377 13.754638671875 24.552743911743164
378 13.944234848022461 24.258995056152344
379 13.993632316589355 24.07616424560547
380 14.0869779586792 23.778579711914062
381 14.187612533569336 23.503690719604492
382 14.372118949890137 22.34861946105957
383 14.400110244750977 22.039936065673828
384 14.39537525177002 21.697628021240234
385 14.4445219039917 21.401182174682617
386 14.635602951049805 20.699169158935547
387 14.814072608947754 20.252614974975586
388 14.760388374328613 20.124343872070312
389 9.575379371643066 1.883975625038147
390 9.661381721496582 1.7139896154403687
391 9.984968185424805 1.159592866897583
392 10.263710975646973 0.6628081798553467
393 10.4298095703125 0.44081318378448486
394 10.837759017944336 0.03399817645549774
395 11.056612014770508 -0.1468164622783661
396 11.27684211730957 -0.14468015730381012
397 11.617857933044434 0.023507406935095787
398 11.86473560333252 0.28251680731773376
399 12.076640129089355 0.6018558144569397
400 12.35299015045166 1.4634801149368286
401 12.4757080078125 1.6028531789779663
402 12.57596206665039 1.6667226552963257
403 12.713512420654297 1.6805216073989868
404 20.15419578552246 -0.23499003052711487
405 20.33057975769043 -0.23002274334430695
406 20.497770309448242 -0.11155890673398972
407 20.729074478149414 0.08513496071100235
408 21.063142776489258 0.4213424026966095
409 21.323871612548828 0.7142048478126526
410 21.71591567993164 1.1942903995513916
411 21.983047485351562 1.5532833337783813
412 22.1323184967041 1.7459745407104492
413 22.300230026245117 1.9295399188995361
414 22.659351348876953 2.5246291160583496
415 23.006500244140625 3.0997772216796875
416 23.225522994995117 3.482686758041382
417 23.30055046081543 3.6690924167633057
418 23.30156707763672 4.097386360168457
419 23.224294662475586 4.324146747589111
420 23.049068450927734 4.6434645652771
421 22.629487991333008 5.03009033203125
422 22.254274368286133 5.251209735870361
423 21.93024444580078 5.5706987380981445
424 21.814266204833984 5.974580764770508
425 21.731210708618164 6.381898403167725
426 21.64488410949707 6.764703750610352
427 21.583908081054688 7.123237609863281
428 21.497325897216797 7.676711559295654
429 21.57489013671875 7.850804805755615
430 21.88347816467285 8.44699478149414
431 21.943180084228516 8.726493835449219
432 21.945966720581055 8.987383842468262
433 22.94266128540039 22.406707763671875
434 23.079631805419922 22.581256866455078
435 23.268999099731445 22.98399543762207
436 23.38920021057129 23.26952362060547
437 23.529186248779297 23.465755462646484
438 23.83687400817871 23.668825149536133
439 24.461076736450195 24.097137451171875
440 24.67448616027832 24.323522567749023
441 24.836223602294922 24.634675979614258
442 24.98554039001465 25.034786224365234
443 25.04961585998535 25.36681365966797
444 25.094161987304688 25.67908477783203
445 25.183208465576172 26.10479164123535
446 25.329631805419922 26.444507598876953
447 25.592226028442383 26.792430877685547
448 26.047470092773438 27.257274627685547
449 26.253368377685547 27.46979331970215
450 26.390846252441406 27.61564064025879
451 26.73738670349121 27.79712677001953
452 27.0765380859375 27.83672332763672
453 27.306753158569336 27.86823844909668
454 27.774948120117188 28.04751968383789
455 28.01395034790039 28.182260513305664
456 28.37494659423828 28.453998565673828
457 28.673725128173828 28.863265991210938
458 28.95857810974121 29.500205993652344
459 28.92216682434082 29.69833755493164
460 28.764881134033203 29.86609649658203
461 28.41354751586914 30.1702823638916
462 27.95149803161621 30.485685348510742
463 27.563045501708984 30.743854522705078
464 27.163862228393555 30.964035034179688
465 26.73554801940918 31.19202995300293
466 26.462818145751953 31.264503479003906
467 26.17677879333496 31.28118324279785
468 25.51637077331543 31.291345596313477
469 24.897300720214844 31.226789474487305
470 24.58525848388672 31.25006103515625
471 24.390766143798828 31.24057388305664
472 24.044187545776367 31.319055557250977
473 23.474044799804688 31.539201736450195
474 23.086868286132812 31.689579010009766
475 22.65962791442871 31.85923194885254
476 22.3016357421875 32.08259582519531
477 21.927385330200195 32.29312515258789
478 21.737985610961914 32.58827590942383
479 21.722352981567383 32.84992980957031
480 21.828859329223633 33.304256439208984
481 21.844100952148438 33.99333953857422
482 21.811614990234375 34.5566520690918
483 21.693771362304688 34.971248626708984
484 21.484054565429688 35.27552032470703
485 21.231779098510742 35.594417572021484
486 20.92003631591797 35.87193298339844
487 20.65683937072754 36.0235710144043
488 20.259614944458008 35.91088104248047
489 19.767621994018555 35.54936981201172
490 19.513395309448242 35.2340202331543
491 19.33786392211914 34.901893615722656
492 19.248519897460938 34.1417350769043
493 19.180286407470703 33.83760070800781
494 19.080318450927734 33.4088020324707
495 19.05031394958496 32.86159133911133
496 19.1990909576416 32.749427795410156
497 19.531021118164062 32.73616027832031
498 19.894311904907227 32.777748107910156
499 23.951616287231445 34.708709716796875
500 24.119525909423828 34.87922286987305
501 24.30001449584961 35.111915588378906
502 24.774324417114258 35.80025863647461
503 25.017709732055664 36.15877151489258
504 25.139415740966797 36.337825775146484
505 25.377235412597656 36.73802947998047
506 25.622236251831055 37.1419792175293
507 25.837980270385742 37.1960563659668
508 26.469045639038086 37.26818084716797
509 26.86857032775879 37.25836944580078
510 27.26712417602539 37.241119384765625
511 27.778629302978516 37.278594970703125
512 28.245859146118164 37.27423095703125
513 28.77313232421875 37.22258758544922
514 29.16276741027832 37.0919189453125
515 29.586244583129883 36.931358337402344
516 29.940202713012695 36.77341842651367
517 30.277095794677734 36.625545501708984
518 31.069021224975586 36.19110870361328
519 31.232521057128906 36.05659484863281
520 31.533655166625977 35.77935028076172
521 31.77145004272461 35.52074432373047
522 31.946794509887695 35.12650680541992
523 32.02261734008789 34.818077087402344
524 32.08543014526367 34.47988510131836
525 32.094482421875 34.05063247680664
526 32.011314392089844 33.553348541259766
527 31.90306282043457 33.06488037109375
528 31.83816909790039 32.815773010253906
529 31.733867645263672 32.39149856567383
530 27.71934700012207 23.482295989990234
531 27.649763107299805 23.22170639038086
532 27.564931869506836 22.820199966430664
533 27.528263092041016 22.282840728759766
534 27.52605438232422 21.913530349731445
535 27.53066062927246 21.420761108398438
536 27.617528915405273 20.948511123657227
537 27.737741470336914 20.382572174072266
538 27.85004425048828 20.008790969848633
539 28.078962326049805 19.34650230407715
540 28.25706672668457 18.881078720092773
541 28.402896881103516 18.509769439697266
542 28.66291046142578 18.010921478271484
543 28.83323860168457 17.661643981933594
544 28.891956329345703 17.371442794799805
545 28.89837646484375 17.138242721557617
546 28.84737777709961 16.834882736206055
547 28.757810592651367 16.482057571411133
548 28.693689346313477 15.961787223815918
549 28.699756622314453 15.610313415527344
550 28.68170738220215 15.479300498962402
551 11.796431541442871 16.5203800201416
552 11.605718612670898 16.71263313293457
553 11.54482650756836 16.90634536743164
554 11.590638160705566 17.207012176513672
555 11.857730865478516 17.61102867126465
556 12.297045707702637 18.007490158081055
557 12.495413780212402 18.109359741210938
558 12.842844009399414 18.142934799194336
559 13.13064193725586 18.123271942138672
560 13.442721366882324 18.02899169921875
561 14.150815963745117 17.55298614501953
562 14.264102935791016 17.450822830200195
563 14.487634658813477 17.249357223510742
564 14.738607406616211 17.015430450439453
565 15.289287567138672 16.4965877532959
566 15.450020790100098 16.262733459472656
567 16.075359344482422 15.514375686645508
568 16.3006591796875 15.164939880371094
569 16.474763870239258 14.903307914733887
570 16.8149356842041 14.547538757324219
571 17.00944709777832 14.306535720825195
572 17.06134796142578 14.14664363861084
573 39.50641632080078 1.9455128908157349
574 39.443748474121094 2.0725438594818115
575 39.26676559448242 2.4001283645629883
576 39.05773162841797 2.750164270401001
577 38.8325309753418 3.011610746383667
578 38.519412994384766 3.2917494773864746
579 37.892417907714844 3.6629464626312256
580 37.59513854980469 3.7621231079101562
581 37.05959701538086 3.834427833557129
582 36.37355041503906 3.7563798427581787
583 35.995243072509766 3.5969204902648926
584 35.62178039550781 3.256809711456299
585 35.4403190612793 3.0203511714935303
586 35.285709381103516 2.598346471786499
587 35.160709381103516 1.9353318214416504
588 35.1777458190918 1.8056279420852661
589 35.132137298583984 1.4118273258209229
590 35.11506271362305 0.8230973482131958
591 35.09574508666992 0.3797948956489563
592 34.96784591674805 0.16066426038742065
593 34.8026123046875 0.014398512430489063
594 34.323089599609375 0.03503860905766487
595 33.94715881347656 0.0603000745177269
596 33.30989074707031 0.0708891749382019
597 33.067623138427734 -0.03476542606949806
598 32.58427047729492 -0.47550758719444275
599 32.13721466064453 -0.852706789970398
600 31.894786834716797 -1.038333535194397
601 31.570438385009766 -1.345959186553955
602 31.260189056396484 -1.581362247467041
603 30.90508460998535 -1.7736860513687134
604 30.366188049316406 -2.0429203510284424
605 29.888635635375977 -2.179486036300659
606 29.73782730102539 -2.1071527004241943
607 29.47443199157715 -1.8615057468414307
608 29.382862091064453 -1.5530706644058228
609 29.335391998291016 -0.7682732343673706
610 29.289527893066406 -0.3366136848926544
611 29.281005859375 -0.1646692305803299
612 29.225223541259766 0.4564940333366394
613 29.15762710571289 1.1116156578063965
614 29.1658878326416 1.5410513877868652
615 29.30142593383789 1.8809763193130493
616 29.45269775390625 2.240478754043579
617 29.544584274291992 2.5004334449768066
618 29.701440811157227 2.8151602745056152
619 29.92498016357422 3.0475480556488037
620 30.08048439025879 3.1989526748657227
621 30.33327865600586 3.438843250274658
622 30.569854736328125 3.647449254989624
623 30.66536521911621 3.8052759170532227
624 8.470765113830566 15.061259269714355
625 8.469347953796387 15.354455947875977
626 8.464597702026367 15.452588081359863
627 8.547471046447754 15.818894386291504
628 8.612619400024414 16.3212947845459
629 8.630426406860352 16.611730575561523
630 8.64096450805664 16.924833297729492
631 8.66295337677002 17.320171356201172
632 8.698281288146973 17.80233383178711
633 8.747574806213379 18.384349822998047
634 8.86091423034668 18.548147201538086
635 9.24899673461914 18.83773422241211
636 9.54232120513916 19.041351318359375
637 9.989653587341309 19.19422721862793
638 10.226667404174805 19.201187133789062
639 10.586193084716797 19.233623504638672
640 17.142824172973633 17.53554916381836
641 17.60471534729004 17.372268676757812
642 17.898263931274414 17.334922790527344
643 18.166786193847656 17.41415786743164
644 18.499217987060547 17.868810653686523
645 18.610708236694336 18.221715927124023
646 18.700515747070312 18.51079750061035
647 18.75916290283203 18.82792091369629
648 18.787508010864258 19.070764541625977
649 18.8675594329834 19.486879348754883
650 18.899173736572266 19.871822357177734
651 18.92143440246582 20.20926856994629
652 18.980697631835938 20.63525390625
653 19.061004638671875 20.962005615234375
654 19.160552978515625 21.32181167602539
655 19.318994522094727 21.867462158203125
656 19.43618392944336 22.320154190063477
657 19.63533592224121 22.739253997802734
658 19.730998992919922 23.023183822631836
659 19.713863372802734 23.402353286743164
660 19.657028198242188 23.984561920166016
661 19.617536544799805 24.415742874145508
662 19.540876388549805 24.705495834350586
663 19.306676864624023 24.95756721496582
664 19.04660987854004 25.104488372802734
665 18.20302391052246 25.14381217956543
666 17.7922420501709 25.1063232421875
667 17.55763053894043 25.067218780517578
668 17.093826293945312 24.88932228088379
669 16.779865264892578 24.701948165893555
670 16.498565673828125 24.396608352661133
671 16.324377059936523 24.162456512451172
672 6.057202339172363 15.614736557006836
673 5.957735061645508 15.342330932617188
674 5.906612396240234 15.049241065979004
675 5.83080530166626 14.533212661743164
676 5.782190799713135 14.301019668579102
677 5.752050399780273 13.854125022888184
678 5.729061126708984 13.530919075012207
679 5.714524745941162 13.292723655700684
680 5.595128059387207 12.586955070495605
681 5.626434326171875 12.328691482543945
682 5.719534397125244 11.980024337768555
683 5.888092994689941 11.560522079467773
684 5.99365234375 11.262491226196289
685 6.0619635581970215 10.982267379760742
686 6.135101318359375 10.536736488342285
687 6.14938497543335 10.192825317382812
688 6.1125807762146 9.989505767822266
689 6.0162835121154785 9.773829460144043
690 5.845350742340088 9.401511192321777
691 -0.1974199414253235 -3.1556520462036133
692 -0.2590222656726837 -3.4620139598846436
693 -0.3130033016204834 -3.807713031768799
694 -0.3647632896900177 -4.1218342781066895
695 -0.35575050115585327 -4.358943462371826
696 -0.2449408769607544 -4.636008262634277
697 -0.026709139347076416 -4.930727481842041
698 0.3101186454296112 -5.239923000335693
699 0.8616082072257996 -5.675082683563232
700 1.145116925239563 -5.8646931648254395
701 1.6793503761291504 -6.192172527313232
702 1.8684619665145874 -6.3061089515686035
703 2.043058156967163 -6.376977443695068
704 19.33478355407715 -7.931678295135498
705 19.49724578857422 -7.822576999664307
706 19.725852966308594 -7.663417339324951
707 20.48626136779785 -7.0897016525268555
708 20.554197311401367 -6.881219387054443
709 20.59459114074707 -6.244161605834961
710 20.66337776184082 -5.776102066040039
711 20.775794982910156 -5.426339626312256
712 21.007850646972656 -5.022885322570801
713 21.292783737182617 -4.643313407897949
714 21.77678680419922 -4.131669044494629
715 22.1186580657959 -3.9204647541046143
716 22.515554428100586 -3.7882862091064453
717 22.894027709960938 -3.6802282333374023
718 23.51595115661621 -3.4720823764801025
719 23.81402587890625 -3.320774793624878
720 24.081661224365234 -3.103260040283203
721 24.353416442871094 -2.763950824737549
722 24.605920791625977 -2.4819579124450684
723 24.83814811706543 -1.8542144298553467
724 24.967288970947266 -1.5700117349624634
725 25.11844253540039 -1.2466955184936523
726 25.297800064086914 -0.7019508481025696
727 25.383451461791992 -0.32434743642807007
728 25.509889602661133 0.058082517236471176
729 25.909038543701172 0.9301893711090088
730 26.101659774780273 1.3373980522155762
731 26.2166748046875 1.6348196268081665
732 26.347248077392578 2.0115561485290527
733 26.498615264892578 2.557299852371216
734 26.59247589111328 3.0847840309143066
735 27.08316421508789 4.198366165161133
736 27.28684425354004 4.49392032623291
737 27.6822566986084 4.887373447418213
738 28.043594360351562 5.270930290222168
739 28.355079650878906 5.6497931480407715
740 28.572097778320312 5.839200496673584
741 28.900127410888672 5.996535778045654
742 29.266651153564453 6.086607933044434
743 30.266307830810547 6.196710586547852
744 31.027936935424805 6.219770908355713
745 31.307376861572266 6.223613739013672
746 32.00733184814453 6.2508649826049805
747 32.453582763671875 6.319863319396973
748 33.177669525146484 6.5100507736206055
749 33.50484848022461 6.6645402908325195
750 33.77598571777344 6.8881964683532715
751 34.160804748535156 7.119400978088379
752 34.70314025878906 7.327733039855957
753 35.17520523071289 7.474123477935791
754 35.586524963378906 7.616974830627441
755 35.85746765136719 7.719322681427002
756 36.0941162109375 7.787661552429199
757 36.50497817993164 7.795058250427246
758 36.94258117675781 7.714014530181885
759 37.30390548706055 7.583351135253906
760 37.6404914855957 7.442111015319824
761 38.041744232177734 7.286295413970947
762 38.71074295043945 7.031158924102783
763 39.3345947265625 6.7826056480407715
764 40.298851013183594 6.371443271636963
765 40.63938522338867 6.249189853668213
766 41.14866256713867 6.107872486114502
767 41.45442199707031 6.027482032775879
768 41.677207946777344 5.9545183181762695
769 42.17334747314453 5.7348527908325195
770 42.523746490478516 5.495713233947754
771 42.68922805786133 5.262687683105469
772 42.87232208251953 4.949874401092529
773 43.096229553222656 4.645040035247803
774 43.43504333496094 4.213352203369141
775 43.63745880126953 4.026034355163574
776 43.813758850097656 3.865170478820801
777 44.19370651245117 3.276771068572998
778 44.368648529052734 3.0046873092651367
779 44.434661865234375 2.8561713695526123
780 44.446624755859375 2.7647204399108887
781 2.8454203605651855 5.549600124359131
782 2.6143691539764404 5.6046013832092285
783 2.2291457653045654 5.769438743591309
784 1.862950325012207 6.096958160400391
785 1.6710784435272217 6.367190361022949
786 1.601078987121582 6.591649532318115
787 1.5875967741012573 7.154718399047852
788 1.6048994064331055 7.763672828674316
789 1.6812487840652466 7.955700874328613
790 1.8704215288162231 8.04259967803955
791 2.1790971755981445 8.15902042388916
792 2.4833009243011475 8.199519157409668
793 3.1380414962768555 8.322405815124512
794 3.4003968238830566 8.346689224243164
795 3.7387282848358154 8.358656883239746
796 3.991948366165161 8.379021644592285
797 34.59410095214844 10.929203033447266
798 34.78682327270508 11.035158157348633
799 35.10162353515625 11.338845252990723
800 35.28491973876953 11.572383880615234
801 35.585662841796875 12.086350440979004
802 35.81571960449219 12.522435188293457
803 35.98819351196289 12.890801429748535
804 36.18122482299805 13.293911933898926
805 36.269710540771484 13.662598609924316
806 36.289398193359375 13.915613174438477
807 36.28208923339844 14.61822509765625
808 36.20736312866211 15.759868621826172
809 36.1255989074707 16.196941375732422
810 35.98879623413086 16.63164710998535
811 35.8086051940918 17.175378799438477
812 35.73105239868164 17.70172691345215
813 35.67042541503906 17.865447998046875
814 35.45598602294922 17.997297286987305
815 34.547889709472656 18.504638671875
816 34.24488830566406 18.59442710876465
817 34.015995025634766 18.621971130371094
818 33.543312072753906 18.628355026245117
819 33.2322998046875 18.55850601196289
820 32.95196533203125 18.431344985961914
821 32.78505325317383 18.32728385925293
822 32.50320816040039 18.146888732910156
823 32.25581359863281 17.871129989624023
824 32.02250671386719 17.48334312438965
825 31.877431869506836 17.112462997436523
826 31.672466278076172 16.21411895751953
827 31.57454490661621 15.87997055053711
828 31.408952713012695 15.204768180847168
829 31.30552101135254 14.882013320922852
830 31.233936309814453 14.383674621582031
831 31.21780776977539 14.05758285522461
832 31.234439849853516 13.771211624145508
833 31.368431091308594 13.311370849609375
834 31.469390869140625 12.972753524780273
835 31.53851318359375 12.630993843078613
836 31.580970764160156 12.091787338256836
837 31.638906478881836 11.746975898742676
838 31.709253311157227 11.06070613861084
839 31.700958251953125 10.799394607543945
840 31.639219284057617 10.271807670593262
841 31.436494827270508 9.934505462646484
842 31.137086868286133 9.645920753479004
843 30.788679122924805 9.427688598632812
844 30.400625228881836 9.285501480102539
845 29.949419021606445 9.171263694763184
846 29.477373123168945 9.163341522216797
847 29.05333709716797 9.198773384094238
848 28.66097068786621 9.267244338989258
849 28.218910217285156 9.417006492614746
850 28.07041358947754 9.45048713684082
851 27.576162338256836 9.855222702026367
852 26.98430061340332 10.44895076751709
853 26.797428131103516 10.679767608642578
854 26.585474014282227 11.068455696105957
855 26.401180267333984 11.593890190124512
856 26.32037353515625 12.139840126037598
857 26.327383041381836 12.698016166687012
858 26.412975311279297 13.02795696258545
859 26.653823852539062 13.530776023864746
860 26.783597946166992 13.804757118225098
861 26.804208755493164 14.212800025939941
862 26.7348690032959 14.459813117980957
863 26.570724487304688 14.674897193908691
864 26.302268981933594 14.769659996032715
865 25.888763427734375 14.90392017364502
866 25.40772247314453 15.043593406677246
867 25.17254066467285 15.089009284973145
868 24.75640869140625 15.109143257141113
869 23.90284538269043 15.118828773498535
870 23.669456481933594 15.08443546295166
871 23.46902084350586 14.970695495605469
872 23.248077392578125 14.730290412902832
873 22.922483444213867 14.207086563110352
874 22.787281036376953 14.011144638061523
875 22.593664169311523 13.757399559020996
876 22.375104904174805 13.559470176696777
877 22.14677619934082 13.313366889953613
878 21.738094329833984 12.897290229797363
879 21.415246963500977 12.573779106140137
880 21.261262893676758 12.385598182678223
881 20.95827293395996 11.965603828430176
882 20.773046493530273 11.69196891784668
883 20.5440616607666 11.714725494384766
884 20.19355010986328 11.894966125488281
885 19.958648681640625 11.949125289916992
886 19.599008560180664 11.915618896484375
887 19.187665939331055 11.798624038696289
888 18.969820022583008 11.588761329650879
889 18.581295013427734 11.158308029174805
890 18.425798416137695 10.778547286987305
891 18.381582260131836 10.379035949707031
892 18.38518524169922 10.067874908447266
893 18.410400390625 9.72542953491211
894 18.53558921813965 9.100500106811523
895 18.64110565185547 8.825408935546875
896 18.824886322021484 8.680156707763672
897 1.7022509574890137 12.345571517944336
898 1.5635017156600952 12.46883773803711
899 1.3729950189590454 12.630901336669922
900 1.256912350654602 12.843067169189453
901 1.0871973037719727 13.228145599365234
902 0.8177246451377869 13.725225448608398
903 0.5606914162635803 14.17605972290039
904 0.4004865884780884 14.512418746948242
905 0.2544902265071869 14.898938179016113
906 0.1924791783094406 15.29749870300293
907 0.1724718064069748 15.610672950744629
908 0.1451355665922165 16.09280776977539
909 0.12887981534004211 16.519874572753906
910 0.1462588608264923 17.291053771972656
911 0.20259380340576172 17.979835510253906
912 0.30412113666534424 18.670307159423828
913 0.4232870936393738 19.245431900024414
914 0.5568881034851074 19.757484436035156
915 0.6121722459793091 19.99324607849121
916 0.753223717212677 20.272565841674805
917 0.8873223066329956 20.493314743041992
918 1.0007129907608032 20.77609634399414
919 1.1672478914260864 21.271678924560547
920 1.5649608373641968 21.95846176147461
921 1.7806307077407837 22.212833404541016
922 2.45784068107605 22.412887573242188
923 2.787039041519165 22.383533477783203
924 3.128112554550171 22.08568572998047
925 3.366340398788452 21.684558868408203
926 3.3971409797668457 21.394180297851562
927 3.359506845474243 20.943273544311523
928 3.312925100326538 20.41965103149414
929 3.4137110710144043 20.100364685058594
930 3.6617789268493652 19.656536102294922
931 3.9895617961883545 19.283855438232422
932 4.323043346405029 18.986656188964844
933 4.774792671203613 18.569522857666016
934 4.979050636291504 18.3780517578125
935 5.150551795959473 18.211820602416992
936 5.309416770935059 18.067575454711914
937 14.276784896850586 10.73530387878418
938 14.446333885192871 10.588098526000977
939 14.638495445251465 10.385336875915527
940 14.935744285583496 9.993789672851562
941 15.013381004333496 9.5470609664917
942 15.086736679077148 9.073481559753418
943 15.180573463439941 8.701035499572754
944 15.286450386047363 8.354899406433105
945 15.367839813232422 8.08294677734375
946 15.493330955505371 7.728847503662109
947 15.610136032104492 7.5006937980651855
948 15.817753791809082 7.246565818786621
949 16.71010398864746 6.402410507202148
950 16.94837188720703 6.1634955406188965
951 17.061565399169922 5.977087497711182
952 17.281593322753906 5.692819595336914
953 17.580394744873047 5.45053768157959
954 18.13005256652832 5.144619464874268
955 18.49903678894043 5.0559282302856445
956 18.96287727355957 4.997653961181641
957 19.32478904724121 4.980175018310547
958 19.639028549194336 5.08829927444458
959 19.956411361694336 5.282034397125244
960 24.780364990234375 6.436275482177734
961 24.941171646118164 6.565533638000488
962 25.01436996459961 6.782166004180908
963 24.95105743408203 7.121750831604004
964 24.86745262145996 7.521984100341797
965 24.7845458984375 7.960000514984131
966 24.722429275512695 8.354670524597168
967 24.486373901367188 8.889928817749023
968 24.338956832885742 9.15497875213623
969 24.183073043823242 9.35757064819336
970 14.73249340057373 12.950764656066895
971 14.520795822143555 13.079957008361816
972 14.222616195678711 13.254141807556152
973 13.805257797241211 13.463156700134277
974 13.269845008850098 13.692791938781738
975 12.869389533996582 13.854265213012695
976 12.569781303405762 13.928605079650879
977 12.076576232910156 13.83873176574707
978 11.529346466064453 13.607444763183594
979 11.295825004577637 13.537015914916992
980 10.656232833862305 13.494495391845703
981 10.461437225341797 13.312567710876465
982 10.229639053344727 12.907377243041992
983 10.110689163208008 12.507668495178223
984 10.103045463562012 12.20496654510498
985 10.207986831665039 11.79725456237793
986 10.202094078063965 11.586106300354004
987 10.164634704589844 11.329628944396973
988 10.192422866821289 10.94253921508789
989 10.26888370513916 10.511817932128906
990 10.370190620422363 9.932499885559082
991 10.443264961242676 9.583971977233887
992 10.573593139648438 9.134864807128906
993 10.585965156555176 8.8932466506958
994 10.76230239868164 8.648530960083008
995 11.011898040771484 8.447192192077637
996 11.54041862487793 8.350019454956055
997 11.75239372253418 8.374492645263672
998 12.022612571716309 8.348535537719727
999 12.10801887512207 8.309800148010254
