0 27.132497787475586 53.12253952026367
1 27.282533645629883 52.95989227294922
2 27.740203857421875 52.59242248535156
3 28.15363311767578 52.41573715209961
4 28.57118034362793 52.33711242675781
5 28.861106872558594 52.374942779541016
6 29.151561737060547 52.44440841674805
7 29.784753799438477 52.37708282470703
8 30.00613021850586 52.31398010253906
9 30.32430648803711 51.90964126586914
10 30.55154800415039 51.38694381713867
11 30.4886474609375 50.99754333496094
12 30.169404983520508 50.58169174194336
13 29.64658546447754 50.12979507446289
14 28.817174911499023 49.54607391357422
15 28.270822525024414 49.1505126953125
16 27.99159049987793 48.78050994873047
17 27.50497817993164 47.954307556152344
18 27.06125259399414 47.41373062133789
19 26.81656265258789 47.07286834716797
20 26.623329162597656 46.84687805175781
21 26.295242309570312 46.449363708496094
22 26.13311004638672 46.18260955810547
23 25.740278244018555 45.702301025390625
24 25.531713485717773 45.53483581542969
25 25.17869758605957 45.38946533203125
26 24.549917221069336 45.207603454589844
27 24.156261444091797 45.22878646850586
28 24.043087005615234 45.20034408569336
29 23.868410110473633 44.491546630859375
30 23.89520263671875 44.174163818359375
31 23.887191772460938 43.90281295776367
32 23.82932472229004 43.71223449707031
33 23.75261878967285 43.5069465637207
34 23.46149444580078 42.898948669433594
35 23.27663803100586 42.4939079284668
36 23.24847412109375 42.31431198120117
37 22.75950050354004 41.92892837524414
38 22.559104919433594 41.82479476928711
39 22.166780471801758 41.668617248535156
40 22.006441116333008 41.622013092041016
41 21.43848419189453 41.475521087646484
42 21.164310455322266 41.45280075073242
43 20.96964454650879 41.7821159362793
44 20.743850708007812 42.21090316772461
45 20.366823196411133 42.82815170288086
46 20.33507537841797 42.92258071899414
47 20.5561466217041 43.139739990234375
48 20.80302619934082 43.37686538696289
49 21.108509063720703 43.74729537963867
50 21.529836654663086 44.034507751464844
51 21.762392044067383 44.142784118652344
52 21.88595962524414 44.340084075927734
53 22.070756912231445 44.516685485839844
54 25.719526290893555 43.50281524658203
55 26.11391830444336 43.569549560546875
56 26.479278564453125 43.577980041503906
57 26.797632217407227 43.57953643798828
58 27.08418846130371 43.578792572021484
59 27.29752540588379 43.596961975097656
60 27.86545753479004 43.76649856567383
61 28.200002670288086 43.83503723144531
62 28.448810577392578 43.880104064941406
63 28.69942855834961 43.824825286865234
64 28.98151969909668 43.71755599975586
65 29.525495529174805 43.527870178222656
66 29.855831146240234 43.46308898925781
67 30.12055206298828 43.31344223022461
68 30.48439598083496 43.06951141357422
69 30.719745635986328 42.97219467163086
70 30.915781021118164 42.62013244628906
71 30.911867141723633 42.45574188232422
72 30.501209259033203 40.90627670288086
73 30.436311721801758 40.82244110107422
74 30.279687881469727 40.61227035522461
75 30.102703094482422 40.399208068847656
76 29.774433135986328 39.94580841064453
77 29.665193557739258 39.865901947021484
78 28.886993408203125 39.74312973022461
79 28.61510467529297 39.67417907714844
80 28.45673179626465 39.598236083984375
81 28.147478103637695 39.396846771240234
82 27.83176040649414 39.19150924682617
83 27.465110778808594 38.91228103637695
84 27.135839462280273 38.651763916015625
85 26.966520309448242 38.501617431640625
86 26.56483268737793 38.27317428588867
87 26.28310775756836 38.289512634277344
88 25.607357025146484 38.54340744018555
89 25.44923210144043 38.5251350402832
90 25.31513023376465 38.283573150634766
91 25.308998107910156 37.979644775390625
92 25.0239200592041 37.50967025756836
93 24.8478946685791 37.13162612915039
94 24.65047836303711 36.956573486328125
95 24.328449249267578 36.831844329833984
96 24.01258087158203 36.94757843017578
97 23.499507904052734 37.28829574584961
98 23.23600959777832 37.256439208984375
99 23.016420364379883 36.97030258178711
100 22.916532516479492 36.55502700805664
101 22.873563766479492 35.826515197753906
102 22.69609260559082 35.77825927734375
103 22.401735305786133 35.74861145019531
104 22.06997299194336 35.708316802978516
105 21.88905906677246 35.946815490722656
106 21.520336151123047 36.316192626953125
107 20.92255973815918 36.56252670288086
108 20.762895584106445 36.629173278808594
109 20.563692092895508 36.64037322998047
110 20.236465454101562 36.927589416503906
111 19.995302200317383 37.194725036621094
112 19.745697021484375 37.58660888671875
113 19.91995620727539 37.75225830078125
114 20.288820266723633 38.015201568603516
115 20.59454917907715 38.29929733276367
116 20.966693878173828 38.467437744140625
117 21.235240936279297 38.52719497680664
118 21.906906127929688 38.87462615966797
119 22.526844024658203 39.16826248168945
120 22.768028259277344 39.29612350463867
121 23.46150779724121 39.673824310302734
122 23.76224708557129 39.9207763671875
123 23.90157699584961 40.056636810302734
124 24.55719757080078 40.642425537109375
125 24.67070960998535 40.81627655029297
126 24.253522872924805 51.458465576171875
127 24.405855178833008 51.63053894042969
128 24.644119262695312 51.54210662841797
129 24.978395462036133 51.372745513916016
130 25.598114013671875 51.19800567626953
131 25.68910026550293 51.063045501708984
132 25.823190689086914 50.84943771362305
133 25.79266357421875 50.589439392089844
134 25.417985916137695 50.20113754272461
135 25.084016799926758 49.873863220214844
136 16.32488441467285 43.861446380615234
137 16.182249069213867 43.7001953125
138 15.975622177124023 43.53037643432617
139 15.494257926940918 43.27131652832031
140 15.308724403381348 43.134490966796875
141 15.111042022705078 43.178958892822266
142 14.844644546508789 43.42094421386719
143 14.759096145629883 43.707763671875
144 14.796757698059082 44.145294189453125
145 15.167628288269043 44.9148063659668
146 15.47222900390625 45.20492935180664
147 16.077831268310547 45.67776107788086
148 16.530364990234375 46.10291290283203
149 16.592313766479492 46.502838134765625
150 16.678272247314453 46.84552764892578
151 16.91161346435547 47.06956100463867
152 17.31914520263672 47.42894744873047
153 17.735795974731445 47.741966247558594
154 17.959985733032227 47.82258605957031
155 18.467920303344727 47.58576202392578
156 18.765949249267578 47.26645278930664
157 19.034353256225586 46.777957916259766
158 19.09589385986328 46.42815399169922
159 18.98690414428711 46.0145149230957
160 18.92612648010254 45.78861999511719
161 18.85861587524414 45.48261642456055
162 18.690500259399414 45.027523040771484
163 18.606639862060547 44.74945831298828
164 18.493701934814453 44.517330169677734
165 18.398609161376953 44.312034606933594
166 18.140796661376953 43.81319808959961
167 18.102155685424805 43.4814567565918
168 18.14451789855957 43.19694519042969
169 18.165618896484375 42.99972915649414
170 18.69007110595703 42.276371002197266
171 18.680015563964844 42.10470199584961
172 18.230064392089844 41.360652923583984
173 18.097213745117188 41.116119384765625
174 17.89775848388672 40.7982177734375
175 17.618682861328125 40.40856170654297
176 17.192157745361328 40.04563522338867
177 16.986848831176758 39.99589920043945
178 16.92108154296875 40.15488052368164
179 16.85101318359375 40.43919372558594
180 16.726444244384766 40.72185516357422
181 20.599468231201172 45.65121078491211
182 20.675952911376953 45.7535400390625
183 20.926471710205078 46.106319427490234
184 21.065990447998047 46.373138427734375
185 21.303491592407227 46.59764099121094
186 21.521751403808594 46.771995544433594
187 21.83979034423828 46.96825408935547
188 22.032602310180664 47.06351089477539
189 22.55766487121582 47.30231857299805
190 22.672426223754883 47.34144592285156
191 22.870203018188477 47.45234298706055
192 23.47840118408203 47.81352233886719
193 23.74382781982422 48.05612564086914
194 23.637441635131836 48.211219787597656
195 23.4320125579834 48.38719940185547
196 22.6900634765625 48.70502853393555
197 22.602556228637695 49.05078887939453
198 22.565685272216797 49.4352912902832
199 22.56382179260254 49.79634475708008
200 22.561372756958008 50.23642349243164
201 22.575157165527344 50.77702713012695
202 22.617563247680664 51.04988479614258
203 22.61745834350586 51.07306671142578
204 21.203128814697266 49.65097427368164
205 21.025779724121094 49.52427291870117
206 20.673097610473633 49.33552169799805
207 20.063167572021484 49.144287109375
208 19.786828994750977 49.22548294067383
209 19.57896614074707 49.452423095703125
210 19.413593292236328 49.55296325683594
211 19.09761619567871 49.97272872924805
212 18.938459396362305 50.410316467285156
213 19.0045166015625 50.67753601074219
214 19.05105209350586 50.864864349365234
215 19.27303123474121 51.45376968383789
216 19.428300857543945 51.636138916015625
217 19.605710983276367 51.78358459472656
218 20.220949172973633 51.85127639770508
219 20.572525024414062 52.108341217041016
220 21.06192970275879 52.36190414428711
221 21.564048767089844 52.59713363647461
222 22.16836166381836 52.84918212890625
223 22.757549285888672 53.11188888549805
224 22.972400665283203 53.228267669677734
225 23.870105743408203 53.75535583496094
226 24.187528610229492 53.98755645751953
227 24.698225021362305 54.24349594116211
228 25.0227108001709 54.54803466796875
229 25.286165237426758 54.81074905395508
230 25.55667495727539 55.0444450378418
231 25.837078094482422 55.36661148071289
232 25.990375518798828 55.56720733642578
233 26.168439865112305 55.8853874206543
234 26.3759822845459 56.20674514770508
235 26.48710823059082 56.45195770263672
236 26.641584396362305 56.9173583984375
237 26.719512939453125 57.125911712646484
238 26.92678451538086 57.38544464111328
239 27.108930587768555 57.72605514526367
240 27.281335830688477 57.82938003540039
241 27.63823890686035 57.866783142089844
242 27.894962310791016 57.86912155151367
243 28.459123611450195 57.85588836669922
244 28.758264541625977 57.824615478515625
245 29.28164291381836 57.8436393737793
246 29.51125717163086 57.788841247558594
247 29.597002029418945 57.65376281738281
248 29.650062561035156 57.37034225463867
249 29.45454216003418 56.56577682495117
250 29.468509674072266 55.92405700683594
251 29.564342498779297 55.85828399658203
252 29.912988662719727 55.88011932373047
253 30.13468360900879 55.95458221435547
254 30.71288299560547 56.28975296020508
255 31.172210693359375 56.57635498046875
256 31.48436164855957 56.72804641723633
257 31.62697982788086 56.78820037841797
258 31.759363174438477 56.825416564941406
259 32.18903732299805 57.132266998291016
260 32.558895111083984 57.59550476074219
261 32.65099334716797 57.846900939941406
262 32.58906936645508 58.32477951049805
263 32.501094818115234 58.5799446105957
264 32.4881591796875 58.97230911254883
265 31.84952735900879 59.9554443359375
266 31.700090408325195 59.98471450805664
267 31.47342872619629 59.843448638916016
268 31.151464462280273 59.774566650390625
269 30.898757934570312 59.84513473510742
270 30.211467742919922 60.82636260986328
271 29.94728660583496 61.41829299926758
272 29.958412170410156 61.62893295288086
273 29.73077392578125 61.64122009277344
274 29.546024322509766 61.663665771484375
275 29.218229293823242 61.914642333984375
276 28.916465759277344 62.048099517822266
277 28.59490203857422 62.162078857421875
278 28.337324142456055 62.18947219848633
279 27.694116592407227 62.21583938598633
280 27.367795944213867 62.19574737548828
281 27.173824310302734 62.12443542480469
282 26.660276412963867 61.638153076171875
283 26.3273983001709 61.2821044921875
284 26.202404022216797 60.987796783447266
285 26.040834426879883 60.16033935546875
286 26.01325225830078 59.705665588378906
287 26.15273094177246 59.69337463378906
288 26.398754119873047 60.00456237792969
289 28.150693893432617 64.48816680908203
290 28.573326110839844 65.08047485351562
291 28.66977882385254 65.28578186035156
292 28.69630241394043 65.54368591308594
293 28.613901138305664 66.21479034423828
294 28.485454559326172 66.67472076416016
295 28.401630401611328 66.79325866699219
296 28.18096351623535 66.97498321533203
297 27.836355209350586 67.42835235595703
298 27.56517219543457 67.81932830810547
299 27.190860748291016 68.5001449584961
300 27.171669006347656 68.80390930175781
301 27.338525772094727 69.38336181640625
302 27.35296630859375 69.5645751953125
303 27.105466842651367 69.87667846679688
304 26.98312759399414 70.05828094482422
305 26.823205947875977 70.29781341552734
306 26.415891647338867 70.69189453125
307 26.089181900024414 70.89249420166016
308 25.617219924926758 71.18695068359375
309 25.374046325683594 71.35806274414062
310 25.109699249267578 71.578857421875
311 24.729402542114258 71.91747283935547
312 24.542354583740234 72.11094665527344
313 24.24871826171875 72.4187240600586
314 23.955129623413086 72.591552734375
315 23.667001724243164 72.6560287475586
316 23.32758140563965 72.5024185180664
317 23.004716873168945 72.26204681396484
318 22.68878173828125 72.02511596679688
319 22.42995262145996 71.80976867675781
320 22.26908302307129 71.73101806640625
321 21.881128311157227 71.68934631347656
322 21.390758514404297 71.63739776611328
323 20.94722557067871 71.80155181884766
324 20.785737991333008 71.8504638671875
325 20.719331741333008 71.89257049560547
326 20.34255027770996 72.18610382080078
327 20.06978416442871 72.46160888671875
328 19.845245361328125 72.65941619873047
329 19.42463493347168 72.753173828125
330 19.308258056640625 72.6180648803711
331 19.163196563720703 72.37612915039062
332 15.707427024841309 60.72472381591797
333 15.833690643310547 60.15644454956055
334 15.987091064453125 60.02556610107422
335 16.38733673095703 60.03779220581055
336 16.889440536499023 60.14759826660156
337 17.12689781188965 60.170379638671875
338 17.280044555664062 59.89283752441406
339 17.362680435180664 59.44860076904297
340 17.32585906982422 59.095062255859375
341 17.1678409576416 58.394832611083984
342 16.991512298583984 57.51137924194336
343 16.852066040039062 56.979671478271484
344 16.781160354614258 56.74909591674805
345 16.6229248046875 56.6072883605957
346 16.25584602355957 56.28216552734375
347 15.522064208984375 55.99662780761719
348 15.194650650024414 55.82986831665039
349 14.685893058776855 55.71599578857422
350 14.50186824798584 55.68330764770508
351 14.193719863891602 55.72117614746094
352 13.855375289916992 55.93609619140625
353 13.412880897521973 56.24765396118164
354 13.199013710021973 56.46207046508789
355 12.887207984924316 56.80222702026367
356 12.561079978942871 57.28025817871094
357 12.48179817199707 57.54979705810547
358 12.382489204406738 58.01372146606445
359 12.347087860107422 58.528480529785156
360 12.365006446838379 58.83935546875
361 19.176721572875977 75.17990112304688
362 19.010330200195312 75.56893920898438
363 18.90260124206543 75.82803344726562
364 18.781545639038086 76.02104187011719
365 18.11619758605957 76.42131805419922
366 17.98822593688965 76.5973892211914
367 17.968473434448242 77.01280212402344
368 18.02556610107422 77.30918884277344
369 18.023359298706055 77.93669128417969
370 18.244722366333008 78.13916778564453
371 18.56800651550293 78.51810455322266
372 18.73058319091797 78.73786163330078
373 18.997098922729492 78.81414031982422
374 19.335956573486328 78.7983169555664
375 19.771133422851562 78.59274291992188
376 21.779220581054688 75.2066879272461
377 21.704946517944336 75.35307312011719
378 21.71411895751953 75.55113220214844
379 21.829328536987305 75.90520477294922
380 21.70148468017578 76.0184555053711
381 21.16362762451172 76.21094512939453
382 20.865022659301758 76.33341979980469
383 20.6708984375 76.57266235351562
384 20.436962127685547 77.02100372314453
385 20.39625358581543 77.28703308105469
386 20.55080795288086 77.45336151123047
387 20.808616638183594 77.66803741455078
388 24.193117141723633 75.44355010986328
389 24.249305725097656 75.39449310302734
390 24.17577362060547 75.533447265625
391 23.75360870361328 76.25988006591797
392 23.73340606689453 76.45479583740234
393 23.624717712402344 76.89368438720703
394 23.48501968383789 77.24189758300781
395 23.33795928955078 77.5201187133789
396 23.229736328125 77.60116577148438
397 23.16743278503418 78.24237060546875
398 23.111623764038086 78.56006622314453
399 23.11160659790039 78.7345962524414
400 23.100431442260742 78.76332092285156
401 23.42180633544922 79.30928802490234
402 24.967899322509766 82.77395629882812
403 25.094247817993164 82.90351104736328
404 25.362667083740234 82.99003601074219
405 25.81576919555664 83.19225311279297
406 26.189725875854492 83.39838409423828
407 26.63148307800293 83.53298950195312
408 26.77790069580078 83.43894958496094
409 26.90652084350586 83.10000610351562
410 26.992637634277344 82.62126159667969
411 27.0128173828125 82.3176498413086
412 27.101116180419922 81.88624572753906
413 27.24692153930664 81.72418212890625
414 27.254125595092773 81.4937744140625
415 26.930953979492188 81.34298706054688
416 26.57203483581543 81.26668548583984
417 26.442996978759766 81.10017395019531
418 26.512561798095703 80.31539916992188
419 26.50347328186035 80.05651092529297
420 26.387939453125 79.76978302001953
421 26.18636131286621 79.75810241699219
422 25.285348892211914 80.52584838867188
423 25.06182861328125 80.7139892578125
424 24.686065673828125 80.92129516601562
425 24.429046630859375 81.03974914550781
426 24.060575485229492 81.27555847167969
427 23.95236587524414 81.29766082763672
428 23.63646697998047 81.38484954833984
429 23.061838150024414 81.45874786376953
430 22.818479537963867 81.4219970703125
431 22.357498168945312 81.12828826904297
432 22.118732452392578 81.11935424804688
433 21.825172424316406 81.21318054199219
434 21.573083877563477 81.69624328613281
435 21.4271297454834 81.86705780029297
436 21.16754722595215 82.12580108642578
437 20.80621337890625 82.44364929199219
438 20.649858474731445 82.51141357421875
439 20.33867835998535 82.58232116699219
440 19.801700592041016 82.3504638671875
441 19.149673461914062 82.2149658203125
442 19.00537109375 82.20348358154297
443 16.97359848022461 83.2741928100586
444 16.802701950073242 83.48892211914062
445 16.50872802734375 83.90252685546875
446 16.335180282592773 84.23261260986328
447 16.196352005004883 84.62630462646484
448 16.18170166015625 84.93407440185547
449 16.16766357421875 85.09337615966797
450 16.480924606323242 85.34541320800781
451 16.737449645996094 85.48758697509766
452 16.916322708129883 85.65904998779297
453 17.115053176879883 85.94488525390625
454 17.498790740966797 86.60395050048828
455 17.573867797851562 86.85102844238281
456 17.089223861694336 87.2122573852539
457 16.405916213989258 87.41242980957031
458 16.225887298583984 87.450439453125
459 16.109567642211914 87.67619323730469
460 15.964824676513672 87.85685729980469
461 15.612265586853027 88.2419204711914
462 15.49487018585205 88.50285339355469
463 15.339818000793457 88.9486083984375
464 15.435896873474121 89.33256530761719
465 15.721691131591797 89.60132598876953
466 16.423118591308594 89.72493743896484
467 16.777740478515625 89.65690612792969
468 16.935821533203125 89.5877685546875
469 17.121633529663086 89.53479766845703
470 17.36069107055664 89.44418334960938
471 17.739713668823242 89.24515533447266
472 18.45491600036621 89.14933013916016
473 18.681495666503906 89.17715454101562
474 18.994823455810547 89.35430908203125
475 19.050125122070312 89.54483032226562
476 19.04244613647461 90.00940704345703
477 18.90193748474121 90.69322204589844
478 18.755176544189453 91.09910583496094
479 18.79177474975586 91.27728271484375
480 18.921863555908203 91.4095687866211
481 19.41411590576172 91.51996612548828
482 19.838468551635742 91.58680725097656
483 20.18047332763672 91.72958374023438
484 20.543970108032227 91.9723892211914
485 21.197364807128906 92.3012924194336
486 21.384605407714844 92.41324615478516
487 21.77509880065918 92.44866943359375
488 22.04351043701172 92.3462905883789
489 22.29847526550293 92.03449249267578
490 22.406301498413086 91.43749237060547
491 22.402755737304688 91.13440704345703
492 22.373456954956055 90.87055206298828
493 22.269561767578125 90.6063232421875
494 22.171730041503906 90.28889465332031
495 21.955699920654297 89.69322204589844
496 21.790821075439453 89.18042755126953
497 21.924964904785156 88.99345397949219
498 22.604402542114258 88.49722290039062
499 22.715465545654297 88.37513732910156
500 22.809484481811523 88.35848236083984
501 23.997840881347656 88.8395767211914
502 24.113754272460938 88.91889953613281
503 24.270854949951172 89.11199188232422
504 24.563459396362305 89.2564926147461
505 25.115236282348633 89.39163970947266
506 25.418930053710938 89.49394989013672
507 25.54543113708496 89.68651580810547
508 25.50735855102539 90.05665588378906
509 25.417621612548828 90.5058364868164
510 25.327177047729492 91.09120178222656
511 25.345548629760742 91.48633575439453
512 25.719541549682617 91.78146362304688
513 26.017040252685547 91.9840087890625
514 26.420167922973633 91.930908203125
515 26.829504013061523 91.81825256347656
516 27.180461883544922 91.71111297607422
517 28.118940353393555 91.28196716308594
518 28.255210876464844 91.16233825683594
519 28.464290618896484 90.85186004638672
520 28.802257537841797 90.56361389160156
521 28.85247802734375 90.40147399902344
522 28.831275939941406 90.15074920654297
523 28.770153045654297 89.77798461914062
524 28.775720596313477 89.48512268066406
525 28.856334686279297 89.14778137207031
526 29.161081314086914 88.60758209228516
527 29.33758544921875 88.42478942871094
528 29.594554901123047 88.39651489257812
529 30.06613540649414 88.55261993408203
530 30.443466186523438 88.77070617675781
531 30.87472152709961 89.09394836425781
532 31.599699020385742 89.5926742553711
533 32.028873443603516 89.84305572509766
534 32.150245666503906 89.90058898925781
535 32.47169876098633 89.91356658935547
536 32.709266662597656 89.85118103027344
537 32.82383346557617 89.51602172851562
538 32.8936653137207 89.17401885986328
539 32.952571868896484 89.00366973876953
540 32.72308349609375 88.52456665039062
541 32.5831184387207 88.26579284667969
542 32.159034729003906 87.72235870361328
543 32.0001335144043 87.52716064453125
544 31.678125381469727 87.14977264404297
545 31.6230525970459 86.97331237792969
546 31.720645904541016 86.8648452758789
547 32.5896110534668 86.46524047851562
548 32.77120590209961 86.24874877929688
549 32.754547119140625 86.07881927490234
550 32.22980499267578 85.4301986694336
551 31.87006187438965 85.0036392211914
552 31.506031036376953 84.4180679321289
553 31.16761589050293 84.1507568359375
554 30.858875274658203 84.17478942871094
555 30.586090087890625 84.25153350830078
556 30.12230110168457 84.47557830810547
557 29.94285774230957 84.64927673339844
558 29.872352600097656 85.02619171142578
559 29.892778396606445 85.32881164550781
560 29.757953643798828 85.80142211914062
561 29.57318878173828 85.92839050292969
562 29.280372619628906 86.19903564453125
563 29.009016036987305 86.42195892333984
564 28.46834945678711 86.63717651367188
565 28.195913314819336 86.68138885498047
566 27.878189086914062 86.66732025146484
567 27.464479446411133 86.6313705444336
568 26.767810821533203 86.52887725830078
569 26.32936668395996 86.48481750488281
570 25.98790740966797 86.4494857788086
571 25.68891143798828 86.43869018554688
572 25.393680572509766 86.29706573486328
573 25.1416015625 86.18606567382812
574 24.96856117248535 86.12195587158203
575 24.455238342285156 85.93342590332031
576 24.005342483520508 85.74322509765625
577 23.69207763671875 85.66362762451172
578 23.328845977783203 85.54132080078125
579 23.201597213745117 85.46558380126953
580 23.037158966064453 85.18453979492188
581 22.955127716064453 84.94131469726562
582 22.689712524414062 84.34182739257812
583 22.65644073486328 84.19354248046875
584 26.355648040771484 77.36962127685547
585 26.549436569213867 77.19884490966797
586 26.97964859008789 76.8320083618164
587 27.236461639404297 76.55606842041016
588 27.49294090270996 76.33980560302734
589 28.336057662963867 75.87260437011719
590 28.78331756591797 75.7147445678711
591 29.179950714111328 75.70976257324219
592 29.39728355407715 75.79520416259766
593 29.745126724243164 76.3532485961914
594 29.93402671813965 76.69465637207031
595 30.210224151611328 77.34053802490234
596 30.040119171142578 77.52664184570312
597 29.842065811157227 77.77816772460938
598 29.44931983947754 77.90388488769531
599 29.10236930847168 77.96751403808594
600 28.64801597595215 78.13338470458984
601 28.416643142700195 78.39192199707031
602 28.429901123046875 78.56340789794922
603 28.68756866455078 78.95635223388672
604 28.83892822265625 79.2753677368164
605 29.031129837036133 79.71556091308594
606 29.192058563232422 79.74056243896484
607 29.561941146850586 79.67781829833984
608 29.777633666992188 79.74508666992188
609 30.085926055908203 79.99541473388672
610 30.308252334594727 80.13314819335938
611 31.315414428710938 80.35961151123047
612 31.49831199645996 80.3742446899414
613 31.743314743041992 80.24108123779297
614 31.94635772705078 79.85140228271484
615 32.07978439331055 79.50190734863281
616 32.224327087402344 78.86051177978516
617 32.34300994873047 78.68695831298828
618 32.711585998535156 78.3011245727539
619 32.828285217285156 78.14716339111328
620 32.621360778808594 77.11639404296875
621 32.63691711425781 76.86274719238281
622 32.657073974609375 76.802734375
623 38.2819938659668 67.61355590820312
624 38.21430969238281 67.37442016601562
625 37.88461685180664 66.87345123291016
626 37.77972412109375 66.57080078125
627 37.797889709472656 66.14204406738281
628 37.86752700805664 65.9417495727539
629 38.54243850708008 65.92591857910156
630 38.89073944091797 65.92379760742188
631 39.11526107788086 65.89408111572266
632 39.59611892700195 65.87183380126953
633 39.99589157104492 65.84700012207031
634 40.35036849975586 65.76594543457031
635 41.04097366333008 65.51419067382812
636 41.36716842651367 65.34871673583984
637 41.349693298339844 65.11390686035156
638 41.29335021972656 64.65283966064453
639 41.25643539428711 64.30662536621094
640 41.25124740600586 64.19857025146484
641 41.29948043823242 63.56645202636719
642 41.16032409667969 63.215599060058594
643 40.81051254272461 62.922298431396484
644 40.380008697509766 62.756614685058594
645 40.050411224365234 62.68867492675781
646 39.58142852783203 62.67169189453125
647 38.530338287353516 62.88519287109375
648 38.16706466674805 62.98943328857422
649 37.48247146606445 63.17232131958008
650 36.92639923095703 63.343318939208984
651 36.7781867980957 63.36029052734375
652 36.526771545410156 63.37812423706055
653 35.95998001098633 63.16773223876953
654 35.67450714111328 63.26681900024414
655 35.41518783569336 63.349430084228516
656 34.931396484375 63.50792694091797
657 34.667335510253906 63.47896194458008
658 34.32609939575195 63.45022964477539
659 34.23997497558594 63.58506774902344
660 34.07390594482422 64.19857025146484
661 33.99515151977539 64.41952514648438
662 33.93644714355469 64.77438354492188
663 34.05754089355469 65.26179504394531
664 34.15519714355469 65.58381652832031
665 34.35699462890625 66.45645904541016
666 34.47515869140625 67.08041381835938
667 34.56747817993164 67.22471618652344
668 34.741844177246094 67.69355773925781
669 34.90072250366211 68.13627624511719
670 34.96349334716797 68.35435485839844
671 35.09357452392578 68.81826782226562
672 35.21915054321289 69.38264465332031
673 35.25059509277344 69.7529525756836
674 35.174015045166016 69.91665649414062
675 34.93778991699219 70.0154037475586
676 34.57550811767578 70.14080047607422
677 34.312408447265625 70.27735137939453
678 34.02562713623047 70.62590789794922
679 33.917415618896484 70.8934097290039
680 33.80512619018555 71.75704193115234
681 33.69314193725586 72.22024536132812
682 33.63693618774414 73.10556030273438
683 33.553279876708984 73.48770141601562
684 33.38748550415039 73.71680450439453
685 33.22217559814453 73.8218765258789
686 32.85212707519531 73.82499694824219
687 31.662578582763672 73.73717498779297
688 31.24679946899414 73.72305297851562
689 31.173086166381836 73.63221740722656
690 31.51667022705078 73.0197525024414
691 31.68362045288086 72.7113037109375
692 31.729394912719727 72.2137451171875
693 31.667407989501953 71.76551055908203
694 31.64082908630371 71.51458740234375
695 31.620100021362305 71.18194580078125
696 31.653841018676758 70.75801086425781
697 31.60625457763672 70.48979949951172
698 31.495031356811523 70.08734893798828
699 31.398954391479492 69.69528198242188
700 31.510175704956055 69.44025421142578
701 31.72294044494629 69.0355453491211
702 31.849987030029297 68.8381576538086
703 31.885133743286133 68.63884735107422
704 31.840635299682617 68.2810287475586
705 31.6597900390625 67.77653503417969
706 31.738584518432617 67.37191009521484
707 31.95046615600586 66.95038604736328
708 32.07447052001953 66.9076919555664
709 35.063758850097656 72.43465423583984
710 35.1567268371582 72.59343719482422
711 35.263423919677734 72.6328125
712 38.50688171386719 73.8866958618164
713 38.762550354003906 73.95232391357422
714 39.155975341796875 73.9179458618164
715 39.46428680419922 73.90091705322266
716 39.70783615112305 73.73835754394531
717 40.06574630737305 73.59500122070312
718 40.283836364746094 73.4400405883789
719 40.44023895263672 73.2829818725586
720 40.66917037963867 72.79483795166016
721 40.94332504272461 72.31785583496094
722 41.04005813598633 71.83868408203125
723 40.928443908691406 71.36245727539062
724 40.95603561401367 70.96794891357422
725 40.7938346862793 70.92729187011719
726 40.15480422973633 70.90636444091797
727 39.7807502746582 70.956298828125
728 39.128807067871094 71.15750122070312
729 38.75620651245117 71.18806457519531
730 38.39134216308594 71.16255187988281
731 38.21296310424805 71.16207885742188
732 37.9642333984375 71.23483276367188
733 36.95184326171875 71.98217010498047
734 36.90550994873047 72.15568542480469
735 36.90060806274414 72.54518127441406
736 36.85597610473633 72.8089599609375
737 36.70943832397461 73.311767578125
738 36.54494857788086 73.51715087890625
739 36.02530288696289 74.11949920654297
740 35.9695930480957 74.3051986694336
741 35.987709045410156 74.78974151611328
742 36.01384353637695 75.04815673828125
743 35.9674072265625 75.4937973022461
744 35.85637664794922 76.077392578125
745 35.86741638183594 76.26358032226562
746 35.996177673339844 76.42455291748047
747 36.30628967285156 76.71647644042969
748 36.50907897949219 76.94666290283203
749 36.54513168334961 77.07097625732422
750 36.56977844238281 77.40599060058594
751 36.55194854736328 78.262939453125
752 36.57695007324219 78.5789794921875
753 36.52457046508789 78.84685516357422
754 36.435272216796875 79.05889892578125
755 36.14091873168945 79.44144439697266
756 35.93526840209961 79.70475769042969
757 35.8165283203125 79.94915771484375
758 35.6418571472168 80.4349136352539
759 35.56249237060547 80.80655670166016
760 35.620914459228516 80.9801254272461
761 35.76232147216797 81.36135864257812
762 36.20769500732422 81.50708770751953
763 36.4251594543457 81.5135269165039
764 36.894691467285156 81.40077209472656
765 37.24092102050781 81.27983093261719
766 37.63026809692383 81.19609832763672
767 38.42919921875 81.12246704101562
768 38.66697692871094 81.10145568847656
769 39.16841125488281 81.10444641113281
770 39.507747650146484 81.05596160888672
771 39.97523880004883 80.930908203125
772 40.48815155029297 80.81793212890625
773 40.73973846435547 80.73058319091797
774 41.011985778808594 80.67081451416016
775 41.25410079956055 80.53123474121094
776 41.645477294921875 80.30152130126953
777 41.840267181396484 80.08995056152344
778 42.01786804199219 79.8694076538086
779 41.83208084106445 79.40745544433594
780 41.68449783325195 79.10368347167969
781 41.490806579589844 78.61417388916016
782 41.50662612915039 78.38194274902344
783 41.58843994140625 77.82685089111328
784 41.54428482055664 77.66352844238281
785 40.96770095825195 77.04791259765625
786 40.61998748779297 77.06878662109375
787 40.13911437988281 77.11145782470703
788 39.74600601196289 77.1779556274414
789 39.31294250488281 77.02761840820312
790 39.20372009277344 76.99488067626953
791 28.540607452392578 72.81600189208984
792 28.448944091796875 72.8631591796875
793 28.359479904174805 72.94617462158203
794 27.707843780517578 73.43032836914062
795 27.312088012695312 73.6969223022461
796 27.071413040161133 73.84832763671875
797 26.83457374572754 73.95050811767578
798 15.991138458251953 72.96111297607422
799 15.910825729370117 72.94828796386719
800 15.821781158447266 73.01432800292969
801 15.753357887268066 72.9086685180664
802 15.576009750366211 71.98018646240234
803 15.558082580566406 71.72464752197266
804 15.669727325439453 71.32227325439453
805 15.790761947631836 70.98611450195312
806 15.836912155151367 70.47152709960938
807 15.682912826538086 70.01271057128906
808 15.40054988861084 69.94247436523438
809 14.760435104370117 70.01128387451172
810 14.338479042053223 70.03277587890625
811 14.170348167419434 70.017333984375
812 13.815752983093262 70.04698944091797
813 13.409843444824219 70.11740112304688
814 12.992083549499512 70.36829376220703
815 12.643989562988281 70.6103286743164
816 12.292076110839844 70.59759521484375
817 11.970970153808594 70.40180969238281
818 11.724493026733398 70.17139434814453
819 11.230456352233887 69.75635528564453
820 10.908897399902344 69.53060150146484
821 10.699838638305664 69.3309326171875
822 10.585297584533691 69.12045288085938
823 10.503445625305176 68.78041076660156
824 10.707775115966797 68.5849380493164
825 11.126814842224121 68.2267074584961
826 11.458235740661621 67.92503356933594
827 11.488285064697266 67.65898895263672
828 11.181668281555176 67.2962646484375
829 10.793206214904785 66.87332153320312
830 10.43401050567627 66.50077056884766
831 10.407509803771973 66.26309967041016
832 10.493481636047363 65.88202667236328
833 10.613000869750977 65.68765258789062
834 10.714384078979492 65.4789810180664
835 11.007979393005371 64.83502960205078
836 11.153733253479004 64.60185241699219
837 11.378931045532227 64.44522857666016
838 11.755287170410156 64.33819580078125
839 11.987898826599121 64.30741119384766
840 12.158285140991211 64.30610656738281
841 13.168106079101562 64.69133758544922
842 13.300485610961914 64.9030532836914
843 13.387164115905762 65.44503021240234
844 13.325660705566406 65.80781555175781
845 13.193327903747559 66.18672180175781
846 13.203516960144043 66.34093475341797
847 13.138090133666992 66.77387237548828
848 13.177284240722656 67.0042724609375
849 13.428858757019043 67.39718627929688
850 13.576688766479492 67.49738311767578
851 13.979936599731445 67.49187469482422
852 14.30954360961914 67.42102813720703
853 14.56759262084961 67.3382339477539
854 15.339037895202637 66.68161010742188
855 15.599658966064453 66.42730712890625
856 16.02851104736328 66.06185150146484
857 16.40138053894043 65.7119369506836
858 16.63773536682129 65.59341430664062
859 17.284147262573242 65.39776611328125
860 17.594768524169922 65.33834838867188
861 18.359148025512695 65.09422302246094
862 18.491172790527344 65.04573059082031
863 18.882843017578125 64.84883880615234
864 19.19253921508789 64.47927856445312
865 19.459545135498047 64.23670959472656
866 19.994640350341797 64.27312469482422
867 20.309093475341797 64.4632568359375
868 20.404541015625 64.64061737060547
869 20.450157165527344 65.08625793457031
870 20.415571212768555 65.90714263916016
871 20.339004516601562 66.25969696044922
872 20.27219581604004 66.48951721191406
873 19.96006965637207 66.74974822998047
874 19.48728370666504 67.03656768798828
875 19.229169845581055 67.39159393310547
876 19.05023956298828 67.66476440429688
877 18.88124656677246 68.19766235351562
878 18.815935134887695 68.45709228515625
879 18.79329490661621 68.9486083984375
880 18.86863136291504 69.11505889892578
881 19.05925750732422 69.30575561523438
882 19.59943199157715 69.54548645019531
883 19.798490524291992 69.57886505126953
884 21.254249572753906 68.7861557006836
885 21.438270568847656 68.67878723144531
886 21.82179069519043 68.53843688964844
887 22.352893829345703 68.35354614257812
888 22.45118522644043 68.13501739501953
889 22.415624618530273 67.70458984375
890 22.371015548706055 67.46985626220703
891 22.406078338623047 67.06976318359375
892 22.564729690551758 66.68241119384766
893 22.71953582763672 66.48927307128906
894 23.094829559326172 66.39332580566406
895 23.51153564453125 66.31477355957031
896 24.32570457458496 66.20855712890625
897 24.574254989624023 66.12308502197266
898 24.836206436157227 66.61078643798828
899 24.902301788330078 66.80615997314453
900 24.919301986694336 66.97978973388672
901 24.830787658691406 67.3278579711914
902 24.7725772857666 67.50909423828125
903 24.699432373046875 67.51383972167969
904 24.28277587890625 64.70552062988281
905 24.25092315673828 64.50811004638672
906 24.175928115844727 64.36729431152344
907 24.057157516479492 64.13157653808594
908 23.872093200683594 63.707672119140625
909 23.77552032470703 63.47332000732422
910 23.554494857788086 62.786861419677734
911 23.34028434753418 62.18435287475586
912 23.134613037109375 61.81113052368164
913 22.644765853881836 61.30493927001953
914 22.440593719482422 61.17457962036133
915 22.10637855529785 60.673851013183594
916 21.983428955078125 60.17123794555664
917 22.075410842895508 59.91167068481445
918 22.68149757385254 59.67750930786133
919 23.311845779418945 59.453880310058594
920 23.47744369506836 59.318824768066406
921 23.735164642333984 58.893211364746094
922 23.831750869750977 58.80794143676758
923 23.70756721496582 58.57350540161133
924 23.108274459838867 57.92967224121094
925 23.072757720947266 57.7134895324707
926 23.114179611206055 57.50075912475586
927 23.081846237182617 57.13463592529297
928 22.746231079101562 56.36809539794922
929 22.55419158935547 56.30424499511719
930 22.217041015625 56.29148864746094
931 21.949321746826172 56.318050384521484
932 21.585447311401367 56.42289352416992
933 21.36713409423828 56.77641677856445
934 21.12949562072754 57.493995666503906
935 21.042552947998047 57.6561393737793
936 20.4243221282959 57.57609176635742
937 20.228137969970703 57.564815521240234
938 20.026121139526367 57.21022415161133
939 19.933374404907227 57.045528411865234
940 19.867353439331055 56.60758590698242
941 19.89202117919922 56.22795867919922
942 19.885435104370117 55.6376838684082
943 19.7086181640625 55.28049850463867
944 19.257320404052734 54.7802848815918
945 18.91332244873047 54.530609130859375
946 18.55347442626953 54.38606262207031
947 18.27098846435547 54.2049560546875
948 17.536569595336914 53.574432373046875
949 17.213483810424805 53.260379791259766
950 16.99449348449707 53.091644287109375
951 16.799436569213867 52.91647720336914
952 11.694953918457031 50.6544075012207
953 11.493159294128418 50.63739013671875
954 11.012431144714355 50.56067657470703
955 10.73823070526123 50.432621002197266
956 9.946968078613281 50.02698516845703
957 9.747797012329102 49.83195877075195
958 9.43066692352295 49.44630432128906
959 9.32613468170166 48.95001983642578
960 9.411848068237305 48.641475677490234
961 9.543378829956055 48.22554397583008
962 9.831832885742188 47.9011344909668
963 10.190423011779785 47.61034393310547
964 10.382158279418945 47.49306106567383
965 11.131921768188477 47.28733825683594
966 11.554587364196777 47.182350158691406
967 11.933095932006836 47.0577507019043
968 12.161825180053711 46.78123474121094
969 12.38515567779541 46.72151565551758
970 12.814517974853516 46.78988265991211
971 13.347471237182617 46.8654899597168
972 13.73409366607666 46.885986328125
973 14.071480751037598 46.94136047363281
974 14.259469032287598 47.04679870605469
975 14.734073638916016 47.43618392944336
976 15.063980102539062 47.8372688293457
977 15.12950611114502 48.11212158203125
978 15.478760719299316 48.83732223510742
979 15.528014183044434 48.99164581298828
980 14.998534202575684 48.96050262451172
981 13.879717826843262 48.838539123535156
982 13.844965934753418 48.88543701171875
983 13.767699241638184 48.95425796508789
984 13.880014419555664 49.5643196105957
985 13.997419357299805 49.77754592895508
986 14.33312702178955 50.0030632019043
987 15.087019920349121 50.389503479003906
988 15.167388916015625 50.58644485473633
989 15.202587127685547 50.96245574951172
990 15.167076110839844 51.27455520629883
991 15.154646873474121 51.55454635620117
992 15.159539222717285 51.73220443725586
993 15.075326919555664 52.02146530151367
994 14.979744911193848 52.39532470703125
995 14.788825035095215 52.40924072265625
996 14.285555839538574 52.54545593261719
997 13.831507682800293 52.81476593017578
998 13.55565357208252 52.96742248535156
999 13.388924598693848 53.047637939453125
