0 -53.39683532714844 19.631301879882812
1 -53.455718994140625 19.72735023498535
2 -53.529388427734375 19.92646026611328
3 -53.61321258544922 20.165861129760742
4 -53.698307037353516 20.39653968811035
5 -53.80306625366211 20.703670501708984
6 -53.79083251953125 21.011503219604492
7 -53.742149353027344 21.277454376220703
8 -53.75353240966797 21.50176429748535
9 -53.69340896606445 21.61375617980957
10 -53.433834075927734 21.791078567504883
11 -52.90332794189453 22.1881103515625
12 -52.572601318359375 22.45253562927246
13 -52.360107421875 22.63617706298828
14 -52.133338928222656 22.875396728515625
15 -51.67538833618164 23.350778579711914
16 -51.507328033447266 23.51197052001953
17 -51.408416748046875 23.601808547973633
18 -51.29656982421875 23.69651222229004
19 -35.1109504699707 37.437103271484375
20 -34.96368408203125 37.4744758605957
21 -34.77225112915039 37.532135009765625
22 -34.51364517211914 37.56665802001953
23 -34.02907943725586 37.5681037902832
24 -33.698020935058594 37.559810638427734
25 -33.31245422363281 37.56394958496094
26 -32.834896087646484 37.620391845703125
27 -32.50952911376953 37.66184616088867
28 -32.26753616333008 37.662715911865234
29 -32.059974670410156 37.50049591064453
30 -31.747793197631836 37.181427001953125
31 -31.64698600769043 37.01042556762695
32 -31.416189193725586 36.50494384765625
33 -31.37908172607422 36.29936981201172
34 -31.456655502319336 36.0469856262207
35 -31.54180335998535 35.851524353027344
36 -31.720277786254883 35.46841049194336
37 -31.979503631591797 35.04680252075195
38 -31.983915328979492 34.896217346191406
39 -31.971134185791016 34.473140716552734
40 -31.94224739074707 34.136741638183594
41 -31.923799514770508 33.90895080566406
42 -31.85771369934082 33.70219039916992
43 -31.759933471679688 33.357521057128906
44 -31.663326263427734 33.098018646240234
45 -31.5360107421875 32.816226959228516
46 -31.384706497192383 32.245994567871094
47 -31.340791702270508 32.01160430908203
48 -31.365867614746094 31.748037338256836
49 -31.439077377319336 31.393184661865234
50 -31.533315658569336 31.166929244995117
51 -31.653226852416992 30.900245666503906
52 -31.737398147583008 30.571807861328125
53 -31.779281616210938 30.400087356567383
54 -32.04652404785156 30.23370933532715
55 -32.45558547973633 29.974184036254883
56 -32.64645767211914 29.813974380493164
57 -32.82328796386719 29.709938049316406
58 -33.07792282104492 29.605825424194336
59 -33.40767288208008 29.48756980895996
60 -33.698692321777344 29.310903549194336
61 -34.11409378051758 28.930315017700195
62 -34.35792541503906 28.695964813232422
63 -34.60271453857422 28.558027267456055
64 -34.87493896484375 28.4897518157959
65 -35.130558013916016 28.571815490722656
66 -35.52337646484375 28.748138427734375
67 -35.94959259033203 28.962017059326172
68 -36.156707763671875 29.152873992919922
69 -36.32663345336914 29.36914825439453
70 -36.49813461303711 29.643665313720703
71 -36.6448974609375 29.972179412841797
72 -36.87064743041992 30.361732482910156
73 -36.977760314941406 30.679195404052734
74 -37.13283920288086 31.073301315307617
75 -37.23670959472656 31.326799392700195
76 -37.2658576965332 31.60386848449707
77 -37.2482795715332 32.02957534790039
78 -37.21358108520508 32.241050720214844
79 -37.3131103515625 32.42045211791992
80 -37.62764358520508 32.901485443115234
81 -37.7976188659668 33.187294006347656
82 -37.9338264465332 33.49464797973633
83 -37.99032974243164 33.681583404541016
84 -38.1203727722168 33.98893356323242
85 -38.43685531616211 34.891300201416016
86 -38.55376434326172 35.000450134277344
87 -38.70363998413086 35.20622634887695
88 -38.85822296142578 35.340633392333984
89 -47.69694137573242 36.54924011230469
90 -47.98726272583008 36.509674072265625
91 -48.406532287597656 36.45667266845703
92 -48.803314208984375 36.40330505371094
93 -49.2723388671875 36.31974792480469
94 -49.82970428466797 36.11845779418945
95 -50.041439056396484 35.98262405395508
96 -50.198692321777344 35.80415725708008
97 -50.36442565917969 35.56813049316406
98 -50.453102111816406 35.387184143066406
99 -50.68368911743164 34.79360580444336
100 -50.77946090698242 34.53749084472656
101 -50.80572509765625 34.21885299682617
102 -50.878299713134766 33.804569244384766
103 -50.997154235839844 33.54861831665039
104 -51.10759735107422 33.35529708862305
105 -51.30279541015625 33.30227279663086
106 -51.868865966796875 33.321205139160156
107 -52.41066360473633 33.241695404052734
108 -52.70558166503906 33.29713439941406
109 -53.018741607666016 33.403038024902344
110 -53.262428283691406 33.49053192138672
111 -53.580101013183594 33.62718963623047
112 -54.044166564941406 34.02781677246094
113 -54.14824295043945 34.241981506347656
114 -54.17002487182617 34.55569839477539
115 -54.13307571411133 34.97654724121094
116 -54.07832336425781 35.27448654174805
117 -53.935821533203125 35.74745178222656
118 -53.85320281982422 36.052337646484375
119 -53.742637634277344 36.34296417236328
120 -53.683170318603516 36.617855072021484
121 -53.675010681152344 36.75978088378906
122 -53.689178466796875 36.97931671142578
123 -58.9112548828125 44.68084716796875
124 -59.04717254638672 44.903385162353516
125 -59.328128814697266 45.294124603271484
126 -59.56098175048828 45.549564361572266
127 -59.79703140258789 45.77322769165039
128 -60.08255386352539 45.95161056518555
129 -60.403831481933594 46.18379592895508
130 -60.587894439697266 46.328548431396484
131 -60.719810485839844 46.567630767822266
132 -60.834171295166016 47.177711486816406
133 -60.81903076171875 47.33671188354492
134 -60.78650665283203 47.55875015258789
135 -60.4915771484375 47.8309211730957
136 -60.24531173706055 48.048133850097656
137 -36.89500427246094 48.69318389892578
138 -36.68368911743164 48.62297058105469
139 -36.509944915771484 48.518280029296875
140 -36.2421760559082 48.37215805053711
141 -35.7489013671875 48.05611801147461
142 -35.38620376586914 47.78329849243164
143 -35.25153350830078 47.659095764160156
144 -35.104103088378906 47.37446975708008
145 -35.025306701660156 47.15013122558594
146 -35.035091400146484 46.57732391357422
147 -34.99039077758789 46.2563591003418
148 -34.966678619384766 46.025413513183594
149 -34.98403549194336 45.8370361328125
150 -34.94514465332031 44.83209991455078
151 -34.97750473022461 44.45699691772461
152 -35.04462432861328 43.90977096557617
153 -35.090152740478516 43.60915756225586
154 -35.19776153564453 43.31953811645508
155 -35.3409538269043 43.056644439697266
156 -35.563011169433594 42.74611282348633
157 -36.26158905029297 41.90668487548828
158 -36.4618034362793 41.711090087890625
159 -36.731666564941406 41.60318374633789
160 -37.19131088256836 41.481380462646484
161 -37.56163024902344 41.40229415893555
162 -37.964942932128906 41.351932525634766
163 -38.44927215576172 41.33940887451172
164 -38.6599006652832 41.34130096435547
165 -60.705909729003906 52.585758209228516
166 -60.95173645019531 52.80986785888672
167 -61.087547302246094 53.01057434082031
168 -61.14958953857422 53.108177185058594
169 -61.34775161743164 53.269866943359375
170 -61.703399658203125 53.490943908691406
171 -62.25996398925781 53.75816345214844
172 -62.546512603759766 53.77507400512695
173 -62.73200225830078 53.61936950683594
174 -62.89372634887695 53.41816711425781
175 -63.11989974975586 53.296348571777344
176 -63.19028091430664 53.227027893066406
177 -70.0992660522461 39.919830322265625
178 -70.15080261230469 39.79823303222656
179 -70.20716857910156 39.5716552734375
180 -70.28429412841797 39.112003326416016
181 -70.30847930908203 38.82359313964844
182 -70.3209457397461 38.40448760986328
183 -70.28421020507812 37.999393463134766
184 -70.20883178710938 37.74591827392578
185 -70.13330078125 37.44617462158203
186 -70.1116943359375 37.08269500732422
187 -70.10365295410156 36.73062515258789
188 -70.04618072509766 36.34439468383789
189 -70.02373504638672 36.1746711730957
190 -69.78279876708984 35.188472747802734
191 -69.72930145263672 35.04404830932617
192 -69.62374877929688 34.66432189941406
193 -69.55482482910156 34.42497253417969
194 -69.4970703125 34.207740783691406
195 -69.41593933105469 33.858673095703125
196 -69.32650756835938 33.34080505371094
197 -69.26041412353516 32.90409851074219
198 -69.19414520263672 32.15643310546875
199 -69.2041244506836 31.754701614379883
200 -69.2155990600586 31.495527267456055
201 -69.35807800292969 31.128204345703125
202 -69.53569793701172 30.688047409057617
203 -69.71748352050781 30.351003646850586
204 -69.98286437988281 30.01923179626465
205 -70.33467102050781 29.894367218017578
206 -70.64352416992188 29.857837677001953
207 -71.06031799316406 29.865921020507812
208 -71.46387481689453 29.93385887145996
209 -71.90337371826172 30.05434799194336
210 -72.16101837158203 30.093822479248047
211 -72.33634185791016 30.159442901611328
212 -72.56085205078125 30.310916900634766
213 -72.86979675292969 30.611251831054688
214 -73.31477355957031 31.04429054260254
215 -73.39826965332031 31.119548797607422
216 -73.71531677246094 31.41735076904297
217 -74.36015319824219 31.841381072998047
218 -74.66947937011719 31.947784423828125
219 -74.99886322021484 32.07196044921875
220 -75.25594329833984 32.09328079223633
221 -75.63589477539062 32.10130310058594
222 -75.9771499633789 32.12089920043945
223 -76.38514709472656 32.03097915649414
224 -76.70348358154297 31.888059616088867
225 -77.04725646972656 31.635690689086914
226 -77.31161499023438 31.379972457885742
227 -77.53460693359375 31.08635139465332
228 -77.79930114746094 30.69007110595703
229 -78.17301940917969 30.057695388793945
230 -78.49303436279297 29.58944320678711
231 -78.67960357666016 29.310396194458008
232 -78.87104797363281 29.0113582611084
233 -79.10408782958984 28.65110969543457
234 -79.63200378417969 28.147071838378906
235 -79.74920654296875 27.94894027709961
236 -79.7801513671875 27.787181854248047
237 -79.80374145507812 27.224376678466797
238 -79.88130187988281 26.858654022216797
239 -79.91029357910156 26.691986083984375
240 -79.8259506225586 26.230640411376953
241 -79.75083923339844 25.982805252075195
242 -79.48470306396484 25.429927825927734
243 -79.20132446289062 25.040124893188477
244 -79.01475524902344 24.8167667388916
245 -78.80660247802734 24.71923828125
246 -78.10846710205078 24.434091567993164
247 -77.84298706054688 24.331863403320312
248 -77.5808334350586 24.200624465942383
249 -77.31756591796875 23.940086364746094
250 -77.05657196044922 23.663061141967773
251 -76.8525161743164 23.41131591796875
252 -76.67833709716797 23.15932273864746
253 -76.22325134277344 22.679813385009766
254 -76.00043487548828 22.493776321411133
255 -75.77359008789062 22.373554229736328
256 -75.37040710449219 22.425668716430664
257 -74.46282196044922 22.618690490722656
258 -74.11561584472656 22.75935935974121
259 -73.84362030029297 22.850902557373047
260 -73.64208984375 23.05975914001465
261 -73.31832122802734 23.463417053222656
262 -73.12063598632812 23.667551040649414
263 -72.90557861328125 23.72056770324707
264 -72.65381622314453 23.690982818603516
265 -72.398681640625 23.584468841552734
266 -72.20584106445312 23.46477699279785
267 -71.93181610107422 23.19778823852539
268 -71.7423324584961 22.97068214416504
269 -71.55217742919922 22.711931228637695
270 -71.33863830566406 22.46345329284668
271 -71.0664291381836 22.196897506713867
272 -70.69975280761719 22.01432228088379
273 -70.39649963378906 21.943361282348633
274 -70.046875 21.936737060546875
275 -69.8572769165039 21.978126525878906
276 -69.47537231445312 22.019561767578125
277 -69.1732177734375 22.045917510986328
278 -68.66039276123047 22.139707565307617
279 -67.83548736572266 22.2127685546875
280 -67.55213928222656 22.170772552490234
281 -67.3818588256836 22.01901626586914
282 -67.18287658691406 21.7965145111084
283 -67.10747528076172 21.45706558227539
284 -67.24618530273438 20.976926803588867
285 -67.4912338256836 20.680248260498047
286 -67.58902740478516 20.529048919677734
287 -67.82418823242188 20.336685180664062
288 -68.15263366699219 20.067440032958984
289 -68.41766357421875 19.77277183532715
290 -68.60737609863281 19.442363739013672
291 -68.77763366699219 18.939634323120117
292 -68.85195922851562 18.703670501708984
293 -68.80615234375 18.497600555419922
294 -68.6650161743164 18.21786880493164
295 -68.35568237304688 18.089128494262695
296 -67.9767837524414 18.18077278137207
297 -67.52079772949219 18.269710540771484
298 -67.13459014892578 18.289169311523438
299 -66.70225524902344 18.35465431213379
300 -66.30110931396484 18.409574508666992
301 -65.75215911865234 18.544357299804688
302 -65.430908203125 18.614524841308594
303 -65.10021209716797 18.684743881225586
304 -64.55725860595703 18.735240936279297
305 -64.2085952758789 18.767332077026367
306 -63.90289306640625 18.854694366455078
307 -63.4086799621582 19.079256057739258
308 -62.98509979248047 19.30063247680664
309 -62.8154182434082 19.371505737304688
310 -62.612300872802734 19.42108726501465
311 -62.380558013916016 19.436826705932617
312 -44.27455139160156 22.546045303344727
313 -44.0886116027832 22.42774772644043
314 -43.928462982177734 22.28713607788086
315 -43.77786636352539 21.995126724243164
316 -43.744956970214844 21.768415451049805
317 -43.74909591674805 21.584129333496094
318 -43.80508804321289 21.26453971862793
319 -43.86606216430664 20.904951095581055
320 -43.946693420410156 20.47789192199707
321 -44.04127502441406 20.069290161132812
322 -44.08122634887695 19.952098846435547
323 -44.222145080566406 19.806148529052734
324 -44.42272186279297 19.6106014251709
325 -44.95479202270508 18.969280242919922
326 -45.173095703125 18.63454246520996
327 -45.342529296875 18.340591430664062
328 -45.668861389160156 17.713912963867188
329 -45.925540924072266 17.24443244934082
330 -46.077491760253906 16.991029739379883
331 -46.494361877441406 16.279394149780273
332 -46.595176696777344 16.073196411132812
333 -46.69777297973633 15.882551193237305
334 -46.81772994995117 15.641992568969727
335 -46.97262191772461 15.35383415222168
336 -47.15460205078125 15.053000450134277
337 -47.30354309082031 14.854613304138184
338 -47.40848159790039 14.620222091674805
339 -47.52227783203125 14.377054214477539
340 -47.65044021606445 14.107569694519043
341 -47.76387023925781 13.872296333312988
342 -47.901885986328125 13.720626831054688
343 -48.23305130004883 13.520817756652832
344 -48.66520690917969 13.34587287902832
345 -48.866844177246094 13.306669235229492
346 -49.14252853393555 13.353428840637207
347 -49.462528228759766 38.78799819946289
348 -49.47885513305664 38.82887649536133
349 -49.5468864440918 38.95903778076172
350 -49.705772399902344 39.26439666748047
351 -49.81653594970703 39.58833694458008
352 -49.895347595214844 39.848480224609375
353 -50.009700775146484 40.49364471435547
354 -50.09727478027344 40.88263702392578
355 -50.13395309448242 41.10151672363281
356 -50.13658142089844 41.57530212402344
357 -50.107608795166016 42.12047576904297
358 -50.12361145019531 42.43519973754883
359 -50.18762969970703 42.751338958740234
360 -50.32744216918945 42.99024963378906
361 -50.4046516418457 43.10310363769531
362 -50.78962707519531 43.398014068603516
363 -51.02479553222656 43.501686096191406
364 -51.34648132324219 43.575260162353516
365 -51.87083053588867 43.563236236572266
366 -52.08146286010742 43.51070022583008
367 -52.41007614135742 43.184242248535156
368 -52.53316879272461 42.705543518066406
369 -52.60028839111328 42.43645477294922
370 -52.70756149291992 42.20671081542969
371 -52.980682373046875 41.81996154785156
372 -53.1090087890625 41.6487922668457
373 -53.393375396728516 41.393314361572266
374 -53.57634735107422 41.232666015625
375 -53.80596160888672 41.29458999633789
376 -54.10466766357422 41.335121154785156
377 -54.68943405151367 41.520347595214844
378 -55.04861068725586 41.700252532958984
379 -55.46010208129883 41.78681564331055
380 -55.927757263183594 41.85112762451172
381 -56.24587631225586 41.85552978515625
382 -56.47924041748047 41.82180404663086
383 -56.57849884033203 41.42705535888672
384 -56.72218322753906 40.928218841552734
385 -56.86251449584961 40.40827178955078
386 -56.97285842895508 40.21689224243164
387 -57.210723876953125 39.95112228393555
388 -57.377281188964844 39.74305725097656
389 -57.54011154174805 39.67914581298828
390 -58.09373092651367 39.534542083740234
391 -58.78163528442383 39.38652420043945
392 -59.190757751464844 39.314109802246094
393 -59.60354995727539 39.266544342041016
394 -60.119873046875 39.29041290283203
395 -60.34779739379883 39.35598373413086
396 -60.47747039794922 39.474761962890625
397 -60.492122650146484 39.680389404296875
398 -60.49360656738281 39.998043060302734
399 -46.47091293334961 51.75895690917969
400 -46.39637756347656 51.944236755371094
401 -46.4096794128418 52.127845764160156
402 -46.41860580444336 52.487709045410156
403 -46.49870681762695 52.80660629272461
404 -46.601619720458984 53.10109329223633
405 -46.714176177978516 53.306121826171875
406 -46.95155334472656 53.661643981933594
407 -47.207366943359375 54.07417297363281
408 -47.394447326660156 54.338382720947266
409 -47.587303161621094 54.590328216552734
410 -47.81778335571289 54.87630081176758
411 -48.101280212402344 55.191246032714844
412 -48.45881652832031 55.6041259765625
413 -48.69050598144531 55.89485549926758
414 -49.000953674316406 56.282867431640625
415 -49.182518005371094 56.50444793701172
416 -49.36791229248047 56.69200897216797
417 -49.63591766357422 56.95733642578125
418 -49.740116119384766 57.055076599121094
419 -49.901058197021484 57.16534423828125
420 -50.39690399169922 57.40366744995117
421 -50.500301361083984 57.46430587768555
422 -50.75638198852539 57.59882354736328
423 -50.9598388671875 57.71031188964844
424 -51.26853561401367 57.89551544189453
425 -51.62114334106445 58.086666107177734
426 -52.04338836669922 58.31725311279297
427 -52.21991729736328 58.40126419067383
428 -52.46245193481445 58.537025451660156
429 -52.88633346557617 58.74564743041992
430 -53.866519927978516 59.26700973510742
431 -54.16545867919922 59.41465377807617
432 -54.57072830200195 59.48194122314453
433 -54.796566009521484 59.481658935546875
434 -55.24403762817383 59.43898391723633
435 -55.720359802246094 59.334815979003906
436 -55.994293212890625 59.24903106689453
437 -56.40486145019531 59.171695709228516
438 -56.5805549621582 59.151084899902344
439 -56.81727600097656 58.901039123535156
440 -57.03289031982422 58.61504364013672
441 -57.31941604614258 58.35132598876953
442 -57.54071807861328 58.1287841796875
443 -57.798606872558594 57.74405288696289
444 -58.03031539916992 57.18690490722656
445 -58.029571533203125 56.98186111450195
446 -57.963623046875 56.814144134521484
447 -57.604339599609375 56.59006118774414
448 -57.24644470214844 56.396175384521484
449 -56.7216796875 56.168731689453125
450 -56.43758773803711 56.0157585144043
451 -56.174644470214844 55.8585319519043
452 -55.822322845458984 55.5738410949707
453 -55.48355484008789 55.33367156982422
454 -55.28508377075195 55.14017105102539
455 -55.17167663574219 54.92522430419922
456 -54.90986633300781 54.5588264465332
457 -54.77048110961914 54.12785339355469
458 -54.99477767944336 53.87732696533203
459 -55.45524978637695 53.72740936279297
460 -55.795448303222656 53.64152145385742
461 -56.09122085571289 53.697357177734375
462 -56.5312385559082 53.786888122558594
463 -56.69016647338867 53.77552795410156
464 -56.83352279663086 53.50655746459961
465 -56.99732971191406 53.185325622558594
466 -57.06605529785156 52.940711975097656
467 -57.11022186279297 52.73203659057617
468 -57.18742370605469 52.46730422973633
469 -57.18238067626953 52.02758026123047
470 -56.96451187133789 51.71961975097656
471 -56.84284210205078 51.5567626953125
472 -56.833438873291016 51.31123352050781
473 -56.89426040649414 50.894344329833984
474 -56.952632904052734 50.57731246948242
475 -56.99956512451172 50.099857330322266
476 -57.006614685058594 49.805458068847656
477 -56.978233337402344 48.99771499633789
478 -56.85615158081055 48.45183563232422
479 -56.78599166870117 48.23063659667969
480 -56.59012985229492 47.863922119140625
481 -56.399497985839844 47.541481018066406
482 -56.109310150146484 47.17282485961914
483 -55.85702133178711 46.97063064575195
484 -55.4963493347168 46.79557418823242
485 -55.16898727416992 46.7151985168457
486 -54.79998779296875 46.74445343017578
487 -54.49229049682617 46.811927795410156
488 -54.03502655029297 47.06459045410156
489 -53.78751754760742 47.204124450683594
490 -53.566463470458984 47.314605712890625
491 -53.501766204833984 47.72429656982422
492 -53.391380310058594 48.16738510131836
493 -53.32170486450195 48.52587890625
494 -53.25281524658203 48.78706359863281
495 -53.071632385253906 49.130130767822266
496 -52.95634460449219 49.35301971435547
497 -52.63584899902344 49.986209869384766
498 -52.2712287902832 50.655391693115234
499 -52.15504837036133 50.85689926147461
500 -52.01170349121094 51.08682632446289
501 -51.867889404296875 51.260623931884766
502 -51.68354034423828 51.34727096557617
503 -51.206703186035156 51.488624572753906
504 -50.908443450927734 51.593021392822266
505 -50.70809555053711 51.34611892700195
506 -50.34968566894531 51.009437561035156
507 -50.07866287231445 50.779659271240234
508 -49.88461685180664 50.556522369384766
509 -49.64095687866211 50.37903594970703
510 -49.46023941040039 50.249717712402344
511 -49.35124969482422 50.155982971191406
512 -49.01899719238281 49.7988166809082
513 -48.8491096496582 49.613502502441406
514 -48.600242614746094 49.28349685668945
515 -48.38557434082031 48.83058547973633
516 -48.2918586730957 48.38393020629883
517 -48.26507568359375 48.030609130859375
518 -48.29827117919922 47.764434814453125
519 -48.29514694213867 47.532623291015625
520 -48.337093353271484 47.282440185546875
521 -48.487247467041016 46.93612289428711
522 -48.62843322753906 46.73734664916992
523 -48.675289154052734 46.64885711669922
524 -48.8170280456543 46.47119903564453
525 -49.07529830932617 46.069557189941406
526 -49.23373794555664 45.82875442504883
527 -49.354209899902344 45.646827697753906
528 -57.290958404541016 34.23949432373047
529 -57.45024490356445 34.0998649597168
530 -57.65481185913086 33.933101654052734
531 -58.028785705566406 33.64544677734375
532 -58.23946762084961 33.370384216308594
533 -58.29877471923828 33.135677337646484
534 -58.270713806152344 32.89971160888672
535 -58.16621017456055 32.614131927490234
536 -58.038108825683594 32.25861358642578
537 -58.03044128417969 31.977617263793945
538 -58.238460540771484 31.489877700805664
539 -58.40971755981445 31.118793487548828
540 -58.5498046875 30.90387725830078
541 -58.9281005859375 30.387805938720703
542 -59.0828857421875 30.183156967163086
543 -59.29229736328125 30.05974006652832
544 -59.667415618896484 29.980384826660156
545 -60.01011276245117 29.855539321899414
546 -60.47148132324219 29.665441513061523
547 -60.901641845703125 29.56230926513672
548 -61.229713439941406 29.54972267150879
549 -61.51006317138672 29.590517044067383
550 -61.80072021484375 29.591768264770508
551 -62.01478576660156 29.612842559814453
552 -62.471099853515625 29.73581886291504
553 -62.84511184692383 29.826656341552734
554 -63.14588165283203 29.900014877319336
555 -63.494956970214844 29.904552459716797
556 -63.94164276123047 29.794221878051758
557 -64.39601135253906 29.66582489013672
558 -64.76481628417969 29.58600616455078
559 -64.89717102050781 29.44594955444336
560 -65.01565551757812 29.100601196289062
561 -65.0682144165039 28.80872344970703
562 -64.85392761230469 28.266220092773438
563 -64.57056427001953 27.85730743408203
564 -64.36554718017578 27.687259674072266
565 -64.17230987548828 27.529232025146484
566 -63.79607391357422 27.24022674560547
567 -63.505821228027344 27.01331901550293
568 -63.388607025146484 26.786466598510742
569 -63.463748931884766 26.47067642211914
570 -63.55348587036133 26.401203155517578
571 -63.84553146362305 26.25603675842285
572 -64.13538360595703 26.107410430908203
573 -64.63435363769531 25.79552459716797
574 -64.92008209228516 25.513151168823242
575 -65.06047821044922 25.128873825073242
576 -65.11267852783203 24.840532302856445
577 -65.10343170166016 24.598674774169922
578 -65.01895141601562 24.382057189941406
579 -64.80709838867188 24.02384376525879
580 -64.66887664794922 23.669212341308594
581 -64.52796936035156 23.328887939453125
582 -64.3273696899414 23.141088485717773
583 -64.003173828125 23.014284133911133
584 -63.56195068359375 23.037521362304688
585 -63.04728317260742 23.019298553466797
586 -62.86289978027344 23.052734375
587 -62.46333694458008 23.181934356689453
588 -62.19620132446289 23.290468215942383
589 -62.11946487426758 23.51238250732422
590 -62.07667922973633 23.803546905517578
591 -61.96979522705078 24.119800567626953
592 -61.75783157348633 24.453109741210938
593 -61.546234130859375 24.655170440673828
594 -63.136192321777344 41.27034378051758
595 -63.197513580322266 41.45438766479492
596 -63.3126220703125 42.01182556152344
597 -63.38035202026367 42.238792419433594
598 -63.39777755737305 42.51084899902344
599 -63.38892364501953 42.814884185791016
600 -63.37528991699219 43.16403579711914
601 -63.3493537902832 43.54552459716797
602 -63.43667221069336 43.802978515625
603 -63.56787872314453 44.1088752746582
604 -63.955081939697266 44.579978942871094
605 -64.22438049316406 45.0547981262207
606 -64.62208557128906 45.81625747680664
607 -64.87998962402344 46.29533767700195
608 -65.07646179199219 46.6453742980957
609 -65.31507110595703 47.08753204345703
610 -65.55912780761719 47.52874755859375
611 -65.69658660888672 47.83826446533203
612 -65.79934692382812 48.14235305786133
613 -66.02619934082031 48.892173767089844
614 -66.097900390625 49.16707992553711
615 -66.12579345703125 49.30792999267578
616 -66.18074798583984 49.60159683227539
617 -66.2853012084961 50.020263671875
618 -66.36907196044922 50.42349624633789
619 -66.4036636352539 50.628299713134766
620 -66.51942443847656 50.98314666748047
621 -66.75611877441406 51.349369049072266
622 -67.07489013671875 51.64280700683594
623 -67.55393981933594 52.09342575073242
624 -67.74101257324219 52.26681137084961
625 -67.88063049316406 52.24855422973633
626 -68.3346176147461 52.12300109863281
627 -68.78175354003906 52.014339447021484
628 -69.06993865966797 51.92593002319336
629 -69.27154541015625 51.756561279296875
630 -69.51876831054688 51.47152328491211
631 -69.72489929199219 51.23177719116211
632 -69.9649887084961 50.96352767944336
633 -70.18746948242188 50.762962341308594
634 -70.40325927734375 50.593292236328125
635 -70.63722229003906 50.38170623779297
636 -70.87777709960938 50.1976432800293
637 -71.30381774902344 49.85615921020508
638 -71.52294158935547 49.69964599609375
639 -71.8157730102539 49.48951721191406
640 -72.11067962646484 49.24259948730469
641 -72.31014251708984 49.05902862548828
642 -72.54461669921875 48.824344635009766
643 -72.6927719116211 48.513282775878906
644 -72.95243835449219 48.14345932006836
645 -73.00555419921875 48.01290512084961
646 -73.09535217285156 47.829071044921875
647 -73.2712173461914 47.426597595214844
648 -73.41250610351562 47.0321159362793
649 -73.54405212402344 46.71546936035156
650 -73.69464874267578 46.34406661987305
651 -73.80448913574219 46.065528869628906
652 -74.09917449951172 45.224388122558594
653 -74.21021270751953 44.92049789428711
654 -74.28266906738281 44.63300323486328
655 -74.3397445678711 44.39861297607422
656 -61.439598083496094 13.822616577148438
657 -61.427467346191406 13.778639793395996
658 -61.147850036621094 13.737245559692383
659 -60.881771087646484 13.712638854980469
660 -60.68027114868164 13.707534790039062
661 -60.34006881713867 13.75560188293457
662 -59.798545837402344 13.831269264221191
663 -59.51770782470703 13.915184020996094
664 -59.19051742553711 14.04658317565918
665 -58.937198638916016 14.128307342529297
666 -58.754913330078125 14.118049621582031
667 -58.7636833190918 14.450115203857422
668 -58.72651290893555 14.83725357055664
669 -58.667694091796875 15.0617036819458
670 -58.570526123046875 15.247859954833984
671 -58.4444465637207 15.466805458068848
672 -58.20059585571289 15.904294967651367
673 -57.96358108520508 16.38465690612793
674 -57.649044036865234 16.98609161376953
675 -57.51251220703125 17.244873046875
676 -57.41553497314453 17.468904495239258
677 -57.367210388183594 17.729135513305664
678 -57.335296630859375 18.087602615356445
679 -57.42738723754883 18.39596939086914
680 -57.59804916381836 18.789592742919922
681 -57.65412902832031 18.861848831176758
682 -58.006160736083984 19.157949447631836
683 -58.383148193359375 19.39385986328125
684 -58.72716522216797 19.587871551513672
685 -58.891483306884766 19.6679630279541
686 -59.2238655090332 20.0906982421875
687 -59.355796813964844 20.402488708496094
688 -59.29096603393555 20.706838607788086
689 -58.98121643066406 20.974626541137695
690 -58.6872444152832 21.048234939575195
691 -57.99596405029297 21.011669158935547
692 -57.756168365478516 21.01712417602539
693 -57.46768569946289 21.168081283569336
694 -57.19282150268555 21.29743003845215
695 -56.867149353027344 21.56969451904297
696 -56.733699798583984 21.76869010925293
697 -56.71356964111328 21.915180206298828
698 -56.9199104309082 22.269119262695312
699 -57.15264892578125 22.6441707611084
700 -57.279823303222656 22.749706268310547
701 -57.42167282104492 22.87981605529785
702 -57.66413879394531 23.152484893798828
703 -57.90755081176758 23.484769821166992
704 -58.133827209472656 23.856365203857422
705 -58.30658721923828 24.2089900970459
706 -58.359554290771484 24.736543655395508
707 -58.274539947509766 25.00527572631836
708 -58.13789367675781 25.18287467956543
709 -57.6722526550293 25.03925323486328
710 -56.98114776611328 24.83760643005371
711 -56.46556091308594 24.73946762084961
712 -55.9625129699707 24.661094665527344
713 -55.373619079589844 24.67350959777832
714 -54.977054595947266 24.76280975341797
715 -54.90342330932617 24.904678344726562
716 -54.94669723510742 25.128082275390625
717 -55.1015625 25.567079544067383
718 -55.358951568603516 26.278644561767578
719 -55.3188591003418 26.55864906311035
720 -55.2039909362793 26.767986297607422
721 -54.73752212524414 26.922039031982422
722 -54.44630813598633 27.023303985595703
723 -54.252403259277344 27.134428024291992
724 -54.001766204833984 27.372699737548828
725 -53.80855178833008 27.51673126220703
726 -53.56324768066406 27.69976043701172
727 -53.16807174682617 28.06900405883789
728 -52.93317794799805 28.265567779541016
729 -52.658626556396484 28.564905166625977
730 -52.269569396972656 28.995378494262695
731 -51.94932174682617 29.402082443237305
732 -51.69409942626953 29.740262985229492
733 -51.53158950805664 29.828350067138672
734 -51.24611282348633 29.936830520629883
735 -50.900142669677734 30.036705017089844
736 -50.48397445678711 30.14558219909668
737 -50.16350555419922 30.17694854736328
738 -49.61966323852539 30.139266967773438
739 -49.41268539428711 30.019868850708008
740 -49.12289810180664 29.623308181762695
741 -48.980979919433594 29.295909881591797
742 -48.951351165771484 29.015535354614258
743 -48.98057174682617 28.666606903076172
744 -49.04427719116211 28.334274291992188
745 -49.220848083496094 28.15315818786621
746 -49.36902618408203 27.902456283569336
747 -49.42518997192383 27.593074798583984
748 -49.31021499633789 27.239707946777344
749 -49.135921478271484 26.932741165161133
750 -48.960792541503906 26.745752334594727
751 -48.6603889465332 26.57393455505371
752 -48.288414001464844 26.35437774658203
753 -48.00163650512695 26.226865768432617
754 -47.76515579223633 26.172117233276367
755 -47.428123474121094 26.19329261779785
756 -46.90183639526367 26.025466918945312
757 -46.59988021850586 25.76555824279785
758 -46.55739974975586 25.529010772705078
759 -46.58281326293945 25.042205810546875
760 -46.64395523071289 24.710262298583984
761 -47.016014099121094 24.037944793701172
762 -47.32455825805664 23.657583236694336
763 -47.52559280395508 23.486316680908203
764 -47.79835510253906 23.27964210510254
765 -48.078250885009766 23.029155731201172
766 -48.309356689453125 22.80263900756836
767 -48.98074722290039 22.0516414642334
768 -49.64719772338867 21.260936737060547
769 -49.87690734863281 20.884634017944336
770 -50.09929656982422 20.425491333007812
771 -50.284873962402344 20.044572830200195
772 -50.4291877746582 19.69290542602539
773 -50.5835075378418 19.317983627319336
774 -50.77151870727539 18.94448471069336
775 -51.0105094909668 18.490859985351562
776 -51.170928955078125 18.230730056762695
777 -51.437904357910156 17.890121459960938
778 -51.884254455566406 17.400745391845703
779 -52.162681579589844 17.04221534729004
780 -52.350074768066406 16.800504684448242
781 -52.636192321777344 16.396053314208984
782 -52.84636688232422 16.15624237060547
783 -53.06057357788086 15.891983032226562
784 -53.19505310058594 15.628040313720703
785 -53.325645446777344 15.306373596191406
786 -53.4439582824707 14.828011512756348
787 -53.479434967041016 14.676663398742676
788 -53.48203659057617 14.247861862182617
789 -53.477989196777344 13.995904922485352
790 -53.5858154296875 13.651728630065918
791 -53.68544387817383 12.981453895568848
792 -53.75596237182617 12.732549667358398
793 -53.865943908691406 12.544839859008789
794 -54.1226806640625 12.251066207885742
795 -54.375789642333984 12.035140991210938
796 -54.61782455444336 11.896561622619629
797 -54.80173873901367 11.801124572753906
798 -54.94367218017578 11.70528793334961
799 -40.500579833984375 20.400110244750977
800 -40.37825393676758 20.5157470703125
801 -40.110652923583984 20.791309356689453
802 -39.8320426940918 21.080127716064453
803 -39.63270568847656 21.28714370727539
804 -39.40363311767578 21.545486450195312
805 -39.08659744262695 21.887365341186523
806 -38.82730484008789 22.11720085144043
807 -38.57820510864258 22.393823623657227
808 -38.479331970214844 22.607994079589844
809 -38.45246505737305 23.00101661682129
810 -38.543487548828125 23.154014587402344
811 -38.73544692993164 23.507822036743164
812 -38.954010009765625 24.044872283935547
813 -39.00228500366211 24.265724182128906
814 -39.1171760559082 24.434484481811523
815 -39.27420425415039 24.719057083129883
816 -39.3624267578125 24.907848358154297
817 -39.46735382080078 25.038419723510742
818 -39.5802001953125 25.237377166748047
819 -39.72262954711914 25.532894134521484
820 -39.93534469604492 25.916439056396484
821 -40.19130325317383 26.25067710876465
822 -40.42812728881836 26.458019256591797
823 -40.69324493408203 26.629228591918945
824 -41.08544921875 26.92742919921875
825 -41.47954559326172 27.336700439453125
826 -41.73600769042969 27.640108108520508
827 -42.087589263916016 27.971996307373047
828 -42.36131286621094 28.160043716430664
829 -42.6060791015625 28.27838897705078
830 -42.791473388671875 28.282230377197266
831 -43.05071258544922 28.367990493774414
832 -43.54912185668945 28.604251861572266
833 -43.70672607421875 28.772109985351562
834 -43.83592987060547 29.045019149780273
835 -44.254486083984375 29.77434539794922
836 -44.40096664428711 30.102874755859375
837 -44.43339538574219 30.259254455566406
838 -44.40642166137695 30.532974243164062
839 -44.30712127685547 30.811126708984375
840 -44.17741394042969 31.009872436523438
841 -43.970306396484375 31.289623260498047
842 -43.73925018310547 31.65045166015625
843 -43.49415588378906 32.05847930908203
844 -43.38819885253906 32.32805633544922
845 -43.34347152709961 32.64104461669922
846 -43.471527099609375 32.815101623535156
847 -43.798038482666016 33.02451705932617
848 -44.07649612426758 33.12593078613281
849 -44.394325256347656 33.27011489868164
850 -44.770103454589844 33.51740646362305
851 -45.20329284667969 33.847900390625
852 -45.34273147583008 33.957481384277344
853 -45.7550163269043 34.162654876708984
854 -45.8895149230957 34.259307861328125
855 -46.03044509887695 34.34877395629883
856 -46.45348358154297 34.531982421875
857 -62.46440124511719 35.1816291809082
858 -62.625152587890625 35.26925277709961
859 -62.85854721069336 35.45682907104492
860 -63.03142166137695 35.620521545410156
861 -63.26865768432617 35.85200881958008
862 -63.64181137084961 36.23610305786133
863 -63.97016906738281 36.55357360839844
864 -64.22831726074219 36.76613998413086
865 -64.447021484375 36.92726135253906
866 -64.60009765625 37.04553985595703
867 -65.15101623535156 37.5883674621582
868 -65.32611083984375 37.720333099365234
869 -65.53800201416016 37.86049270629883
870 -65.76508331298828 37.9514045715332
871 -65.97738647460938 38.146026611328125
872 -66.05908966064453 38.32227325439453
873 -66.16460418701172 38.68813705444336
874 -66.2867660522461 39.10640335083008
875 -66.40995788574219 39.411224365234375
876 -66.47736358642578 39.65653991699219
877 -66.52284240722656 39.89152908325195
878 -66.58058166503906 40.26803207397461
879 -66.59369659423828 40.70810317993164
880 -66.53286743164062 40.955963134765625
881 -66.39714813232422 41.20638656616211
882 -66.15699768066406 41.472137451171875
883 -65.79287719726562 41.75287628173828
884 -65.61056518554688 41.892112731933594
885 -43.34529495239258 42.08443069458008
886 -42.95878219604492 42.06840515136719
887 -42.70293045043945 42.042789459228516
888 -42.41985321044922 41.967220306396484
889 -42.20808792114258 41.913448333740234
890 -42.032005310058594 41.91156768798828
891 -41.87726593017578 42.109107971191406
892 -41.821998596191406 42.4620475769043
893 -41.81633377075195 42.732391357421875
894 -41.73834991455078 42.9611930847168
895 -41.81351852416992 43.4002799987793
896 -41.81606674194336 44.130165100097656
897 -41.83162307739258 44.50304412841797
898 -41.8348274230957 44.699668884277344
899 -41.69602584838867 45.1009407043457
900 -41.60974884033203 45.3951301574707
901 -41.529937744140625 45.80855941772461
902 -41.575843811035156 46.29037857055664
903 -41.7801628112793 46.93470001220703
904 -41.90453338623047 47.14368438720703
905 -41.96564865112305 47.299922943115234
906 -42.15816116333008 47.438697814941406
907 -42.98563766479492 47.444149017333984
908 -43.31610107421875 47.478057861328125
909 -43.7769775390625 47.573760986328125
910 -44.08371353149414 47.59443664550781
911 -44.37389373779297 47.40350341796875
912 -44.617984771728516 47.21574401855469
913 -44.82523727416992 47.0340576171875
914 -45.008087158203125 46.79789733886719
915 -45.11897277832031 46.48880386352539
916 -45.20664978027344 45.98574447631836
917 -45.28841018676758 45.71856689453125
918 -45.337608337402344 45.46747589111328
919 -45.40727996826172 45.12813186645508
920 -45.53111267089844 44.70343017578125
921 -45.75761413574219 44.077144622802734
922 -46.15476989746094 43.46756362915039
923 -46.31201934814453 43.23723602294922
924 -46.37834548950195 43.06066131591797
925 -46.49095153808594 42.749019622802734
926 -46.54144287109375 42.560665130615234
927 -46.513221740722656 42.24497604370117
928 -46.50022888183594 41.826690673828125
929 -46.50102615356445 41.23190689086914
930 -46.53973388671875 40.587459564208984
931 -46.599143981933594 40.0572624206543
932 -46.59455871582031 39.79501724243164
933 -46.47539138793945 39.4591178894043
934 -46.32881164550781 39.230838775634766
935 -45.812835693359375 38.79315185546875
936 -45.47523880004883 38.59541320800781
937 -45.278377532958984 38.530303955078125
938 -44.815006256103516 38.401092529296875
939 -44.488460540771484 38.28148651123047
940 -44.25273132324219 38.16943359375
941 -44.043643951416016 37.940120697021484
942 -43.878475189208984 37.6387939453125
943 -43.725955963134766 37.21638107299805
944 -43.56218338012695 36.88656234741211
945 -43.25433349609375 36.635196685791016
946 -42.90726089477539 36.56154251098633
947 -42.60041046142578 36.47429275512695
948 -42.340946197509766 36.43941879272461
949 -42.06958770751953 36.46492004394531
950 -41.68678283691406 36.66615676879883
951 -41.44826126098633 36.818363189697266
952 -41.192935943603516 37.057838439941406
953 -40.99226760864258 37.31413650512695
954 -40.893550872802734 37.591705322265625
955 -40.85939407348633 37.87602233886719
956 -40.880619049072266 38.32400131225586
957 -40.94915771484375 38.558265686035156
958 -41.74429702758789 50.570987701416016
959 -41.722721099853516 50.87275695800781
960 -41.70917510986328 51.02815246582031
961 -41.638092041015625 51.26873016357422
962 -41.562950134277344 51.644569396972656
963 -41.526023864746094 51.90838623046875
964 -41.49868392944336 52.045413970947266
965 -41.473384857177734 52.510196685791016
966 -41.43882369995117 53.007625579833984
967 -41.41482162475586 53.384559631347656
968 -41.39924240112305 53.80906295776367
969 -41.38981246948242 54.53279113769531
970 -41.362327575683594 54.77589416503906
971 -41.38221740722656 54.872554779052734
972 -41.4412956237793 55.069149017333984
973 -41.54389953613281 55.37767791748047
974 -41.73600769042969 55.94224166870117
975 -41.95802688598633 56.602943420410156
976 -42.1032600402832 56.8657341003418
977 -42.27135467529297 57.068214416503906
978 -42.739906311035156 57.4698600769043
979 -43.05198287963867 57.7101936340332
980 -43.281063079833984 57.85945129394531
981 -43.569679260253906 58.0712890625
982 -43.69832992553711 58.2132453918457
983 -43.841346740722656 58.42108154296875
984 -44.06183624267578 58.79057312011719
985 -44.3997802734375 59.46506118774414
986 -44.60137176513672 59.838382720947266
987 -44.95131301879883 60.54436492919922
988 -44.9920539855957 60.63344955444336
989 -45.09331512451172 60.8436164855957
990 -45.46950912475586 61.5191650390625
991 -45.6502799987793 61.86212921142578
992 -45.7308464050293 61.95773696899414
993 -45.80417251586914 62.01494216918945
994 -45.97080612182617 62.21636962890625
995 -46.426856994628906 62.75940704345703
996 -46.62629318237305 63.00321578979492
997 -46.810909271240234 63.208038330078125
998 -46.94173049926758 63.317352294921875
999 -47.055179595947266 63.424800872802734
