0 -60.976192474365234 23.568466186523438
1 -60.8833122253418 23.613143920898438
2 -60.69948196411133 23.71523094177246
3 -60.44710922241211 23.81536102294922
4 -60.2041015625 23.88942527770996
5 -59.84103775024414 23.94474983215332
6 -59.4914436340332 23.984830856323242
7 -59.20920944213867 24.00229835510254
8 -58.987308502197266 23.98984718322754
9 -58.82390594482422 24.004777908325195
10 -58.527305603027344 24.099681854248047
11 -57.73932647705078 24.30805778503418
12 -57.26025390625 24.474254608154297
13 -56.96078109741211 24.622360229492188
14 -56.65238571166992 24.860843658447266
15 -56.05669403076172 25.38091468811035
16 -55.843448638916016 25.571372985839844
17 -55.65091323852539 25.73809242248535
18 -55.37965774536133 25.951061248779297
19 -54.613746643066406 26.497053146362305
20 -54.38939666748047 26.664554595947266
21 -54.13974380493164 26.854585647583008
22 -53.90576934814453 27.04147720336914
23 -53.492061614990234 27.383438110351562
24 -53.20541763305664 27.629291534423828
25 -52.90410232543945 27.901988983154297
26 -52.55622482299805 28.260774612426758
27 -52.349918365478516 28.487085342407227
28 -52.20939254760742 28.655786514282227
29 -52.04386520385742 28.828208923339844
30 -51.72201919555664 29.14169692993164
31 -51.57038116455078 29.267560958862305
32 -51.11249923706055 29.6243839263916
33 -50.925350189208984 29.71308135986328
34 -50.65717697143555 29.71964454650879
35 -50.444976806640625 29.732275009155273
36 -50.04254150390625 29.71599578857422
37 -49.55470275878906 29.704099655151367
38 -49.384090423583984 29.659732818603516
39 -48.93413543701172 29.55875587463379
40 -48.58504104614258 29.476154327392578
41 -48.35066223144531 29.434219360351562
42 -48.11213684082031 29.43494987487793
43 -47.73661804199219 29.46603012084961
44 -47.44346237182617 29.493240356445312
45 -47.11376953125 29.529027938842773
46 -46.48905563354492 29.697940826416016
47 -46.25265884399414 29.775850296020508
48 -46.01277542114258 29.9362850189209
49 -45.70445251464844 30.19392204284668
50 -45.53247833251953 30.400983810424805
51 -45.334896087646484 30.652721405029297
52 -45.08517074584961 30.924795150756836
53 -44.957191467285156 31.069475173950195
54 -44.864784240722656 31.387950897216797
55 -44.720130920410156 31.916929244995117
56 -44.641204833984375 32.174163818359375
57 -44.60237503051758 32.39631652832031
58 -44.58867645263672 32.69636154174805
59 -44.58884048461914 33.07284927368164
60 -44.56926727294922 33.43696594238281
61 -44.474029541015625 34.03993606567383
62 -44.4196662902832 34.39091873168945
63 -44.43156051635742 34.69552230834961
64 -44.50582504272461 35.00837707519531
65 -44.679927825927734 35.226837158203125
66 -45.019874572753906 35.51302719116211
67 -45.43164825439453 35.76758575439453
68 -45.7118034362793 35.84614562988281
69 -45.99518966674805 35.927284240722656
70 -46.32352066040039 36.02149963378906
71 -46.66716003417969 36.121761322021484
72 -47.101863861083984 36.27390670776367
73 -47.433021545410156 36.3999137878418
74 -47.858070373535156 36.56362533569336
75 -48.12057876586914 36.65137481689453
76 -48.384254455566406 36.73752975463867
77 -48.788299560546875 36.856544494628906
78 -48.99481964111328 36.915733337402344
79 -49.16534423828125 37.0322380065918
80 -49.64030075073242 37.369842529296875
81 -49.92041015625 37.5428581237793
82 -50.217220306396484 37.71611785888672
83 -50.40616989135742 37.804603576660156
84 -50.73460006713867 37.88444137573242
85 -51.78211975097656 38.07204055786133
86 -51.95366287231445 38.172996520996094
87 -52.2173957824707 38.317832946777344
88 -52.470619201660156 38.52314376831055
89 -52.94731903076172 39.00419616699219
90 -53.153099060058594 39.30110168457031
91 -53.33047103881836 39.7843132019043
92 -53.409912109375 40.21973419189453
93 -53.45979309082031 40.69097900390625
94 -53.50761032104492 41.288936614990234
95 -53.532711029052734 41.53645324707031
96 -53.54850769042969 41.77090835571289
97 -53.5768928527832 42.07176971435547
98 -53.60067367553711 42.27466583251953
99 -53.721439361572266 42.89388656616211
100 -53.767696380615234 43.16242599487305
101 -53.77579879760742 43.47137451171875
102 -53.813507080078125 43.90901565551758
103 -53.9115104675293 44.177635192871094
104 -54.0175666809082 44.373130798339844
105 -54.22081756591797 44.45534896850586
106 -54.81980514526367 44.48131561279297
107 -55.33654022216797 44.62684631347656
108 -55.58153533935547 44.78925704956055
109 -55.818572998046875 45.02837371826172
110 -55.97842025756836 45.247371673583984
111 -56.149837493896484 45.553138732910156
112 -56.360958099365234 46.149017333984375
113 -56.391143798828125 46.39422607421875
114 -56.34468078613281 46.69200897216797
115 -56.217220306396484 47.07762908935547
116 -56.10112762451172 47.34981155395508
117 -55.861328125 47.821876525878906
118 -55.709476470947266 48.123680114746094
119 -55.54950714111328 48.40397262573242
120 -55.39372253417969 48.68166732788086
121 -55.270263671875 48.85078048706055
122 -55.03931427001953 49.12195587158203
123 -54.350406646728516 49.69676971435547
124 -54.04745864868164 49.9500617980957
125 -53.579193115234375 50.30121994018555
126 -53.27204132080078 50.49616622924805
127 -52.974239349365234 50.66621398925781
128 -52.66109085083008 50.75722122192383
129 -52.266746520996094 50.85643005371094
130 -52.03672790527344 50.89572525024414
131 -51.74919891357422 50.88332748413086
132 -51.06008529663086 50.72853088378906
133 -50.899330139160156 50.68343734741211
134 -50.678565979003906 50.61669921875
135 -50.166778564453125 50.360557556152344
136 -49.70576095581055 50.14218521118164
137 -49.29515075683594 49.93429183959961
138 -48.95230484008789 49.743629455566406
139 -48.75445556640625 49.577415466308594
140 -48.494789123535156 49.37310028076172
141 -48.07169723510742 48.956016540527344
142 -47.79658508300781 48.59634780883789
143 -47.688697814941406 48.44356155395508
144 -47.55006408691406 48.14899826049805
145 -47.42954635620117 47.918033599853516
146 -47.2228889465332 47.36376190185547
147 -47.10651397705078 47.06700134277344
148 -47.0067024230957 46.82954025268555
149 -46.95661544799805 46.65583801269531
150 -46.5517578125 45.72618865966797
151 -46.41110610961914 45.38370895385742
152 -46.19096755981445 44.86958694458008
153 -46.06685256958008 44.58264923095703
154 -45.97297668457031 44.28815841674805
155 -45.92695236206055 43.999385833740234
156 -45.94573211669922 43.64427185058594
157 -46.10689163208008 42.613990783691406
158 -46.20785903930664 42.351844787597656
159 -46.42304992675781 42.208335876464844
160 -46.82232666015625 42.05009841918945
161 -47.14714050292969 41.97407150268555
162 -47.38145065307617 41.93223571777344
163 -70.63819122314453 59.29685974121094
164 -70.82345581054688 59.40374755859375
165 -71.06546783447266 59.57784652709961
166 -71.38895416259766 59.779579162597656
167 -71.63912963867188 59.94304275512695
168 -71.73834991455078 59.99961853027344
169 -71.9870376586914 60.052703857421875
170 -72.404296875 60.13349914550781
171 -73.02032470703125 60.2005615234375
172 -73.31949615478516 60.168209075927734
173 -73.539306640625 60.04983901977539
174 -73.73605346679688 59.942657470703125
175 -73.96984100341797 59.84600830078125
176 -74.05438232421875 59.7934455871582
177 -84.17182159423828 50.43737030029297
178 -84.24488830566406 50.32550811767578
179 -84.34376525878906 50.110538482666016
180 -84.52427673339844 49.67289733886719
181 -84.62896728515625 49.40195846557617
182 -84.78274536132812 49.00064468383789
183 -84.95462036132812 48.6137580871582
184 -85.07672882080078 48.392860412597656
185 -85.22821044921875 48.13591384887695
186 -85.45785522460938 47.83003616333008
187 -85.69795989990234 47.5638427734375
188 -85.97986602783203 47.272438049316406
189 -86.14203643798828 47.16337966918945
190 -87.22652435302734 46.591922760009766
191 -87.3771743774414 46.52960205078125
192 -87.7317123413086 46.328941345214844
193 -87.95943450927734 46.196746826171875
194 -88.15510559082031 46.064979553222656
195 -88.44306945800781 45.83629608154297
196 -88.84651184082031 45.47285079956055
197 -89.15743255615234 45.1524772644043
198 -89.60358428955078 44.54880905151367
199 -89.7970962524414 44.186092376708984
200 -89.9148941040039 43.94797134399414
201 -89.953125 43.55893325805664
202 -89.99834442138672 43.0580940246582
203 -89.98589324951172 42.65119934082031
204 -89.9619369506836 42.1961784362793
205 -89.86459350585938 41.851600646972656
206 -89.70846557617188 41.576210021972656
207 -89.45674896240234 41.20243453979492
208 -89.17692565917969 40.89659118652344
209 -88.83956909179688 40.603370666503906
210 -88.6317138671875 40.408111572265625
211 -88.46539306640625 40.32133102416992
212 -88.1956787109375 40.244266510009766
213 -87.7578353881836 40.20305252075195
214 -87.11780548095703 40.16402053833008
215 -86.99581909179688 40.157840728759766
216 -86.53729248046875 40.140953063964844
217 -85.76863861083984 40.086883544921875
218 -85.44564819335938 40.02246856689453
219 -85.11029052734375 39.964298248291016
220 -84.86351776123047 39.876644134521484
221 -84.5250244140625 39.734188079833984
222 -84.23673248291016 39.624820709228516
223 -83.89348602294922 39.41363525390625
224 -83.64749145507812 39.18391036987305
225 -83.4175796508789 38.8519172668457
226 -83.26626586914062 38.53641128540039
227 -83.1538314819336 38.20442199707031
228 -83.02545928955078 37.76567840576172
229 -82.8637466430664 37.110721588134766
230 -82.74356079101562 36.60078811645508
231 -82.67320251464844 36.29280471801758
232 -82.61601257324219 35.956459045410156
233 -82.56388092041016 35.55400848388672
234 -82.31620025634766 34.897987365722656
235 -82.29027557373047 34.672061920166016
236 -82.32501220703125 34.505455017089844
237 -82.50020599365234 33.961578369140625
238 -82.57653045654297 33.60708236694336
239 -82.62769317626953 33.4405403137207
240 -82.87712097167969 33.0421257019043
241 -83.04225158691406 32.83646011352539
242 -83.51396942138672 32.38839340209961
243 -83.92539978027344 32.10795211791992
244 -84.2087631225586 31.97221565246582
245 -84.46481323242188 31.99018096923828
246 -85.29664611816406 32.10881042480469
247 -85.59307098388672 32.17002868652344
248 -85.89334869384766 32.203250885009766
249 -86.30778503417969 32.19883346557617
250 -86.71467590332031 32.15200424194336
251 -87.08509063720703 32.13700866699219
252 -87.42440032958984 32.14854431152344
253 -88.23835754394531 32.24177551269531
254 -88.54595184326172 32.25381088256836
255 -88.84590911865234 32.258338928222656
256 -89.27200317382812 32.250858306884766
257 -90.67119598388672 32.231021881103516
258 -91.12468719482422 32.24253463745117
259 -91.46603393554688 32.23444366455078
260 -91.80155181884766 32.23986053466797
261 -92.39897918701172 32.2625617980957
262 -92.70046997070312 32.242271423339844
263 -92.91807556152344 32.12441635131836
264 -93.12841033935547 31.933910369873047
265 -93.3257064819336 31.657745361328125
266 -93.43866729736328 31.43142318725586
267 -93.53626251220703 31.016357421875
268 -93.55305480957031 30.687528610229492
269 -93.55418395996094 30.318805694580078
270 -93.5127182006836 29.9411563873291
271 -93.38054656982422 29.508150100708008
272 -93.20172882080078 29.070430755615234
273 -93.01322174072266 28.763938903808594
274 -92.7780532836914 28.44472885131836
275 -92.62765502929688 28.307144165039062
276 -92.2975082397461 28.03408432006836
277 -92.04035949707031 27.846967697143555
278 -91.611572265625 27.601526260375977
279 -90.96849060058594 27.220205307006836
280 -90.76394653320312 27.05670738220215
281 -90.70526123046875 26.852130889892578
282 -90.68377685546875 26.592449188232422
283 -90.80885314941406 26.257648468017578
284 -91.14080047607422 25.86297035217285
285 -91.42059326171875 25.605257034301758
286 -91.56161499023438 25.465364456176758
287 -91.72318267822266 25.245681762695312
288 -91.92181396484375 24.877405166625977
289 -92.04588317871094 24.468313217163086
290 -92.00366973876953 24.05175018310547
291 -91.88138580322266 23.508474349975586
292 -91.822265625 23.26936149597168
293 -91.66728210449219 23.10359764099121
294 -91.40469360351562 22.939544677734375
295 -91.04418182373047 22.9599666595459
296 -90.70582580566406 23.151187896728516
297 -90.26893615722656 23.374710083007812
298 -89.89405822753906 23.5165958404541
299 -89.46581268310547 23.67957305908203
300 -89.10000610351562 23.82050323486328
301 -88.58556365966797 24.040283203125
302 -88.2807388305664 24.151906967163086
303 -87.94137573242188 24.270145416259766
304 -87.36622619628906 24.435441970825195
305 -86.99784851074219 24.533613204956055
306 -86.6744384765625 24.611772537231445
307 -86.11644744873047 24.7647705078125
308 -85.63079833984375 24.891740798950195
309 -85.44667053222656 24.9257869720459
310 -85.16566467285156 24.962017059326172
311 -84.7665023803711 24.99005699157715
312 -84.06780242919922 25.05987548828125
313 -83.6394271850586 25.099647521972656
314 -83.37799835205078 25.124370574951172
315 -82.95375061035156 25.123748779296875
316 -82.75773620605469 25.100370407104492
317 -82.59324645996094 25.060190200805664
318 -82.28726959228516 24.944488525390625
319 -81.9300308227539 24.822534561157227
320 -81.50865936279297 24.643617630004883
321 -81.10565948486328 24.458087921142578
322 -80.98738861083984 24.405092239379883
323 -80.81585693359375 24.263492584228516
324 -80.58607482910156 24.05245018005371
325 -79.9774169921875 23.405771255493164
326 -79.68966674804688 23.086259841918945
327 -79.48905944824219 22.81482696533203
328 -79.04668426513672 22.251811981201172
329 -78.71356964111328 21.868316650390625
330 -78.50727844238281 21.67453384399414
331 -77.90523529052734 21.06175422668457
332 -77.75599670410156 20.860689163208008
333 -77.57642364501953 20.72532844543457
334 -77.33769226074219 20.57402229309082
335 -77.03480529785156 20.383480072021484
336 -76.70211791992188 20.19681167602539
337 -76.45108795166016 20.10746192932129
338 -76.14738464355469 20.07942008972168
339 -75.85113525390625 20.051546096801758
340 -75.54473114013672 20.048755645751953
341 -75.27142333984375 20.055770874023438
342 -75.0565414428711 20.075786590576172
343 -74.68165588378906 20.148834228515625
344 -74.2556381225586 20.24697494506836
345 -74.09119415283203 20.294551849365234
346 -57.76579284667969 35.76127243041992
347 -57.67634201049805 36.163291931152344
348 -57.63396453857422 36.328407287597656
349 -57.63636016845703 36.52518844604492
350 -57.65141296386719 36.91219711303711
351 -57.68231201171875 37.34138107299805
352 -57.79219055175781 37.65597915649414
353 -58.10529708862305 38.375457763671875
354 -58.372440338134766 38.73687744140625
355 -58.50289535522461 38.88234329223633
356 -58.83352279663086 39.22922134399414
357 -59.24251937866211 39.60417556762695
358 -59.46001052856445 39.81345748901367
359 -59.69057846069336 40.02903366088867
360 -59.9103889465332 40.23517608642578
361 -60.008506774902344 40.3314323425293
362 -60.298126220703125 40.71066665649414
363 -60.44538116455078 40.92231750488281
364 -60.61693572998047 41.211143493652344
365 -60.90367889404297 41.71883010864258
366 -61.065704345703125 41.88848114013672
367 -61.47053146362305 42.05195236206055
368 -61.91634750366211 42.026344299316406
369 -62.17456817626953 42.007755279541016
370 -62.43075180053711 41.99716567993164
371 -62.94975662231445 41.964332580566406
372 -63.164939880371094 41.94636917114258
373 -63.5483512878418 41.9298210144043
374 -63.77827835083008 41.910728454589844
375 -63.98340606689453 42.01954650878906
376 -64.27865600585938 42.13825988769531
377 -64.86393737792969 42.39359664916992
378 -65.22728729248047 42.581974029541016
379 -65.59597778320312 42.78057098388672
380 -65.96886444091797 42.986228942871094
381 -66.23780059814453 43.16298294067383
382 -66.42456817626953 43.3163948059082
383 -66.56990814208984 43.63542175292969
384 -66.78170776367188 44.0654411315918
385 -66.98274993896484 44.54443359375
386 -67.09021759033203 44.733211517333984
387 -67.31289672851562 45.02555465698242
388 -67.48475646972656 45.27217102050781
389 -67.57734680175781 45.35808563232422
390 -67.77214813232422 45.51210403442383
391 -78.91830444335938 61.71580123901367
392 -78.95233917236328 61.931861877441406
393 -78.98920440673828 62.27634811401367
394 -79.02342224121094 62.744441986083984
395 -79.01113891601562 62.97238540649414
396 -78.95464324951172 63.178375244140625
397 -78.85112762451172 63.426883697509766
398 -78.64646911621094 63.96345138549805
399 -78.38420104980469 64.62030029296875
400 -78.17046356201172 65.11567687988281
401 -78.07299041748047 65.32227325439453
402 -77.88911437988281 65.72550201416016
403 -77.7063217163086 66.04850769042969
404 -77.53438568115234 66.33924102783203
405 -77.39166259765625 66.55630493164062
406 -77.10566711425781 66.94998168945312
407 -76.78950500488281 67.36785888671875
408 -76.56155395507812 67.64741516113281
409 -76.34451293945312 67.90510559082031
410 -76.1042709350586 68.20283508300781
411 -75.82865905761719 68.54192352294922
412 -75.483642578125 69.01319122314453
413 -75.2535171508789 69.32808685302734
414 -74.95405578613281 69.77978515625
415 -74.78433990478516 70.02523040771484
416 -74.60574340820312 70.23600769042969
417 -74.32968139648438 70.55746459960938
418 -74.21044921875 70.65802001953125
419 -74.0252914428711 70.7591552734375
420 -73.4205322265625 70.9303207397461
421 -73.27347564697266 70.9575424194336
422 -72.95671081542969 71.02694702148438
423 -72.71544647216797 71.08521270751953
424 -72.32074737548828 71.18580627441406
425 -71.89774322509766 71.27845764160156
426 -71.38284301757812 71.38687896728516
427 -71.1655502319336 71.42533111572266
428 -70.8671875 71.47962951660156
429 -70.39812469482422 71.57508087158203
430 -69.38317108154297 71.85055541992188
431 -69.0864486694336 71.9463119506836
432 -68.708740234375 72.02046966552734
433 -68.49644470214844 72.04195404052734
434 -68.08106231689453 72.03194427490234
435 -67.62837219238281 71.9738998413086
436 -67.35308837890625 71.92277526855469
437 -66.92074584960938 71.8637924194336
438 -66.73556518554688 71.83768463134766
439 -66.4790267944336 71.63641357421875
440 -66.22140502929688 71.38384246826172
441 -65.92601776123047 71.135009765625
442 -65.6829605102539 70.94180297851562
443 -65.34679412841797 70.6468505859375
444 -64.9028091430664 70.20648193359375
445 -64.79933166503906 70.01768493652344
446 -64.77583312988281 69.83931732177734
447 -64.9185562133789 69.45397186279297
448 -64.99060821533203 69.084228515625
449 -65.02619171142578 68.50340270996094
450 -65.04450225830078 68.13819885253906
451 -65.12670135498047 67.80606079101562
452 -65.39460754394531 67.37657165527344
453 -65.66690063476562 67.08243560791016
454 -65.86380004882812 66.90941619873047
455 -66.05390930175781 66.78252410888672
456 -66.45123291015625 66.62012481689453
457 -66.84700012207031 66.41564178466797
458 -66.93977355957031 66.11752319335938
459 -66.86235046386719 65.70439147949219
460 -66.87175750732422 65.42933654785156
461 -66.81056213378906 65.20313262939453
462 -66.65762329101562 64.92098236083984
463 -66.5420150756836 64.79056549072266
464 -66.42659759521484 64.52416229248047
465 -66.26445007324219 64.18907928466797
466 -66.16959381103516 63.955074310302734
467 -66.07841491699219 63.740013122558594
468 -65.93830871582031 63.48064041137695
469 -65.70611572265625 63.05278015136719
470 -65.52925872802734 62.748374938964844
471 -65.43251037597656 62.58023452758789
472 -65.31961822509766 62.344871520996094
473 -65.11949157714844 61.95307922363281
474 -64.9372329711914 61.64596939086914
475 -64.70439147949219 61.298038482666016
476 -64.58628845214844 61.122802734375
477 -55.23479461669922 57.102867126464844
478 -54.890811920166016 57.05714797973633
479 -54.69560241699219 57.04330825805664
480 -54.29045867919922 57.04965591430664
481 -53.93366622924805 57.059879302978516
482 -53.504051208496094 57.115108489990234
483 -53.18972396850586 57.196067810058594
484 -52.780879974365234 57.32330322265625
485 -52.45753860473633 57.44317626953125
486 -52.13496398925781 57.643306732177734
487 -51.89095687866211 57.84231948852539
488 -51.529117584228516 58.22274398803711
489 -51.3458251953125 58.436275482177734
490 -51.189674377441406 58.60934066772461
491 -51.029361724853516 58.943992614746094
492 -50.82173538208008 59.304805755615234
493 -50.642120361328125 59.60007858276367
494 -50.49769973754883 59.82211685180664
495 -50.25919723510742 60.12014389038086
496 -50.08352279663086 60.31779479980469
497 -49.562400817871094 60.783870697021484
498 -48.975303649902344 61.315494537353516
499 -48.7890739440918 61.45951461791992
500 -48.55635452270508 61.60392379760742
501 -48.34353256225586 61.69639205932617
502 -48.152278900146484 61.720943450927734
503 -47.654693603515625 61.70052719116211
504 -47.36812973022461 61.70912170410156
505 -47.14513397216797 61.536128997802734
506 -46.688045501708984 61.24559020996094
507 -46.34950256347656 61.04261779785156
508 -46.0823974609375 60.86345672607422
509 -45.785911560058594 60.70011901855469
510 -45.58909606933594 60.57560348510742
511 -45.461605072021484 60.454490661621094
512 -45.04077911376953 60.10810852050781
513 -44.829959869384766 59.9284553527832
514 -44.47539138793945 59.64349365234375
515 -44.04441833496094 59.273128509521484
516 -43.653900146484375 58.92921447753906
517 -43.386348724365234 58.6614990234375
518 -43.18343734741211 58.44822692871094
519 -42.98552703857422 58.270626068115234
520 -42.81098556518555 58.08231735229492
521 -42.56332015991211 57.76747131347656
522 -42.3697395324707 57.52894973754883
523 -42.342079162597656 57.41130065917969
524 -42.44020462036133 57.07632064819336
525 -42.463775634765625 56.498985290527344
526 -42.46908187866211 56.15361022949219
527 -42.43902587890625 55.85151672363281
528 -42.259002685546875 55.28062057495117
529 -42.12750244140625 54.94212341308594
530 -41.98624801635742 54.6415901184082
531 -41.762508392333984 54.19200134277344
532 -41.6380500793457 53.8357048034668
533 -41.6298828125 53.580352783203125
534 -41.687198638916016 53.341670989990234
535 -41.82857894897461 53.079795837402344
536 -42.02843475341797 52.75955581665039
537 -42.152381896972656 52.48508071899414
538 -42.29051208496094 51.987152099609375
539 -42.36820602416992 51.59015655517578
540 -42.407928466796875 51.362945556640625
541 -42.49732208251953 50.66453170776367
542 -42.54258346557617 50.36977005004883
543 -42.56073760986328 50.168331146240234
544 -42.585540771484375 49.97117614746094
545 -42.61198806762695 49.8210334777832
546 -84.103759765625 18.764638900756836
547 -84.28560638427734 18.597293853759766
548 -84.46647644042969 18.45183563232422
549 -84.680419921875 18.284255981445312
550 -84.88763427734375 18.10149383544922
551 -85.03832244873047 18.00945281982422
552 -85.38845825195312 17.664579391479492
553 -85.62163543701172 17.379512786865234
554 -85.80558776855469 17.10099220275879
555 -85.95419311523438 16.760128021240234
556 -86.06676483154297 16.27780532836914
557 -86.15409851074219 15.774191856384277
558 -86.23431396484375 15.395414352416992
559 -86.18973541259766 15.204328536987305
560 -85.97764587402344 14.883990287780762
561 -85.76769256591797 14.6506986618042
562 -85.22957611083984 14.32909870147705
563 -84.75420379638672 14.118075370788574
564 -84.48188781738281 14.031757354736328
565 -84.25333404541016 13.96949577331543
566 -83.80535125732422 13.8538179397583
567 -83.50962829589844 13.770062446594238
568 -83.29238891601562 13.629810333251953
569 -83.03173828125 13.376306533813477
570 -82.96148681640625 13.28246784210205
571 -82.77622985839844 13.091556549072266
572 -82.55122375488281 12.91547679901123
573 -82.02037811279297 12.571196556091309
574 -81.65733337402344 12.36765193939209
575 -81.19938659667969 12.232529640197754
576 -80.87356567382812 12.157485008239746
577 -80.5848159790039 12.116958618164062
578 -80.31732940673828 12.14715576171875
579 -79.86876678466797 12.277989387512207
580 -79.46551513671875 12.389598846435547
581 -79.10099792480469 12.532255172729492
582 -78.89623260498047 12.741697311401367
583 -78.74700927734375 13.094717979431152
584 -78.68451690673828 13.591415405273438
585 -78.5934066772461 14.143421173095703
586 -78.5909652709961 14.376535415649414
587 -78.61468505859375 14.846261024475098
588 -78.64266204833984 15.136601448059082
589 -78.77652740478516 15.282313346862793
590 -78.97969818115234 15.45549488067627
591 -79.18341827392578 15.710474014282227
592 -79.36265563964844 16.035614013671875
593 -79.41802978515625 16.32445526123047
594 -80.96004486083984 53.833160400390625
595 -80.97051239013672 53.98469924926758
596 -81.03424835205078 54.47135543823242
597 -81.0733413696289 54.679710388183594
598 -81.13269805908203 54.926177978515625
599 -81.20018768310547 55.22047805786133
600 -81.28765869140625 55.51110076904297
601 -81.44647979736328 55.8413200378418
602 -81.64578247070312 56.02004623413086
603 -81.9183120727539 56.16413497924805
604 -82.4603500366211 56.41477584838867
605 -82.92719268798828 56.66761016845703
606 -83.63536071777344 57.05967712402344
607 -84.11443328857422 57.29990005493164
608 -84.46578216552734 57.461917877197266
609 -84.89845275878906 57.6602783203125
610 -85.35034942626953 57.867218017578125
611 -85.65100860595703 57.997886657714844
612 -85.9400634765625 58.12394714355469
613 -86.66107940673828 58.41188049316406
614 -86.92779541015625 58.522525787353516
615 -87.0634765625 58.571861267089844
616 -87.35979461669922 58.64226531982422
617 -87.7916488647461 58.701786041259766
618 -88.19937896728516 58.7266960144043
619 -88.40752410888672 58.73584747314453
620 -88.7770004272461 58.74106216430664
621 -89.22344207763672 58.72113037109375
622 -89.64694213867188 58.67457962036133
623 -90.30793762207031 58.594818115234375
624 -90.54238891601562 58.56867218017578
625 -90.6650619506836 58.49691390991211
626 -91.07106018066406 58.23469543457031
627 -91.46465301513672 57.99184799194336
628 -91.71139526367188 57.82553482055664
629 -91.90320587158203 57.642433166503906
630 -92.15851593017578 57.364253997802734
631 -92.38632202148438 57.11476516723633
632 -92.63428497314453 56.84560775756836
633 -92.86585998535156 56.61344528198242
634 -93.0683364868164 56.408084869384766
635 -93.30965423583984 56.15312194824219
636 -93.52549743652344 55.926429748535156
637 -93.92391204833984 55.516845703125
638 -94.13619995117188 55.306060791015625
639 -94.40325164794922 55.033477783203125
640 -94.6803207397461 54.732181549072266
641 -94.86870574951172 54.516170501708984
642 -95.09046936035156 54.246124267578125
643 -95.2730941772461 53.940059661865234
644 -95.55404663085938 53.53586959838867
645 -95.62881469726562 53.404258728027344
646 -95.73799133300781 53.22527313232422
647 -95.97496032714844 52.820316314697266
648 -96.17520904541016 52.428409576416016
649 -96.34465026855469 52.114234924316406
650 -96.53489685058594 51.75041961669922
651 -96.679443359375 51.47686767578125
652 -97.14928436279297 50.55887222290039
653 -97.3154067993164 50.24065399169922
654 -97.52628326416016 49.81548309326172
655 -97.7483139038086 49.366580963134766
656 -98.14013671875 48.55278396606445
657 -98.21907806396484 48.39849090576172
658 -98.37909698486328 48.02672576904297
659 -98.4931640625 47.741004943847656
660 -98.56675720214844 47.54093933105469
661 -98.689453125 47.177642822265625
662 -98.88880157470703 46.57932662963867
663 -98.97509002685547 46.28696060180664
664 -99.06800079345703 45.926109313964844
665 -99.159423828125 45.65962219238281
666 -99.25717163085938 45.49907684326172
667 -99.08348083496094 45.275657653808594
668 -98.89547729492188 44.92306900024414
669 -98.78678131103516 44.7164306640625
670 -98.68289184570312 44.5191764831543
671 -98.57030487060547 44.27383041381836
672 -98.40465545654297 43.914337158203125
673 -98.2471923828125 43.6204719543457
674 -77.64202880859375 30.017152786254883
675 -77.51468658447266 29.961498260498047
676 -77.34963989257812 29.890291213989258
677 -77.10710144042969 29.80837631225586
678 -76.7772216796875 29.70135498046875
679 -76.45938873291016 29.644922256469727
680 -75.99219512939453 29.605567932128906
681 -75.88412475585938 29.598257064819336
682 -75.43489074707031 29.69524574279785
683 -75.01025390625 29.886619567871094
684 -74.68238830566406 30.057220458984375
685 -74.48802185058594 30.117626190185547
686 -73.96444702148438 30.09192657470703
687 -73.69352722167969 29.956363677978516
688 -73.5705337524414 29.627370834350586
689 -73.58355712890625 29.17106056213379
690 -73.7108154296875 28.84426498413086
691 -74.14591979980469 28.02451515197754
692 -74.227294921875 27.743741989135742
693 -74.20085144042969 27.33576011657715
694 -74.10469818115234 26.982460021972656
695 -73.84588623046875 26.616533279418945
696 -73.65010070800781 26.42778968811035
697 -73.48741149902344 26.351991653442383
698 -73.057861328125 26.4442138671875
699 -72.6446533203125 26.558149337768555
700 -72.47807312011719 26.6731014251709
701 -72.27796173095703 26.772214889526367
702 -71.97511291503906 26.720476150512695
703 -71.66143798828125 26.5340576171875
704 -71.32904052734375 26.162675857543945
705 -71.05997467041016 25.86838722229004
706 -70.59953308105469 25.590862274169922
707 -70.29315185546875 25.52569007873535
708 -70.0517807006836 25.549741744995117
709 -69.81739807128906 25.925304412841797
710 -69.43091583251953 26.462627410888672
711 -69.0882568359375 26.869787216186523
712 -68.78646850585938 27.29239273071289
713 -68.4658432006836 27.805837631225586
714 -68.30200958251953 28.178876876831055
715 -68.3730239868164 28.401954650878906
716 -68.55123901367188 28.618438720703125
717 -68.9314956665039 29.051692962646484
718 -69.42692565917969 29.656959533691406
719 -69.5677490234375 29.936748504638672
720 -69.6332015991211 30.166996002197266
721 -69.7392578125 30.687301635742188
722 -69.7688217163086 30.999940872192383
723 -69.757568359375 31.234394073486328
724 -69.64613342285156 31.58242416381836
725 -69.54981231689453 31.856643676757812
726 -69.3545913696289 32.15837478637695
727 -68.98120880126953 32.650047302246094
728 -68.7428970336914 32.89155578613281
729 -68.40524291992188 33.2269287109375
730 -67.88667297363281 33.685638427734375
731 -67.46546936035156 34.025550842285156
732 -67.08445739746094 34.31006622314453
733 -66.87421417236328 34.36188507080078
734 -66.54134368896484 34.39997482299805
735 -66.16619110107422 34.42070388793945
736 -65.70431518554688 34.41636276245117
737 -65.37405395507812 34.39287567138672
738 -64.77049255371094 34.3145866394043
739 -64.52027130126953 34.24245071411133
740 -64.0924301147461 34.02615737915039
741 -63.81049728393555 33.8507194519043
742 -63.57370376586914 33.72819137573242
743 -63.239864349365234 33.59596633911133
744 -62.90546798706055 33.45937728881836
745 -62.66239929199219 33.38465881347656
746 -62.375667572021484 33.24760437011719
747 -62.10954666137695 33.010108947753906
748 -61.960025787353516 32.62110900878906
749 -61.86371612548828 32.2591552734375
750 -61.835819244384766 31.970388412475586
751 -61.80644989013672 31.579524993896484
752 -61.755191802978516 31.123497009277344
753 -61.7492790222168 30.8020076751709
754 -61.776695251464844 30.549190521240234
755 -61.89381408691406 30.333316802978516
756 -62.2076416015625 29.896778106689453
757 -62.42552947998047 29.56586265563965
758 -62.492401123046875 29.341320037841797
759 -62.564964294433594 28.897003173828125
760 -62.60032653808594 28.611003875732422
761 -62.681129455566406 28.001605987548828
762 -62.7631721496582 27.589282989501953
763 -62.86857604980469 27.38610076904297
764 -63.045536041259766 27.142911911010742
765 -63.223793029785156 26.861528396606445
766 -63.33692932128906 26.612525939941406
767 -63.57286834716797 25.923213958740234
768 -63.756324768066406 25.26622200012207
769 -63.85431671142578 24.921585083007812
770 -63.974613189697266 24.496967315673828
771 -64.1300048828125 24.15168571472168
772 -64.30538940429688 23.829999923706055
773 -64.5352783203125 23.514936447143555
774 -64.797119140625 23.201446533203125
775 -65.12445068359375 22.817583084106445
776 -65.31487274169922 22.590654373168945
777 -65.55824279785156 22.25417137145996
778 -65.93975830078125 21.728899002075195
779 -66.21662902832031 21.38046646118164
780 -66.42213439941406 21.14437484741211
781 -66.75988006591797 20.748584747314453
782 -66.97388458251953 20.501256942749023
783 -67.1989974975586 20.238100051879883
784 -67.3625259399414 19.991714477539062
785 -67.54481506347656 19.67953872680664
786 -67.80286407470703 19.196191787719727
787 -67.89183807373047 19.049938201904297
788 -68.013671875 18.5983943939209
789 -68.0915756225586 18.349246978759766
790 -68.17565155029297 17.976497650146484
791 -68.36204528808594 17.2026424407959
792 -68.37820434570312 16.917573928833008
793 -68.3348388671875 16.67643165588379
794 -68.16658020019531 16.277769088745117
795 -67.9897689819336 15.967845916748047
796 -67.7470703125 15.73833179473877
797 -67.50314331054688 15.559304237365723
798 -67.03523254394531 15.266053199768066
799 -65.9004135131836 14.685322761535645
800 -65.5635757446289 14.521075248718262
801 -65.04069519042969 14.29516887664795
802 -64.59915924072266 14.119828224182129
803 -64.29695892333984 14.005483627319336
804 -63.92711639404297 13.873026847839355
805 -63.43406677246094 13.694135665893555
806 -63.110252380371094 13.550729751586914
807 -62.727054595947266 13.41656494140625
808 -62.47997283935547 13.375017166137695
809 -62.04463577270508 13.42355728149414
810 -61.879947662353516 13.514142990112305
811 -61.49833679199219 13.725652694702148
812 -60.91630935668945 14.043055534362793
813 -60.662620544433594 14.146601676940918
814 -60.51349639892578 14.301187515258789
815 -60.26526641845703 14.562003135681152
816 -60.089359283447266 14.728909492492676
817 -60.003746032714844 14.883183479309082
818 -59.8683967590332 15.08359146118164
819 -59.65768814086914 15.397722244262695
820 -59.38135528564453 15.79664421081543
821 -59.16922378540039 16.21867561340332
822 -59.11151123046875 16.5295352935791
823 -59.158424377441406 16.77859115600586
824 -59.23933792114258 17.018342971801758
825 -74.79608917236328 36.6983757019043
826 -74.78361511230469 36.87200927734375
827 -74.67411804199219 37.21676254272461
828 -74.52210235595703 37.53389358520508
829 -74.38668823242188 37.76145935058594
830 -74.29208374023438 37.88312530517578
831 -74.0490951538086 38.0511589050293
832 -73.46663665771484 38.341949462890625
833 -73.2626724243164 38.47383499145508
834 -73.03570556640625 38.656951904296875
835 -72.24205017089844 39.19167709350586
836 -71.93533325195312 39.43351745605469
837 -71.80652618408203 39.56283187866211
838 -71.65383911132812 39.84193801879883
839 -71.5829086303711 40.16153335571289
840 -71.58100128173828 40.43043899536133
841 -71.66266632080078 40.80327224731445
842 -71.8508071899414 41.25581359863281
843 -71.96160888671875 41.73243713378906
844 -72.01614379882812 42.025272369384766
845 -72.0929946899414 42.34111022949219
846 -72.23352813720703 42.52157974243164
847 -72.512939453125 42.73728561401367
848 -72.75765228271484 42.86623001098633
849 -73.03624725341797 43.04439926147461
850 -73.36591339111328 43.325592041015625
851 -73.8458251953125 43.69331359863281
852 -74.01160430908203 43.806785583496094
853 -74.43477630615234 44.09988784790039
854 -74.59261322021484 44.19171142578125
855 -74.82280731201172 44.277427673339844
856 -75.64457702636719 44.570987701416016
857 -76.17442321777344 44.73845672607422
858 -76.5066146850586 44.86679458618164
859 -76.81916809082031 45.04831314086914
860 -77.01908111572266 45.19438171386719
861 -77.30445098876953 45.416080474853516
862 -77.75748443603516 45.807621002197266
863 -78.15189361572266 46.15196228027344
864 -78.43373107910156 46.40188217163086
865 -78.65843963623047 46.6035041809082
866 -78.7942886352539 46.77645492553711
867 -79.2400894165039 47.54218673706055
868 -79.37564849853516 47.742156982421875
869 -79.51359558105469 47.97285842895508
870 -79.62862396240234 48.22172546386719
871 -79.65094757080078 48.58782958984375
872 -79.63056182861328 48.81135940551758
873 -79.58207702636719 49.22514724731445
874 -79.52449798583984 49.69511032104492
875 -79.45094299316406 50.04547119140625
876 -79.3756103515625 50.3144645690918
877 -79.25261688232422 50.54099655151367
878 -79.03329467773438 50.88460922241211
879 -78.69935607910156 51.2547607421875
880 -78.44578552246094 51.45653533935547
881 -78.10989379882812 51.68964385986328
882 -77.73684692382812 51.928321838378906
883 -77.120849609375 52.246253967285156
884 -76.67152404785156 52.424842834472656
885 -76.12727355957031 52.6357536315918
886 -75.33370208740234 52.916961669921875
887 -75.04106140136719 53.0036506652832
888 -74.79840087890625 53.0992431640625
889 -74.62921142578125 53.17716979980469
890 -74.48770904541016 53.226444244384766
891 -74.2321548461914 53.177452087402344
892 -73.90237426757812 53.06707763671875
893 -73.60006713867188 52.98585891723633
894 -73.35691833496094 52.909576416015625
895 -72.88994598388672 52.88681411743164
896 -72.12645721435547 52.84232711791992
897 -71.73014068603516 52.89607238769531
898 -71.53939056396484 52.963138580322266
899 -71.21780395507812 53.1718635559082
900 -70.99420166015625 53.394866943359375
901 -70.7022705078125 53.73229217529297
902 -70.42154693603516 54.13771438598633
903 -70.0388412475586 54.7031364440918
904 -69.90361022949219 54.883888244628906
905 -69.79222869873047 55.020381927490234
906 -69.57563018798828 55.134700775146484
907 -68.7671127319336 55.189334869384766
908 -68.43517303466797 55.21149826049805
909 -67.93289184570312 55.2558479309082
910 -67.58045959472656 55.246337890625
911 -67.21337890625 55.115325927734375
912 -66.8907699584961 54.92679977416992
913 -66.69550323486328 54.71122741699219
914 -66.54268646240234 54.43082809448242
915 -66.4757080078125 54.111507415771484
916 -66.4830322265625 53.568321228027344
917 -66.47110748291016 53.254940032958984
918 -66.50703430175781 53.01277542114258
919 -66.58279418945312 52.65540313720703
920 -66.60643768310547 52.17848587036133
921 -66.65474700927734 51.39181900024414
922 -66.60916900634766 50.532501220703125
923 -66.55574798583984 50.224910736083984
924 -66.4860610961914 50.04351043701172
925 -66.32682800292969 49.72166061401367
926 -66.20890045166016 49.53757095336914
927 -65.93547058105469 49.3645133972168
928 -65.5420913696289 49.17683029174805
929 -65.0001220703125 48.95177459716797
930 -64.41885375976562 48.72665786743164
931 -63.91521072387695 48.51554489135742
932 -63.634742736816406 48.473079681396484
933 -63.27245330810547 48.49263000488281
934 -63.008583068847656 48.55403518676758
935 -62.32292938232422 48.93533706665039
936 -61.97883605957031 49.202125549316406
937 -61.83220291137695 49.38223648071289
938 -61.5394172668457 49.87937545776367
939 -61.369293212890625 50.27360153198242
940 -61.26224899291992 50.58564758300781
941 -61.12471008300781 50.9335823059082
942 -60.97065734863281 51.298912048339844
943 -60.75255584716797 51.69590377807617
944 -60.58003234863281 52.00489807128906
945 -60.46218490600586 52.40372848510742
946 -60.39381408691406 52.81040954589844
947 -60.31837844848633 53.14396667480469
948 -60.23497772216797 53.40764617919922
949 -60.16416549682617 53.68001174926758
950 -60.08110046386719 54.12843704223633
951 -60.045249938964844 54.40515899658203
952 -60.049713134765625 54.75343704223633
953 -60.03362274169922 55.0914421081543
954 -60.01373291015625 55.39724349975586
955 -59.987518310546875 55.70622634887695
956 -59.918216705322266 56.32939147949219
957 -59.85547637939453 56.79302215576172
958 -59.78760528564453 57.250091552734375
959 -59.73105239868164 57.70731735229492
960 -59.719905853271484 57.91333770751953
961 -59.68777084350586 58.19830322265625
962 -59.618072509765625 58.610321044921875
963 -59.58492660522461 58.90689468383789
964 -59.545143127441406 59.07120895385742
965 -59.35222625732422 59.56453323364258
966 -59.14418029785156 60.06393814086914
967 -58.991554260253906 60.440696716308594
968 -58.81924819946289 60.871002197265625
969 -58.544532775878906 61.589088439941406
970 -58.445430755615234 61.81871795654297
971 -58.40435028076172 61.938785552978516
972 -58.350494384765625 62.16007614135742
973 -58.30613708496094 62.4932746887207
974 -58.2450065612793 63.09231948852539
975 -58.209495544433594 63.82783889770508
976 -58.24208450317383 64.15311431884766
977 -58.279293060302734 64.43574523925781
978 -58.34926223754883 65.09075927734375
979 -58.4104118347168 65.49230194091797
980 -58.448978424072266 65.79780578613281
981 -58.42938232421875 66.17072296142578
982 -58.323829650878906 66.34449005126953
983 -58.114871978759766 66.503662109375
984 -57.755836486816406 66.79032135009766
985 -57.067771911621094 67.23362731933594
986 -56.69166946411133 67.4911117553711
987 -55.989498138427734 67.96041107177734
988 -55.90021514892578 68.01802825927734
989 -55.698143005371094 68.15869903564453
990 -55.03837585449219 68.59565734863281
991 -54.71969985961914 68.7923583984375
992 -54.607933044433594 68.86058044433594
993 -54.5358772277832 68.90888977050781
994 -54.32495880126953 69.05045318603516
995 -53.72169876098633 69.43561553955078
996 -53.45970916748047 69.59848022460938
997 -53.23983383178711 69.73674011230469
998 -53.10818862915039 69.81390380859375
999 -52.986610412597656 69.88575744628906
