0 -17.607227325439453 47.989986419677734
1 -17.48638916015625 47.98263931274414
2 -17.099353790283203 47.98692321777344
3 -16.763147354125977 47.99779510498047
4 -16.19662857055664 48.033145904541016
5 -15.90611457824707 48.05615997314453
6 -15.72258472442627 48.06560134887695
7 -15.540437698364258 48.092594146728516
8 -15.331406593322754 48.1264533996582
9 -15.069442749023438 48.18328857421875
10 -14.882003784179688 48.25334167480469
11 -14.59105110168457 48.402565002441406
12 -14.047706604003906 48.6517333984375
13 -13.551979064941406 48.886009216308594
14 -13.28489875793457 48.96879959106445
15 -13.067697525024414 49.049564361572266
16 -12.703310012817383 49.10655212402344
17 -12.494959831237793 49.128807067871094
18 -12.32857894897461 49.068511962890625
19 -12.112717628479004 48.92038345336914
20 -11.881882667541504 48.766841888427734
21 -11.507508277893066 48.55129623413086
22 -11.14213752746582 48.33338928222656
23 -10.698213577270508 48.107460021972656
24 -10.328996658325195 47.920814514160156
25 -10.083911895751953 47.80282974243164
26 -9.728707313537598 47.644535064697266
27 -9.453632354736328 47.53504180908203
28 -9.24315071105957 47.45619583129883
29 -8.921324729919434 47.32600402832031
30 -8.609614372253418 47.19744873046875
31 -8.252106666564941 46.993106842041016
32 -7.864551067352295 46.64308166503906
33 -7.427304267883301 46.18429183959961
34 -7.224997520446777 45.89148712158203
35 -6.9633660316467285 45.40232849121094
36 -6.935630798339844 45.069679260253906
37 -7.000085353851318 44.728939056396484
38 -7.352712154388428 44.389156341552734
39 -7.580893039703369 44.266754150390625
40 -7.789127349853516 44.226287841796875
41 -8.174131393432617 44.259422302246094
42 -8.427505493164062 44.28843688964844
43 -8.661420822143555 44.29328918457031
44 -8.96888256072998 44.23713302612305
45 -9.395219802856445 44.1154899597168
46 -9.748261451721191 43.94340896606445
47 -10.243537902832031 43.602081298828125
48 -10.836865425109863 43.13511276245117
49 -11.163625717163086 42.84688186645508
50 -11.48521900177002 42.46720886230469
51 -11.669132232666016 42.2471809387207
52 -11.724342346191406 42.021690368652344
53 -11.75395679473877 41.69108200073242
54 -11.842738151550293 41.10409927368164
55 -11.864959716796875 40.889930725097656
56 -11.886240005493164 40.58367919921875
57 -11.915555000305176 39.9910774230957
58 -11.945029258728027 39.65605163574219
59 -12.002041816711426 39.38713073730469
60 -12.113312721252441 39.131778717041016
61 -12.23427677154541 38.93983840942383
62 -12.386468887329102 38.7350959777832
63 -12.640104293823242 38.368064880371094
64 -12.908731460571289 38.00757598876953
65 -13.208786010742188 37.64802932739258
66 -13.547701835632324 37.26512145996094
67 -13.85184383392334 36.9444694519043
68 -14.068635940551758 36.74415588378906
69 -14.257896423339844 36.590599060058594
70 -14.498883247375488 36.39363479614258
71 -14.713188171386719 36.22542190551758
72 -14.983147621154785 36.073699951171875
73 -15.174747467041016 35.865421295166016
74 -15.511456489562988 35.823272705078125
75 -15.953680992126465 35.57551193237305
76 -16.19076919555664 35.50204849243164
77 -16.4186954498291 35.619903564453125
78 -16.69546890258789 35.72903060913086
79 -16.99577522277832 35.986915588378906
80 -17.29250717163086 36.22049331665039
81 -17.506729125976562 36.366363525390625
82 -17.72721290588379 36.588218688964844
83 -18.247095108032227 37.021759033203125
84 -18.62743377685547 37.359283447265625
85 -18.865854263305664 37.64324188232422
86 -18.95134735107422 37.797698974609375
87 -18.991575241088867 38.21961975097656
88 -19.07459259033203 38.814517974853516
89 -19.22721290588379 39.16783142089844
90 -19.298097610473633 39.349365234375
91 -19.33922576904297 39.51955795288086
92 -19.338088989257812 39.866336822509766
93 -19.361831665039062 40.314292907714844
94 -19.40586280822754 40.6053352355957
95 -19.488048553466797 40.8957405090332
96 -19.553194046020508 41.11760711669922
97 -19.699363708496094 41.339454650878906
98 -19.968341827392578 41.82566833496094
99 -20.136241912841797 42.03258514404297
100 -20.64483070373535 42.43026351928711
101 -20.784364700317383 42.564571380615234
102 -21.090909957885742 42.86406326293945
103 -21.45804214477539 43.150535583496094
104 -21.805526733398438 43.432044982910156
105 -22.193716049194336 43.510887145996094
106 -22.769445419311523 43.539512634277344
107 -22.968053817749023 43.48378372192383
108 -23.273849487304688 43.230342864990234
109 -23.533252716064453 42.94414520263672
110 -23.763675689697266 42.558387756347656
111 -23.854480743408203 42.366065979003906
112 -23.92919921875 41.90946578979492
113 -23.974349975585938 41.443538665771484
114 -24.01971435546875 41.08222579956055
115 -24.054962158203125 40.682010650634766
116 -24.0501708984375 40.208831787109375
117 -24.073095321655273 39.835426330566406
118 -24.07848358154297 39.44302749633789
119 -24.074748992919922 38.93739318847656
120 -24.113187789916992 38.14406204223633
121 -24.179584503173828 37.982032775878906
122 -24.35002899169922 37.94268035888672
123 -24.748157501220703 38.11357879638672
124 -25.4039249420166 38.58921813964844
125 -25.66022300720215 38.714599609375
126 -25.84014320373535 38.78999710083008
127 -26.06706428527832 38.9560546875
128 -26.361713409423828 39.33372497558594
129 -26.54238510131836 39.61695861816406
130 -26.657344818115234 39.79227066040039
131 -26.803953170776367 40.02266311645508
132 -26.947179794311523 40.259132385253906
133 -27.287351608276367 40.86021041870117
134 -27.61093521118164 41.44234848022461
135 -27.83511734008789 41.80795669555664
136 -28.001707077026367 42.060726165771484
137 -28.21393585205078 42.41210174560547
138 -28.43110466003418 42.89346694946289
139 -28.5992431640625 43.18096923828125
140 -28.753971099853516 43.35226821899414
141 -28.984041213989258 43.5131721496582
142 -29.176916122436523 43.67203903198242
143 -29.350685119628906 43.77643966674805
144 -29.81538200378418 43.82698059082031
145 -30.174978256225586 43.95633316040039
146 -30.395238876342773 43.98423385620117
147 -30.852914810180664 43.75103759765625
148 -31.104345321655273 43.58799743652344
149 -31.11874008178711 43.354488372802734
150 -31.078893661499023 43.08782958984375
151 -31.16654396057129 42.80207061767578
152 -31.383066177368164 42.242286682128906
153 -31.589111328125 41.96480941772461
154 -31.854541778564453 41.81170654296875
155 -32.426151275634766 41.60830307006836
156 -32.84965133666992 41.48296356201172
157 -33.07384490966797 41.446434020996094
158 -33.43122100830078 41.44391632080078
159 -33.727840423583984 41.48664093017578
160 -33.920894622802734 41.54426193237305
161 -34.11376953125 41.67267608642578
162 -34.74765396118164 42.122650146484375
163 -35.0673828125 42.299171447753906
164 -35.61669158935547 42.5617790222168
165 -35.97518539428711 42.75846481323242
166 -36.12784957885742 42.89215087890625
167 -36.20567321777344 43.00423049926758
168 -36.23616027832031 43.26448059082031
169 -36.280677795410156 43.479286193847656
170 -36.350772857666016 43.901702880859375
171 -36.42228317260742 44.22551345825195
172 -36.50751876831055 44.68361282348633
173 -36.53471374511719 45.08787155151367
174 -36.553592681884766 45.38338851928711
175 -36.58489990234375 45.747642517089844
176 -36.60345458984375 45.99483871459961
177 -36.58989715576172 46.364112854003906
178 -36.53489685058594 46.77476501464844
179 -36.4637565612793 47.134281158447266
180 -36.325157165527344 47.71445846557617
181 -36.19049835205078 48.2310905456543
182 -36.050453186035156 48.75127029418945
183 -35.88749313354492 49.060081481933594
184 -35.668670654296875 49.34424591064453
185 -35.43830871582031 49.562889099121094
186 -35.07282257080078 49.91604232788086
187 -34.802574157714844 50.180076599121094
188 -34.60503387451172 50.34239196777344
189 -34.16792678833008 50.66312789916992
190 -33.806392669677734 50.86427688598633
191 -33.49543380737305 51.02826690673828
192 -33.113670349121094 51.21016311645508
193 -32.64864730834961 51.41684341430664
194 -32.33841323852539 51.48871994018555
195 -32.057838439941406 51.498538970947266
196 -31.835582733154297 51.46097946166992
197 -31.541805267333984 51.42213439941406
198 -31.268999099731445 51.364654541015625
199 -30.5205135345459 51.241451263427734
200 -30.239131927490234 51.19260787963867
201 -29.927888870239258 51.15626525878906
202 -29.61712074279785 51.21303176879883
203 -29.22749137878418 51.45207595825195
204 -28.935165405273438 51.801025390625
205 -28.711944580078125 52.15838623046875
206 -28.43790626525879 52.60049819946289
207 -28.353824615478516 52.74853515625
208 -28.28773307800293 52.91852951049805
209 -28.146406173706055 53.1899299621582
210 -27.92247200012207 53.68928527832031
211 -27.74622344970703 54.10063171386719
212 -27.628036499023438 54.376869201660156
213 -27.53237533569336 54.5078239440918
214 -27.395463943481445 54.780242919921875
215 -27.452123641967773 55.07080841064453
216 -27.5435848236084 55.341793060302734
217 -27.61052703857422 55.607933044433594
218 -27.712263107299805 56.228729248046875
219 -27.79208755493164 56.546791076660156
220 -27.94292640686035 56.90829086303711
221 -28.15239715576172 57.388519287109375
222 -28.226621627807617 57.57069396972656
223 -28.31684684753418 57.76365661621094
224 -28.441471099853516 58.05241012573242
225 -28.665346145629883 58.67973709106445
226 -28.782835006713867 59.0302734375
227 -28.859325408935547 59.205562591552734
228 -29.010053634643555 59.632484436035156
229 -29.135339736938477 60.010337829589844
230 -29.272409439086914 60.477264404296875
231 -29.487468719482422 61.0696907043457
232 -29.604196548461914 61.372005462646484
233 -29.612201690673828 61.80025863647461
234 -29.56556510925293 62.24298858642578
235 -29.445178985595703 62.4921989440918
236 -29.014911651611328 62.88452911376953
237 -28.804122924804688 63.0597038269043
238 -28.584062576293945 63.146095275878906
239 -28.177654266357422 63.28009796142578
240 -27.983993530273438 63.30708312988281
241 -27.63592529296875 63.23835372924805
242 -27.222488403320312 63.22663879394531
243 -26.95228385925293 63.3653564453125
244 -26.830564498901367 63.5185432434082
245 -26.56929588317871 63.86698532104492
246 -26.318723678588867 64.28413391113281
247 -26.162464141845703 64.5158462524414
248 -25.92631721496582 64.85018920898438
249 -25.78214454650879 65.02823638916016
250 -25.614904403686523 65.22530364990234
251 -25.31566619873047 65.5274429321289
252 -25.05521583557129 65.79498291015625
253 -24.753692626953125 66.09629821777344
254 -24.544843673706055 66.26703643798828
255 -24.357267379760742 66.39971160888672
256 -23.641923904418945 66.89885711669922
257 -23.196685791015625 67.19580078125
258 -22.782352447509766 67.4623031616211
259 -22.40349578857422 67.70384979248047
260 -22.156545639038086 67.87548065185547
261 -21.769201278686523 68.14278411865234
262 -21.454957962036133 68.36968994140625
263 -21.274600982666016 68.52857971191406
264 -21.07395362854004 68.70703887939453
265 -20.816545486450195 68.96038055419922
266 -20.297794342041016 69.46141052246094
267 -20.115314483642578 69.636962890625
268 -19.950071334838867 69.8215560913086
269 -19.852529525756836 69.9324722290039
270 -19.508811950683594 70.3270263671875
271 -19.115215301513672 70.76589965820312
272 -18.92471694946289 70.98777770996094
273 -18.708585739135742 71.28834533691406
274 -18.628232955932617 71.48371124267578
275 -18.39520835876465 71.57850646972656
276 -18.061891555786133 71.68331146240234
277 -17.842609405517578 71.74853515625
278 -17.535194396972656 71.80687713623047
279 -16.97591781616211 71.83010864257812
280 -16.62967300415039 71.82239532470703
281 -16.400859832763672 71.81529235839844
282 -16.143037796020508 71.83499145507812
283 -15.867403030395508 71.87090301513672
284 -15.4331693649292 71.96884155273438
285 -14.78442668914795 72.10997009277344
286 -14.611029624938965 72.13005828857422
287 -14.148202896118164 72.12261199951172
288 -13.819558143615723 72.10969543457031
289 -13.09151554107666 72.00631713867188
290 -12.887965202331543 71.9724349975586
291 -12.636399269104004 71.9480209350586
292 -12.448004722595215 72.00177764892578
293 -12.237275123596191 72.0755386352539
294 -11.939738273620605 72.16634368896484
295 -11.41378402709961 72.35203552246094
296 -11.245597839355469 72.55528259277344
297 -11.191534996032715 72.79212951660156
298 -11.47085189819336 73.69268798828125
299 -11.460003852844238 73.99640655517578
300 -11.340251922607422 74.1793441772461
301 -11.154768943786621 74.33953857421875
302 -10.790681838989258 74.48563385009766
303 -10.387097358703613 74.49951171875
304 -10.012015342712402 74.41410064697266
305 -9.67435359954834 74.26652526855469
306 -9.26180648803711 73.92718505859375
307 -9.04375171661377 73.52134704589844
308 -8.950041770935059 73.30421447753906
309 -8.815553665161133 73.07889556884766
310 -8.549461364746094 72.82511901855469
311 -8.18956184387207 72.7259750366211
312 -7.798488140106201 72.70380401611328
313 -7.546063423156738 72.68583679199219
314 -7.360856056213379 72.68135833740234
315 -6.988595485687256 72.62035369873047
316 -6.6549763679504395 72.5560531616211
317 -6.1411356925964355 72.468505859375
318 -5.686598777770996 72.39666748046875
319 -5.449539661407471 72.3627700805664
320 -5.1375651359558105 72.31865692138672
321 -3.484602689743042 72.18521118164062
322 -3.35394287109375 72.16822052001953
323 -3.1602084636688232 72.13230895996094
324 -2.664506435394287 72.01529693603516
325 -2.3601644039154053 71.92379760742188
326 -2.1299588680267334 71.86116790771484
327 -1.5767585039138794 71.61360168457031
328 -1.1146011352539062 71.39677429199219
329 -0.6475216746330261 71.14363098144531
330 -0.2852613925933838 70.93695831298828
331 0.3632450997829437 70.57042694091797
332 0.505866289138794 70.49462890625
333 0.7214975953102112 70.34254455566406
334 0.8961524963378906 70.17436218261719
335 1.2508474588394165 69.71765899658203
336 1.4694045782089233 69.36246490478516
337 1.6338680982589722 69.07337188720703
338 1.742141604423523 68.82229614257812
339 1.7564339637756348 67.82624053955078
340 1.7641369104385376 67.70893096923828
341 1.8760906457901 67.68570709228516
342 2.1581928730010986 67.5506591796875
343 2.6666553020477295 67.29202270507812
344 2.826258420944214 67.2073974609375
345 3.095365285873413 66.96250915527344
346 3.5931620597839355 66.4873275756836
347 3.7859861850738525 66.24137115478516
348 3.913795232772827 65.9955062866211
349 4.033004283905029 65.61580657958984
350 4.135189056396484 65.22895050048828
351 4.206449508666992 64.95406341552734
352 4.2471842765808105 64.72370147705078
353 4.278741359710693 64.34930419921875
354 4.295508861541748 63.93283462524414
355 4.279578685760498 63.55508804321289
356 4.262382507324219 63.1190185546875
357 4.25097131729126 62.90786361694336
358 4.228409767150879 62.69435501098633
359 4.161019802093506 62.37610626220703
360 4.086883544921875 62.049320220947266
361 3.990764856338501 61.701900482177734
362 3.7875473499298096 60.93825149536133
363 3.625262498855591 60.357017517089844
364 3.521698474884033 60.063297271728516
365 3.2879574298858643 59.560672760009766
366 3.1256048679351807 59.229522705078125
367 3.039412021636963 59.07049560546875
368 2.887479782104492 58.82960891723633
369 2.5713558197021484 58.346500396728516
370 2.329313278198242 58.04157257080078
371 2.2334961891174316 57.897274017333984
372 1.9608653783798218 57.574440002441406
373 1.7835838794708252 57.40471267700195
374 1.2297362089157104 56.98989486694336
375 1.0266008377075195 56.83442306518555
376 0.8922685384750366 56.7591667175293
377 0.4641135036945343 56.560604095458984
378 0.037512313574552536 56.385826110839844
379 -0.17301921546459198 56.29383850097656
380 -0.4131712019443512 56.2532958984375
381 -0.8901160359382629 56.24794006347656
382 -1.2279847860336304 56.266273498535156
383 -1.616999626159668 56.27846908569336
384 -2.0533840656280518 56.252140045166016
385 -2.467569589614868 56.215248107910156
386 -2.99819278717041 56.124267578125
387 -3.213027000427246 56.049198150634766
388 -3.39508056640625 55.96498489379883
389 -3.638834238052368 55.8636360168457
390 -3.8941750526428223 55.78420639038086
391 -4.546465873718262 55.55265808105469
392 -4.941649436950684 55.429344177246094
393 -5.335119247436523 55.32599639892578
394 -5.597706317901611 55.30646514892578
395 -6.409536838531494 55.279937744140625
396 -6.755783557891846 55.263553619384766
397 -7.146421432495117 55.25858688354492
398 -7.450348377227783 55.2758903503418
399 -7.933462619781494 55.345680236816406
400 -8.508780479431152 55.44925308227539
401 -8.76227855682373 55.49966812133789
402 -9.11905288696289 55.57186508178711
403 -9.890371322631836 55.69784927368164
404 -10.471430778503418 55.776023864746094
405 -10.723624229431152 55.82599639892578
406 -10.934066772460938 55.888511657714844
407 -11.218912124633789 55.988075256347656
408 -11.300030708312988 56.021636962890625
409 -11.500797271728516 56.14973831176758
410 -11.950518608093262 56.441062927246094
411 -12.653548240661621 56.8536376953125
412 -12.841432571411133 56.95538330078125
413 -12.978699684143066 57.01546096801758
414 -13.269757270812988 57.15461730957031
415 -13.637541770935059 57.28636932373047
416 -13.887642860412598 57.336639404296875
417 -13.897146224975586 57.663414001464844
418 -13.863509178161621 58.05727005004883
419 -13.848624229431152 58.283447265625
420 -13.870745658874512 58.556663513183594
421 -13.956436157226562 58.95717239379883
422 -14.043468475341797 59.231258392333984
423 -14.155369758605957 59.52957534790039
424 -14.402570724487305 60.10596466064453
425 -14.745719909667969 60.77739715576172
426 -14.969670295715332 61.16482925415039
427 -15.220833778381348 61.56172561645508
428 -15.414644241333008 61.83943557739258
429 -15.550708770751953 62.0077018737793
430 -15.757736206054688 62.42024612426758
431 -15.864967346191406 62.98263168334961
432 -15.852802276611328 63.37693786621094
433 -15.803473472595215 63.722408294677734
434 -15.852336883544922 63.9379768371582
435 -16.05902862548828 64.04487609863281
436 -16.740909576416016 64.24610137939453
437 -17.074892044067383 64.41453552246094
438 -17.412853240966797 64.54962921142578
439 -17.726896286010742 64.55162811279297
440 -17.928237915039062 64.42864227294922
441 -18.410703659057617 63.83761978149414
442 -18.57991600036621 63.562278747558594
443 -18.714618682861328 63.18909454345703
444 -18.709836959838867 62.95285415649414
445 -18.721006393432617 62.621620178222656
446 -18.79591941833496 61.9110107421875
447 -18.914058685302734 61.67677688598633
448 -19.14543342590332 61.45500183105469
449 -19.43100357055664 61.17721176147461
450 -19.58999252319336 60.934898376464844
451 -19.846126556396484 60.22991943359375
452 -19.941577911376953 59.94957733154297
453 -19.923418045043945 59.74057388305664
454 -19.81262969970703 59.444522857666016
455 -19.619962692260742 59.07562255859375
456 -19.473424911499023 58.86109161376953
457 -19.23653221130371 58.47832489013672
458 -19.056852340698242 58.1868782043457
459 -18.893890380859375 57.88172149658203
460 -18.758583068847656 57.6158447265625
461 -18.625789642333984 57.293121337890625
462 -18.520572662353516 56.872562408447266
463 -18.471494674682617 56.27614974975586
464 -18.490266799926758 56.004093170166016
465 -18.543174743652344 55.699459075927734
466 -18.71897315979004 55.491004943847656
467 -18.9401912689209 55.29222106933594
468 -19.085407257080078 55.16438293457031
469 -19.507787704467773 54.6982536315918
470 -19.77824592590332 54.340057373046875
471 -20.025428771972656 53.987152099609375
472 -20.202037811279297 53.610477447509766
473 -20.332496643066406 53.2774543762207
474 -20.42892837524414 52.869361877441406
475 -20.497507095336914 52.43266296386719
476 -20.51740264892578 52.193355560302734
477 -20.48882484436035 51.89754104614258
478 -20.36565399169922 51.58458709716797
479 -20.22161865234375 51.374019622802734
480 -20.07479476928711 51.23581314086914
481 -19.91403579711914 51.08985137939453
482 -9.022269248962402 61.510711669921875
483 -8.80746841430664 61.59144973754883
484 -8.690321922302246 61.609439849853516
485 -8.560502052307129 61.601905822753906
486 -8.163548469543457 61.52168655395508
487 -7.690719127655029 61.43351364135742
488 -7.235251426696777 61.3637580871582
489 -6.8939104080200195 61.32749557495117
490 -6.41003942489624 61.348533630371094
491 -5.983541488647461 61.46278381347656
492 -5.818951606750488 61.55685806274414
493 -5.594307899475098 61.7050895690918
494 -5.3817853927612305 61.94760513305664
495 -5.13961935043335 62.21479415893555
496 -4.98421049118042 62.36936569213867
497 -4.740075588226318 62.554176330566406
498 -4.495835781097412 62.73957443237305
499 -4.218024730682373 62.946510314941406
500 -4.109601020812988 63.04549789428711
501 -3.9645845890045166 63.21647262573242
502 -3.7884140014648438 63.56414794921875
503 -3.6651551723480225 63.77729415893555
504 -3.5664024353027344 64.05156707763672
505 -3.453422784805298 64.49359893798828
506 -3.3531713485717773 64.90715789794922
507 -3.26485538482666 65.28229522705078
508 -3.271726608276367 65.61377716064453
509 -3.36051869392395 65.88249206542969
510 -3.5406763553619385 66.26954650878906
511 -3.767913579940796 66.78157806396484
512 -3.865097761154175 67.08917999267578
513 -3.9109086990356445 67.27479553222656
514 -3.961263418197632 67.54180908203125
515 -3.962188720703125 67.77105712890625
516 -2.702495574951172 77.4566879272461
517 -2.741518497467041 77.76174926757812
518 -2.7925326824188232 78.19376373291016
519 -2.8335981369018555 78.44684600830078
520 -2.8577702045440674 78.57958221435547
521 -2.9328298568725586 78.87139129638672
522 -2.994019031524658 79.08352661132812
523 -3.1346817016601562 79.4317855834961
524 -3.350996494293213 79.9779052734375
525 -3.4687206745147705 80.30951690673828
526 -3.6750733852386475 80.92442321777344
527 -3.8427014350891113 81.45462799072266
528 -3.9260082244873047 81.69824981689453
529 -4.031371116638184 82.01551818847656
530 -4.126519680023193 82.31462860107422
531 -4.206019878387451 82.56254577636719
532 -4.338420867919922 82.86522674560547
533 -4.49441385269165 83.15729522705078
534 -4.71457576751709 83.33554077148438
535 -4.8303914070129395 83.43122100830078
536 -5.092909812927246 83.64779663085938
537 -5.405246734619141 83.90019989013672
538 -5.654788017272949 84.14715576171875
539 -5.981435298919678 84.44284057617188
540 -6.240961074829102 84.65384674072266
541 -6.505308628082275 84.86487579345703
542 -6.753651142120361 85.0960464477539
543 -7.097938537597656 85.47943115234375
544 -7.205527305603027 85.5814208984375
545 -7.400379657745361 85.53166198730469
546 -8.01123332977295 85.16703033447266
547 -8.343375205993652 85.05262756347656
548 -8.669780731201172 84.95606231689453
549 -8.966767311096191 84.88187408447266
550 -9.141491889953613 84.80111694335938
551 -9.28878402709961 84.715087890625
552 -9.589020729064941 84.49928283691406
553 -9.928295135498047 84.27848815917969
554 -10.201396942138672 84.09510803222656
555 -10.407073974609375 83.94140625
556 -10.617851257324219 83.7773208618164
557 -11.058084487915039 83.48949432373047
558 -11.43718147277832 83.27066802978516
559 -11.783071517944336 83.0885009765625
560 -11.889886856079102 83.0265121459961
561 -11.995841979980469 82.96125030517578
562 -12.267822265625 82.78401947021484
563 -12.820398330688477 82.39437866210938
564 -13.051287651062012 82.1980209350586
565 -13.407051086425781 81.87641906738281
566 -13.593544006347656 81.75507354736328
567 -13.826414108276367 81.72911834716797
568 -14.195188522338867 81.79678344726562
569 -14.63029956817627 81.79045104980469
570 -14.996857643127441 81.73373413085938
571 -15.176274299621582 81.6885986328125
572 -15.34636116027832 81.6385269165039
573 -15.807835578918457 81.4754638671875
574 -16.559858322143555 81.2400131225586
575 -16.995067596435547 81.12387084960938
576 -17.352863311767578 81.03876495361328
577 -17.90212631225586 80.8734359741211
578 -18.185495376586914 80.7461929321289
579 -18.495647430419922 80.55958557128906
580 -18.715028762817383 80.39167022705078
581 -18.933317184448242 80.22014617919922
582 -19.25558853149414 79.96235656738281
583 -19.55103874206543 79.70991516113281
584 -19.78407096862793 79.54014587402344
585 -19.99617576599121 79.36897277832031
586 -20.366987228393555 79.01293182373047
587 -20.6466064453125 78.73977661132812
588 -20.771759033203125 78.62467193603516
589 -21.00768280029297 78.40628051757812
590 -21.558963775634766 77.91191101074219
591 -21.987621307373047 77.53083038330078
592 -22.301738739013672 77.25254821777344
593 -22.576274871826172 77.02432250976562
594 -22.93370819091797 76.74284362792969
595 -23.31671142578125 76.42160034179688
596 -23.601430892944336 76.17745971679688
597 -23.851234436035156 75.95536804199219
598 -24.2680721282959 75.5742416381836
599 -24.66636848449707 75.21026611328125
600 -24.919042587280273 74.9850845336914
601 -25.224761962890625 74.71810150146484
602 -25.449535369873047 74.49606323242188
603 -25.718246459960938 74.22404479980469
604 -25.911468505859375 74.0107650756836
605 -26.101593017578125 73.79360961914062
606 -26.362459182739258 73.46214294433594
607 -26.528200149536133 73.25067901611328
608 -26.654150009155273 73.09629821777344
609 -27.187328338623047 72.54522705078125
610 -27.470186233520508 72.27330017089844
611 -27.736705780029297 71.90174865722656
612 -28.002273559570312 71.49055480957031
613 -28.177465438842773 71.20800018310547
614 -28.523571014404297 70.8046646118164
615 -28.796186447143555 70.57067108154297
616 -29.166770935058594 70.2771987915039
617 -29.559490203857422 69.99705505371094
618 -29.760698318481445 69.86090087890625
619 -29.996999740600586 69.68868255615234
620 -30.567188262939453 69.30590057373047
621 -31.132869720458984 68.95706939697266
622 -31.655323028564453 68.58145141601562
623 -31.99202537536621 68.34432220458984
624 -32.290653228759766 68.15235137939453
625 -32.627994537353516 67.96747589111328
626 -32.91633605957031 67.89820098876953
627 -33.683353424072266 67.7593765258789
628 -34.043819427490234 67.69996643066406
629 -34.287208557128906 67.67720031738281
630 -34.53287887573242 67.67912292480469
631 -34.79352569580078 67.69800567626953
632 -35.20942306518555 67.75262451171875
633 -35.70088577270508 67.86085510253906
634 -35.9719352722168 67.9505615234375
635 -36.26655960083008 68.07463836669922
636 -36.677024841308594 68.2509765625
637 -37.08695602416992 68.41354370117188
638 -37.44918441772461 68.54081726074219
639 -37.673805236816406 68.61846923828125
640 -38.453392028808594 68.85868835449219
641 -39.242645263671875 69.06690216064453
642 -39.551143646240234 69.15174102783203
643 -39.83002471923828 69.2249526977539
644 -40.20112228393555 69.32775115966797
645 -40.60177230834961 69.43881225585938
646 -40.771480560302734 69.48674774169922
647 -40.96841049194336 69.5487289428711
648 -41.24393844604492 69.66520690917969
649 -41.775474548339844 69.8983383178711
650 -42.24576950073242 70.13882446289062
651 -42.436012268066406 70.26580047607422
652 -42.71212387084961 70.47655487060547
653 -43.37705612182617 70.91387939453125
654 -43.71179962158203 71.12605285644531
655 -43.95127868652344 71.26844024658203
656 -44.27409362792969 71.484375
657 -44.50251770019531 71.62140655517578
658 -44.753902435302734 71.802490234375
659 -45.10341262817383 72.08458709716797
660 -45.549591064453125 72.50248718261719
661 -45.79191970825195 72.77766418457031
662 -45.92019271850586 72.92852783203125
663 -46.04209518432617 73.16107940673828
664 -46.20292663574219 73.47715759277344
665 -46.393558502197266 73.83722686767578
666 -46.55356216430664 74.10965728759766
667 -46.708763122558594 74.38755798339844
668 -46.86307144165039 74.68193817138672
669 -47.32942199707031 75.59886932373047
670 -47.45628356933594 75.85200500488281
671 -47.68187713623047 76.31884765625
672 -47.89018630981445 76.8046646118164
673 -47.99422836303711 77.12096405029297
674 -48.05649185180664 77.4661865234375
675 -48.042720794677734 78.01728057861328
676 -47.98474884033203 78.25962829589844
677 -47.919036865234375 78.49700164794922
678 -47.84438705444336 78.84983825683594
679 -47.76537322998047 79.33607482910156
680 -47.75732421875 79.61026000976562
681 -47.90046310424805 79.90863800048828
682 -48.27830123901367 80.3309097290039
683 -48.729248046875 80.67938995361328
684 -49.08451843261719 80.9319076538086
685 -49.29518127441406 81.04632568359375
686 -49.42320251464844 81.04779052734375
687 -49.700401306152344 81.03893280029297
688 -50.10150909423828 80.91439819335938
689 -50.39726638793945 80.88361358642578
690 -50.92673873901367 80.8513412475586
691 -51.244503021240234 80.9178695678711
692 -51.4049186706543 81.02276611328125
693 -51.611019134521484 81.2459716796875
694 -51.92383575439453 81.62772369384766
695 -52.255985260009766 81.97494506835938
696 -52.59749984741211 82.35630798339844
697 -52.85871505737305 82.69247436523438
698 -53.12859344482422 82.9951171875
699 -53.43267059326172 83.41297149658203
700 -53.64651107788086 83.711669921875
701 -53.880332946777344 83.9643325805664
702 -54.15838623046875 84.2303237915039
703 -54.29033660888672 84.34846496582031
704 -54.42382049560547 84.55364227294922
705 -54.54585647583008 84.781494140625
706 -54.70142364501953 85.1098403930664
707 -54.8811149597168 85.507080078125
708 -54.954463958740234 85.91663360595703
709 -54.86654281616211 86.12901306152344
710 -54.650936126708984 86.37899017333984
711 -54.4254150390625 86.64761352539062
712 -54.217647552490234 86.82292938232422
713 -53.73847198486328 87.24500274658203
714 -53.359214782714844 87.43072509765625
715 -52.949466705322266 87.51705932617188
716 -52.610103607177734 87.60303497314453
717 -52.0193977355957 87.77201843261719
718 -51.72347640991211 87.84125518798828
719 -51.321006774902344 87.97254180908203
720 -51.02307891845703 88.00787353515625
721 -50.870323181152344 87.94302368164062
722 -50.5465202331543 87.8650894165039
723 -50.05415344238281 87.7584457397461
724 -49.73917007446289 87.68695831298828
725 -49.5581169128418 87.6316146850586
726 -49.395259857177734 87.57695770263672
727 -48.90209197998047 87.42401885986328
728 -48.30214309692383 87.27333068847656
729 -48.06170654296875 87.21906280517578
730 -47.61177444458008 87.1958999633789
731 -47.31867218017578 87.16659545898438
732 -47.00116729736328 87.1192626953125
733 -46.76076889038086 87.20991516113281
734 -46.286739349365234 87.46800994873047
735 -46.128509521484375 87.78397369384766
736 -46.02915573120117 87.9886703491211
737 -45.9879150390625 88.32151794433594
738 -46.045352935791016 88.72525787353516
739 -46.08110427856445 89.26013946533203
740 -46.08852767944336 89.6120376586914
741 -46.0651969909668 89.89781951904297
742 -46.0168571472168 90.29048156738281
743 -45.958072662353516 90.62203979492188
744 -45.91048049926758 90.85344696044922
745 -45.88117980957031 91.02368927001953
746 -45.885292053222656 91.39703369140625
747 -45.932151794433594 91.65970611572266
748 -46.052703857421875 91.96109008789062
749 -46.2228889465332 92.34088134765625
750 -46.338809967041016 92.57322692871094
751 -46.50978469848633 92.96298217773438
752 -46.79851531982422 93.53211212158203
753 -47.05856704711914 93.98925018310547
754 -47.227909088134766 94.26155090332031
755 -47.4569091796875 94.44633483886719
756 -48.216312408447266 94.75724029541016
757 -48.39647674560547 94.89168548583984
758 -48.64280700683594 95.355712890625
759 -48.70390701293945 95.6703872680664
760 -48.70954132080078 95.82813262939453
761 -48.55500793457031 96.05307006835938
762 -48.131019592285156 96.7463150024414
763 -47.94297409057617 97.096435546875
764 -47.793861389160156 97.43531799316406
765 -47.64250946044922 97.83879852294922
766 -47.40635299682617 98.3279800415039
767 -47.164710998535156 98.59781646728516
768 -46.70530700683594 98.7502670288086
769 -46.43607711791992 98.78702545166016
770 -46.202850341796875 98.74971008300781
771 -45.668113708496094 98.55441284179688
772 -45.04096603393555 98.30326843261719
773 -44.869441986083984 98.25154876708984
774 -44.618995666503906 98.17121124267578
775 -44.09013366699219 98.0853042602539
776 -43.67872619628906 98.01217651367188
777 -43.2011604309082 98.00232696533203
778 -43.05735397338867 98.02613830566406
779 -42.859092712402344 98.16655731201172
780 -42.573482513427734 98.40251922607422
781 -42.11376953125 98.70439910888672
782 -41.66465759277344 98.9058837890625
783 -41.42953872680664 98.98176574707031
784 -41.21916961669922 99.05154418945312
785 -40.8254508972168 99.15221405029297
786 -40.19340515136719 99.34044647216797
787 -39.97766876220703 99.38818359375
788 -39.637046813964844 99.4450912475586
789 -39.05968475341797 99.4300537109375
790 -38.526180267333984 99.38064575195312
791 -38.20536422729492 99.31417846679688
792 -37.97603988647461 99.26551818847656
793 -37.80866622924805 99.22612762451172
794 -37.49166488647461 99.14385223388672
795 -37.157623291015625 99.07910919189453
796 -36.74136734008789 99.01704406738281
797 -36.358482360839844 98.96546936035156
798 -35.83115768432617 98.883056640625
799 -35.623836517333984 98.83639526367188
800 -35.417293548583984 98.66543579101562
801 -35.0880126953125 98.36998748779297
802 -34.75129318237305 98.09075927734375
803 -34.618324279785156 97.97286224365234
804 -34.224693298339844 97.72342681884766
805 -33.79985809326172 97.44645690917969
806 -33.39244079589844 97.17544555664062
807 -33.04169845581055 96.94075012207031
808 -32.774559020996094 96.75638580322266
809 -32.53254318237305 96.56794738769531
810 -32.20460891723633 96.36854553222656
811 -31.824665069580078 96.23875427246094
812 -31.55062484741211 96.15740203857422
813 -31.13730239868164 96.20054626464844
814 -30.638248443603516 96.25330352783203
815 -30.474407196044922 96.32154083251953
816 -30.087425231933594 96.55905151367188
817 -29.791662216186523 96.77362823486328
818 -29.709030151367188 96.99890899658203
819 -29.70612907409668 97.31661987304688
820 -29.749601364135742 97.71684265136719
821 -29.77141571044922 98.00996398925781
822 -29.758190155029297 98.3369369506836
823 -29.687665939331055 98.73633575439453
824 -29.548259735107422 99.14154815673828
825 -29.299659729003906 99.67791748046875
826 -29.11546516418457 100.03108978271484
827 -28.897104263305664 100.38581848144531
828 -28.562009811401367 100.90352630615234
829 -28.358190536499023 101.20133209228516
830 -28.063278198242188 101.59741973876953
831 -27.847299575805664 101.85770416259766
832 -27.597917556762695 102.11790466308594
833 -27.255369186401367 102.45637512207031
834 -26.97270393371582 102.68025970458984
835 -26.556486129760742 102.98870086669922
836 -26.230010986328125 103.23519134521484
837 -25.890914916992188 103.45946502685547
838 -25.639827728271484 103.63238525390625
839 -25.311782836914062 103.86062622070312
840 -24.86876106262207 104.12672424316406
841 -24.536502838134766 104.31315612792969
842 -24.37069320678711 104.39348602294922
843 -24.18866729736328 104.444580078125
844 -23.962827682495117 104.4336166381836
845 -23.425344467163086 104.44621276855469
846 -23.049175262451172 104.48316955566406
847 -22.804563522338867 104.48207092285156
848 -22.407062530517578 104.39653015136719
849 -22.081645965576172 104.27503967285156
850 -21.865192413330078 104.13047790527344
851 -21.71263885498047 104.04570770263672
852 -21.24323272705078 103.5966567993164
853 -21.024293899536133 103.33827209472656
854 -20.878963470458984 103.13159942626953
855 -20.702869415283203 102.81916046142578
856 -20.63306427001953 102.66217041015625
857 -20.42557144165039 102.31975555419922
858 -20.202608108520508 101.93965148925781
859 -20.004688262939453 101.53050994873047
860 -19.781084060668945 101.10107421875
861 -19.61326026916504 100.80838012695312
862 -19.28505516052246 100.28872680664062
863 -19.15345001220703 100.11665344238281
864 -18.939870834350586 99.83738708496094
865 -18.63226318359375 99.35726928710938
866 -18.522798538208008 99.04602813720703
867 -18.42879867553711 98.64759063720703
868 -18.349834442138672 98.31747436523438
869 -18.27130699157715 97.9770736694336
870 -18.218381881713867 97.66295623779297
871 -18.160749435424805 97.2822036743164
872 -18.054534912109375 96.29557037353516
873 -18.062192916870117 96.07466125488281
874 -18.144533157348633 95.95877838134766
875 -18.406757354736328 95.7867202758789
876 -19.02176284790039 95.58342742919922
877 -19.754796981811523 95.24597930908203
878 -19.999954223632812 95.0550308227539
879 -20.314254760742188 94.87549591064453
880 -20.73673439025879 94.67616271972656
881 -20.9599552154541 94.54547882080078
882 -21.18821144104004 94.26496124267578
883 -21.408748626708984 93.98826599121094
884 -21.698192596435547 93.47917938232422
885 -21.803815841674805 93.183837890625
886 -21.779081344604492 92.98883819580078
887 -21.61490821838379 92.67054748535156
888 -21.34064292907715 92.2402114868164
889 -21.04111099243164 91.4566650390625
890 -21.007551193237305 91.24308776855469
891 -20.945213317871094 91.1805419921875
892 -20.722309112548828 90.89248657226562
893 -20.581445693969727 90.6454849243164
894 -20.42177963256836 90.40508270263672
895 -19.93643569946289 89.65997314453125
896 -19.736352920532227 89.364501953125
897 -19.760988235473633 89.13372802734375
898 -20.04877471923828 88.59162139892578
899 -20.18540382385254 88.29325866699219
900 -20.304044723510742 88.01303100585938
901 -20.416837692260742 87.70606231689453
902 -20.505186080932617 87.40324401855469
903 -20.80640983581543 86.5103988647461
904 -20.98750114440918 86.02728271484375
905 -21.07942771911621 85.67314910888672
906 -21.174985885620117 85.35440063476562
907 -21.369277954101562 85.08968353271484
908 -21.6015625 84.83702850341797
909 -21.77237892150879 84.4826431274414
910 -21.933191299438477 84.37052154541016
911 -22.222383499145508 84.51429748535156
912 -22.891250610351562 84.7634048461914
913 -23.234283447265625 84.90747833251953
914 -23.38787269592285 85.0003662109375
915 -23.66695213317871 84.93905639648438
916 -24.029081344604492 84.7383804321289
917 -24.534259796142578 84.4962158203125
918 -24.819351196289062 84.339599609375
919 -24.991796493530273 84.1891098022461
920 -25.192628860473633 83.96834564208984
921 -25.54029655456543 83.57256317138672
922 -25.792089462280273 83.28242492675781
923 -26.00604820251465 83.12251281738281
924 -26.462602615356445 82.81550598144531
925 -26.787059783935547 82.60071563720703
926 -27.118408203125 82.39876556396484
927 -27.677709579467773 82.17730712890625
928 -27.997068405151367 82.14104461669922
929 -28.19236946105957 82.2155532836914
930 -28.44707489013672 82.38336181640625
931 -28.867454528808594 82.78791809082031
932 -29.769338607788086 83.62753295898438
933 -30.00181007385254 83.86922454833984
934 -30.29286766052246 84.13743591308594
935 -30.539642333984375 84.37525177001953
936 -30.732728958129883 84.59870910644531
937 -30.858766555786133 84.75144958496094
938 -30.939899444580078 84.93080139160156
939 -31.024595260620117 85.16079711914062
940 -31.18429946899414 85.461181640625
941 -31.345109939575195 85.78487396240234
942 -31.56756591796875 86.0587158203125
943 -31.884994506835938 86.32210540771484
944 -32.090755462646484 86.44136810302734
945 -32.32400894165039 86.56005096435547
946 -32.46732711791992 86.6265640258789
947 -32.898841857910156 86.84559631347656
948 -33.063724517822266 86.9219741821289
949 -33.75223922729492 87.14830780029297
950 -34.03017807006836 87.26191711425781
951 -34.42979049682617 87.44715118408203
952 -34.701133728027344 87.60045623779297
953 -34.950687408447266 87.71270751953125
954 -35.388206481933594 87.86710357666016
955 -35.79653549194336 88.0108413696289
956 -35.929447174072266 88.00318908691406
957 -36.078121185302734 87.88899993896484
958 -36.183189392089844 87.65091705322266
959 -36.32502365112305 87.31648254394531
960 -36.663063049316406 86.84263610839844
961 -36.787315368652344 86.3354721069336
962 -36.987030029296875 85.63996887207031
963 -37.061317443847656 85.44091796875
964 -37.14533615112305 85.2693862915039
965 -37.25813293457031 85.05179595947266
966 -37.427635192871094 84.7376480102539
967 -37.58079147338867 84.46853637695312
968 -37.76038360595703 84.20140075683594
969 -37.895484924316406 84.14115142822266
970 -38.235130310058594 83.90155029296875
971 -38.431739807128906 83.77180480957031
972 -38.68474578857422 83.6418685913086
973 -38.836280822753906 83.37220001220703
974 -39.103515625 82.74893188476562
975 -39.43873977661133 82.14102935791016
976 -39.55543899536133 81.98029327392578
977 -39.64434051513672 81.89064025878906
978 -39.80455780029297 81.64448547363281
979 -39.87112045288086 81.38565063476562
980 -39.914573669433594 81.20825958251953
981 -39.82917404174805 80.98332214355469
982 -39.70920944213867 80.6211166381836
983 -39.56079864501953 80.23265075683594
984 -39.269527435302734 79.72174072265625
985 -39.009033203125 79.48857116699219
986 -38.55694580078125 79.2333755493164
987 -38.22273635864258 79.09996032714844
988 -37.9260139465332 79.12805938720703
989 -37.766517639160156 79.1410903930664
990 -37.56853103637695 79.12129974365234
991 -37.199676513671875 79.06688690185547
992 -36.929161071777344 79.031494140625
993 -36.715030670166016 78.96110534667969
994 -36.5035514831543 78.87328338623047
995 -36.15584182739258 78.67692565917969
996 -35.97587585449219 78.539794921875
997 -35.759002685546875 78.35302734375
998 -35.66633987426758 78.26642608642578
999 -35.60775375366211 78.2193832397461
