0 -59.48923110961914 -56.22069549560547
1 -59.492618560791016 -56.307186126708984
2 -59.473323822021484 -56.4320182800293
3 -59.42426681518555 -56.664493560791016
4 -59.35563659667969 -56.978023529052734
5 -59.29164505004883 -57.42302322387695
6 -59.281490325927734 -57.95934295654297
7 -59.30845260620117 -58.35676193237305
8 -59.38970947265625 -58.94337844848633
9 -59.338138580322266 -59.15143966674805
10 -59.324764251708984 -59.41027069091797
11 -59.280513763427734 -59.58939743041992
12 -59.108802795410156 -59.72518539428711
13 -58.80067825317383 -59.7429084777832
14 -58.48704147338867 -59.751033782958984
15 -58.07054901123047 -59.70835494995117
16 -47.55071258544922 -53.47050094604492
17 -47.190162658691406 -53.359039306640625
18 -46.902156829833984 -53.312191009521484
19 -46.554996490478516 -53.370811462402344
20 -45.8175163269043 -53.63094711303711
21 -45.530399322509766 -53.7297248840332
22 -45.33988952636719 -53.71516799926758
23 -45.04391860961914 -53.680564880371094
24 -44.800594329833984 -53.66401672363281
25 -44.50679016113281 -53.36714172363281
26 -44.23405075073242 -53.09565734863281
27 -44.0335807800293 -52.78484344482422
28 -43.6292724609375 -52.388587951660156
29 -43.45406723022461 -52.128509521484375
30 -43.293479919433594 -51.862449645996094
31 -43.36597442626953 -51.61173629760742
32 -43.46432113647461 -51.337730407714844
33 -43.55100631713867 -51.196128845214844
34 -43.77775955200195 -50.989173889160156
35 -43.89405059814453 -50.87757110595703
36 -49.77857971191406 -43.00904846191406
37 -49.837730407714844 -42.84852600097656
38 -49.85341262817383 -42.61825942993164
39 -49.851531982421875 -42.10160446166992
40 -49.82902526855469 -41.595340728759766
41 -49.882293701171875 -41.43852233886719
42 -50.18450927734375 -41.227195739746094
43 -50.68114471435547 -40.93783187866211
44 -50.704864501953125 -40.83361053466797
45 -50.69523239135742 -40.61003875732422
46 -50.65909957885742 -40.18767547607422
47 -50.57249069213867 -39.94549560546875
48 -50.39124298095703 -39.768096923828125
49 -50.123268127441406 -39.636539459228516
50 -49.93923568725586 -39.521175384521484
51 -49.66188430786133 -39.3072509765625
52 -49.592342376708984 -38.98802185058594
53 -49.72279739379883 -38.66354751586914
54 -50.13095474243164 -38.279727935791016
55 -50.27641677856445 -38.1693229675293
56 -50.52123260498047 -37.973724365234375
57 -50.74276351928711 -37.76188278198242
58 -50.89490509033203 -37.702613830566406
59 -51.42688751220703 -37.64093017578125
60 -51.81636047363281 -37.56757354736328
61 -52.117923736572266 -37.34303283691406
62 -52.22957992553711 -37.105316162109375
63 -52.211578369140625 -36.835289001464844
64 -52.10756301879883 -36.42159652709961
65 -52.05469512939453 -36.116878509521484
66 -51.95876693725586 -35.893898010253906
67 -51.78132247924805 -35.8151741027832
68 -51.502506256103516 -35.7072639465332
69 -51.192378997802734 -35.562171936035156
70 -51.106040954589844 -35.37910842895508
71 -51.620399475097656 -34.43586349487305
72 -51.73521041870117 -34.12881851196289
73 -51.730716705322266 -33.57182693481445
74 -51.64692687988281 -33.1379508972168
75 -51.391265869140625 -32.62819290161133
76 -51.075828552246094 -32.20854568481445
77 -50.73359298706055 -31.750465393066406
78 -50.52513885498047 -31.76512336730957
79 -49.92350387573242 -32.07211685180664
80 -49.476016998291016 -32.446876525878906
81 -49.33420181274414 -32.63307189941406
82 -49.2395133972168 -32.83643341064453
83 -49.17313003540039 -33.12181091308594
84 -49.0946044921875 -33.51598358154297
85 -49.07310485839844 -34.00553894042969
86 -49.0780143737793 -34.370361328125
87 -49.0716667175293 -34.651248931884766
88 -49.04696273803711 -34.86968994140625
89 -48.9306755065918 -35.05738830566406
90 -48.731956481933594 -35.17164611816406
91 -48.57060241699219 -35.342220306396484
92 -30.977285385131836 -43.87082290649414
93 -30.910160064697266 -43.811153411865234
94 -30.705509185791016 -43.66059494018555
95 -30.640363693237305 -43.591495513916016
96 -30.50441551208496 -43.15304946899414
97 -30.42682456970215 -42.808868408203125
98 -30.401592254638672 -42.638118743896484
99 -30.543384552001953 -42.289031982421875
100 -30.584808349609375 -42.11613845825195
101 -30.345794677734375 -41.71035385131836
102 -30.121206283569336 -41.35244369506836
103 -29.952085494995117 -41.12340545654297
104 -29.83163070678711 -40.871429443359375
105 -29.60742950439453 -40.43477249145508
106 -29.446924209594727 -40.183082580566406
107 -29.349918365478516 -39.83538818359375
108 -29.3110294342041 -39.602561950683594
109 -29.386953353881836 -39.20167922973633
110 -29.398820877075195 -38.93402862548828
111 -29.440439224243164 -38.526885986328125
112 -29.56816864013672 -38.202274322509766
113 -29.736379623413086 -38.0250244140625
114 -30.000490188598633 -37.876930236816406
115 -30.387802124023438 -37.76930618286133
116 -30.743854522705078 -37.67434310913086
117 -38.562191009521484 -36.19359588623047
118 -38.838836669921875 -36.10421371459961
119 -38.97848129272461 -35.9716682434082
120 -39.09246063232422 -35.87754821777344
121 -39.4881591796875 -36.031986236572266
122 -39.798343658447266 -36.266510009765625
123 -39.8643798828125 -36.499263763427734
124 -39.96622848510742 -36.81046676635742
125 -39.960777282714844 -37.03277587890625
126 -39.90047836303711 -37.426124572753906
127 -39.76665496826172 -37.93381118774414
128 -39.64719772338867 -38.284786224365234
129 -39.5939826965332 -38.49155044555664
130 -39.667442321777344 -38.64360809326172
131 -45.67910385131836 -48.22951126098633
132 -45.69447326660156 -48.41147994995117
133 -45.66852569580078 -48.61240768432617
134 -45.662506103515625 -48.795833587646484
135 -45.59542465209961 -49.20158767700195
136 -45.5546989440918 -49.463706970214844
137 -45.45572280883789 -50.10662078857422
138 -45.472904205322266 -50.39775848388672
139 -45.59943771362305 -50.69125747680664
140 -45.73876953125 -50.9638786315918
141 -45.912445068359375 -51.14656066894531
142 -46.173072814941406 -51.08113479614258
143 -46.489051818847656 -50.86372756958008
144 -46.6712646484375 -50.63461685180664
145 -46.80034255981445 -50.4149169921875
146 -51.739871978759766 -43.46809005737305
147 -51.95418167114258 -43.32925033569336
148 -52.0872802734375 -43.24803924560547
149 -52.22572326660156 -43.276004791259766
150 -52.73176193237305 -43.45148468017578
151 -52.96543502807617 -43.48299789428711
152 -53.32061004638672 -43.462303161621094
153 -53.98133850097656 -43.49312210083008
154 -54.31896209716797 -43.53863525390625
155 -54.678009033203125 -43.68452453613281
156 -55.0201301574707 -43.8446044921875
157 -55.64434814453125 -44.1298942565918
158 -55.89127731323242 -44.26237869262695
159 -55.918487548828125 -44.39491653442383
160 -55.91261672973633 -44.636051177978516
161 -55.72758865356445 -45.0406608581543
162 -55.46331024169922 -45.23686599731445
163 -55.25850296020508 -45.290958404541016
164 -55.09002685546875 -45.31837463378906
165 -36.27762985229492 -40.36207580566406
166 -36.077327728271484 -40.051231384277344
167 -35.9462776184082 -39.77888870239258
168 -35.884769439697266 -39.42740249633789
169 -35.90974807739258 -39.178749084472656
170 -36.06321716308594 -38.94068145751953
171 -36.33968734741211 -38.6988639831543
172 -36.61406326293945 -38.51738739013672
173 -36.949344635009766 -38.52936553955078
174 -37.22687530517578 -38.6999626159668
175 -37.523929595947266 -38.79608917236328
176 -37.842674255371094 -38.80586242675781
177 -38.00725555419922 -38.82364273071289
178 -38.27414321899414 -38.931922912597656
179 -58.458168029785156 -43.471763610839844
180 -58.762420654296875 -43.72307586669922
181 -58.90334701538086 -43.86846923828125
182 -58.97780990600586 -44.11349105834961
183 -59.10771179199219 -44.7737922668457
184 -59.12732696533203 -45.0412712097168
185 -59.0860710144043 -45.17069625854492
186 -59.00196075439453 -45.366458892822266
187 -48.30229949951172 -51.951175689697266
188 -48.211395263671875 -51.97208786010742
189 -30.449129104614258 -49.11659622192383
190 -30.222522735595703 -49.12916946411133
191 -29.92096710205078 -49.10581970214844
192 -29.67104148864746 -49.101314544677734
193 -29.41398811340332 -49.13669204711914
194 -29.06662940979004 -49.25896072387695
195 -28.8287296295166 -49.39444351196289
196 -28.650941848754883 -49.52696990966797
197 -28.483919143676758 -49.68259048461914
198 -28.318025588989258 -49.7905158996582
199 -28.00122833251953 -49.93201446533203
200 -27.580202102661133 -50.02915573120117
201 -26.98484992980957 -50.18692398071289
202 -26.61687469482422 -50.225440979003906
203 -26.25542640686035 -50.18257522583008
204 -26.12281608581543 -50.05119323730469
205 -26.05614471435547 -49.8701057434082
206 -25.93699073791504 -49.5997428894043
207 -25.790224075317383 -49.133995056152344
208 -25.842470169067383 -48.7629508972168
209 -25.93626594543457 -48.3927001953125
210 -25.986841201782227 -48.039005279541016
211 -26.078683853149414 -47.83072280883789
212 -26.295875549316406 -47.415504455566406
213 -26.31072998046875 -47.12458801269531
214 -26.21070098876953 -46.58707046508789
215 -26.091228485107422 -45.80091857910156
216 -25.94269561767578 -45.12007141113281
217 -25.730392456054688 -44.528289794921875
218 -25.68107032775879 -44.289085388183594
219 -25.827247619628906 -44.18461608886719
220 -26.131549835205078 -44.03883743286133
221 -26.579431533813477 -44.013248443603516
222 -26.799755096435547 -44.03227996826172
223 -27.32636260986328 -44.053123474121094
224 -27.5730037689209 -44.06344223022461
225 -27.75850486755371 -44.03077697753906
226 -50.96108627319336 -45.70281982421875
227 -51.19587326049805 -45.81370162963867
228 -51.41114044189453 -45.85600662231445
229 -51.731990814208984 -46.014076232910156
230 -52.19031524658203 -46.24836730957031
231 -52.41947937011719 -46.3034553527832
232 -52.594688415527344 -46.50706481933594
233 -52.65657043457031 -46.62342834472656
234 -52.712554931640625 -46.90958786010742
235 -52.73126983642578 -47.105865478515625
236 -52.76799011230469 -47.29644775390625
237 -52.58012771606445 -47.84281921386719
238 -52.49531936645508 -48.12106704711914
239 -52.27568054199219 -48.36933898925781
240 -52.123226165771484 -48.496971130371094
241 -51.81218719482422 -48.773807525634766
242 -51.6594352722168 -49.08875274658203
243 -51.640602111816406 -49.297882080078125
244 -51.678401947021484 -49.58887481689453
245 -51.820796966552734 -49.9706916809082
246 -52.145084381103516 -50.254207611083984
247 -52.481956481933594 -50.42597961425781
248 -52.85405349731445 -50.53895950317383
249 -53.270835876464844 -50.64100646972656
250 -53.651363372802734 -50.856903076171875
251 -53.992862701416016 -51.01700973510742
252 -54.189674377441406 -51.04209899902344
253 -54.382843017578125 -51.02491760253906
254 -54.728858947753906 -50.917911529541016
255 -55.161075592041016 -50.58919143676758
256 -55.405391693115234 -50.30826950073242
257 -55.571529388427734 -50.18206787109375
258 -55.712440490722656 -50.10429382324219
259 -55.96921920776367 -50.043006896972656
260 -56.357948303222656 -49.94164276123047
261 -57.23493194580078 -49.68381881713867
262 -57.43840408325195 -49.644309997558594
263 -57.90483093261719 -49.548152923583984
264 -58.143348693847656 -49.50729751586914
265 -58.43232345581055 -49.51990509033203
266 -58.81163024902344 -49.56106948852539
267 -58.90341567993164 -49.74171829223633
268 -59.07230758666992 -50.33758544921875
269 -59.081947326660156 -50.77467346191406
270 -58.979488372802734 -51.11851119995117
271 -58.81007766723633 -51.463226318359375
272 -58.56773376464844 -51.749881744384766
273 -58.186195373535156 -52.02692794799805
274 -57.97941207885742 -52.1578483581543
275 -57.833641052246094 -52.39942169189453
276 -57.72687911987305 -52.66535568237305
277 -57.598838806152344 -53.060298919677734
278 -57.486881256103516 -53.251502990722656
279 -57.29899215698242 -53.46978759765625
280 -57.13500213623047 -53.549678802490234
281 -56.90345764160156 -53.59357452392578
282 -56.37982177734375 -53.724037170410156
283 -56.2110710144043 -53.98265075683594
284 -55.96525192260742 -54.25932693481445
285 -53.31782150268555 -56.34482955932617
286 -52.92316436767578 -56.601314544677734
287 -52.886619567871094 -56.717384338378906
288 -52.838748931884766 -57.15910720825195
289 -52.720821380615234 -57.51601028442383
290 -52.638614654541016 -57.7903938293457
291 -52.53357696533203 -58.03609085083008
292 -52.3054313659668 -58.422664642333984
293 -52.195003509521484 -58.61115646362305
294 -51.962066650390625 -59.08279037475586
295 -51.783260345458984 -59.472251892089844
296 -51.758758544921875 -59.65654754638672
297 -51.85343933105469 -59.83235549926758
298 -52.021793365478516 -60.00818634033203
299 -52.567169189453125 -60.59949493408203
300 -52.830657958984375 -60.82178497314453
301 -53.09180450439453 -61.029579162597656
302 -53.4473991394043 -61.04404067993164
303 -53.805477142333984 -61.04580307006836
304 -54.2057991027832 -61.02532196044922
305 -54.46075439453125 -60.925193786621094
306 -54.782073974609375 -60.737518310546875
307 -55.18114471435547 -60.561492919921875
308 -55.363346099853516 -60.45865249633789
309 -55.52678680419922 -60.2783203125
310 -55.58034133911133 -60.07489776611328
311 -55.58230972290039 -59.805908203125
312 -55.53295135498047 -59.445926666259766
313 -55.45979690551758 -59.10443878173828
314 -55.37997055053711 -58.70158004760742
315 -55.11675262451172 -57.776390075683594
316 -55.11448669433594 -57.49333190917969
317 -55.105064392089844 -57.254554748535156
318 -55.17787551879883 -57.01772689819336
319 -55.310760498046875 -56.85376739501953
320 -55.953125 -56.6522102355957
321 -56.23958969116211 -56.55967330932617
322 -56.255653381347656 -56.4151496887207
323 -56.027976989746094 -56.169715881347656
324 -55.594390869140625 -55.82695770263672
325 -55.110382080078125 -55.57830047607422
326 -54.88860321044922 -55.45783233642578
327 -54.779781341552734 -55.379154205322266
328 -54.601646423339844 -55.18123245239258
329 -54.37730026245117 -54.772457122802734
330 -54.21592712402344 -54.5734748840332
331 -54.04301834106445 -54.41110610961914
332 -53.81421661376953 -54.27855682373047
333 -53.582183837890625 -54.15292739868164
334 -53.418418884277344 -53.957542419433594
335 -53.33161163330078 -53.78919982910156
336 -53.23725128173828 -53.65983200073242
337 -26.96297264099121 -34.810245513916016
338 -27.056249618530273 -34.68903350830078
339 -27.13421058654785 -34.60303497314453
340 -27.50694465637207 -34.4416618347168
341 -28.11799430847168 -34.35728454589844
342 -28.400434494018555 -34.371315002441406
343 -28.749921798706055 -34.435272216796875
344 -29.501327514648438 -34.61491012573242
345 -29.935684204101562 -34.729103088378906
346 -30.32328987121582 -34.82563400268555
347 -30.559843063354492 -34.967411041259766
348 -30.821935653686523 -35.0937385559082
349 -31.058454513549805 -35.162384033203125
350 -31.320255279541016 -35.135093688964844
351 -31.62152671813965 -35.018760681152344
352 -31.67586898803711 -34.931453704833984
353 -32.03679656982422 -34.62870788574219
354 -32.37230682373047 -34.362186431884766
355 -32.531856536865234 -34.08980178833008
356 -32.7117919921875 -33.73822784423828
357 -32.879241943359375 -33.426727294921875
358 -33.15373992919922 -33.03151321411133
359 -33.51253890991211 -32.698970794677734
360 -34.08159637451172 -32.468017578125
361 -34.55811309814453 -32.469749450683594
362 -35.25540542602539 -32.52090835571289
363 -35.52460479736328 -32.656044006347656
364 -35.73640060424805 -32.88880920410156
365 -36.0521125793457 -33.12142562866211
366 -36.24790954589844 -33.373653411865234
367 -36.388240814208984 -33.730140686035156
368 -36.428199768066406 -33.88788604736328
369 -36.36109161376953 -34.1498908996582
370 -36.31087112426758 -34.394039154052734
371 -36.251792907714844 -34.66157913208008
372 -36.19411849975586 -35.37547302246094
373 -36.1776008605957 -35.54213333129883
374 -36.02140808105469 -35.81532669067383
375 -35.78611755371094 -36.11636734008789
376 -35.35846710205078 -36.11673355102539
377 -35.1319580078125 -36.09444046020508
378 -34.81275939941406 -36.09114074707031
379 -34.48690414428711 -36.07874298095703
380 -33.895511627197266 -36.235572814941406
381 -33.81285858154297 -36.34170150756836
382 -33.90873336791992 -36.485782623291016
383 -34.1651496887207 -37.11261749267578
384 -34.19606399536133 -37.40801239013672
385 -34.19132614135742 -37.861358642578125
386 -34.12620544433594 -38.13937759399414
387 -33.95988464355469 -38.42669677734375
388 -33.43585205078125 -38.912330627441406
389 -33.26164627075195 -39.10774230957031
390 -33.18360137939453 -39.40827178955078
391 -33.19260787963867 -39.87040328979492
392 -33.350948333740234 -40.186767578125
393 -33.43297576904297 -40.32514572143555
394 -33.5937385559082 -40.48521423339844
395 -33.74805450439453 -40.55083465576172
396 -42.538299560546875 -42.92264175415039
397 -42.800018310546875 -43.02592086791992
398 -42.99672317504883 -43.057884216308594
399 -43.3848762512207 -43.119869232177734
400 -43.791568756103516 -43.15132522583008
401 -43.89695358276367 -43.20476150512695
402 -43.958404541015625 -43.30051040649414
403 -44.05910873413086 -43.7215690612793
404 -44.0985107421875 -44.12195587158203
405 -44.265506744384766 -44.47343063354492
406 -44.38071823120117 -44.67921447753906
407 -44.537017822265625 -44.897621154785156
408 -44.7280158996582 -45.21685791015625
409 -44.915306091308594 -45.48093032836914
410 -45.058013916015625 -45.70319366455078
411 -50.10499954223633 -52.070735931396484
412 -50.2122802734375 -52.215084075927734
413 -50.45437240600586 -52.59484100341797
414 -50.56574630737305 -52.78782653808594
415 -50.739349365234375 -53.176456451416016
416 -50.87503433227539 -53.517852783203125
417 -51.00829315185547 -53.813419342041016
418 -51.02604293823242 -53.95458221435547
419 -50.99529266357422 -54.16448211669922
420 -50.90742874145508 -54.401641845703125
421 -50.72853469848633 -54.57013702392578
422 -50.496826171875 -54.733917236328125
423 -50.061668395996094 -54.878746032714844
424 -49.55338668823242 -55.019004821777344
425 -49.21147918701172 -55.11501693725586
426 -48.90266036987305 -55.21059799194336
427 -48.622554779052734 -55.282554626464844
428 -47.93608856201172 -55.48654556274414
429 -47.66557693481445 -55.53242874145508
430 -47.44683074951172 -55.63636016845703
431 -47.111202239990234 -55.69819641113281
432 -46.748130798339844 -55.73918533325195
433 -46.457618713378906 -55.77051544189453
434 -46.106231689453125 -55.87363052368164
435 -45.84946823120117 -55.976715087890625
436 -45.584293365478516 -56.1895751953125
437 -45.45991897583008 -56.554115295410156
438 -45.378387451171875 -57.023643493652344
439 -45.397300720214844 -57.3165283203125
440 -45.432064056396484 -57.700923919677734
441 -45.521080017089844 -58.27727127075195
442 -45.57171630859375 -58.55493927001953
443 -45.5682373046875 -58.83198165893555
444 -45.5511474609375 -59.24946975708008
445 -45.51921844482422 -59.55609130859375
446 -45.40385055541992 -59.885066986083984
447 -45.37553405761719 -60.075950622558594
448 -45.42354202270508 -60.427974700927734
449 -45.51579284667969 -60.624786376953125
450 -45.797515869140625 -60.782432556152344
451 -46.167972564697266 -61.01216125488281
452 -46.448184967041016 -60.96970748901367
453 -46.66872024536133 -60.900691986083984
454 -47.17733383178711 -60.64151382446289
455 -47.47923278808594 -60.52245330810547
456 -47.733760833740234 -60.385643005371094
457 -47.89674377441406 -60.13058090209961
458 -48.046485900878906 -59.7799072265625
459 -48.218265533447266 -59.57487869262695
460 -48.32224655151367 -59.334171295166016
461 -48.40296936035156 -59.034454345703125
462 -48.44005584716797 -58.59716796875
463 -48.423587799072266 -58.31402587890625
464 -48.393104553222656 -58.01088333129883
465 -48.20033645629883 -57.81486892700195
466 -43.42713928222656 -57.1646728515625
467 -43.19084167480469 -57.34333801269531
468 -42.872798919677734 -57.68095397949219
469 -42.60810852050781 -58.08068084716797
470 -42.467952728271484 -58.28448486328125
471 -42.29155731201172 -58.55134582519531
472 -42.01591110229492 -58.865875244140625
473 -41.90496826171875 -59.021881103515625
474 -41.8566780090332 -59.198429107666016
475 -41.91495132446289 -59.443580627441406
476 -42.03980255126953 -59.93025588989258
477 -42.08085250854492 -60.056148529052734
478 -42.1512565612793 -60.346988677978516
479 -47.74760055541992 -37.83177185058594
480 -47.46858596801758 -37.94927215576172
481 -47.18128967285156 -38.11669921875
482 -46.965972900390625 -38.24718475341797
483 -46.890892028808594 -38.344051361083984
484 -46.630126953125 -38.61665725708008
485 -46.409549713134766 -38.91938781738281
486 -46.24640655517578 -39.149879455566406
487 -44.2141227722168 -46.956504821777344
488 -44.15582275390625 -47.09761428833008
489 -44.057716369628906 -47.321414947509766
490 -43.90091323852539 -47.66555404663086
491 -43.77941131591797 -47.91556930541992
492 -43.62767791748047 -48.0907096862793
493 -43.45627212524414 -48.3995361328125
494 -43.37685775756836 -48.536773681640625
495 -43.159820556640625 -48.874080657958984
496 -42.82681655883789 -49.14937210083008
497 -42.590576171875 -49.30015182495117
498 -42.39936828613281 -49.29602813720703
499 -42.20067596435547 -49.03043746948242
500 -41.9005126953125 -48.6639518737793
501 -41.759063720703125 -48.50515365600586
502 -41.576961517333984 -48.39927673339844
503 -41.374820709228516 -48.47285461425781
504 -40.977169036865234 -48.67087936401367
505 -40.637020111083984 -48.93751525878906
506 -40.59518814086914 -49.112464904785156
507 -40.577152252197266 -49.397483825683594
508 -40.65719985961914 -49.91697311401367
509 -40.70754623413086 -50.106422424316406
510 -40.80813217163086 -50.442649841308594
511 -40.982215881347656 -50.71479797363281
512 -41.183589935302734 -50.961158752441406
513 -41.33964538574219 -51.21321105957031
514 -41.40346908569336 -51.47142791748047
515 -41.41261672973633 -51.70520782470703
516 -41.33970260620117 -51.931640625
517 -41.221378326416016 -52.213077545166016
518 -41.20989990234375 -52.440834045410156
519 -41.18315887451172 -52.80439758300781
520 -41.197296142578125 -52.955528259277344
521 -41.4139404296875 -53.233734130859375
522 -41.70478057861328 -53.49324417114258
523 -41.88842010498047 -53.79568099975586
524 -42.07340621948242 -54.18205261230469
525 -42.12098693847656 -54.44975662231445
526 -42.09772872924805 -54.71128463745117
527 -42.11453628540039 -55.07206344604492
528 -42.087623596191406 -55.36121368408203
529 -39.00760269165039 -61.46927261352539
530 -38.907493591308594 -61.64133834838867
531 -38.802284240722656 -61.890838623046875
532 -38.61690139770508 -62.19233322143555
533 -38.40947341918945 -62.478179931640625
534 -38.1634407043457 -62.90633773803711
535 -38.05479431152344 -63.15129852294922
536 -38.036319732666016 -63.48015594482422
537 -38.079776763916016 -63.71757507324219
538 -38.09610366821289 -63.987220764160156
539 -37.94984436035156 -64.1402587890625
540 -37.83269119262695 -64.22089385986328
541 -37.54372787475586 -64.40541076660156
542 -37.32338333129883 -64.51651763916016
543 -37.1229133605957 -64.41026306152344
544 -36.82085418701172 -64.3007583618164
545 -36.57260513305664 -64.24064636230469
546 -36.333343505859375 -64.1376724243164
547 -36.16449737548828 -64.10344696044922
548 -35.94981384277344 -63.98508071899414
549 -35.868370056152344 -63.9127082824707
550 -35.44999694824219 -63.67827606201172
551 -35.08898162841797 -63.50749969482422
552 -34.82902908325195 -63.40290451049805
553 -34.4541015625 -63.22880935668945
554 -34.14534378051758 -63.13219451904297
555 -33.4883918762207 -62.92890548706055
556 -33.128238677978516 -62.7966423034668
557 -32.90833282470703 -62.70207214355469
558 -32.65231704711914 -62.5882568359375
559 -32.43168640136719 -62.46406555175781
560 -32.15546798706055 -62.25638198852539
561 -31.913162231445312 -62.0513801574707
562 -31.742908477783203 -61.9114875793457
563 -31.490245819091797 -61.71145248413086
564 -31.34625244140625 -61.59824752807617
565 -31.212106704711914 -61.46973419189453
566 -31.01590347290039 -61.251033782958984
567 -30.723358154296875 -60.919281005859375
568 -30.536890029907227 -60.70444107055664
569 -30.429460525512695 -60.5308723449707
570 -30.404865264892578 -60.29197311401367
571 -30.443315505981445 -59.831199645996094
572 -30.496057510375977 -59.32209777832031
573 -30.48849105834961 -59.02932357788086
574 -30.390565872192383 -58.55937576293945
575 -30.251482009887695 -58.226478576660156
576 -30.142629623413086 -58.024993896484375
577 -30.048561096191406 -57.79436111450195
578 -29.982711791992188 -57.63402557373047
579 -29.86561393737793 -57.40945053100586
580 -29.65644073486328 -56.99919509887695
581 -29.089738845825195 -56.46422576904297
582 -28.942686080932617 -56.32761764526367
583 -28.676904678344727 -56.385128021240234
584 -28.467632293701172 -56.465824127197266
585 -28.227333068847656 -56.59949493408203
586 -27.8908748626709 -56.74605178833008
587 -27.598085403442383 -56.82035446166992
588 -27.40401840209961 -56.842830657958984
589 -27.247943878173828 -56.783939361572266
590 -26.869552612304688 -56.590633392333984
591 -26.541067123413086 -56.34968566894531
592 -26.352935791015625 -56.06355667114258
593 -26.079660415649414 -55.61888122558594
594 -25.98893928527832 -55.221160888671875
595 -26.042627334594727 -54.86286926269531
596 -26.2050724029541 -54.625244140625
597 -26.57912254333496 -54.3388786315918
598 -26.86125373840332 -54.13330841064453
599 -27.138519287109375 -53.92863845825195
600 -27.392667770385742 -53.84160614013672
601 -27.840316772460938 -53.6942253112793
602 -28.049028396606445 -53.549076080322266
603 -37.266231536865234 -46.101959228515625
604 -37.33552551269531 -46.06772994995117
605 -37.508811950683594 -46.12971496582031
606 -37.771305084228516 -46.29513931274414
607 -38.04962921142578 -46.4909553527832
608 -38.27207565307617 -46.60320281982422
609 -38.552188873291016 -46.646087646484375
610 -38.76863479614258 -46.57537841796875
611 -40.570587158203125 -44.77408218383789
612 -40.840972900390625 -44.66206741333008
613 -41.17433166503906 -44.58560562133789
614 -41.615596771240234 -44.57624053955078
615 -41.83504867553711 -44.626800537109375
616 -42.0605583190918 -44.700904846191406
617 -42.40907669067383 -44.975154876708984
618 -42.56378936767578 -45.1843147277832
619 -42.61124801635742 -45.49333953857422
620 -42.61220169067383 -45.80767059326172
621 -42.505916595458984 -46.042362213134766
622 -42.30865478515625 -46.324302673339844
623 -42.1071891784668 -46.50033187866211
624 -41.800235748291016 -46.62678146362305
625 -41.107913970947266 -46.71125411987305
626 -40.67748260498047 -46.66494369506836
627 -40.29917907714844 -46.46638870239258
628 -40.14878845214844 -46.306026458740234
629 -39.985816955566406 -46.07577896118164
630 -39.698726654052734 -45.55885314941406
631 -39.52507019042969 -45.236793518066406
632 -39.331321716308594 -44.95366668701172
633 -39.17344284057617 -44.76130676269531
634 -39.03693389892578 -44.687599182128906
635 -38.77469253540039 -44.553131103515625
636 -38.58163833618164 -44.43865966796875
637 -38.30252456665039 -44.32902526855469
638 -38.07143020629883 -44.245216369628906
639 -37.778594970703125 -44.21774673461914
640 -37.45105743408203 -44.18837356567383
641 -37.13117980957031 -44.20267105102539
642 -36.86686325073242 -44.23063659667969
643 -36.61314392089844 -44.2522087097168
644 -36.25307083129883 -44.32674026489258
645 -35.974666595458984 -44.41270065307617
646 -35.290653228759766 -44.69438552856445
647 -35.01878356933594 -44.80601501464844
648 -34.724849700927734 -44.85853576660156
649 -34.221710205078125 -44.94090270996094
650 -33.76484680175781 -44.95803451538086
651 -33.62042999267578 -44.8394775390625
652 -33.38152313232422 -44.57600402832031
653 -33.26046371459961 -44.1632080078125
654 -33.1356201171875 -43.736183166503906
655 -33.14860534667969 -43.51732635498047
656 -33.329959869384766 -43.27631378173828
657 -33.58732986450195 -43.04274368286133
658 -33.79051208496094 -42.90403366088867
659 -34.13318634033203 -42.83578109741211
660 -34.53330612182617 -42.67728805541992
661 -34.808815002441406 -42.56932830810547
662 -35.08611297607422 -42.564903259277344
663 -35.332618713378906 -42.555362701416016
664 -35.59870147705078 -42.58330154418945
665 -35.90478515625 -42.58201599121094
666 -36.5928840637207 -42.48883819580078
667 -37.13872528076172 -42.270267486572266
668 -37.36838912963867 -42.078346252441406
669 -37.60930633544922 -41.9613151550293
670 -37.75533676147461 -41.837440490722656
671 -38.100582122802734 -41.752906799316406
672 -38.3382453918457 -41.54659652709961
673 -38.55712890625 -41.047088623046875
674 -38.63264846801758 -40.79884338378906
675 -38.70885467529297 -40.754669189453125
676 -38.939205169677734 -40.78132629394531
677 -39.29974365234375 -40.78792953491211
678 -39.65713882446289 -40.837425231933594
679 -39.942970275878906 -40.83864974975586
680 -40.33002471923828 -40.874908447265625
681 -40.56196975708008 -41.083927154541016
682 -40.611080169677734 -41.406768798828125
683 -40.53124237060547 -41.69782257080078
684 -40.35752868652344 -42.00912094116211
685 -40.2260627746582 -42.26974868774414
686 -40.182186126708984 -42.587982177734375
687 -40.43140411376953 -42.72723388671875
688 -40.88058090209961 -42.90446090698242
689 -41.113365173339844 -42.909889221191406
690 -45.712554931640625 -43.20042037963867
691 -45.97532653808594 -43.21333694458008
692 -46.28743362426758 -43.277244567871094
693 -46.58613967895508 -43.285457611083984
694 -46.95753479003906 -43.296634674072266
695 -47.28887939453125 -43.363224029541016
696 -47.5092887878418 -43.415313720703125
697 -47.967735290527344 -43.69693374633789
698 -48.241355895996094 -43.9395637512207
699 -48.51826858520508 -44.35682678222656
700 -48.866546630859375 -44.828712463378906
701 -49.03092575073242 -45.08513641357422
702 -49.14568328857422 -45.375545501708984
703 -49.201480865478516 -45.70613479614258
704 -49.280975341796875 -46.1915168762207
705 -49.313594818115234 -46.76396560668945
706 -49.285194396972656 -47.11406326293945
707 -49.3187141418457 -47.36109924316406
708 -49.38228988647461 -48.09246826171875
709 -49.42683792114258 -48.542724609375
710 -49.390594482421875 -48.815345764160156
711 -49.36577224731445 -49.10507583618164
712 -49.22682571411133 -49.55268859863281
713 -49.133724212646484 -49.753700256347656
714 -48.87691116333008 -49.8002815246582
715 -48.32023620605469 -49.659278869628906
716 -48.07399368286133 -49.55402374267578
717 -47.92313003540039 -49.319427490234375
718 -47.8018913269043 -49.047542572021484
719 -47.636192321777344 -48.55632781982422
720 -47.62247085571289 -48.13730239868164
721 -47.56629943847656 -47.83978271484375
722 -47.46210861206055 -47.62974166870117
723 -46.92422103881836 -47.04402542114258
724 -46.789527893066406 -46.85866928100586
725 -46.78596878051758 -46.68190383911133
726 -46.76087951660156 -46.3100471496582
727 -46.82735824584961 -46.043670654296875
728 -46.861419677734375 -45.80339813232422
729 -47.089256286621094 -45.44875717163086
730 -47.13380813598633 -45.2825927734375
731 -47.190982818603516 -45.16271209716797
732 -55.7567253112793 -36.21713638305664
733 -56.01008224487305 -36.21155548095703
734 -56.1502685546875 -36.2310905456543
735 -56.395931243896484 -36.266395568847656
736 -56.80807876586914 -36.44625473022461
737 -57.281768798828125 -36.62556076049805
738 -57.4381103515625 -36.707923889160156
739 -57.60675811767578 -36.8631591796875
740 -57.79774475097656 -37.21282196044922
741 -58.01411437988281 -37.49274826049805
742 -58.083282470703125 -37.812252044677734
743 -58.00819396972656 -38.254520416259766
744 -57.89380645751953 -38.582725524902344
745 -57.719688415527344 -38.983341217041016
746 -57.5462760925293 -39.210044860839844
747 -57.141780853271484 -39.507118225097656
748 -56.993656158447266 -39.63808059692383
749 -56.852783203125 -39.716732025146484
750 -56.400123596191406 -39.888301849365234
751 -56.19612121582031 -39.97535705566406
752 -55.98588943481445 -39.99620819091797
753 -55.69892501831055 -40.05293273925781
754 -55.4218864440918 -40.08871078491211
755 -55.13809585571289 -40.10878372192383
756 -54.89588165283203 -40.12382125854492
757 -54.522335052490234 -40.14124298095703
758 -54.26884078979492 -40.11360549926758
759 -54.058067321777344 -40.10771560668945
760 -53.77067184448242 -40.11220169067383
761 -53.562618255615234 -40.14594650268555
762 -53.311973571777344 -40.1837158203125
763 -52.97697830200195 -40.26005554199219
764 -47.67231750488281 -41.10620880126953
765 -47.422142028808594 -41.15971374511719
766 -47.08829879760742 -41.18867874145508
767 -46.73440933227539 -41.20085525512695
768 -46.45772933959961 -41.13798522949219
769 -46.15059280395508 -41.142608642578125
770 -45.778507232666016 -41.196510314941406
771 -45.25685501098633 -41.24597930908203
772 -44.85078430175781 -41.1883659362793
773 -44.55595016479492 -41.078250885009766
774 -44.26969528198242 -40.90629959106445
775 -44.06496810913086 -40.74292755126953
776 -43.9522705078125 -40.63270950317383
777 -43.80730056762695 -40.52356719970703
778 -43.383140563964844 -40.318084716796875
779 -43.158477783203125 -40.27194595336914
780 -42.83021926879883 -40.140464782714844
781 -42.31324768066406 -39.96621322631836
782 -41.92461013793945 -39.820064544677734
783 -41.74189376831055 -39.61286926269531
784 -41.65758514404297 -39.36279296875
785 -41.597007751464844 -39.033851623535156
786 -41.72624206542969 -38.770469665527344
787 -41.852474212646484 -38.08681869506836
788 -41.957061767578125 -37.76960754394531
789 -42.04634475708008 -37.631446838378906
790 -42.14767837524414 -37.56346130371094
791 -42.44405746459961 -37.574920654296875
792 -42.92747497558594 -37.82571029663086
793 -43.197349548339844 -37.95751953125
794 -43.65053939819336 -37.95512390136719
795 -43.89046096801758 -37.89742660522461
796 -44.24102783203125 -37.718353271484375
797 -44.500858306884766 -37.47335433959961
798 -44.84666442871094 -37.214866638183594
799 -45.02983474731445 -37.06742477416992
800 -45.12443923950195 -36.851688385009766
801 -45.206298828125 -36.55603790283203
802 -45.210594177246094 -36.38631057739258
803 -45.15569305419922 -36.152549743652344
804 -44.915618896484375 -35.90757751464844
805 -44.5179443359375 -35.668968200683594
806 -43.995059967041016 -35.4705810546875
807 -43.71485900878906 -35.32615280151367
808 -43.467838287353516 -35.109962463378906
809 -43.34347152709961 -34.79020309448242
810 -43.41300964355469 -34.59602355957031
811 -43.537078857421875 -34.420372009277344
812 -43.76162338256836 -34.25878143310547
813 -44.140079498291016 -34.07887268066406
814 -44.377464294433594 -33.97034454345703
815 -44.70208740234375 -33.875099182128906
816 -44.98136901855469 -33.784759521484375
817 -45.1123161315918 -33.65152359008789
818 -45.17242431640625 -33.525604248046875
819 -45.27192306518555 -33.24999237060547
820 -45.39360046386719 -33.05233383178711
821 -45.49190902709961 -32.66710662841797
822 -45.70437240600586 -32.03275680541992
823 -45.791412353515625 -31.78333854675293
824 -46.01080322265625 -31.32847023010254
825 -46.0623779296875 -31.020584106445312
826 -46.051029205322266 -30.649673461914062
827 -45.97282028198242 -30.380647659301758
828 -45.767578125 -30.120723724365234
829 -45.39315414428711 -30.00054168701172
830 -45.06268310546875 -30.002365112304688
831 -44.56700897216797 -30.103534698486328
832 -44.35498809814453 -30.115692138671875
833 -43.992218017578125 -30.155364990234375
834 -43.72312927246094 -30.198501586914062
835 -43.16065216064453 -30.321369171142578
836 -42.82761764526367 -30.322473526000977
837 -42.64196014404297 -30.378036499023438
838 -42.28837203979492 -30.570585250854492
839 -41.95905685424805 -30.75122833251953
840 -41.671138763427734 -30.95756721496582
841 -41.50370407104492 -31.120285034179688
842 -41.20405960083008 -31.536836624145508
843 -40.98381805419922 -31.742830276489258
844 -40.808902740478516 -31.901897430419922
845 -40.63435363769531 -32.102169036865234
846 -40.4249382019043 -32.214027404785156
847 -40.190818786621094 -32.3511962890625
848 -40.02629852294922 -32.477394104003906
849 -39.834022521972656 -32.621620178222656
850 -39.67341613769531 -32.735679626464844
851 -32.51551818847656 -49.84198760986328
852 -32.501739501953125 -49.949989318847656
853 -32.57019805908203 -50.16371536254883
854 -32.67570495605469 -50.486045837402344
855 -32.62862014770508 -50.737789154052734
856 -32.452632904052734 -50.94099426269531
857 -32.1165885925293 -51.1452751159668
858 -31.878765106201172 -51.30107116699219
859 -31.462610244750977 -51.4737663269043
860 -31.198646545410156 -51.55827331542969
861 -30.860145568847656 -51.782840728759766
862 -30.664949417114258 -51.93593215942383
863 -30.453580856323242 -52.151832580566406
864 -30.40126609802246 -52.44618606567383
865 -30.39112663269043 -52.83062744140625
866 -30.499948501586914 -53.10566711425781
867 -30.6566104888916 -53.25271987915039
868 -30.820222854614258 -53.36891174316406
869 -31.345630645751953 -53.52084732055664
870 -31.73801040649414 -53.56440353393555
871 -31.920766830444336 -53.547508239746094
872 -32.24253845214844 -53.47787857055664
873 -32.8858757019043 -53.3073844909668
874 -33.14596176147461 -53.29874801635742
875 -33.349578857421875 -53.4666862487793
876 -33.413055419921875 -53.78094482421875
877 -33.36902618408203 -54.10911560058594
878 -33.182315826416016 -54.62594985961914
879 -33.185157775878906 -55.10618209838867
880 -33.31047439575195 -55.24555969238281
881 -33.48634338378906 -55.297359466552734
882 -33.83246612548828 -55.264381408691406
883 -34.229679107666016 -55.11774444580078
884 -34.56319046020508 -54.9706916809082
885 -34.96607208251953 -54.826454162597656
886 -35.169769287109375 -54.85878372192383
887 -35.38296890258789 -55.13728332519531
888 -35.55952072143555 -55.42820739746094
889 -35.63303756713867 -55.83789825439453
890 -35.654762268066406 -55.98630905151367
891 -35.54344177246094 -56.24024963378906
892 -35.40389633178711 -56.43709945678711
893 -35.34560012817383 -56.587608337402344
894 -35.21860122680664 -56.794921875
895 -35.0798454284668 -57.144134521484375
896 -34.92243576049805 -57.43272018432617
897 -34.87677764892578 -57.60670471191406
898 -34.79463195800781 -57.93455505371094
899 -34.78895568847656 -58.168540954589844
900 -34.9403076171875 -58.55302810668945
901 -35.20702362060547 -58.82756423950195
902 -35.53847885131836 -58.96730041503906
903 -35.92601776123047 -59.07350540161133
904 -36.22260284423828 -59.01490783691406
905 -36.53235626220703 -58.90972900390625
906 -36.8039665222168 -58.654964447021484
907 -37.15244674682617 -58.57974624633789
908 -37.522315979003906 -58.52828598022461
909 -38.09770965576172 -58.4240608215332
910 -38.40898895263672 -58.301876068115234
911 -38.58750534057617 -58.13992691040039
912 -38.8690185546875 -57.79597854614258
913 -39.07340621948242 -57.42024230957031
914 -39.24059295654297 -57.086891174316406
915 -39.38734436035156 -56.743595123291016
916 -39.4700813293457 -56.454227447509766
917 -39.44776916503906 -55.93067932128906
918 -39.334835052490234 -55.48678970336914
919 -39.27863693237305 -55.30583953857422
920 -39.13163375854492 -54.986045837402344
921 -39.02764892578125 -54.74287414550781
922 -38.86707305908203 -54.465660095214844
923 -38.6353759765625 -54.142269134521484
924 -38.502410888671875 -53.94426727294922
925 -38.349571228027344 -53.81085205078125
926 -38.173091888427734 -53.72423553466797
927 -37.58123016357422 -53.58808898925781
928 -37.127593994140625 -53.63044357299805
929 -36.94818878173828 -53.68083190917969
930 -36.83381652832031 -53.6434440612793
931 -36.61032485961914 -53.533382415771484
932 -36.49846649169922 -53.39450454711914
933 -36.41116714477539 -53.22242736816406
934 -36.292869567871094 -53.05657958984375
935 -36.125858306884766 -52.78470230102539
936 -36.009342193603516 -52.47116470336914
937 -35.84831237792969 -52.35120391845703
938 -35.78451919555664 -52.25210189819336
939 -35.73250198364258 -51.96744918823242
940 -35.672386169433594 -51.80812072753906
941 -35.75588607788086 -51.455814361572266
942 -35.90000534057617 -51.169551849365234
943 -35.9108772277832 -50.95374298095703
944 -35.739173889160156 -50.597286224365234
945 -35.39701461791992 -50.31165313720703
946 -35.111328125 -50.25404357910156
947 -34.846107482910156 -50.311275482177734
948 -34.57524871826172 -50.150123596191406
949 -34.378726959228516 -49.84398651123047
950 -34.198448181152344 -49.558570861816406
951 -34.154640197753906 -49.25600051879883
952 -34.23838806152344 -48.80287551879883
953 -34.42550277709961 -48.704524993896484
954 -34.805484771728516 -48.72935485839844
955 -35.242958068847656 -48.87836837768555
956 -35.67036056518555 -49.05521774291992
957 -38.30223846435547 -51.44203186035156
958 -38.42013931274414 -51.470603942871094
959 -38.50726318359375 -51.3429069519043
960 -38.56100082397461 -51.08594512939453
961 -38.56772232055664 -50.6100959777832
962 -38.5720329284668 -50.297733306884766
963 -38.61565017700195 -50.1515007019043
964 -38.617652893066406 -49.95399475097656
965 -38.51287841796875 -49.820655822753906
966 -38.25108337402344 -49.7114143371582
967 -38.04212188720703 -49.59436798095703
968 -37.89529800415039 -49.436527252197266
969 -37.784568786621094 -49.23474884033203
970 -37.64766311645508 -48.96189498901367
971 -37.40963363647461 -48.68873596191406
972 -37.215049743652344 -48.39160919189453
973 -37.048187255859375 -48.071388244628906
974 -36.820762634277344 -47.765846252441406
975 -36.49757766723633 -47.35601806640625
976 -36.18310546875 -46.995697021484375
977 -36.00685501098633 -46.857120513916016
978 -35.674537658691406 -46.79124450683594
979 -35.35787582397461 -46.77989959716797
980 -35.169517517089844 -46.73405456542969
981 -34.831886291503906 -46.75144958496094
982 -34.45700454711914 -46.716270446777344
983 -33.980918884277344 -46.736419677734375
984 -33.579341888427734 -46.9415283203125
985 -33.2159423828125 -47.21406555175781
986 -32.904258728027344 -47.376914978027344
987 -32.60373306274414 -47.42839050292969
988 -32.36247253417969 -47.44400405883789
989 -32.128360748291016 -47.14381790161133
990 -31.955787658691406 -46.841548919677734
991 -31.766738891601562 -46.76394271850586
992 -31.527265548706055 -46.64260482788086
993 -31.240222930908203 -46.52754592895508
994 -30.811687469482422 -46.516845703125
995 -30.532512664794922 -46.483673095703125
996 -30.183671951293945 -46.477115631103516
997 -29.9097900390625 -46.48234176635742
998 -29.718143463134766 -46.489505767822266
999 -29.625850677490234 -46.49988555908203
