0 -62.525787353515625 -12.049810409545898
1 -62.564483642578125 -12.080607414245605
2 -62.6762809753418 -12.172615051269531
3 -62.88230895996094 -12.323732376098633
4 -63.087406158447266 -12.521977424621582
5 -63.23162078857422 -12.725218772888184
6 -63.50680160522461 -12.980681419372559
7 -63.66510009765625 -13.098194122314453
8 -63.75648880004883 -13.25976276397705
9 -63.85371017456055 -13.546950340270996
10 -63.9279899597168 -14.371610641479492
11 -64.04852294921875 -14.666483879089355
12 -64.2892074584961 -14.913936614990234
13 -64.60673522949219 -15.168312072753906
14 -64.8050765991211 -15.290491104125977
15 -64.93429565429688 -15.44076919555664
16 -65.12603759765625 -15.701203346252441
17 -65.286865234375 -16.018362045288086
18 -68.29869079589844 -20.788766860961914
19 -68.56616973876953 -21.022756576538086
20 -68.78367614746094 -21.345163345336914
21 -68.88116455078125 -21.62010383605957
22 -68.99864196777344 -21.982507705688477
23 -69.12031555175781 -22.2198543548584
24 -69.29056549072266 -22.49349594116211
25 -69.42426300048828 -22.719167709350586
26 -69.58887481689453 -22.957483291625977
27 -69.82647705078125 -23.334821701049805
28 -70.01099395751953 -23.66568946838379
29 -70.13861846923828 -23.82537269592285
30 -70.3548583984375 -24.014179229736328
31 -70.8675308227539 -24.23815155029297
32 -71.21315002441406 -24.333391189575195
33 -71.49610900878906 -24.356021881103516
34 -71.77835083007812 -24.503080368041992
35 -71.8328628540039 -24.682313919067383
36 -71.81968688964844 -25.517271041870117
37 -71.8581771850586 -26.169374465942383
38 -71.96488189697266 -26.448904037475586
39 -72.1351089477539 -26.766874313354492
40 -72.31413269042969 -26.94917106628418
41 -72.61357879638672 -26.993558883666992
42 -72.88236999511719 -26.979455947875977
43 -73.06668853759766 -26.768503189086914
44 -73.3890609741211 -26.106081008911133
45 -73.56400299072266 -25.77048683166504
46 -73.66743469238281 -25.52191162109375
47 -73.70674896240234 -25.276538848876953
48 -73.70661926269531 -24.812990188598633
49 -72.61947631835938 -16.446380615234375
50 -72.38352966308594 -16.33180809020996
51 -72.03561401367188 -16.484088897705078
52 -71.8479232788086 -16.595836639404297
53 -71.64015197753906 -16.70507049560547
54 -71.34327697753906 -16.872936248779297
55 -71.16358947753906 -16.957517623901367
56 -71.0816879272461 -17.30987548828125
57 -70.8677749633789 -17.812292098999023
58 -70.69922637939453 -18.02590560913086
59 -70.427490234375 -18.203872680664062
60 -69.88162994384766 -18.42636489868164
61 -69.39814758300781 -18.650653839111328
62 -68.92333221435547 -18.834716796875
63 -68.76730346679688 -18.817901611328125
64 -68.56383514404297 -18.847904205322266
65 -68.30864715576172 -18.627056121826172
66 -67.98484802246094 -18.22252082824707
67 -67.74283599853516 -17.751174926757812
68 -67.54792785644531 -17.428525924682617
69 -67.4455795288086 -17.175098419189453
70 -67.52660369873047 -16.96995735168457
71 -67.63765716552734 -16.672842025756836
72 -67.69181823730469 -16.39344024658203
73 -67.67463684082031 -16.1496639251709
74 -67.65511322021484 -15.765743255615234
75 -67.68494415283203 -15.464475631713867
76 -67.86717224121094 -15.136533737182617
77 -67.98904418945312 -14.937379837036133
78 -68.05062866210938 -14.770666122436523
79 -68.14283752441406 -14.618256568908691
80 -68.47977447509766 -14.543107032775879
81 -68.75896453857422 -14.425353050231934
82 -68.94652557373047 -14.460126876831055
83 -69.14215087890625 -14.527545928955078
84 -69.25682830810547 -14.671992301940918
85 -69.49095916748047 -14.861088752746582
86 -69.86279296875 -14.841582298278809
87 -70.15621185302734 -14.78115177154541
88 -70.50979614257812 -14.559834480285645
89 -70.95780944824219 -14.272167205810547
90 -71.1923828125 -14.18795394897461
91 -71.36161041259766 -14.140179634094238
92 -71.48857879638672 -14.089529991149902
93 -84.16845703125 -1.1426857709884644
94 -84.25482940673828 -0.9263502359390259
95 -84.44632720947266 -0.5445427894592285
96 -84.67947387695312 -0.1260034441947937
97 -84.7334213256836 0.13302280008792877
98 -84.70571899414062 0.3211624026298523
99 -84.78540802001953 0.5433732867240906
100 -85.03169250488281 0.9435108304023743
101 -85.13887786865234 1.098251461982727
102 -85.34650421142578 1.078876256942749
103 -85.71788024902344 1.0020726919174194
104 -86.46887969970703 0.9336040019989014
105 -87.0307846069336 0.8967300653457642
106 -87.41972351074219 0.8752579092979431
107 -87.82837677001953 0.8407021760940552
108 -88.06965637207031 0.8104925751686096
109 -88.26307678222656 0.7927989363670349
110 -88.7641372680664 0.7095281481742859
111 -89.19175720214844 0.6327893733978271
112 -89.50983428955078 0.5543787479400635
113 -89.89667510986328 0.40780895948410034
114 -90.49520874023438 0.15612438321113586
115 -90.79270935058594 0.02752394787967205
116 -91.1245346069336 -0.14480343461036682
117 -91.35797119140625 -0.36488673090934753
118 -91.63359832763672 -0.6534157991409302
119 -91.7907943725586 -0.9412721395492554
120 -91.86402130126953 -1.1935251951217651
121 -92.00999450683594 -1.5787663459777832
122 -92.08980560302734 -1.790248990058899
123 -92.09186553955078 -2.157562017440796
124 -91.95945739746094 -2.541043519973755
125 -91.68896484375 -2.792755126953125
126 -91.37708282470703 -3.0026659965515137
127 -91.10896301269531 -3.0983169078826904
128 -90.62622833251953 -3.1640255451202393
129 -90.28536987304688 -3.093479871749878
130 -90.01432037353516 -3.0056161880493164
131 -89.67672729492188 -2.956401824951172
132 -89.31965637207031 -2.911289691925049
133 -88.97435760498047 -2.832669258117676
134 -88.73811340332031 -2.775742292404175
135 -88.4937744140625 -2.7867724895477295
136 -88.25183868408203 -2.8549342155456543
137 -88.03893280029297 -2.9381775856018066
138 -87.79458618164062 -3.0675671100616455
139 -87.09770965576172 -3.4054408073425293
140 -86.8904037475586 -3.4438719749450684
141 -86.79314422607422 -3.4306740760803223
142 -68.26886749267578 3.580235481262207
143 -68.30879974365234 3.5279877185821533
144 -68.35816192626953 3.450181484222412
145 -68.51913452148438 3.313615560531616
146 -68.89844512939453 3.0429556369781494
147 -69.35044860839844 2.750699520111084
148 -69.79795837402344 2.4951651096343994
149 -70.11016845703125 2.406863212585449
150 -70.57965087890625 2.366661548614502
151 -70.96957397460938 2.4380481243133545
152 -71.38104248046875 2.4910776615142822
153 -71.7662582397461 2.5094075202941895
154 -71.96853637695312 2.5723111629486084
155 -72.21064758300781 2.5379786491394043
156 -72.47357177734375 2.448061943054199
157 -72.73648071289062 2.3396260738372803
158 -73.09488677978516 2.2739429473876953
159 -73.8677749633789 2.1974167823791504
160 -74.268310546875 2.2061123847961426
161 -74.6137466430664 2.3256759643554688
162 -75.21733093261719 2.7099740505218506
163 -75.53443145751953 2.918887138366699
164 -75.68807983398438 3.0565476417541504
165 -75.7774887084961 3.2982470989227295
166 -75.85767364501953 3.5521657466888428
167 -75.84105682373047 3.8168861865997314
168 -75.67979431152344 4.348886013031006
169 -75.58024597167969 4.65634298324585
170 -75.49506378173828 4.970625400543213
171 -75.435302734375 5.171552658081055
172 -75.26589965820312 5.377513408660889
173 -74.99557495117188 5.667701244354248
174 -74.78802490234375 5.810175895690918
175 -74.6118392944336 5.972214221954346
176 -74.44066619873047 6.226876258850098
177 -74.16881561279297 6.697239875793457
178 -73.96064758300781 6.999089241027832
179 -73.86893463134766 7.4227294921875
180 -73.90083312988281 7.657290935516357
181 -74.19609832763672 7.863382816314697
182 -74.46086120605469 8.1185941696167
183 -74.80496978759766 8.318095207214355
184 -75.01150512695312 8.478375434875488
185 -75.07133483886719 8.589402198791504
186 -75.09612274169922 8.849564552307129
187 -75.10950469970703 9.28084945678711
188 -75.17214965820312 9.5264892578125
189 -75.10981750488281 9.81649398803711
190 -75.00393676757812 9.986525535583496
191 -74.8936996459961 10.419325828552246
192 -74.81719207763672 10.539920806884766
193 -74.74630737304688 10.602278709411621
194 -74.63128662109375 10.889723777770996
195 -74.46001434326172 11.052624702453613
196 -74.30967712402344 11.101009368896484
197 -74.08515167236328 11.101570129394531
198 -73.74935150146484 10.875748634338379
199 -73.33501434326172 10.699604034423828
200 -72.66302490234375 10.61598014831543
201 -72.4287338256836 10.517548561096191
202 -72.08924102783203 10.195829391479492
203 -71.95177459716797 10.104560852050781
204 -71.73050689697266 9.90518856048584
205 -71.41521453857422 9.558340072631836
206 -71.15039825439453 9.332114219665527
207 -71.02996826171875 9.103915214538574
208 -70.895751953125 8.747615814208984
209 -70.73712158203125 8.520357131958008
210 -70.60096740722656 8.386984825134277
211 -70.33721160888672 8.148122787475586
212 -70.1424331665039 7.971124649047852
213 -69.80254364013672 7.708822727203369
214 -69.47122955322266 7.527811050415039
215 -69.12642669677734 7.310338020324707
216 -68.78266906738281 7.210160732269287
217 -68.41432189941406 7.140137195587158
218 -67.99542236328125 7.151585578918457
219 -67.78572082519531 7.147540092468262
220 -67.65088653564453 7.063260078430176
221 -67.4365234375 6.85790491104126
222 -67.25732421875 6.633842468261719
223 -67.09030151367188 6.410067081451416
224 -66.89637756347656 6.1588358879089355
225 -66.72848510742188 5.904066562652588
226 -66.49569702148438 5.544994354248047
227 -66.26807403564453 5.330760478973389
228 -66.09795379638672 5.211243629455566
229 -56.190006256103516 -14.435863494873047
230 -56.368064880371094 -14.357137680053711
231 -56.543861389160156 -14.264472961425781
232 -56.75477981567383 -14.105432510375977
233 -56.86322784423828 -14.011800765991211
234 -56.97789764404297 -13.89366626739502
235 -57.15956497192383 -13.68079948425293
236 -57.50830078125 -13.308344841003418
237 -57.73869705200195 -12.98209285736084
238 -57.848670959472656 -12.752433776855469
239 -58.17939758300781 -11.942118644714355
240 -58.25545120239258 -11.675138473510742
241 -58.28034973144531 -11.494369506835938
242 -58.25947952270508 -11.120195388793945
243 -58.23280715942383 -10.707101821899414
244 -58.209346771240234 -9.826794624328613
245 -58.206703186035156 -9.303112030029297
246 -58.19617462158203 -9.037735939025879
247 -58.242549896240234 -8.767791748046875
248 -58.326011657714844 -8.386617660522461
249 -58.35483932495117 -7.991377830505371
250 -58.38051986694336 -7.743735313415527
251 -58.471927642822266 -7.438884258270264
252 -58.66283416748047 -6.913625717163086
253 -58.78605270385742 -6.748160362243652
254 -59.002986907958984 -6.561107635498047
255 -59.25124740600586 -6.32955265045166
256 -59.51460647583008 -5.824997425079346
257 -59.5323600769043 -5.622461318969727
258 -59.47404098510742 -5.2700419425964355
259 -59.1966667175293 -4.375761032104492
260 -59.1429328918457 -4.024848461151123
261 -59.12983322143555 -3.688356876373291
262 -59.1507568359375 -3.42862606048584
263 -59.23068618774414 -3.2636899948120117
264 -59.42529296875 -3.0357255935668945
265 -59.608673095703125 -2.865530490875244
266 -75.88965606689453 -0.715158224105835
267 -75.77021789550781 -0.7495969533920288
268 -75.58802795410156 -0.7220149040222168
269 -75.37889862060547 -0.7688344120979309
270 -75.13764190673828 -0.9677886366844177
271 -74.93875122070312 -1.1461076736450195
272 -74.67206573486328 -1.4446213245391846
273 -74.52973937988281 -1.619781494140625
274 -74.44343566894531 -1.8014285564422607
275 -74.3296127319336 -2.0758306980133057
276 -74.21711730957031 -2.344691276550293
277 -74.0840835571289 -2.726609230041504
278 -74.05941772460938 -2.934621572494507
279 -74.01039123535156 -4.0371174812316895
280 -73.94461059570312 -4.306901454925537
281 -73.80635833740234 -4.585729122161865
282 -73.65692138671875 -4.785458564758301
283 -73.46173095703125 -5.079817771911621
284 -73.35558319091797 -5.385498046875
285 -73.23355102539062 -5.7412004470825195
286 -73.06708526611328 -6.096891403198242
287 -72.8526840209961 -6.418966293334961
288 -72.65130615234375 -6.6425395011901855
289 -72.4625244140625 -6.934570789337158
290 -72.32001495361328 -7.229783058166504
291 -72.1600570678711 -7.530683517456055
292 -70.4485855102539 -11.835615158081055
293 -70.21953582763672 -12.042242050170898
294 -69.98233795166016 -12.181744575500488
295 -69.72838592529297 -12.209467887878418
296 -68.95927429199219 -12.275932312011719
297 -68.43818664550781 -12.395648956298828
298 -67.98627471923828 -12.55663776397705
299 -67.6663589477539 -12.663947105407715
300 -67.37175750732422 -12.70327377319336
301 -67.04085540771484 -12.695225715637207
302 -66.69291687011719 -12.571707725524902
303 -66.36066436767578 -12.293031692504883
304 -66.01365661621094 -11.918463706970215
305 -65.82801055908203 -11.585556030273438
306 -65.78662109375 -11.283820152282715
307 -65.80260467529297 -11.045623779296875
308 -65.92880249023438 -10.810839653015137
309 -66.1472396850586 -10.591315269470215
310 -66.35437774658203 -10.389443397521973
311 -66.59796905517578 -10.274989128112793
312 -66.82562255859375 -10.211709022521973
313 -67.06541442871094 -10.170063018798828
314 -67.43399810791016 -9.995916366577148
315 -67.69491577148438 -9.897974967956543
316 -68.00560760498047 -9.837791442871094
317 -68.22154235839844 -9.788954734802246
318 -68.63829040527344 -9.860427856445312
319 -68.96736907958984 -9.98121452331543
320 -69.54093933105469 -10.119545936584473
321 -69.9151382446289 -10.1497163772583
322 -70.12077331542969 -10.107786178588867
323 -70.25357818603516 -9.965301513671875
324 -70.21070861816406 -9.656015396118164
325 -70.15003967285156 -9.229082107543945
326 -70.06385040283203 -8.9602689743042
327 -69.97457122802734 -8.682005882263184
328 -69.87962341308594 -8.343064308166504
329 -69.76335906982422 -7.978371620178223
330 -69.68807220458984 -7.808872699737549
331 -69.59284210205078 -7.646912574768066
332 -69.4807357788086 -7.475814342498779
333 -65.43233489990234 0.8225061893463135
334 -65.17774200439453 1.2161191701889038
335 -65.0069808959961 1.4830799102783203
336 -64.7927017211914 1.8111207485198975
337 -64.65782928466797 2.021273374557495
338 -64.42359924316406 2.197882652282715
339 -64.17237091064453 2.2378575801849365
340 -63.974239349365234 2.1428141593933105
341 -63.7717399597168 1.9596104621887207
342 -63.45117950439453 1.7396332025527954
343 -63.1336555480957 1.3535507917404175
344 -62.92664337158203 1.0025053024291992
345 -62.73777389526367 0.6294870376586914
346 -62.66999435424805 0.3255053758621216
347 -62.56980895996094 0.10371282696723938
348 -62.517303466796875 -0.05819883942604065
349 -62.528106689453125 -0.2543356120586395
350 -62.59865951538086 -0.5759064555168152
351 -62.8046989440918 -0.9903524518013
352 -62.96931076049805 -1.2560256719589233
353 -63.36922073364258 -1.763722538948059
354 -63.613731384277344 -2.003187894821167
355 -63.85667037963867 -2.236790657043457
356 -64.11090850830078 -2.401991605758667
357 -64.35934448242188 -2.496408462524414
358 -64.70152282714844 -2.628098249435425
359 -64.96870422363281 -2.7421181201934814
360 -65.07551574707031 -2.785810708999634
361 -65.30541229248047 -2.918534278869629
362 -79.38411712646484 -10.876930236816406
363 -79.60391998291016 -11.210296630859375
364 -79.67695617675781 -11.448246002197266
365 -79.5916748046875 -11.586404800415039
366 -79.32078552246094 -11.843608856201172
367 -79.1715087890625 -12.005573272705078
368 -78.96343994140625 -12.079419136047363
369 -78.62474060058594 -12.02363109588623
370 -78.36796569824219 -11.9426908493042
371 -78.10698699951172 -11.923383712768555
372 -77.81954193115234 -12.018708229064941
373 -77.62647247314453 -12.119022369384766
374 -77.22623443603516 -12.339273452758789
375 -77.00450134277344 -12.421998977661133
376 -73.50834655761719 -13.996038436889648
377 -73.38894653320312 -14.057419776916504
378 -73.26314544677734 -14.124261856079102
379 -73.07929229736328 -14.22872543334961
380 -65.32182312011719 -17.847824096679688
381 -65.17606353759766 -18.020954132080078
382 -65.06718444824219 -18.161800384521484
383 -64.94309997558594 -18.419801712036133
384 -64.83489990234375 -18.761240005493164
385 -64.84466552734375 -19.03345489501953
386 -64.90869140625 -19.54615020751953
387 -64.9937744140625 -19.913225173950195
388 -65.01578521728516 -20.19139862060547
389 -65.02833557128906 -20.634733200073242
390 -65.02136993408203 -21.060977935791016
391 -64.99998474121094 -21.369312286376953
392 -64.8848876953125 -21.9128475189209
393 -64.7326889038086 -22.29468536376953
394 -64.54171752929688 -22.512508392333984
395 -64.3457260131836 -22.51896858215332
396 -63.78217315673828 -22.370386123657227
397 -63.44842529296875 -22.333526611328125
398 -63.269222259521484 -22.285717010498047
399 -62.83551025390625 -22.127470016479492
400 -62.57823944091797 -21.929561614990234
401 -62.40391540527344 -21.81191635131836
402 -62.153778076171875 -21.6673641204834
403 -61.767330169677734 -21.40301513671875
404 -61.523311614990234 -21.199243545532227
405 -61.202754974365234 -20.9084415435791
406 -61.08185958862305 -20.75742530822754
407 -61.06547164916992 -20.532577514648438
408 -61.05210494995117 -20.13552474975586
409 -61.15338134765625 -19.302278518676758
410 -61.26227569580078 -18.825912475585938
411 -61.38386154174805 -18.508724212646484
412 -61.507259368896484 -18.264616012573242
413 -61.75078582763672 -17.923471450805664
414 -61.90251159667969 -17.66694450378418
415 -61.945091247558594 -17.428049087524414
416 -61.81186294555664 -17.140884399414062
417 -61.637203216552734 -16.910720825195312
418 -61.48579025268555 -16.72650909423828
419 -61.35123825073242 -16.579254150390625
420 -61.20112609863281 -16.287614822387695
421 -78.328125 -1.8396672010421753
422 -78.40658569335938 -2.008115530014038
423 -78.46179962158203 -2.0779378414154053
424 -78.57209777832031 -2.168379068374634
425 -79.0861587524414 -2.3867969512939453
426 -82.50708770751953 -3.361285924911499
427 -82.75444793701172 -3.416429042816162
428 -83.0030517578125 -3.497023582458496
429 -83.37019348144531 -3.5423812866210938
430 -83.7041015625 -3.578763961791992
431 -84.01044464111328 -3.680335521697998
432 -84.39036560058594 -4.244722366333008
433 -84.49187469482422 -4.564515113830566
434 -84.53401947021484 -4.771336078643799
435 -84.54885864257812 -5.1745381355285645
436 -84.57953643798828 -5.470452308654785
437 -84.6709213256836 -5.792349815368652
438 -84.76583862304688 -5.992023468017578
439 -84.94620513916016 -6.311647415161133
440 -85.05264282226562 -6.492196559906006
441 -85.37454986572266 -6.740916728973389
442 -85.63785552978516 -6.9424357414245605
443 -85.82365417480469 -7.123280048370361
444 -85.88996124267578 -7.401692867279053
445 -85.91227722167969 -7.548145771026611
446 -85.96189880371094 -7.707899570465088
447 -86.15003967285156 -7.977077960968018
448 -86.24073028564453 -8.18660831451416
449 -86.28262329101562 -8.509560585021973
450 -86.3794174194336 -8.971433639526367
451 -86.5758285522461 -9.578078269958496
452 -86.62977600097656 -10.019537925720215
453 -86.68135833740234 -10.498984336853027
454 -86.73959350585938 -10.902386665344238
455 -86.73603820800781 -11.11048412322998
456 -86.2582015991211 -11.62761402130127
457 -86.0639877319336 -11.850910186767578
458 -85.92694854736328 -11.925782203674316
459 -85.51415252685547 -11.963251113891602
460 -85.30720520019531 -11.982391357421875
461 -85.1520004272461 -12.021830558776855
462 -76.22345733642578 -10.972586631774902
463 -75.99735260009766 -11.01974105834961
464 -75.69126892089844 -11.058462142944336
465 -75.38704681396484 -11.105856895446777
466 -74.60932922363281 -11.121414184570312
467 -74.26962280273438 -11.141240119934082
468 -74.07150268554688 -11.316125869750977
469 -73.93144226074219 -11.699244499206543
470 -74.01251983642578 -11.999588966369629
471 -74.11251831054688 -12.250614166259766
472 -74.27339935302734 -12.482925415039062
473 -74.58194732666016 -12.834044456481934
474 -74.78559112548828 -12.993498802185059
475 -75.06535339355469 -13.237214088439941
476 -75.28174591064453 -13.359012603759766
477 -75.48881530761719 -13.512834548950195
478 -75.95659637451172 -13.89307975769043
479 -76.09465789794922 -14.080780029296875
480 -76.19447326660156 -14.163695335388184
481 -76.40971374511719 -14.281866073608398
482 -76.60960388183594 -14.432135581970215
483 -76.9163818359375 -14.626683235168457
484 -77.18576049804688 -14.766022682189941
485 -77.29006958007812 -14.867132186889648
486 -77.51768493652344 -15.30295181274414
487 -77.65843200683594 -15.444867134094238
488 -77.89142608642578 -15.650700569152832
489 -78.19622802734375 -15.89707088470459
490 -78.42487335205078 -16.120019912719727
491 -78.6260986328125 -16.3959903717041
492 -78.68306732177734 -16.473255157470703
493 -78.86416625976562 -16.60318374633789
494 -79.28871154785156 -16.903291702270508
495 -79.38699340820312 -17.00172233581543
496 -79.86225128173828 -17.097774505615234
497 -80.30120849609375 -17.194381713867188
498 -80.52422332763672 -17.245756149291992
499 -80.74028015136719 -17.251678466796875
500 -80.93839263916016 -17.098833084106445
501 -81.19683837890625 -16.950368881225586
502 -81.54308319091797 -16.816631317138672
503 -81.74774932861328 -16.699918746948242
504 -81.95369720458984 -16.584423065185547
505 -82.19825744628906 -16.438228607177734
506 -82.41163635253906 -16.357566833496094
507 -82.63641357421875 -16.300304412841797
508 -82.87541961669922 -16.217060089111328
509 -83.2934341430664 -15.998169898986816
510 -83.56687927246094 -15.82246208190918
511 -83.8723373413086 -15.618643760681152
512 -84.14057159423828 -15.368474006652832
513 -84.35281372070312 -15.172569274902344
514 -84.58120727539062 -15.037698745727539
515 -85.04794311523438 -14.88196086883545
516 -85.41667175292969 -14.747289657592773
517 -85.78227996826172 -14.785920143127441
518 -86.12631225585938 -14.823960304260254
519 -86.28486633300781 -14.878549575805664
520 -86.44322204589844 -14.972376823425293
521 -86.66068267822266 -15.137186050415039
522 -86.97956848144531 -15.379194259643555
523 -87.26663208007812 -15.627120971679688
524 -87.35774230957031 -15.950923919677734
525 -87.35691833496094 -16.2552490234375
526 -87.30171966552734 -16.66226577758789
527 -87.1871337890625 -16.92818260192871
528 -87.07695007324219 -17.13035774230957
529 -86.9297103881836 -17.327489852905273
530 -86.82130432128906 -17.532562255859375
531 -86.62007141113281 -17.632850646972656
532 -86.27117156982422 -17.690427780151367
533 -85.91346740722656 -17.842788696289062
534 -85.646728515625 -17.943456649780273
535 -85.38526153564453 -18.04557228088379
536 -85.08391571044922 -18.187776565551758
537 -84.4832992553711 -18.43138885498047
538 -84.29032135009766 -18.53545379638672
539 -83.90647888183594 -18.78914451599121
540 -83.63251495361328 -18.999086380004883
541 -83.62765502929688 -19.1534366607666
542 -83.51512908935547 -19.37312126159668
543 -83.45903778076172 -19.65422248840332
544 -83.39524841308594 -19.989439010620117
545 -83.34883117675781 -20.227134704589844
546 -83.2830810546875 -20.397197723388672
547 -83.06150817871094 -20.601537704467773
548 -82.8106460571289 -20.75105857849121
549 -82.541259765625 -20.871387481689453
550 -82.23885345458984 -20.987403869628906
551 -81.927734375 -20.988426208496094
552 -81.63053894042969 -20.836164474487305
553 -81.42625427246094 -20.680164337158203
554 -81.30625915527344 -20.52093505859375
555 -81.22001647949219 -20.239450454711914
556 -81.14418029785156 -19.960895538330078
557 -71.22421264648438 -4.65778112411499
558 -71.15513610839844 -4.326391696929932
559 -71.12571716308594 -4.076014041900635
560 -71.14482116699219 -3.855900764465332
561 -71.31024169921875 -3.5914697647094727
562 -71.53326416015625 -3.318157434463501
563 -71.8615951538086 -3.0676255226135254
564 -71.99271392822266 -2.7951362133026123
565 -72.02166748046875 -2.551499128341675
566 -72.03191375732422 -2.1640491485595703
567 -72.10533905029297 -1.8420524597167969
568 -72.20968627929688 -1.6222147941589355
569 -72.33535766601562 -1.366344928741455
570 -72.41405487060547 -1.1375818252563477
571 -72.49800872802734 -0.9242693185806274
572 -72.56078338623047 -0.7261349558830261
573 -72.50835418701172 -0.5068613290786743
574 -72.38523864746094 -0.28732529282569885
575 -72.16899871826172 -0.26559412479400635
576 -71.91646575927734 -0.29934173822402954
577 -71.58329010009766 -0.32121819257736206
578 -71.16065216064453 -0.4348829686641693
579 -70.9964599609375 -0.526992917060852
580 -70.6615219116211 -0.8756195306777954
581 -70.2663345336914 -1.2884749174118042
582 -70.08358764648438 -1.474207878112793
583 -69.93611145019531 -1.610445261001587
584 -69.64165496826172 -1.6154801845550537
585 -69.10209655761719 -1.557563066482544
586 -68.62864685058594 -1.5058757066726685
587 -68.26321411132812 -1.4536253213882446
588 -67.81840515136719 -1.3825732469558716
589 -67.5888671875 -1.247093915939331
590 -67.49329376220703 -1.0803050994873047
591 -67.4433364868164 -0.8722112774848938
592 -67.50161743164062 -0.563513994216919
593 -67.63636016845703 -0.2698066532611847
594 -67.83111572265625 0.08979980647563934
595 -68.17051696777344 0.18833886086940765
596 -68.48054504394531 0.22897468507289886
597 -76.21485900878906 -3.286419153213501
598 -76.50850677490234 -3.4837429523468018
599 -76.61844635009766 -3.616558074951172
600 -76.99759674072266 -3.9121339321136475
601 -78.77352142333984 -6.311761379241943
602 -78.86695098876953 -6.577582359313965
603 -78.8477554321289 -6.828152656555176
604 -78.73758697509766 -7.1334357261657715
605 -78.60005187988281 -7.403273582458496
606 -78.49341583251953 -7.628790855407715
607 -78.4475326538086 -7.803468704223633
608 -78.37559509277344 -8.093144416809082
609 -78.37739562988281 -8.471744537353516
610 -78.34968566894531 -8.881492614746094
611 -78.223876953125 -9.070878982543945
612 -77.71501922607422 -9.401899337768555
613 -77.58909606933594 -9.491382598876953
614 -77.42102813720703 -9.582354545593262
615 -77.1607437133789 -9.590564727783203
616 -76.58638763427734 -9.469849586486816
617 -75.96143341064453 -9.31905460357666
618 -74.70612335205078 -8.933576583862305
619 -74.36018371582031 -8.929372787475586
620 -73.85189819335938 -8.970727920532227
621 -73.44776916503906 -9.139629364013672
622 -73.10099792480469 -9.405791282653809
623 -72.74674987792969 -9.633679389953613
624 -72.49375915527344 -9.852298736572266
625 -72.4361801147461 -9.966078758239746
626 -72.28545379638672 -10.204318046569824
627 -72.20269012451172 -10.426773071289062
628 -72.13426208496094 -10.574226379394531
629 -72.14576721191406 -10.74278450012207
630 -72.17200469970703 -10.922977447509766
631 -74.4507064819336 -15.834324836730957
632 -74.62895965576172 -16.249399185180664
633 -74.71708679199219 -16.47349739074707
634 -74.84491729736328 -16.67563819885254
635 -74.98966979980469 -16.81822395324707
636 -75.2869644165039 -17.040401458740234
637 -75.6014633178711 -17.269546508789062
638 -75.75819396972656 -17.40321922302246
639 -76.06854248046875 -17.69445037841797
640 -76.35636138916016 -17.95661735534668
641 -76.5058364868164 -18.08039093017578
642 -76.6768569946289 -18.24221420288086
643 -76.79125213623047 -18.36716079711914
644 -77.04424285888672 -18.607831954956055
645 -77.33203887939453 -18.83875274658203
646 -77.74691772460938 -19.050573348999023
647 -78.12086486816406 -19.176267623901367
648 -78.48223114013672 -19.35728645324707
649 -78.68618774414062 -19.50086212158203
650 -78.71440887451172 -19.673612594604492
651 -78.75238037109375 -20.023555755615234
652 -78.72359466552734 -20.29872703552246
653 -78.64488220214844 -20.777029037475586
654 -78.52728271484375 -21.235694885253906
655 -78.45848846435547 -21.481727600097656
656 -78.38626098632812 -21.756603240966797
657 -78.34961700439453 -22.071258544921875
658 -78.25190734863281 -22.386646270751953
659 -78.23440551757812 -22.57374382019043
660 -78.11225128173828 -22.732704162597656
661 -77.99748992919922 -22.948566436767578
662 -77.71458435058594 -23.15886116027832
663 -77.17406463623047 -23.424400329589844
664 -76.8690185546875 -23.481224060058594
665 -76.6972885131836 -23.472843170166016
666 -76.48280334472656 -23.4615535736084
667 -76.2802963256836 -23.27717399597168
668 -75.93852233886719 -22.94388198852539
669 -75.72750854492188 -22.71564292907715
670 -75.52290344238281 -22.502025604248047
671 -75.41693878173828 -22.299264907836914
672 -75.3830795288086 -22.063018798828125
673 -75.47048950195312 -21.695045471191406
674 -75.62444305419922 -21.238351821899414
675 -75.55925750732422 -21.01139259338379
676 -75.44583129882812 -20.799497604370117
677 -75.15119934082031 -20.750337600708008
678 -74.18685150146484 -20.683671951293945
679 -73.92447662353516 -20.644187927246094
680 -73.31782531738281 -20.511137008666992
681 -72.7260971069336 -20.475627899169922
682 -72.4068603515625 -20.446836471557617
683 -72.22470092773438 -20.261716842651367
684 -72.01588439941406 -20.05654525756836
685 -71.96350860595703 -19.852502822875977
686 -72.08136749267578 -19.6015567779541
687 -72.2868881225586 -19.373220443725586
688 -72.539794921875 -19.114282608032227
689 -72.8834228515625 -18.866912841796875
690 -73.21776580810547 -18.656673431396484
691 -73.59175872802734 -18.493162155151367
692 -73.77519989013672 -18.499643325805664
693 -74.20811462402344 -18.545135498046875
694 -74.55474853515625 -18.547035217285156
695 -79.37161254882812 -14.56096076965332
696 -79.47463989257812 -14.446725845336914
697 -79.78451538085938 -14.283157348632812
698 -80.01791381835938 -14.150980949401855
699 -80.44242095947266 -13.913910865783691
700 -80.71000671386719 -13.712475776672363
701 -80.92488098144531 -13.73682689666748
702 -81.0666275024414 -13.80438232421875
703 -81.26789093017578 -13.978135108947754
704 -81.53858947753906 -14.0594482421875
705 -81.82575225830078 -14.037858009338379
706 -82.09558868408203 -13.925788879394531
707 -82.3831558227539 -13.661490440368652
708 -82.49760437011719 -13.426353454589844
709 -82.49349975585938 -13.219759941101074
710 -82.37346649169922 -12.826837539672852
711 -82.3759765625 -12.565932273864746
712 -82.21414184570312 -12.133210182189941
713 -82.14740753173828 -11.94576358795166
714 -82.2723388671875 -11.593904495239258
715 -82.34336853027344 -11.281336784362793
716 -82.41918182373047 -11.062511444091797
717 -82.59362030029297 -10.894808769226074
718 -82.80609893798828 -10.756027221679688
719 -83.14051818847656 -10.679149627685547
720 -83.45076751708984 -10.516402244567871
721 -83.54872131347656 -10.412117958068848
722 -83.72846221923828 -10.181126594543457
723 -83.91751861572266 -9.91772174835205
724 -83.86702728271484 -9.716400146484375
725 -83.7472152709961 -9.410236358642578
726 -83.52507781982422 -9.02676773071289
727 -83.11153411865234 -8.393376350402832
728 -82.91869354248047 -7.9754109382629395
729 -82.82290649414062 -7.58798360824585
730 -82.74348449707031 -7.361234188079834
731 -82.61840057373047 -7.085699081420898
732 -82.48790740966797 -6.884162425994873
733 -82.16780853271484 -6.564514636993408
734 -81.83649444580078 -6.348457336425781
735 -81.67044830322266 -6.272125244140625
736 -81.54523468017578 -6.3013410568237305
737 -81.46083068847656 -6.471163272857666
738 -81.32161712646484 -6.8467864990234375
739 -81.2637710571289 -7.347872734069824
740 -81.1570053100586 -8.006294250488281
741 -81.05736541748047 -8.274309158325195
742 -80.90068054199219 -8.46009635925293
743 -80.77352142333984 -8.712065696716309
744 -80.61128234863281 -8.949369430541992
745 -80.514892578125 -9.173221588134766
746 -68.43244934082031 -27.760683059692383
747 -68.31084442138672 -27.815385818481445
748 -68.15489959716797 -27.78921890258789
749 -67.93553161621094 -27.69455909729004
750 -67.69558715820312 -27.541561126708984
751 -67.32737731933594 -27.239599227905273
752 -67.02096557617188 -27.032752990722656
753 -66.90167999267578 -26.841602325439453
754 -66.95040130615234 -26.600770950317383
755 -66.89876556396484 -26.259939193725586
756 -66.98551177978516 -25.91945457458496
757 -67.05896759033203 -25.731260299682617
758 -67.1369400024414 -25.483980178833008
759 -67.23336029052734 -25.20813751220703
760 -67.37784576416016 -24.896196365356445
761 -67.47833251953125 -24.600234985351562
762 -67.53317260742188 -24.495698928833008
763 -76.32894897460938 -8.016029357910156
764 -76.27847290039062 -7.8770432472229
765 -76.18453216552734 -7.788536548614502
766 -75.18354034423828 -7.34166955947876
767 -75.03697967529297 -7.20613956451416
768 -74.93292236328125 -6.970040321350098
769 -75.03438568115234 -6.735960006713867
770 -75.17694091796875 -6.526195526123047
771 -75.53922271728516 -6.32965612411499
772 -75.80203247070312 -6.167076587677002
773 -76.14836883544922 -5.889575481414795
774 -76.79789733886719 -5.550621032714844
775 -77.1390609741211 -5.415657043457031
776 -77.38086700439453 -5.315560817718506
777 -77.63079071044922 -5.214339733123779
778 -77.91923522949219 -5.126596927642822
779 -78.31806182861328 -4.99691915512085
780 -78.78754425048828 -4.889647960662842
781 -79.03033447265625 -4.788624286651611
782 -79.3217544555664 -4.7347092628479
783 -79.56139373779297 -4.694083213806152
784 -79.9974365234375 -4.600551128387451
785 -80.26045989990234 -4.454464435577393
786 -80.49171447753906 -4.275188446044922
787 -80.67558288574219 -4.0269646644592285
788 -80.85665893554688 -3.6998682022094727
789 -80.96026611328125 -3.354724168777466
790 -80.99464416503906 -3.1207385063171387
791 -81.0226821899414 -2.881499767303467
792 -81.00733947753906 -2.6501388549804688
793 -80.97189331054688 -2.223721981048584
794 -80.99162292480469 -1.7352269887924194
795 -81.01012420654297 -1.45149564743042
796 -81.01995086669922 -0.9539850354194641
797 -80.90210723876953 -0.2446497231721878
798 -80.74292755126953 0.25393685698509216
799 -80.66385650634766 0.5031733512878418
800 -80.60910034179688 0.7752981781959534
801 -80.51493072509766 1.0860732793807983
802 -80.29409790039062 1.5574977397918701
803 -80.18272399902344 1.802662968635559
804 -80.08682250976562 2.1588797569274902
805 -80.02239227294922 2.5016677379608154
806 -80.08535766601562 3.0360472202301025
807 -80.1476058959961 3.236173391342163
808 -80.32615661621094 3.36234712600708
809 -80.61600494384766 3.5417656898498535
810 -80.91329193115234 3.8674185276031494
811 -81.0802993774414 4.076390743255615
812 -81.25518035888672 4.333958148956299
813 -81.3353271484375 4.516577243804932
814 -81.46115112304688 4.885593414306641
815 -81.59683990478516 5.264011859893799
816 -81.66047668457031 5.431913375854492
817 -81.77992248535156 5.729186058044434
818 -81.9046401977539 5.989778518676758
819 -82.09580993652344 6.0702595710754395
820 -82.5284652709961 6.146780014038086
821 -82.89920806884766 6.250380992889404
822 -83.1383056640625 6.289045333862305
823 -83.31967163085938 6.271456718444824
824 -83.49198913574219 6.027913570404053
825 -83.70626831054688 5.645316123962402
826 -84.00987243652344 5.265948295593262
827 -84.25831604003906 5.108785629272461
828 -84.53009796142578 5.1077494621276855
829 -84.8857192993164 5.336214542388916
830 -85.14784240722656 5.612093448638916
831 -85.32354736328125 5.846037864685059
832 -85.51347351074219 5.998310565948486
833 -85.71990966796875 6.056087970733643
834 -86.10163116455078 6.049106597900391
835 -86.3911361694336 6.018980026245117
836 -86.69951629638672 6.048095226287842
837 -86.91324615478516 6.047818183898926
838 -87.27392578125 6.038951396942139
839 -87.71208953857422 5.98427677154541
840 -87.89479064941406 5.958057880401611
841 -87.9747543334961 5.770715236663818
842 -88.19156646728516 5.363879680633545
843 -88.4305191040039 4.946692943572998
844 -88.53245544433594 4.640345573425293
845 -88.5399398803711 4.458550453186035
846 -69.52838134765625 -5.454832077026367
847 -69.42252349853516 -5.33580207824707
848 -69.27643585205078 -5.154249668121338
849 -69.07299041748047 -4.796569347381592
850 -68.89241027832031 -4.549461841583252
851 -68.56473541259766 -4.371929168701172
852 -68.21102142333984 -4.2738356590271
853 -67.97725677490234 -4.3961501121521
854 -67.67656707763672 -4.59283447265625
855 -67.43241119384766 -4.744816780090332
856 -67.2201156616211 -5.010158538818359
857 -67.14739990234375 -5.1433186531066895
858 -67.17496490478516 -5.396727085113525
859 -67.23674774169922 -5.657169342041016
860 -67.09820556640625 -6.269049644470215
861 -66.76720428466797 -6.624879837036133
862 -66.52082824707031 -6.761396884918213
863 -66.17386627197266 -6.769547939300537
864 -65.92620849609375 -6.698415279388428
865 -65.36560821533203 -6.076863765716553
866 -65.04048156738281 -5.811593055725098
867 -64.67607116699219 -5.632218360900879
868 -64.37989044189453 -5.573653221130371
869 -64.06705474853516 -5.590804100036621
870 -63.872093200683594 -5.6025390625
871 -63.71856689453125 -5.672266960144043
872 -63.48701858520508 -5.827345371246338
873 -63.42852020263672 -6.3555588722229
874 -63.27085494995117 -6.737959384918213
875 -63.14280319213867 -6.986278057098389
876 -62.86355972290039 -7.488803386688232
877 -62.727325439453125 -7.831640243530273
878 -62.67860412597656 -8.151498794555664
879 -62.64048385620117 -8.39924430847168
880 -62.705833435058594 -8.645265579223633
881 -62.81814956665039 -8.944915771484375
882 -62.88151550292969 -9.177533149719238
883 -62.93606185913086 -9.48994255065918
884 -62.97103500366211 -9.633353233337402
885 -81.01945495605469 -25.27764129638672
886 -81.22383117675781 -25.068958282470703
887 -81.5700454711914 -24.533517837524414
888 -81.70138549804688 -24.273983001708984
889 -81.802490234375 -24.08565330505371
890 -81.9406509399414 -23.88058853149414
891 -82.1620864868164 -23.641258239746094
892 -82.62568664550781 -23.242292404174805
893 -82.90581512451172 -23.260814666748047
894 -83.31990051269531 -23.63943099975586
895 -83.5130844116211 -23.89726448059082
896 -83.55683135986328 -24.14566993713379
897 -83.56463623046875 -24.682918548583984
898 -83.56907653808594 -25.4193172454834
899 -83.55052947998047 -25.8365535736084
900 -83.66051483154297 -26.206050872802734
901 -83.81764221191406 -26.39351463317871
902 -83.9597396850586 -26.58296775817871
903 -84.19955444335938 -26.78231430053711
904 -84.50630187988281 -26.92638397216797
905 -84.7911605834961 -27.011333465576172
906 -85.08802795410156 -27.054363250732422
907 -85.32550811767578 -26.931962966918945
908 -85.4693374633789 -26.77812957763672
909 -85.68252563476562 -26.62318992614746
910 -85.93412780761719 -26.48598289489746
911 -86.0967788696289 -26.34111976623535
912 -86.23374938964844 -26.02752113342285
913 -86.42662811279297 -25.658756256103516
914 -86.60256958007812 -25.328908920288086
915 -86.64910125732422 -25.073524475097656
916 -86.55673217773438 -24.801315307617188
917 -86.4056396484375 -24.58409881591797
918 -85.83344268798828 -23.919124603271484
919 -85.62237548828125 -23.689804077148438
920 -85.65110778808594 -23.532625198364258
921 -85.74404907226562 -23.293607711791992
922 -85.92391967773438 -22.924680709838867
923 -86.23287200927734 -22.330646514892578
924 -86.45671081542969 -22.07439422607422
925 -86.7462158203125 -21.83057403564453
926 -86.9640884399414 -21.695924758911133
927 -87.08350372314453 -21.603744506835938
928 -87.17781829833984 -21.335268020629883
929 -87.2929458618164 -20.848045349121094
930 -87.34345245361328 -20.571836471557617
931 -87.51520538330078 -20.19963264465332
932 -87.795166015625 -19.841880798339844
933 -88.00492858886719 -19.56491470336914
934 -88.14873504638672 -19.32907485961914
935 -88.352294921875 -19.25181770324707
936 -88.6978530883789 -19.091489791870117
937 -88.85752868652344 -19.007558822631836
938 -89.11414337158203 -19.01694679260254
939 -89.29933166503906 -19.03174591064453
940 -89.65255737304688 -19.109039306640625
941 -90.09447479248047 -19.209728240966797
942 -90.51496124267578 -19.337316513061523
943 -90.82247161865234 -19.422863006591797
944 -91.00047302246094 -19.415016174316406
945 -91.28482055664062 -19.288209915161133
946 -91.57929992675781 -19.10124969482422
947 -91.65422821044922 -18.84744644165039
948 -91.6600112915039 -18.54453468322754
949 -91.68666076660156 -18.28845977783203
950 -91.65868377685547 -18.04302406311035
951 -91.5300521850586 -17.556657791137695
952 -91.51471710205078 -16.96582794189453
953 -91.46308135986328 -16.61294937133789
954 -91.38817596435547 -16.242040634155273
955 -91.25865936279297 -15.874842643737793
956 -91.14690399169922 -15.441081047058105
957 -91.03658294677734 -15.070581436157227
958 -90.93942260742188 -14.763538360595703
959 -90.88128662109375 -14.549935340881348
960 -90.78717803955078 -14.269822120666504
961 -90.56990051269531 -13.816400527954102
962 -90.39170837402344 -13.548203468322754
963 -90.28352355957031 -13.289778709411621
964 -90.14286804199219 -12.84696102142334
965 -90.05155944824219 -12.388651847839355
966 -90.01553344726562 -11.999835968017578
967 -89.99608612060547 -11.707221984863281
968 -90.08016967773438 -11.24343490600586
969 -90.24408721923828 -10.780208587646484
970 -90.65221405029297 -9.856162071228027
971 -90.78263092041016 -9.600499153137207
972 -90.95226287841797 -9.355042457580566
973 -91.14165496826172 -9.097506523132324
974 -91.26744842529297 -8.972676277160645
975 -91.54522705078125 -8.717061996459961
976 -91.7778091430664 -8.530211448669434
977 -92.08480072021484 -8.395031929016113
978 -92.35169982910156 -8.306939125061035
979 -92.6474380493164 -8.337752342224121
980 -92.94578552246094 -8.55038070678711
981 -93.12760925292969 -8.730749130249023
982 -93.2573013305664 -8.865400314331055
983 -93.60816192626953 -9.391942977905273
984 -93.92961120605469 -9.929638862609863
985 -94.02570343017578 -10.170129776000977
986 -94.1083984375 -10.438905715942383
987 -94.19261169433594 -10.76203727722168
988 -94.35846710205078 -11.144706726074219
989 -94.45858001708984 -11.440435409545898
990 -94.53172302246094 -11.773158073425293
991 -94.51507568359375 -12.14864444732666
992 -94.44512176513672 -12.572802543640137
993 -94.43245697021484 -12.658193588256836
994 -94.36470031738281 -12.86617660522461
995 -94.23651885986328 -13.332594871520996
996 -94.15824890136719 -13.578441619873047
997 -94.01697540283203 -13.809192657470703
998 -93.924072265625 -13.987839698791504
999 -93.8940658569336 -14.08376693725586
