0 23.6507625579834 -78.25452423095703
1 23.64263343811035 -78.1256332397461
2 23.585065841674805 -77.83963775634766
3 23.18505859375 -76.81109619140625
4 23.03999900817871 -76.60376739501953
5 22.292211532592773 -75.96569061279297
6 21.9999942779541 -75.68831634521484
7 21.64165496826172 -75.43832397460938
8 21.212892532348633 -75.27082061767578
9 20.258703231811523 -74.9761734008789
10 20.03285789489746 -74.9063491821289
11 19.737247467041016 -74.82135772705078
12 19.51045799255371 -74.73751831054688
13 19.345457077026367 -74.68719482421875
14 6.497354507446289 -73.10955810546875
15 6.255364894866943 -73.04890441894531
16 5.963627815246582 -73.00013732910156
17 5.704204082489014 -72.96637725830078
18 5.284114837646484 -72.98260498046875
19 4.613962650299072 -73.1604232788086
20 4.232420444488525 -73.21258544921875
21 3.994269847869873 -73.1729736328125
22 3.792572498321533 -73.13733673095703
23 3.2046449184417725 -73.30509185791016
24 3.021557331085205 -73.36461639404297
25 2.5178096294403076 -73.31182861328125
26 2.203918933868408 -73.20999908447266
27 -5.551698207855225 -60.20689010620117
28 -5.626047611236572 -60.021121978759766
29 -5.790708065032959 -59.631046295166016
30 -5.980934143066406 -59.00300598144531
31 -6.0475664138793945 -58.65885543823242
32 -6.009729862213135 -58.35721206665039
33 -5.860062599182129 -58.00569152832031
34 -5.679931163787842 -57.593589782714844
35 -5.5220723152160645 -57.35773468017578
36 -5.384828567504883 -57.19801330566406
37 25.163455963134766 -75.05210876464844
38 25.327411651611328 -74.9178237915039
39 25.59630584716797 -74.6032485961914
40 25.822494506835938 -74.48343658447266
41 26.197498321533203 -74.39228057861328
42 26.573566436767578 -74.38190460205078
43 26.858234405517578 -74.40869903564453
44 27.23603630065918 -74.57574462890625
45 27.4980411529541 -74.71263885498047
46 27.80967140197754 -74.80116271972656
47 28.355430603027344 -74.88760375976562
48 28.731983184814453 -74.92056274414062
49 29.122806549072266 -74.93963623046875
50 29.530744552612305 -74.94694519042969
51 29.93257713317871 -75.00627899169922
52 30.439390182495117 -75.1645736694336
53 30.936176300048828 -75.55665588378906
54 31.175880432128906 -75.7725830078125
55 31.419788360595703 -76.29458618164062
56 31.438236236572266 -76.52718353271484
57 31.331911087036133 -76.75183868408203
58 31.106761932373047 -77.06403350830078
59 30.85333251953125 -77.39875793457031
60 28.09707260131836 -80.69437408447266
61 27.902727127075195 -81.01683044433594
62 27.787853240966797 -81.28958129882812
63 27.767614364624023 -81.91075897216797
64 27.745357513427734 -82.2669906616211
65 27.67622184753418 -82.92122650146484
66 27.58119010925293 -83.27232360839844
67 27.4567928314209 -83.69896697998047
68 27.323801040649414 -84.24388885498047
69 27.120763778686523 -84.90574645996094
70 26.982715606689453 -85.38751220703125
71 26.869794845581055 -85.7523422241211
72 26.727109909057617 -86.05169677734375
73 26.613609313964844 -86.20693969726562
74 17.333171844482422 -90.07811737060547
75 16.949440002441406 -90.0854721069336
76 16.672794342041016 -90.08158111572266
77 16.408597946166992 -89.97208404541016
78 16.08418846130371 -89.68368530273438
79 15.708477973937988 -89.32514190673828
80 15.17333984375 -88.87545776367188
81 14.912193298339844 -88.69511413574219
82 14.245881080627441 -88.27355194091797
83 13.850231170654297 -88.01969146728516
84 13.515434265136719 -87.78395080566406
85 13.246691703796387 -87.63883972167969
86 12.849076271057129 -87.45614624023438
87 12.031521797180176 -87.15326690673828
88 11.262152671813965 -86.97744750976562
89 10.95634651184082 -86.92493438720703
90 10.383302688598633 -86.75294494628906
91 9.95405101776123 -86.59525299072266
92 9.380025863647461 -86.31310272216797
93 9.009851455688477 -86.16561889648438
94 8.764952659606934 -86.0872802734375
95 8.25381851196289 -85.96550750732422
96 7.933316707611084 -85.87715148925781
97 7.343555450439453 -85.74809265136719
98 7.047002792358398 -85.69273376464844
99 6.605339050292969 -85.50601959228516
100 6.258357524871826 -85.43294525146484
101 5.848094463348389 -85.41097259521484
102 5.544185638427734 -85.4546890258789
103 5.07733678817749 -85.74727630615234
104 4.8414692878723145 -86.14441680908203
105 4.735821723937988 -86.55787658691406
106 4.8048272132873535 -86.78904724121094
107 4.999812126159668 -86.98278045654297
108 5.253518581390381 -87.16047668457031
109 5.627480506896973 -87.3685073852539
110 5.960418701171875 -87.6612319946289
111 6.2003655433654785 -87.79791259765625
112 6.390612602233887 -87.90574645996094
113 25.818492889404297 -62.286312103271484
114 25.742074966430664 -62.427188873291016
115 25.566370010375977 -62.65118408203125
116 25.398534774780273 -62.860069274902344
117 24.89455795288086 -63.70445251464844
118 24.85700035095215 -63.88041305541992
119 24.939138412475586 -64.47782897949219
120 24.98386573791504 -64.77088165283203
121 25.044706344604492 -65.30390930175781
122 25.111980438232422 -66.19920349121094
123 25.094419479370117 -66.46080017089844
124 24.84229278564453 -66.85796356201172
125 24.5284481048584 -67.28523254394531
126 24.31273651123047 -67.53318786621094
127 24.195920944213867 -67.66900634765625
128 24.08344268798828 -67.95091247558594
129 22.198162078857422 -71.04412841796875
130 21.94112205505371 -71.4265365600586
131 21.683032989501953 -71.64802551269531
132 21.397397994995117 -71.87043762207031
133 21.11973762512207 -72.02460479736328
134 20.724077224731445 -72.0776596069336
135 20.34124755859375 -72.02033996582031
136 19.994579315185547 -71.81964111328125
137 19.467370986938477 -71.46173858642578
138 19.167495727539062 -71.18926239013672
139 18.77537727355957 -70.73712158203125
140 18.435823440551758 -70.39130401611328
141 18.099885940551758 -70.04686737060547
142 17.949005126953125 -69.82390594482422
143 17.873065948486328 -69.64204406738281
144 17.603675842285156 -68.86102294921875
145 17.43393325805664 -68.63134765625
146 17.271486282348633 -68.55558013916016
147 16.92850112915039 -68.4046401977539
148 8.521441459655762 -63.68659591674805
149 8.19767951965332 -63.53036880493164
150 7.98934268951416 -63.353599548339844
151 7.67666482925415 -62.98869323730469
152 7.461257457733154 -62.72821807861328
153 7.375468730926514 -62.56074905395508
154 7.219817161560059 -62.06209945678711
155 6.830482006072998 -61.05165481567383
156 6.728917598724365 -60.701507568359375
157 6.678852558135986 -60.159332275390625
158 6.7493767738342285 -59.89049530029297
159 6.843135356903076 -59.723541259765625
160 7.007214546203613 -59.553890228271484
161 7.233839511871338 -59.36175537109375
162 15.478636741638184 -55.83415222167969
163 15.802621841430664 -55.91661071777344
164 16.209278106689453 -56.051116943359375
165 16.427461624145508 -56.25288009643555
166 16.6751766204834 -56.71826171875
167 16.61795425415039 -56.95061111450195
168 16.426210403442383 -57.15134048461914
169 16.022504806518555 -57.37800216674805
170 15.083133697509766 -57.75373458862305
171 14.504868507385254 -58.23861312866211
172 14.184773445129395 -58.7252311706543
173 14.050752639770508 -59.097721099853516
174 13.995269775390625 -59.483551025390625
175 13.989104270935059 -59.890628814697266
176 14.026241302490234 -60.27595520019531
177 14.045397758483887 -60.503028869628906
178 14.133330345153809 -60.73338317871094
179 14.509211540222168 -61.005760192871094
180 14.858368873596191 -61.60495376586914
181 14.939179420471191 -61.94096755981445
182 15.054497718811035 -62.47590255737305
183 15.224363327026367 -62.77908706665039
184 15.308748245239258 -63.015689849853516
185 15.239800453186035 -63.236019134521484
186 15.05746078491211 -63.70731735229492
187 14.868568420410156 -64.16515350341797
188 14.68648624420166 -64.33352661132812
189 14.254230499267578 -64.30347442626953
190 13.410170555114746 -63.8949089050293
191 13.173697471618652 -63.80777359008789
192 13.00850772857666 -63.659507751464844
193 12.782490730285645 -63.36684799194336
194 12.665331840515137 -63.22831726074219
195 12.462997436523438 -62.9080924987793
196 12.264060020446777 -62.56684875488281
197 11.967361450195312 -61.95192337036133
198 11.63802719116211 -61.83427810668945
199 11.035184860229492 -61.716957092285156
200 10.768604278564453 -61.82323455810547
201 10.567911148071289 -62.10905838012695
202 10.494169235229492 -62.58869552612305
203 10.50965690612793 -62.94568634033203
204 10.551215171813965 -63.23036193847656
205 10.688806533813477 -63.96572494506836
206 10.78886604309082 -64.41407012939453
207 10.84780216217041 -64.93619537353516
208 10.798213958740234 -65.50205993652344
209 10.73608684539795 -65.74600219726562
210 10.635684967041016 -65.90270233154297
211 10.31077766418457 -66.3793716430664
212 10.131270408630371 -66.81376647949219
213 9.850692749023438 -67.54666137695312
214 9.76384162902832 -67.71533203125
215 9.578694343566895 -68.12648010253906
216 9.302687644958496 -68.64306640625
217 9.008697509765625 -68.76123046875
218 8.550626754760742 -68.86895751953125
219 8.334210395812988 -68.871337890625
220 7.816524028778076 -68.67613983154297
221 7.540979385375977 -68.4534912109375
222 7.463814735412598 -68.11663818359375
223 7.4792351722717285 -67.76016998291016
224 8.832716941833496 -61.13148498535156
225 8.84493350982666 -60.822818756103516
226 8.887079238891602 -60.49972915649414
227 8.972916603088379 -60.26329040527344
228 9.185399055480957 -60.04832458496094
229 9.742842674255371 -59.93592071533203
230 10.007805824279785 -59.90266418457031
231 10.298897743225098 -59.7976188659668
232 10.719696998596191 -59.44013214111328
233 10.924897193908691 -59.057403564453125
234 10.917814254760742 -58.706024169921875
235 10.803733825683594 -58.38248062133789
236 10.656257629394531 -58.22156524658203
237 10.256884574890137 -57.863677978515625
238 9.959165573120117 -57.624183654785156
239 9.970006942749023 -57.50300216674805
240 10.138300895690918 -57.018184661865234
241 10.364119529724121 -56.762794494628906
242 10.657990455627441 -56.46898651123047
243 11.037097930908203 -56.16887283325195
244 11.286574363708496 -55.94605255126953
245 11.607097625732422 -55.51081466674805
246 11.92282485961914 -55.04166030883789
247 12.014500617980957 -54.72166442871094
248 12.032323837280273 -54.146968841552734
249 11.927934646606445 -53.71184539794922
250 11.680357933044434 -53.35942077636719
251 11.509778022766113 -53.08807373046875
252 11.14172649383545 -53.10062026977539
253 10.681543350219727 -53.18132019042969
254 9.929821968078613 -53.429779052734375
255 9.441853523254395 -53.76868438720703
256 9.078064918518066 -54.12409591674805
257 8.658551216125488 -54.595359802246094
258 8.376434326171875 -54.89295959472656
259 8.03769302368164 -55.22725296020508
260 7.72285795211792 -55.61421585083008
261 7.458925724029541 -55.748348236083984
262 7.063025951385498 -55.87415313720703
263 6.602088928222656 -55.927547454833984
264 6.097019672393799 -56.0087890625
265 5.742945671081543 -56.12459945678711
266 5.432246208190918 -56.4181022644043
267 5.2788405418396 -56.654781341552734
268 5.186919212341309 -56.92934036254883
269 5.083647727966309 -57.308902740478516
270 5.022644519805908 -57.482566833496094
271 4.891123294830322 -57.676753997802734
272 4.82163143157959 -57.893245697021484
273 4.570518970489502 -58.49779510498047
274 4.419386863708496 -58.9809684753418
275 4.33167028427124 -59.40995407104492
276 4.265898704528809 -59.637176513671875
277 1.129570722579956 -68.60919189453125
278 1.1122781038284302 -68.8344497680664
279 1.0489442348480225 -69.48106384277344
280 1.0652681589126587 -69.8392333984375
281 1.1717170476913452 -70.06719970703125
282 1.3683950901031494 -70.36719512939453
283 1.7753543853759766 -70.74604034423828
284 2.1010677814483643 -70.9455795288086
285 2.245952606201172 -70.9796371459961
286 2.49351167678833 -71.03085327148438
287 2.9065959453582764 -71.1898193359375
288 3.2957160472869873 -71.48716735839844
289 3.512782573699951 -71.62801361083984
290 7.697417736053467 -80.38383483886719
291 7.763287544250488 -80.44597625732422
292 7.902128219604492 -80.696533203125
293 8.129448890686035 -81.10726928710938
294 8.222112655639648 -81.40021514892578
295 8.342028617858887 -81.79450988769531
296 8.419230461120605 -82.17176055908203
297 8.674930572509766 -82.13550567626953
298 8.8219575881958 -82.15032958984375
299 9.394791603088379 -82.2479019165039
300 9.653341293334961 -82.33551025390625
301 9.980683326721191 -82.6049575805664
302 10.115604400634766 -82.87284088134766
303 10.217561721801758 -83.16976165771484
304 10.332765579223633 -83.48003387451172
305 10.556279182434082 -83.96541595458984
306 10.679272651672363 -84.08190155029297
307 10.880599021911621 -84.29991912841797
308 11.172225952148438 -84.59736633300781
309 11.529470443725586 -84.8292007446289
310 11.973044395446777 -84.98606872558594
311 12.443363189697266 -84.91293334960938
312 12.636366844177246 -84.78295135498047
313 1.700228214263916 -60.12706756591797
314 1.7551445960998535 -60.197547912597656
315 1.8381261825561523 -60.38642883300781
316 2.0852296352386475 -60.71689987182617
317 2.4013357162475586 -61.01620101928711
318 2.7192397117614746 -61.2639045715332
319 2.993370532989502 -61.43947219848633
320 3.2826380729675293 -61.582218170166016
321 3.716831684112549 -61.690303802490234
322 4.170128345489502 -61.861236572265625
323 4.410079002380371 -62.023895263671875
324 4.689479827880859 -62.53949737548828
325 4.774007320404053 -62.7645149230957
326 5.381425857543945 -68.72576904296875
327 5.4315385818481445 -68.9981460571289
328 5.517524719238281 -69.3353042602539
329 5.654604434967041 -69.80152130126953
330 5.764026165008545 -70.06427001953125
331 5.9652557373046875 -70.2760009765625
332 6.516751289367676 -70.63582611083984
333 7.0870466232299805 -70.77755737304688
334 7.562563896179199 -70.8796157836914
335 7.992490291595459 -70.95436096191406
336 8.306440353393555 -71.06974792480469
337 8.777178764343262 -71.39136505126953
338 9.112299919128418 -71.67452239990234
339 9.40231704711914 -71.89861297607422
340 9.787792205810547 -72.09972381591797
341 10.273516654968262 -72.39158630371094
342 10.780054092407227 -72.85297393798828
343 11.0785493850708 -73.21336364746094
344 11.240370750427246 -73.50000762939453
345 12.546052932739258 -77.65860748291016
346 12.582719802856445 -77.90853118896484
347 12.525280952453613 -78.4436264038086
348 12.343473434448242 -78.81951904296875
349 12.137041091918945 -79.04524993896484
350 11.752107620239258 -79.27483367919922
351 11.101798057556152 -79.64427185058594
352 10.90131664276123 -79.88179016113281
353 10.897045135498047 -80.1895980834961
354 11.190716743469238 -80.37609100341797
355 11.489455223083496 -80.47114562988281
356 11.919758796691895 -80.54963684082031
357 12.425032615661621 -80.71874237060547
358 12.541980743408203 -80.89735412597656
359 12.725947380065918 -81.2149887084961
360 12.755688667297363 -81.48046112060547
361 12.794238090515137 -81.78945922851562
362 12.902518272399902 -82.18500518798828
363 13.109350204467773 -82.43941497802734
364 13.30560302734375 -82.57352447509766
365 13.581280708312988 -82.71916961669922
366 17.43739128112793 -80.1755599975586
367 17.588031768798828 -80.0002670288086
368 17.67776870727539 -79.82161712646484
369 17.850337982177734 -79.37911224365234
370 18.268192291259766 -78.3064193725586
371 18.32000732421875 -78.11553955078125
372 18.48370933532715 -77.89349365234375
373 18.740333557128906 -77.73231506347656
374 19.145679473876953 -77.67340087890625
375 19.64501953125 -77.79815673828125
376 19.855066299438477 -77.99556732177734
377 20.10218620300293 -78.28779602050781
378 20.417741775512695 -78.78032684326172
379 20.724288940429688 -79.13078308105469
380 20.84515380859375 -79.45320129394531
381 20.923267364501953 -80.01636505126953
382 21.069555282592773 -80.58509826660156
383 21.14704132080078 -80.83604431152344
384 21.122180938720703 -80.9640121459961
385 19.35647964477539 -85.64265441894531
386 19.308792114257812 -85.81726837158203
387 19.1618709564209 -86.13720703125
388 18.91960906982422 -86.42450714111328
389 18.602787017822266 -86.67671203613281
390 18.30559539794922 -86.76590728759766
391 17.817556381225586 -86.7967529296875
392 17.468475341796875 -86.69915008544922
393 17.158660888671875 -86.579345703125
394 16.34885597229004 -86.26663970947266
395 15.56020450592041 -85.9599380493164
396 15.240429878234863 -85.79363250732422
397 14.875520706176758 -85.40647888183594
398 14.608248710632324 -85.12278747558594
399 14.477156639099121 -84.90568542480469
400 11.607217788696289 -70.94163513183594
401 11.5138578414917 -70.6633071899414
402 11.43976879119873 -70.18535614013672
403 11.431635856628418 -69.55712127685547
404 11.52992057800293 -68.9534683227539
405 11.683396339416504 -68.50452423095703
406 11.995891571044922 -67.90715789794922
407 12.143089294433594 -67.67643737792969
408 12.339489936828613 -67.47820281982422
409 12.95324420928955 -66.96015930175781
410 13.37053108215332 -66.87589263916016
411 13.795870780944824 -66.88047790527344
412 13.993821144104004 -67.00635528564453
413 14.037174224853516 -67.31966400146484
414 14.147893905639648 -67.878662109375
415 14.213984489440918 -68.21578979492188
416 14.161250114440918 -68.47441864013672
417 14.101395606994629 -68.89279174804688
418 13.929698944091797 -69.22003936767578
419 13.683863639831543 -69.67288208007812
420 13.621221542358398 -69.88340759277344
421 14.639618873596191 -77.0828628540039
422 14.720808982849121 -77.33191680908203
423 14.91793155670166 -77.52884674072266
424 15.067302703857422 -77.83573913574219
425 15.121223449707031 -78.15143585205078
426 15.144599914550781 -78.69689178466797
427 15.053123474121094 -79.1408920288086
428 14.902493476867676 -79.62849426269531
429 14.88554859161377 -79.9686279296875
430 14.915980339050293 -80.21487426757812
431 14.930499076843262 -80.49066162109375
432 15.219891548156738 -81.45196533203125
433 15.287595748901367 -81.67131805419922
434 15.42796802520752 -81.81387329101562
435 15.732094764709473 -82.01305389404297
436 16.377113342285156 -82.25399780273438
437 16.639684677124023 -82.35186004638672
438 16.818315505981445 -82.52995300292969
439 16.958127975463867 -82.73873901367188
440 17.220813751220703 -83.13211822509766
441 17.471641540527344 -83.4260482788086
442 17.76065444946289 -83.55974578857422
443 18.28339195251465 -83.42549133300781
444 18.75112533569336 -83.20877075195312
445 19.167051315307617 -83.02896881103516
446 19.68122673034668 -82.77610778808594
447 19.92218780517578 -82.60735321044922
448 19.9478759765625 -82.47293853759766
449 13.692691802978516 -72.8141860961914
450 13.718915939331055 -72.65962982177734
451 13.794181823730469 -72.5658187866211
452 14.12977123260498 -72.19322967529297
453 14.414389610290527 -71.8805160522461
454 14.640697479248047 -71.66728210449219
455 14.968811988830566 -71.47846221923828
456 15.470419883728027 -71.26950073242188
457 15.84257984161377 -71.09832763671875
458 16.072721481323242 -70.98027801513672
459 20.87375259399414 -68.8077621459961
460 21.268098831176758 -68.81574249267578
461 21.61372947692871 -68.87356567382812
462 22.035703659057617 -69.05402374267578
463 22.3680419921875 -69.23513793945312
464 22.904705047607422 -69.58126831054688
465 23.775169372558594 -70.2916488647461
466 24.08951187133789 -70.62975311279297
467 24.3215389251709 -71.03634643554688
468 24.417741775512695 -71.31721496582031
469 24.543642044067383 -71.82352447509766
470 24.58205223083496 -71.97505187988281
471 -3.3268935680389404 -81.32682037353516
472 -3.1576762199401855 -81.51687622070312
473 -2.8891024589538574 -81.933349609375
474 -2.70938777923584 -81.95709991455078
475 -2.3639824390411377 -81.69209289550781
476 -1.9213073253631592 -81.53413391113281
477 -1.5439790487289429 -81.6733169555664
478 -1.1357781887054443 -81.9573745727539
479 -0.8639596700668335 -82.0350570678711
480 -0.6130052208900452 -81.9588623046875
481 -0.23856092989444733 -81.5155029296875
482 -0.10416670888662338 -81.27275085449219
483 -0.05476278439164162 -80.75487518310547
484 -0.04124755412340164 -80.3453140258789
485 -0.060016728937625885 -80.11868286132812
486 -0.05812780559062958 -79.82642364501953
487 -0.09232822060585022 -79.45677947998047
488 -0.5131024122238159 -78.55525970458984
489 -0.759164035320282 -78.22925567626953
490 -1.2307778596878052 -78.00293731689453
491 -1.5128400325775146 -78.02212524414062
492 -2.0400004386901855 -78.12174224853516
493 -2.43558669090271 -78.28797912597656
494 -3.1553637981414795 -78.54838562011719
495 -3.4355382919311523 -78.65388488769531
496 -3.699969530105591 -78.80751037597656
497 -3.908034563064575 -78.96167755126953
498 -4.531803607940674 -79.44070434570312
499 -4.8077392578125 -79.57280731201172
500 -5.20534086227417 -79.56696319580078
501 -5.591770172119141 -79.56298065185547
502 -5.7215704917907715 -79.3929214477539
503 -5.707995414733887 -79.06066131591797
504 -5.626891613006592 -78.47372436523438
505 -5.4948649406433105 -77.95072174072266
506 -5.326640605926514 -77.68567657470703
507 -5.1230268478393555 -77.35533905029297
508 -4.788658618927002 -76.5741195678711
509 -4.68807315826416 -76.12248992919922
510 -4.66928768157959 -75.92179870605469
511 -4.5579705238342285 -75.56391906738281
512 -4.418038845062256 -75.11299133300781
513 -4.278441905975342 -74.88111877441406
514 -4.061850070953369 -74.78191375732422
515 -3.8671717643737793 -74.74990844726562
516 -3.2347452640533447 -74.95242309570312
517 -3.00728702545166 -75.00841522216797
518 -2.116229772567749 -75.36486053466797
519 -1.8245611190795898 -75.4371566772461
520 -1.5600249767303467 -75.58769226074219
521 -1.3239126205444336 -75.6928939819336
522 -0.9753991365432739 -75.87157440185547
523 -0.2742505371570587 -76.18682098388672
524 0.17041495442390442 -76.43492889404297
525 0.6941505074501038 -76.68096160888672
526 0.9469630718231201 -76.69799041748047
527 1.1067450046539307 -76.62056732177734
528 1.3122761249542236 -76.10676574707031
529 1.3442109823226929 -75.5496826171875
530 1.2760752439498901 -75.15458679199219
531 1.135786533355713 -74.6809310913086
532 0.936083197593689 -74.36444091796875
533 0.22796151041984558 -73.6025161743164
534 0.07540907710790634 -73.40521240234375
535 -0.12814675271511078 -72.99983978271484
536 -0.2935003638267517 -72.67200469970703
537 -0.5648118257522583 -72.21598815917969
538 -0.9023657441139221 -71.75299072265625
539 -1.5250177383422852 -71.18449401855469
540 -1.8076810836791992 -70.90714263916016
541 -1.9711849689483643 -70.8741455078125
542 -2.338719606399536 -70.94430541992188
543 -3.0598607063293457 -71.00155639648438
544 -3.56223464012146 -71.07630157470703
545 -4.1151933670043945 -71.19524383544922
546 -4.331350803375244 -71.2926254272461
547 -4.635464191436768 -71.56197357177734
548 -4.682325839996338 -71.76822662353516
549 3.7098548412323 -77.67826843261719
550 3.599846601486206 -77.83534240722656
551 3.340841770172119 -77.88008880615234
552 3.0208675861358643 -77.79380798339844
553 2.672842025756836 -77.81200408935547
554 2.3890833854675293 -78.0277328491211
555 2.183128833770752 -78.42960357666016
556 1.9772759675979614 -79.06317901611328
557 1.9371281862258911 -79.03672790527344
558 1.868173599243164 -78.91207885742188
559 -4.118844032287598 -67.79590606689453
560 -3.9439499378204346 -67.60865020751953
561 -3.7085719108581543 -67.45782470703125
562 -3.3354549407958984 -67.31171417236328
563 -2.9127490520477295 -67.15900421142578
564 -2.500948429107666 -67.07096099853516
565 -2.1652541160583496 -67.033203125
566 -1.6716184616088867 -66.98199462890625
567 -1.4032196998596191 -66.95282745361328
568 -0.9430075287818909 -66.82121276855469
569 -0.5217717885971069 -66.57676696777344
570 -0.39980506896972656 -66.31448364257812
571 -0.5318166613578796 -65.89508819580078
572 -0.9312119483947754 -65.39055633544922
573 -1.4575624465942383 -64.94297790527344
574 -2.087360143661499 -64.41902923583984
575 -2.3576126098632812 -64.19794464111328
576 -2.465571403503418 -63.892704010009766
577 -2.5220084190368652 -63.59821701049805
578 -2.520214557647705 -63.15681838989258
579 -2.4059717655181885 -62.60177993774414
580 -2.2149295806884766 -62.10340881347656
581 -2.0557146072387695 -61.6204719543457
582 -1.7642422914505005 -60.77765655517578
583 -1.72384512424469 -60.46531295776367
584 -1.6985249519348145 -60.04804992675781
585 -1.716355323791504 -59.8802604675293
586 -8.936080932617188 -73.54991149902344
587 -9.064314842224121 -73.81571960449219
588 -9.193920135498047 -74.13897705078125
589 -9.30445671081543 -74.41331481933594
590 -9.454581260681152 -74.77104187011719
591 -9.70705509185791 -75.26370239257812
592 -9.993629455566406 -75.64894104003906
593 -10.194202423095703 -75.87662506103516
594 -10.402297973632812 -76.1609878540039
595 -10.598942756652832 -76.48017120361328
596 -10.788580894470215 -76.91795349121094
597 -10.99130916595459 -77.77226257324219
598 -11.05093002319336 -78.31558227539062
599 -11.065022468566895 -78.8755111694336
600 -11.004585266113281 -79.21053314208984
601 -10.874188423156738 -79.5467300415039
602 -10.579416275024414 -80.00553894042969
603 -10.407536506652832 -80.26138305664062
604 -10.18113899230957 -80.64297485351562
605 -9.974325180053711 -80.92694091796875
606 -9.765275001525879 -81.19462585449219
607 -9.57348918914795 -81.38923645019531
608 9.8240385055542 -77.37709045410156
609 9.826581001281738 -77.49030303955078
610 9.748448371887207 -77.75433349609375
611 9.611770629882812 -78.0138931274414
612 9.446697235107422 -78.3222427368164
613 9.08604907989502 -78.67902374267578
614 8.97149658203125 -78.8218994140625
615 3.0386266708374023 -89.19264221191406
616 2.7938573360443115 -89.15511322021484
617 2.527411699295044 -89.0453109741211
618 2.234647750854492 -88.82886505126953
619 1.774540662765503 -88.21361541748047
620 1.5353249311447144 -87.7990951538086
621 1.349563717842102 -87.49645233154297
622 1.1742165088653564 -87.39142608642578
623 0.9945787191390991 -87.38924407958984
624 0.12939989566802979 -88.49695587158203
625 -0.09674287587404251 -88.71589660644531
626 -0.38284099102020264 -88.97765350341797
627 -0.5980127453804016 -88.88519287109375
628 -1.0308884382247925 -88.57978057861328
629 -1.3792574405670166 -88.31257629394531
630 -2.053971290588379 -88.1417465209961
631 -2.425171136856079 -88.27617645263672
632 -2.7947769165039062 -88.46617889404297
633 -3.0483381748199463 -88.64949035644531
634 -3.3781445026397705 -88.842041015625
635 -3.8041632175445557 -89.04828643798828
636 -4.180811882019043 -89.08615112304688
637 -4.529391765594482 -88.99333953857422
638 -5.037174701690674 -88.81124114990234
639 -5.375880241394043 -88.62745666503906
640 -6.079622745513916 -88.087646484375
641 -6.327666282653809 -87.82984161376953
642 -6.602100849151611 -87.53765106201172
643 -6.748732089996338 -87.21434783935547
644 -6.9503560066223145 -86.53548431396484
645 -6.966063022613525 -86.2422866821289
646 -6.890568256378174 -85.79817199707031
647 -6.716939926147461 -85.41151428222656
648 -6.423901557922363 -85.08700561523438
649 -6.115981578826904 -84.97061157226562
650 -5.619496822357178 -84.87577056884766
651 -5.334587097167969 -84.81462097167969
652 -4.893482208251953 -84.66167449951172
653 -4.7112531661987305 -84.52047729492188
654 -9.338610649108887 -69.81539154052734
655 -9.291327476501465 -69.46820831298828
656 -9.213778495788574 -69.25015258789062
657 -9.089689254760742 -68.9679946899414
658 -8.916433334350586 -68.63059997558594
659 -8.63979721069336 -68.11852264404297
660 -8.505694389343262 -67.8504638671875
661 -8.3129301071167 -67.55709075927734
662 -8.1380615234375 -67.3724594116211
663 -7.957752704620361 -67.20284271240234
664 -7.542919635772705 -66.7187728881836
665 -6.989776611328125 -66.12020874023438
666 -6.71942138671875 -65.87537384033203
667 -6.526366233825684 -65.71549987792969
668 -6.084716320037842 -65.32227325439453
669 -5.810408115386963 -65.0628890991211
670 -5.448139667510986 -64.76453399658203
671 -5.051546573638916 -64.41045379638672
672 -4.889179706573486 -64.26380157470703
673 -4.766638278961182 -64.2057876586914
674 -0.4047708511352539 -62.88722229003906
675 -0.15832149982452393 -62.82894515991211
676 0.08321113139390945 -62.823184967041016
677 0.3633066713809967 -62.99338150024414
678 0.657565712928772 -63.253421783447266
679 1.256081461906433 -63.9388542175293
680 1.3614065647125244 -64.11714172363281
681 1.4912242889404297 -64.15596008300781
682 9.081616401672363 -73.74098205566406
683 9.12997055053711 -73.95620727539062
684 9.145055770874023 -74.27438354492188
685 9.090116500854492 -74.73866271972656
686 9.072920799255371 -75.11503601074219
687 8.789017677307129 -75.54564666748047
688 8.580721855163574 -75.546875
689 7.516980171203613 -75.22322845458984
690 7.153584003448486 -75.19610595703125
691 6.854376792907715 -75.24879455566406
692 6.477214813232422 -75.36943054199219
693 6.260280609130859 -75.51235961914062
694 6.143520832061768 -75.57413482666016
695 5.593590259552002 -75.90898132324219
696 5.24328088760376 -76.1548080444336
697 4.917695045471191 -76.3707275390625
698 4.657369136810303 -76.39627075195312
699 4.402786731719971 -76.24301147460938
700 3.89005970954895 -75.72760772705078
701 3.8231723308563232 -75.43588256835938
702 3.888381004333496 -75.0070571899414
703 3.976235866546631 -74.89469909667969
704 17.189767837524414 -60.86798095703125
705 17.289318084716797 -60.58539962768555
706 17.413700103759766 -60.188106536865234
707 17.551668167114258 -59.98031234741211
708 18.25132179260254 -59.57514953613281
709 19.140636444091797 -59.10184860229492
710 19.497652053833008 -58.98745346069336
711 19.835224151611328 -58.882503509521484
712 20.10860252380371 -58.95255661010742
713 20.3783016204834 -59.090641021728516
714 20.660863876342773 -59.43881607055664
715 21.04135513305664 -60.35750961303711
716 21.16958999633789 -60.87900161743164
717 21.18177032470703 -61.27369689941406
718 21.127260208129883 -61.71710205078125
719 21.00124168395996 -61.95480728149414
720 20.66164779663086 -62.26716613769531
721 20.329463958740234 -62.50491714477539
722 19.78789520263672 -62.72913360595703
723 19.62456512451172 -62.82545852661133
724 19.421611785888672 -62.914005279541016
725 19.050811767578125 -62.99897003173828
726 1.6516555547714233 -56.892208099365234
727 1.5405335426330566 -56.83026885986328
728 1.332855463027954 -56.76108169555664
729 1.0043532848358154 -56.62028503417969
730 0.7168922424316406 -56.37852096557617
731 0.4269537627696991 -56.0765380859375
732 0.376602441072464 -55.66754913330078
733 0.46195369958877563 -55.3085823059082
734 0.5750359892845154 -54.87784194946289
735 0.7944290637969971 -54.36513137817383
736 0.9991902112960815 -53.98624038696289
737 1.2506475448608398 -53.64878845214844
738 1.391543984413147 -53.55183410644531
739 1.7398314476013184 -53.416221618652344
740 2.229060173034668 -53.37480545043945
741 2.6655898094177246 -53.37343978881836
742 2.998692750930786 -53.38788986206055
743 3.50954270362854 -53.40024948120117
744 3.8899459838867188 -53.510196685791016
745 4.302567958831787 -53.62553405761719
746 4.68392276763916 -53.720340728759766
747 4.855188369750977 -53.804412841796875
748 8.616506576538086 -65.2121810913086
749 8.565156936645508 -65.31969451904297
750 8.313220024108887 -65.53488159179688
751 7.865901470184326 -65.744140625
752 7.392791748046875 -65.91661071777344
753 6.914062976837158 -66.00865936279297
754 6.450886249542236 -66.02230834960938
755 6.1978888511657715 -65.94806671142578
756 5.941797733306885 -65.84501647949219
757 5.731932163238525 -65.67790985107422
758 5.323451519012451 -64.91181182861328
759 5.100346565246582 -64.70230865478516
760 4.837956428527832 -64.67218780517578
761 4.634955406188965 -64.70452880859375
762 4.399046421051025 -64.80521392822266
763 3.9969091415405273 -65.2160873413086
764 3.620767593383789 -65.57730865478516
765 3.4433534145355225 -65.70486450195312
766 3.2403862476348877 -65.8768081665039
767 2.932551145553589 -66.2542953491211
768 2.766613721847534 -66.59504699707031
769 2.6877217292785645 -66.9596939086914
770 2.7649009227752686 -67.2468490600586
771 3.064059019088745 -67.67159271240234
772 3.301119327545166 -67.98084259033203
773 3.418246269226074 -68.25645446777344
774 3.415982961654663 -68.37969207763672
775 2.350635051727295 -81.59040069580078
776 2.333031415939331 -81.97113800048828
777 2.3517885208129883 -82.37139892578125
778 2.403766393661499 -82.6900634765625
779 2.516021251678467 -83.32148742675781
780 2.5497684478759766 -83.64240264892578
781 2.5769801139831543 -84.1675033569336
782 2.4065663814544678 -84.89593505859375
783 2.307074785232544 -85.05419921875
784 1.9745925664901733 -85.10868072509766
785 1.6384122371673584 -85.0742416381836
786 1.119433045387268 -84.73490905761719
787 0.8511481285095215 -84.61628723144531
788 0.31466349959373474 -84.35258483886719
789 0.008566131815314293 -84.30824279785156
790 -0.39580050110816956 -84.40167999267578
791 -0.6461161375045776 -84.51056671142578
792 -0.9949820637702942 -84.62245178222656
793 -1.1148556470870972 -84.70427703857422
794 1.1021816730499268 -92.29901885986328
795 1.2585268020629883 -92.37506103515625
796 1.5485750436782837 -92.41778564453125
797 2.1195056438446045 -92.43328857421875
798 2.5693249702453613 -92.38436889648438
799 2.8471992015838623 -92.51700592041016
800 3.1379261016845703 -92.86845397949219
801 3.3695218563079834 -93.15860748291016
802 3.6428720951080322 -93.50564575195312
803 3.8792266845703125 -93.79457092285156
804 4.595683574676514 -94.51742553710938
805 4.9261064529418945 -94.771240234375
806 5.349777698516846 -95.00435638427734
807 5.676421165466309 -95.11039733886719
808 6.161015033721924 -95.17414093017578
809 6.745151996612549 -95.15416717529297
810 7.384678363800049 -95.12252807617188
811 8.052074432373047 -95.16845703125
812 8.455453872680664 -95.19207763671875
813 8.923828125 -95.1840591430664
814 9.313360214233398 -95.12660217285156
815 9.65868091583252 -95.01206970214844
816 9.990297317504883 -94.90225219726562
817 10.38924789428711 -94.7684097290039
818 11.066155433654785 -94.51351165771484
819 11.890960693359375 -94.23446655273438
820 12.237862586975098 -94.10768127441406
821 12.838354110717773 -93.90241241455078
822 13.311332702636719 -93.80274963378906
823 13.734374046325684 -93.61194610595703
824 13.856438636779785 -93.4587631225586
825 13.895938873291016 -93.22186279296875
826 13.748270988464355 -92.92520904541016
827 13.559372901916504 -92.1520004272461
828 13.496184349060059 -91.71745300292969
829 13.505719184875488 -91.4688491821289
830 13.49625301361084 -91.02486419677734
831 13.529755592346191 -90.64466857910156
832 13.564924240112305 -90.43726348876953
833 16.175827026367188 -66.8447265625
834 16.24005126953125 -66.67967224121094
835 16.493621826171875 -66.20701599121094
836 16.69185447692871 -65.89462280273438
837 16.891422271728516 -65.67108917236328
838 17.100324630737305 -65.33705139160156
839 17.339839935302734 -64.79732513427734
840 17.410099029541016 -64.56558990478516
841 17.431533813476562 -64.48583221435547
842 6.437587738037109 -83.20238494873047
843 6.257367134094238 -83.30442810058594
844 6.036981105804443 -83.39922332763672
845 5.460910797119141 -83.39458465576172
846 5.231266021728516 -83.2454605102539
847 5.029593467712402 -82.94537353515625
848 4.985802173614502 -82.81542205810547
849 4.952517509460449 -82.54866027832031
850 4.513993263244629 -81.67698669433594
851 4.385465621948242 -81.46849060058594
852 4.319465160369873 -81.1975326538086
853 4.313228130340576 -80.89166259765625
854 4.313032150268555 -80.64485931396484
855 4.546433448791504 -79.98887634277344
856 4.628596305847168 -79.8504867553711
857 4.866748809814453 -79.5450668334961
858 5.147925853729248 -79.29930877685547
859 5.472245693206787 -79.10382843017578
860 5.839187145233154 -78.84648132324219
861 6.219124794006348 -78.68206024169922
862 6.741934776306152 -78.50664520263672
863 6.981755256652832 -78.3404769897461
864 7.153873443603516 -78.15107727050781
865 7.244406700134277 -78.07440948486328
866 21.780553817749023 -89.15845489501953
867 21.9705810546875 -88.9701919555664
868 22.078908920288086 -88.79558563232422
869 22.273733139038086 -88.35346221923828
870 22.418258666992188 -87.92178344726562
871 22.611602783203125 -87.1014404296875
872 22.77386474609375 -86.40826416015625
873 22.922468185424805 -85.93295288085938
874 23.008731842041016 -85.63700103759766
875 23.041311264038086 -85.48544311523438
876 23.157808303833008 -85.07767486572266
877 23.255699157714844 -84.71562194824219
878 23.298355102539062 -84.45010375976562
879 23.40699577331543 -83.86891174316406
880 23.469266891479492 -83.23542022705078
881 23.476905822753906 -82.88968658447266
882 23.497478485107422 -82.28675079345703
883 23.74394989013672 -81.7901840209961
884 24.037860870361328 -81.63223266601562
885 24.297863006591797 -81.57367706298828
886 24.68384552001953 -81.54508972167969
887 25.021780014038086 -81.6290512084961
888 30.120357513427734 -84.62904357910156
889 30.243770599365234 -84.68487548828125
890 30.649471282958984 -84.61483001708984
891 31.303421020507812 -84.52210998535156
892 31.51106834411621 -84.43913269042969
893 31.621788024902344 -84.31822967529297
894 31.81982421875 -84.0789566040039
895 31.969860076904297 -83.91152954101562
896 32.36980438232422 -83.22036743164062
897 32.66252899169922 -82.69369506835938
898 32.83750534057617 -82.34689331054688
899 32.95158004760742 -82.0191650390625
900 32.89573287963867 -81.8027114868164
901 32.699771881103516 -81.52848052978516
902 32.35105895996094 -81.11649322509766
903 32.02509307861328 -80.78482818603516
904 31.88208770751953 -80.66722869873047
905 31.54998779296875 -80.45024108886719
906 31.079824447631836 -80.15662384033203
907 29.996707916259766 -79.47627258300781
908 29.695758819580078 -79.26481628417969
909 29.459346771240234 -79.06857299804688
910 29.16895294189453 -78.87782287597656
911 28.761877059936523 -78.73808288574219
912 27.910266876220703 -78.40897369384766
913 27.7180118560791 -78.3638687133789
914 27.411874771118164 -78.2940902709961
915 26.78827476501465 -78.25238800048828
916 26.2011661529541 -78.1894302368164
917 25.846895217895508 -78.17249298095703
918 25.5792179107666 -78.21279907226562
919 11.816408157348633 -88.99315643310547
920 11.659088134765625 -89.15050506591797
921 11.431031227111816 -89.25072479248047
922 10.925119400024414 -89.3713607788086
923 10.385149002075195 -89.59223175048828
924 9.947591781616211 -89.86956024169922
925 9.68262767791748 -90.05318450927734
926 9.498005867004395 -90.19786071777344
927 9.030704498291016 -90.49591827392578
928 8.559948921203613 -90.831298828125
929 8.179556846618652 -91.1251220703125
930 7.742993354797363 -91.4412612915039
931 7.380333423614502 -91.59432220458984
932 7.05197811126709 -91.52283477783203
933 6.486382484436035 -91.34344482421875
934 6.248147964477539 -91.15872955322266
935 6.020589351654053 -90.91220092773438
936 5.9667205810546875 -90.7522964477539
937 16.963176727294922 -73.33183288574219
938 17.002458572387695 -73.41928100585938
939 17.04446792602539 -73.73233795166016
940 17.101642608642578 -74.23914337158203
941 17.142623901367188 -74.67908477783203
942 17.07512664794922 -74.91150665283203
943 16.745075225830078 -75.27890014648438
944 16.425556182861328 -75.38566589355469
945 15.944792747497559 -75.33606719970703
946 15.59684944152832 -75.27239990234375
947 15.419523239135742 -75.23567962646484
948 15.179290771484375 -75.2944107055664
949 14.842353820800781 -75.33570098876953
950 14.215807914733887 -75.3045654296875
951 13.60411262512207 -75.2922592163086
952 12.894843101501465 -75.42457580566406
953 12.66501522064209 -75.47989654541016
954 12.412553787231445 -75.65573120117188
955 12.027094841003418 -75.87710571289062
956 11.754356384277344 -76.0049057006836
957 11.547717094421387 -75.99673461914062
958 11.362700462341309 -75.92982482910156
959 11.187141418457031 -75.80753326416016
960 19.157798767089844 -66.81201171875
961 19.313552856445312 -66.56324768066406
962 19.558940887451172 -66.14844512939453
963 19.76460838317871 -65.8431396484375
964 20.062673568725586 -65.66156005859375
965 20.319440841674805 -65.56122589111328
966 20.570837020874023 -65.49301147460938
967 21.070924758911133 -65.44599151611328
968 21.418018341064453 -65.45182037353516
969 21.618560791015625 -65.45040130615234
970 21.837770462036133 -65.47766876220703
971 22.031892776489258 -65.54174041748047
972 26.498769760131836 -69.1147232055664
973 26.639612197875977 -69.27678680419922
974 26.88385581970215 -69.50829315185547
975 27.56688690185547 -70.02032470703125
976 28.033653259277344 -70.26434326171875
977 28.31209945678711 -70.37081909179688
978 28.63643455505371 -70.40687561035156
979 29.152957916259766 -70.2375717163086
980 29.632627487182617 -70.08537292480469
981 30.073467254638672 -69.835693359375
982 30.456071853637695 -69.57732391357422
983 30.580524444580078 -69.40137481689453
984 30.735454559326172 -68.93873596191406
985 30.76157569885254 -68.6455078125
986 30.7130069732666 -68.35902404785156
987 30.4887638092041 -68.01848602294922
988 30.177289962768555 -67.6855239868164
989 29.882959365844727 -67.47888946533203
990 29.048067092895508 -66.96549224853516
991 28.929197311401367 -66.78556823730469
992 28.89764404296875 -66.51021575927734
993 28.82750701904297 -66.23143005371094
994 28.801898956298828 -65.98136901855469
995 29.00116729736328 -65.37333679199219
996 29.136499404907227 -64.98908996582031
997 29.322349548339844 -64.39891815185547
998 29.339786529541016 -64.19561004638672
999 29.3674259185791 -64.09021759033203
