0 74.01506042480469 -31.67168617248535
1 73.91148376464844 -31.566022872924805
2 73.72834777832031 -31.432497024536133
3 73.3935775756836 -31.206863403320312
4 73.13777160644531 -31.074316024780273
5 82.52033233642578 -54.93522644042969
6 82.4979248046875 -55.19569778442383
7 82.46699523925781 -55.5516357421875
8 82.40522003173828 -56.06672286987305
9 82.30522155761719 -56.7882194519043
10 82.26496887207031 -57.18183135986328
11 82.24860382080078 -57.62305450439453
12 82.19644927978516 -57.99732971191406
13 82.08615112304688 -58.32769775390625
14 81.93142700195312 -58.674991607666016
15 81.65155792236328 -59.16522979736328
16 81.39603424072266 -59.57176208496094
17 81.19417572021484 -59.852020263671875
18 81.038330078125 -60.005348205566406
19 65.53485107421875 -42.851776123046875
20 65.53924560546875 -42.58305740356445
21 65.5728530883789 -41.97093963623047
22 65.59164428710938 -41.55336380004883
23 65.59900665283203 -41.2027587890625
24 65.59777069091797 -40.801734924316406
25 65.56883239746094 -40.0557861328125
26 65.59174346923828 -39.8915901184082
27 71.02261352539062 -30.18587303161621
28 71.04764556884766 -30.065034866333008
29 71.11334991455078 -29.68794059753418
30 71.19136810302734 -29.30623435974121
31 71.44129943847656 -28.86178207397461
32 71.6119613647461 -28.653337478637695
33 72.12687683105469 -28.4327392578125
34 72.67636108398438 -28.36923599243164
35 72.97676086425781 -28.447742462158203
36 73.57817077636719 -28.78923225402832
37 73.80482482910156 -28.93801498413086
38 73.96501159667969 -29.029298782348633
39 85.15283203125 -51.51921463012695
40 84.99435424804688 -51.517303466796875
41 84.77763366699219 -51.50010299682617
42 84.29705047607422 -51.4295654296875
43 83.88677978515625 -51.30720138549805
44 83.6268081665039 -51.19340515136719
45 70.82799530029297 -42.10855484008789
46 70.41065216064453 -41.980987548828125
47 70.0420150756836 -41.92647171020508
48 69.51903533935547 -41.920291900634766
49 69.06419372558594 -42.092079162597656
50 68.89698791503906 -42.31907653808594
51 68.74784088134766 -42.88285827636719
52 68.71805572509766 -43.17864990234375
53 68.7839126586914 -43.598907470703125
54 68.87859344482422 -43.936134338378906
55 68.89537048339844 -44.24252700805664
56 64.26302337646484 -58.80101013183594
57 64.12584686279297 -58.748836517333984
58 63.956390380859375 -58.676063537597656
59 63.224822998046875 -58.252193450927734
60 63.00122833251953 -58.10810470581055
61 62.64445495605469 -57.90227508544922
62 62.346412658691406 -57.754756927490234
63 61.92397689819336 -57.66944885253906
64 60.48819351196289 -57.566593170166016
65 60.237178802490234 -57.58375930786133
66 59.546756744384766 -57.68919372558594
67 59.187950134277344 -57.73155975341797
68 58.96159362792969 -57.75080490112305
69 46.433197021484375 -41.04225540161133
70 46.41859436035156 -41.19276428222656
71 46.40751266479492 -41.47408676147461
72 46.39927673339844 -41.84159469604492
73 46.41580581665039 -42.241512298583984
74 46.457210540771484 -42.558250427246094
75 46.54753875732422 -43.02442932128906
76 46.6714973449707 -43.67328643798828
77 46.7342414855957 -43.91495895385742
78 46.92159652709961 -44.446998596191406
79 47.09800720214844 -44.924407958984375
80 47.22967529296875 -45.29439926147461
81 47.51875305175781 -45.79635238647461
82 47.805015563964844 -46.119869232177734
83 48.05609130859375 -46.29887390136719
84 48.48582458496094 -46.48291778564453
85 48.78343200683594 -46.530582427978516
86 50.4144172668457 -46.497337341308594
87 50.65066146850586 -46.44590759277344
88 50.852970123291016 -46.24703598022461
89 51.20106506347656 -45.85902786254883
90 51.343692779541016 -45.70766067504883
91 51.6289176940918 -45.51002883911133
92 51.77203369140625 -45.459354400634766
93 53.38277816772461 -44.995975494384766
94 53.46455001831055 -44.99668884277344
95 60.92991638183594 -47.85636520385742
96 61.03019332885742 -48.015106201171875
97 61.14244079589844 -48.611995697021484
98 61.164642333984375 -48.94574737548828
99 61.12794876098633 -49.54689025878906
100 61.12290954589844 -49.85954284667969
101 61.10049819946289 -50.48786163330078
102 61.130374908447266 -50.93459701538086
103 61.23936462402344 -51.25788116455078
104 61.55282211303711 -51.78495788574219
105 61.9022331237793 -52.246185302734375
106 62.225677490234375 -52.59067916870117
107 62.641624450683594 -52.95299530029297
108 63.11981964111328 -53.288063049316406
109 63.52660369873047 -53.52103805541992
110 63.78812026977539 -53.66391372680664
111 63.916259765625 -53.72808837890625
112 70.18853759765625 -55.73707962036133
113 70.42367553710938 -55.70758056640625
114 70.66203308105469 -55.59784698486328
115 71.43346405029297 -54.68588638305664
116 71.58964538574219 -54.29866409301758
117 71.63735961914062 -54.01633071899414
118 71.5883560180664 -53.81721115112305
119 70.96699523925781 -53.17911148071289
120 70.82487487792969 -53.01291275024414
121 82.57127380371094 -19.609310150146484
122 82.483154296875 -19.54081153869629
123 82.08486938476562 -19.271114349365234
124 81.53206634521484 -18.9484806060791
125 81.27970123291016 -18.803062438964844
126 80.98760986328125 -18.593957901000977
127 80.67427062988281 -18.242446899414062
128 80.32575225830078 -17.698989868164062
129 80.04332733154297 -17.489755630493164
130 79.80476379394531 -17.42864990234375
131 78.91126251220703 -17.263778686523438
132 78.46709442138672 -17.282766342163086
133 77.95026397705078 -17.412172317504883
134 77.74479675292969 -17.501190185546875
135 77.56981658935547 -17.61849021911621
136 76.9781494140625 -18.414392471313477
137 76.82809448242188 -18.808576583862305
138 76.78144073486328 -18.97612953186035
139 76.6600341796875 -19.429920196533203
140 76.44730377197266 -20.16332244873047
141 76.28153991699219 -20.8604679107666
142 76.11457061767578 -21.611801147460938
143 76.05134582519531 -21.93562126159668
144 76.0792007446289 -22.284456253051758
145 80.49498748779297 -47.48453903198242
146 80.43257904052734 -47.57478713989258
147 80.28791809082031 -47.80879592895508
148 79.93281555175781 -48.39681625366211
149 79.61378479003906 -48.75642395019531
150 79.2540283203125 -49.235164642333984
151 79.19461059570312 -49.52449035644531
152 79.25697326660156 -50.07304000854492
153 79.38442993164062 -50.36847686767578
154 79.60626983642578 -50.68199157714844
155 79.76012420654297 -50.933998107910156
156 79.96261596679688 -51.582096099853516
157 79.94891357421875 -51.847694396972656
158 79.4259033203125 -52.5434455871582
159 79.15580749511719 -52.731605529785156
160 78.65293884277344 -52.87736129760742
161 78.23101043701172 -52.888118743896484
162 77.89633178710938 -52.85664367675781
163 77.48365783691406 -52.78662872314453
164 77.06240844726562 -52.73116683959961
165 76.21702575683594 -52.45932388305664
166 75.92977905273438 -52.395957946777344
167 75.61590576171875 -52.347599029541016
168 74.806396484375 -52.1497802734375
169 74.57574462890625 -52.05966567993164
170 74.07535552978516 -51.747642517089844
171 73.68335723876953 -51.439971923828125
172 73.53111267089844 -51.30739974975586
173 72.81023406982422 -50.87297058105469
174 72.40117645263672 -50.60636901855469
175 72.12378692626953 -50.4608154296875
176 71.57998657226562 -50.28465270996094
177 70.75504302978516 -50.088565826416016
178 69.89579010009766 -50.128387451171875
179 69.50846862792969 -50.203617095947266
180 68.52513885498047 -50.524845123291016
181 68.24932861328125 -50.611602783203125
182 67.74246978759766 -50.72138977050781
183 67.4839096069336 -50.640541076660156
184 67.06178283691406 -50.33234786987305
185 66.69811248779297 -50.14386749267578
186 66.38555145263672 -49.99488067626953
187 66.08038330078125 -49.83498001098633
188 65.64129638671875 -49.53639602661133
189 65.39612579345703 -49.25425720214844
190 64.94864654541016 -48.54612350463867
191 64.84866333007812 -48.34967041015625
192 64.28146362304688 -46.82953643798828
193 64.22341918945312 -46.69035339355469
194 63.874820709228516 -45.95194625854492
195 63.634735107421875 -45.53867721557617
196 63.36774444580078 -45.1412353515625
197 63.04791259765625 -44.750640869140625
198 62.68376922607422 -44.35310745239258
199 62.263179779052734 -43.8990364074707
200 61.6972541809082 -43.28630065917969
201 61.485652923583984 -43.08986282348633
202 61.05967712402344 -42.83527374267578
203 60.746421813964844 -42.66104507446289
204 60.461952209472656 -42.50347900390625
205 59.97869873046875 -42.14609146118164
206 59.55931854248047 -41.786258697509766
207 59.28070068359375 -41.49934387207031
208 58.90269470214844 -41.01529312133789
209 58.666072845458984 -40.75750732421875
210 58.3273811340332 -40.444129943847656
211 58.023319244384766 -40.34487533569336
212 57.49782180786133 -40.550533294677734
213 57.126136779785156 -40.685665130615234
214 56.762664794921875 -40.73628234863281
215 56.19020462036133 -40.759986877441406
216 55.91194152832031 -40.7631721496582
217 54.2390251159668 -40.703311920166016
218 54.0515251159668 -40.67973709106445
219 53.48300552368164 -40.49516677856445
220 52.88240051269531 -40.182960510253906
221 52.67150115966797 -40.01095199584961
222 52.16468811035156 -39.34245300292969
223 52.02699279785156 -39.15333557128906
224 51.607765197753906 -38.397544860839844
225 51.362876892089844 -38.02048110961914
226 51.243839263916016 -37.85174560546875
227 50.84384536743164 -37.05778503417969
228 50.72780990600586 -36.89302444458008
229 50.45188903808594 -36.63992691040039
230 49.817874908447266 -36.20650100708008
231 49.56182861328125 -36.09549331665039
232 49.14110565185547 -35.964412689208984
233 48.729888916015625 -35.91930389404297
234 48.50737762451172 -35.91072463989258
235 85.18185424804688 -17.080503463745117
236 85.25890350341797 -16.943557739257812
237 85.44252014160156 -16.675508499145508
238 85.58272552490234 -16.4592342376709
239 86.07270050048828 -15.705163955688477
240 86.33231353759766 -15.401447296142578
241 87.17860412597656 -14.657550811767578
242 87.48296356201172 -14.472336769104004
243 87.7846450805664 -14.347132682800293
244 88.25977325439453 -14.421616554260254
245 88.5637435913086 -14.527021408081055
246 89.02406311035156 -14.990199089050293
247 89.726806640625 -15.91719913482666
248 89.8877944946289 -16.214895248413086
249 90.21797943115234 -17.09963035583496
250 90.3065185546875 -17.412216186523438
251 90.48309326171875 -17.723085403442383
252 90.87537384033203 -18.454330444335938
253 91.07527923583984 -18.875131607055664
254 91.27777862548828 -19.453527450561523
255 91.39269256591797 -19.929826736450195
256 91.43611145019531 -20.228853225708008
257 91.44281005859375 -20.36306381225586
258 60.89321517944336 -31.07119369506836
259 61.06452941894531 -30.962167739868164
260 61.59109878540039 -30.687923431396484
261 62.07796096801758 -30.388656616210938
262 62.415679931640625 -30.089868545532227
263 62.70590591430664 -29.771587371826172
264 63.00577163696289 -29.519758224487305
265 63.40121841430664 -29.208572387695312
266 63.48785400390625 -29.155244827270508
267 95.7801284790039 -23.030458450317383
268 95.74647521972656 -23.015657424926758
269 95.6629867553711 -22.988561630249023
270 95.58465576171875 -22.970903396606445
271 49.983299255371094 -22.5543212890625
272 50.064483642578125 -22.629487991333008
273 50.18044662475586 -22.714786529541016
274 50.39464569091797 -22.86125946044922
275 51.71521759033203 -23.700904846191406
276 51.968013763427734 -23.82024574279785
277 52.59638977050781 -24.144149780273438
278 52.957340240478516 -24.303668975830078
279 53.396400451660156 -24.362842559814453
280 53.78932571411133 -24.290815353393555
281 54.31230926513672 -23.46628761291504
282 54.27309036254883 -23.099002838134766
283 54.12137985229492 -22.65794563293457
284 53.855770111083984 -21.968624114990234
285 53.759117126464844 -21.454788208007812
286 53.688289642333984 -20.788883209228516
287 53.63410186767578 -20.466554641723633
288 53.550132751464844 -20.004314422607422
289 53.52421951293945 -19.680522918701172
290 53.600685119628906 -19.274791717529297
291 53.767845153808594 -19.06772232055664
292 54.75886917114258 -18.873767852783203
293 55.03018569946289 -18.881187438964844
294 55.45701599121094 -18.910785675048828
295 56.094383239746094 -18.873376846313477
296 56.402339935302734 -18.873579025268555
297 57.161075592041016 -19.042123794555664
298 57.42106246948242 -19.036962509155273
299 57.95215606689453 -18.83639907836914
300 58.480533599853516 -18.406871795654297
301 58.81710433959961 -17.917539596557617
302 58.943565368652344 -17.719125747680664
303 59.09581756591797 -17.177459716796875
304 59.3120002746582 -15.935933113098145
305 59.358497619628906 -15.563478469848633
306 59.346073150634766 -15.117826461791992
307 59.33340835571289 -14.749228477478027
308 59.33452606201172 -14.34984016418457
309 59.29701232910156 -14.057059288024902
310 59.15626907348633 -13.27987003326416
311 59.07915115356445 -12.92815113067627
312 58.84028244018555 -12.213900566101074
313 58.679203033447266 -12.008755683898926
314 58.304603576660156 -11.537887573242188
315 57.95448684692383 -11.171377182006836
316 57.57435989379883 -10.837410926818848
317 57.386966705322266 -10.678236961364746
318 57.04034423828125 -10.54691219329834
319 56.572303771972656 -10.449514389038086
320 55.874141693115234 -10.542447090148926
321 55.43996047973633 -10.685809135437012
322 54.98569869995117 -10.899646759033203
323 54.33954620361328 -11.258004188537598
324 54.07563781738281 -11.490434646606445
325 53.77107238769531 -12.02410888671875
326 53.6143913269043 -12.64529800415039
327 53.6519889831543 -13.309346199035645
328 53.792701721191406 -13.69404125213623
329 54.2789421081543 -14.391121864318848
330 54.534584045410156 -14.637552261352539
331 54.77843475341797 -14.865798950195312
332 55.14268112182617 -15.182395935058594
333 55.331607818603516 -15.431039810180664
334 55.629825592041016 -16.060903549194336
335 55.741065979003906 -16.331893920898438
336 55.7994270324707 -16.495758056640625
337 58.10183334350586 -20.878023147583008
338 58.186256408691406 -21.058507919311523
339 58.266685485839844 -21.548686981201172
340 58.22914505004883 -22.27870750427246
341 58.154541015625 -22.558149337768555
342 57.991065979003906 -23.016704559326172
343 57.755062103271484 -23.46499252319336
344 57.47002029418945 -24.072660446166992
345 57.402774810791016 -24.24311065673828
346 57.34115982055664 -24.748891830444336
347 57.268272399902344 -25.16796875
348 57.1911735534668 -25.44659996032715
349 56.9171028137207 -26.301828384399414
350 56.77970504760742 -26.83732032775879
351 56.727806091308594 -27.184913635253906
352 56.721134185791016 -27.489089965820312
353 56.807193756103516 -28.21933364868164
354 56.94731521606445 -28.985971450805664
355 57.05435562133789 -29.39893341064453
356 57.34552001953125 -30.08578872680664
357 57.71007537841797 -30.730144500732422
358 57.82292938232422 -30.9032039642334
359 57.91815948486328 -31.02402114868164
360 80.52477264404297 -43.3579216003418
361 80.7652816772461 -43.389766693115234
362 81.36902618408203 -43.52873992919922
363 81.78014373779297 -43.62045669555664
364 82.3318862915039 -43.688541412353516
365 82.75025177001953 -43.74055099487305
366 83.03495025634766 -43.85307693481445
367 83.4555892944336 -44.042274475097656
368 83.71923828125 -44.202064514160156
369 83.93251037597656 -44.40703582763672
370 85.51226043701172 -46.29603958129883
371 85.51143646240234 -46.41038131713867
372 85.37399291992188 -46.58865737915039
373 85.13092803955078 -46.77838897705078
374 84.68353271484375 -47.01069259643555
375 84.23230743408203 -47.1810188293457
376 83.89383697509766 -47.32619094848633
377 83.76809692382812 -47.42672348022461
378 57.16474914550781 -54.29109573364258
379 57.00086212158203 -54.27006912231445
380 56.538658142089844 -54.203643798828125
381 55.9780387878418 -54.11931228637695
382 55.318817138671875 -54.01866149902344
383 54.6181640625 -53.89701843261719
384 53.998138427734375 -53.724937438964844
385 53.7746467590332 -53.52131271362305
386 53.61939239501953 -53.22743606567383
387 53.4739990234375 -52.51676559448242
388 53.495094299316406 -51.91443634033203
389 53.57379150390625 -51.512821197509766
390 53.83766555786133 -50.929893493652344
391 54.02538299560547 -50.61396026611328
392 54.203819274902344 -50.3903923034668
393 54.830810546875 -49.65022277832031
394 55.19936752319336 -49.379920959472656
395 55.482933044433594 -49.20782470703125
396 55.79787826538086 -49.020286560058594
397 56.318359375 -48.71133041381836
398 56.57117462158203 -48.46527099609375
399 56.86421203613281 -47.6827392578125
400 56.938968658447266 -47.31410217285156
401 57.00407028198242 -46.665618896484375
402 57.03840255737305 -46.382240295410156
403 57.06495666503906 -46.18094253540039
404 57.11012649536133 -45.83353042602539
405 57.17409133911133 -45.313167572021484
406 57.318504333496094 -45.01004409790039
407 57.44654083251953 -44.90499496459961
408 58.125179290771484 -44.95721435546875
409 58.510406494140625 -44.877315521240234
410 58.85043716430664 -44.731468200683594
411 67.83427429199219 -24.506683349609375
412 67.97409057617188 -24.38038444519043
413 68.60111236572266 -23.83390998840332
414 68.71342468261719 -23.728601455688477
415 69.38078308105469 -23.2220516204834
416 69.72339630126953 -23.088464736938477
417 70.07048797607422 -23.015169143676758
418 70.68629455566406 -22.945636749267578
419 71.40497589111328 -22.87383270263672
420 71.68904876708984 -22.823558807373047
421 72.22334289550781 -22.76164436340332
422 72.53413391113281 -22.731056213378906
423 72.67352294921875 -22.72768211364746
424 69.3022232055664 -46.85554122924805
425 69.08746337890625 -46.97925567626953
426 68.73847198486328 -47.07401657104492
427 68.4412612915039 -47.16883087158203
428 67.68132019042969 -47.64615249633789
429 67.51995086669922 -47.836769104003906
430 66.87895965576172 -53.85829544067383
431 66.89869689941406 -54.1392936706543
432 66.9898910522461 -54.978084564208984
433 67.02021026611328 -55.23948669433594
434 67.03579711914062 -56.18965148925781
435 67.09211730957031 -56.453224182128906
436 67.25994110107422 -56.892547607421875
437 67.43730926513672 -57.15202713012695
438 68.03773498535156 -57.71499252319336
439 68.2966079711914 -57.96880340576172
440 68.43329620361328 -58.07326126098633
441 68.89152526855469 -58.451839447021484
442 69.27049255371094 -58.68149948120117
443 69.78057861328125 -58.89628982543945
444 70.05162048339844 -58.9251823425293
445 70.49406433105469 -58.95427322387695
446 71.17049407958984 -59.159366607666016
447 71.50196838378906 -59.278053283691406
448 71.72493743896484 -59.48267364501953
449 71.82510375976562 -59.71635818481445
450 71.95428466796875 -60.37248229980469
451 72.15436553955078 -60.5307502746582
452 72.5635757446289 -60.694602966308594
453 72.85550689697266 -60.8001708984375
454 73.66654968261719 -60.921112060546875
455 74.18807220458984 -60.88603210449219
456 74.41532135009766 -60.78575134277344
457 74.93954467773438 -59.8916015625
458 75.07500457763672 -59.682151794433594
459 75.1001968383789 -59.31555938720703
460 75.0849380493164 -58.89854049682617
461 75.11827850341797 -58.410491943359375
462 75.0956802368164 -57.99753189086914
463 74.99371337890625 -57.62735366821289
464 74.85013580322266 -57.399784088134766
465 74.56478881835938 -57.052833557128906
466 74.30264282226562 -56.7491455078125
467 74.10586547851562 -56.44729232788086
468 74.02519989013672 -56.233619689941406
469 78.27012634277344 -44.8719367980957
470 78.1998291015625 -44.87694549560547
471 77.10556030273438 -45.32240676879883
472 76.91364288330078 -45.41387176513672
473 76.448974609375 -45.67949295043945
474 76.0606460571289 -45.92831039428711
475 75.71309661865234 -46.121009826660156
476 75.36649322509766 -46.340904235839844
477 75.01497650146484 -46.659156799316406
478 74.44293212890625 -47.13860321044922
479 74.14021301269531 -47.38297653198242
480 73.91931915283203 -47.40776443481445
481 72.94145202636719 -46.75582504272461
482 72.72461700439453 -46.444664001464844
483 72.68098449707031 -46.22196960449219
484 72.60485076904297 -45.6773796081543
485 72.63188934326172 -45.09372329711914
486 72.80431365966797 -44.59170150756836
487 73.07157897949219 -44.26816177368164
488 73.52540588378906 -44.0402946472168
489 74.0015869140625 -43.808738708496094
490 74.4734115600586 -43.54188919067383
491 74.80819702148438 -43.202125549316406
492 74.86717224121094 -42.92177200317383
493 74.83625030517578 -42.66084289550781
494 79.87508392333984 -24.116958618164062
495 79.91001892089844 -24.02320098876953
496 80.04490661621094 -23.522249221801758
497 80.02166748046875 -23.321226119995117
498 79.79200744628906 -22.784725189208984
499 79.60203552246094 -22.379884719848633
500 79.51036071777344 -22.170907974243164
501 79.47500610351562 -22.12375259399414
502 78.77362060546875 -41.54230499267578
503 78.70419311523438 -41.496829986572266
504 78.50588989257812 -41.332237243652344
505 78.3509521484375 -41.250823974609375
506 77.4962158203125 -40.81074142456055
507 77.27655792236328 -40.71369934082031
508 76.78655242919922 -40.59313201904297
509 76.5035171508789 -40.59205627441406
510 75.78231811523438 -40.62168884277344
511 75.48771667480469 -40.49197006225586
512 74.73360443115234 -40.113380432128906
513 74.46674346923828 -40.00072479248047
514 74.04527282714844 -39.9047966003418
515 73.3276138305664 -39.74283218383789
516 72.76677703857422 -39.516761779785156
517 72.5256118774414 -39.44961166381836
518 72.28816223144531 -39.39816665649414
519 71.78015899658203 -39.25159454345703
520 71.2822265625 -39.05448532104492
521 71.05389404296875 -38.88058090209961
522 70.7530517578125 -38.514869689941406
523 70.44032287597656 -38.15302658081055
524 70.14508056640625 -37.87534713745117
525 69.90046691894531 -37.75006866455078
526 69.57518005371094 -37.719268798828125
527 68.810546875 -37.72528839111328
528 68.52066802978516 -37.74797058105469
529 68.25324249267578 -37.795509338378906
530 68.24268341064453 -37.809967041015625
531 83.60909271240234 -10.595155715942383
532 83.69366455078125 -10.662556648254395
533 83.79580688476562 -10.764248847961426
534 83.97576904296875 -10.966950416564941
535 84.09081268310547 -11.106752395629883
536 89.24764251708984 -38.07368087768555
537 89.1419677734375 -37.91736602783203
538 88.80970764160156 -37.491851806640625
539 88.61542510986328 -37.28355026245117
540 88.15208435058594 -36.888729095458984
541 87.72232818603516 -36.58098220825195
542 87.33617401123047 -36.30949783325195
543 87.03514099121094 -36.124481201171875
544 86.735595703125 -35.988712310791016
545 86.26383972167969 -35.79532241821289
546 85.05620574951172 -35.467777252197266
547 84.74024200439453 -35.42512893676758
548 84.35966491699219 -35.41221618652344
549 84.00848388671875 -35.44514465332031
550 83.60313415527344 -35.48867416381836
551 83.10498046875 -35.511932373046875
552 82.5053939819336 -35.45466995239258
553 82.19953918457031 -35.40315628051758
554 81.59868621826172 -35.25896453857422
555 81.51246643066406 -35.22544479370117
556 86.86357879638672 -30.970918655395508
557 86.96002960205078 -30.902935028076172
558 87.41027069091797 -30.573745727539062
559 87.58948516845703 -30.37508773803711
560 87.73697662353516 -30.252960205078125
561 91.91796112060547 -26.635488510131836
562 92.05030059814453 -26.677043914794922
563 92.22462463378906 -26.7009334564209
564 92.54156494140625 -26.902589797973633
565 93.12512969970703 -27.274545669555664
566 93.50982666015625 -27.598461151123047
567 93.64942932128906 -27.848892211914062
568 93.63388061523438 -28.139892578125
569 93.23985290527344 -29.103181838989258
570 93.173583984375 -29.312171936035156
571 92.83757019042969 -29.509597778320312
572 92.49234771728516 -29.63092041015625
573 92.10848236083984 -29.67253303527832
574 91.50495910644531 -29.659273147583008
575 91.27313232421875 -29.561927795410156
576 91.00672149658203 -29.416160583496094
577 90.22007751464844 -29.058717727661133
578 89.88050842285156 -28.816814422607422
579 89.58517456054688 -28.445863723754883
580 89.32400512695312 -27.852506637573242
581 89.09951782226562 -27.326627731323242
582 88.84243774414062 -26.802780151367188
583 88.55313110351562 -26.109609603881836
584 88.36978912353516 -25.480091094970703
585 88.20584106445312 -25.119590759277344
586 87.8009262084961 -24.624021530151367
587 87.58832550048828 -24.42567253112793
588 87.44486236572266 -24.275083541870117
589 86.76914978027344 -21.723365783691406
590 86.67935180664062 -21.744855880737305
591 85.833984375 -22.194929122924805
592 85.47441864013672 -22.420270919799805
593 85.37431335449219 -22.47020149230957
594 84.83919525146484 -23.020854949951172
595 84.54946899414062 -23.399356842041016
596 84.36099243164062 -23.686975479125977
597 84.15888214111328 -23.954038619995117
598 77.27928161621094 -31.656646728515625
599 77.12677001953125 -31.663206100463867
600 76.56512451171875 -31.318143844604492
601 76.37581634521484 -31.15118408203125
602 64.57592010498047 -27.045150756835938
603 64.3617172241211 -26.989768981933594
604 64.10074615478516 -26.878877639770508
605 63.732017517089844 -26.667606353759766
606 63.3679084777832 -26.488149642944336
607 63.0092658996582 -26.370685577392578
608 62.6156005859375 -26.27153205871582
609 62.15464782714844 -26.319124221801758
610 61.156944274902344 -26.450380325317383
611 60.783382415771484 -26.541603088378906
612 60.25472640991211 -26.748735427856445
613 60.012420654296875 -26.950698852539062
614 59.63467025756836 -27.61736297607422
615 59.54878234863281 -28.010433197021484
616 59.523075103759766 -28.380895614624023
617 59.55457305908203 -28.598604202270508
618 76.0457992553711 -27.971588134765625
619 76.1557388305664 -27.863874435424805
620 76.30805206298828 -27.606311798095703
621 76.48929595947266 -27.131982803344727
622 76.68580627441406 -26.67610740661621
623 77.00421142578125 -25.89401626586914
624 77.04667663574219 -25.645614624023438
625 77.02786254882812 -25.490869522094727
626 76.79199981689453 -25.342636108398438
627 75.85569763183594 -25.1090145111084
628 75.0326919555664 -25.129968643188477
629 74.69451141357422 -25.20728874206543
630 74.3087387084961 -25.34455680847168
631 73.84058380126953 -25.498455047607422
632 73.34099578857422 -25.651124954223633
633 72.9588623046875 -25.768518447875977
634 72.67830657958984 -25.87207794189453
635 55.46280288696289 -31.818103790283203
636 55.35280227661133 -31.725854873657227
637 55.230926513671875 -31.56476593017578
638 54.67258071899414 -30.66281509399414
639 54.50387191772461 -30.368356704711914
640 54.38779830932617 -30.125452041625977
641 54.145023345947266 -29.646377563476562
642 53.7806282043457 -29.159381866455078
643 53.59006118774414 -28.93670654296875
644 53.47655487060547 -28.841524124145508
645 53.18136978149414 -28.62261390686035
646 52.839874267578125 -28.40383529663086
647 52.360530853271484 -28.132606506347656
648 52.12712097167969 -28.040449142456055
649 51.394100189208984 -27.895252227783203
650 51.14932632446289 -27.872222900390625
651 50.777488708496094 -27.89960289001465
652 50.50368881225586 -27.983394622802734
653 49.73073959350586 -28.245948791503906
654 48.952857971191406 -28.810855865478516
655 48.65153503417969 -29.15813636779785
656 48.444297790527344 -29.560623168945312
657 48.35047912597656 -29.883268356323242
658 48.28782653808594 -30.536056518554688
659 48.4986686706543 -31.247982025146484
660 48.64000701904297 -31.531841278076172
661 49.08823776245117 -32.14236831665039
662 49.318599700927734 -32.39910125732422
663 49.687278747558594 -32.69694519042969
664 50.237159729003906 -33.08250045776367
665 50.698631286621094 -33.29166793823242
666 51.51045227050781 -33.515933990478516
667 51.79807662963867 -33.597801208496094
668 52.30470275878906 -33.7231330871582
669 52.73283767700195 -33.92353057861328
670 53.151878356933594 -34.18358612060547
671 53.48182678222656 -34.39714431762695
672 53.58424377441406 -34.40996170043945
673 58.004051208496094 -8.262368202209473
674 58.10603332519531 -8.21642017364502
675 58.377593994140625 -8.128645896911621
676 58.85097885131836 -8.134408950805664
677 59.26469421386719 -8.104290962219238
678 59.529624938964844 -8.045888900756836
679 60.51490783691406 -7.867045879364014
680 60.843666076660156 -7.875325679779053
681 61.196231842041016 -7.962447643280029
682 61.75286102294922 -8.152435302734375
683 62.86225891113281 -8.736681938171387
684 63.0617561340332 -8.888884544372559
685 63.33130645751953 -9.235261917114258
686 63.4433708190918 -9.490178108215332
687 63.859249114990234 -11.080265998840332
688 63.934932708740234 -11.430814743041992
689 64.00006103515625 -11.985183715820312
690 64.06517028808594 -12.512550354003906
691 64.13616943359375 -13.386143684387207
692 64.18841552734375 -13.878152847290039
693 64.21528625488281 -14.1572904586792
694 64.25888061523438 -14.412642478942871
695 64.43677520751953 -15.851356506347656
696 64.4995346069336 -16.10455322265625
697 64.67229461669922 -16.60434913635254
698 64.82408905029297 -16.866453170776367
699 65.54013061523438 -17.594928741455078
700 65.90027618408203 -17.915210723876953
701 66.17377471923828 -18.128135681152344
702 66.44603729248047 -18.35091209411621
703 67.15280151367188 -18.950775146484375
704 67.47071838378906 -19.1483097076416
705 67.77706909179688 -19.295637130737305
706 67.99137878417969 -19.3593807220459
707 68.84246826171875 -19.617313385009766
708 69.11284637451172 -19.629640579223633
709 69.29657745361328 -19.617136001586914
710 70.59552001953125 -18.27944564819336
711 70.68795013427734 -17.941757202148438
712 70.629150390625 -17.489253997802734
713 70.4944076538086 -17.0968074798584
714 70.02180480957031 -16.53998374938965
715 69.47325897216797 -16.06439971923828
716 69.02827453613281 -15.694426536560059
717 68.63197326660156 -15.506264686584473
718 68.08180236816406 -15.350591659545898
719 67.75472259521484 -15.42751407623291
720 67.43037414550781 -15.579554557800293
721 67.2381591796875 -15.754223823547363
722 65.86402130126953 -20.984725952148438
723 65.97052764892578 -21.123151779174805
724 66.407470703125 -21.407459259033203
725 66.83924102783203 -21.719457626342773
726 66.93822479248047 -21.782747268676758
727 85.3983383178711 -28.225130081176758
728 85.1389389038086 -28.174945831298828
729 84.8560562133789 -28.089332580566406
730 84.54397583007812 -27.906368255615234
731 84.18424987792969 -27.70992088317871
732 83.86770629882812 -27.565256118774414
733 83.29325866699219 -27.399677276611328
734 82.68304443359375 -27.276836395263672
735 82.34732055664062 -27.24420166015625
736 82.02753448486328 -27.25732421875
737 81.56841278076172 -27.306325912475586
738 81.02566528320312 -27.39219856262207
739 80.35970306396484 -27.552814483642578
740 79.96855926513672 -27.657346725463867
741 79.88752746582031 -27.786705017089844
742 79.70972442626953 -28.493480682373047
743 79.60356903076172 -28.71491813659668
744 79.47291564941406 -29.099044799804688
745 79.40032958984375 -29.46708106994629
746 79.42536926269531 -29.82849884033203
747 79.62273406982422 -30.275541305541992
748 79.96851348876953 -30.440162658691406
749 80.70260620117188 -30.70923614501953
750 80.92507934570312 -30.768600463867188
751 81.34551239013672 -30.877079010009766
752 82.00398254394531 -31.12273406982422
753 82.28229522705078 -31.302289962768555
754 83.14563751220703 -31.87993812561035
755 83.48719024658203 -32.001121520996094
756 84.13662719726562 -32.05862045288086
757 84.36478424072266 -32.07792282104492
758 84.51490020751953 -32.088035583496094
759 61.72587585449219 -39.331825256347656
760 61.6929931640625 -39.16468811035156
761 61.70919418334961 -39.02630615234375
762 61.7489013671875 -38.733463287353516
763 61.78960037231445 -38.54880905151367
764 68.74004364013672 -32.123653411865234
765 68.82003021240234 -31.83087921142578
766 68.82920837402344 -31.402498245239258
767 68.72938537597656 -30.945661544799805
768 68.58963012695312 -30.66438102722168
769 68.35585021972656 -30.457294464111328
770 67.6065902709961 -29.91675567626953
771 67.13875579833984 -29.530345916748047
772 66.9852523803711 -29.328651428222656
773 66.8984146118164 -28.916034698486328
774 66.93087768554688 -28.638883590698242
775 67.1104507446289 -28.182016372680664
776 67.42606353759766 -27.851612091064453
777 67.81282043457031 -27.54203987121582
778 68.14395141601562 -27.38810920715332
779 68.42342376708984 -27.23576545715332
780 68.78325653076172 -27.09848976135254
781 69.16172790527344 -26.934959411621094
782 69.56806945800781 -26.67219352722168
783 69.9738998413086 -26.41112518310547
784 70.3429946899414 -26.1209659576416
785 70.51734924316406 -25.99055290222168
786 70.60562133789062 -25.83390998840332
787 72.68641662597656 -20.381288528442383
788 72.74052429199219 -20.23664093017578
789 72.89862060546875 -19.82685661315918
790 73.09940338134766 -19.40966796875
791 73.27593994140625 -18.968244552612305
792 73.36902618408203 -18.46375274658203
793 73.4051513671875 -18.19430923461914
794 73.37478637695312 -17.891979217529297
795 73.19210815429688 -16.856698989868164
796 73.03507232666016 -16.354637145996094
797 72.87493896484375 -15.894625663757324
798 72.76533508300781 -15.746785163879395
799 72.1035385131836 -15.07856559753418
800 71.76307678222656 -14.826045989990234
801 71.50852966308594 -14.641656875610352
802 71.39234924316406 -14.550591468811035
803 55.31669998168945 -37.05060958862305
804 55.451900482177734 -37.07450485229492
805 55.66947555541992 -37.07719421386719
806 56.34072494506836 -37.209171295166016
807 56.58665084838867 -37.2252082824707
808 57.194862365722656 -36.86262130737305
809 57.61043167114258 -36.36179733276367
810 57.723934173583984 -36.1243896484375
811 57.936344146728516 -35.5647087097168
812 58.17633819580078 -35.0528450012207
813 58.38724899291992 -34.77402877807617
814 58.63097381591797 -34.574527740478516
815 58.8262939453125 -34.45706558227539
816 87.24200439453125 -40.85140609741211
817 87.08883666992188 -40.89931106567383
818 86.87039184570312 -40.952510833740234
819 85.9023208618164 -41.11151885986328
820 85.36077880859375 -41.08222579956055
821 84.9708480834961 -41.006568908691406
822 84.77547454833984 -40.946815490722656
823 84.09992218017578 -40.62128829956055
824 83.60904693603516 -40.38063430786133
825 83.01144409179688 -40.13944625854492
826 82.6689453125 -40.000545501708984
827 82.13259887695312 -39.755374908447266
828 81.56716918945312 -39.46894836425781
829 81.28495788574219 -39.26054763793945
830 80.86371612548828 -38.918067932128906
831 80.6397933959961 -38.70279312133789
832 79.95892333984375 -37.87331008911133
833 79.65708923339844 -37.48642349243164
834 79.44219970703125 -37.137168884277344
835 79.28551483154297 -36.828460693359375
836 79.19973754882812 -36.677974700927734
837 78.9491958618164 -35.322471618652344
838 78.8252944946289 -35.117897033691406
839 78.41145324707031 -34.71028137207031
840 78.23365020751953 -34.59242630004883
841 77.91907501220703 -34.62666702270508
842 77.35855102539062 -34.72188949584961
843 77.15576934814453 -34.7990837097168
844 76.8346176147461 -35.19313049316406
845 76.56998443603516 -35.56304931640625
846 76.11609649658203 -36.08826446533203
847 75.66845703125 -36.303924560546875
848 75.2828598022461 -36.427947998046875
849 74.86837005615234 -36.450462341308594
850 74.4052963256836 -36.33380126953125
851 74.13066864013672 -36.15708541870117
852 73.61589050292969 -35.67464065551758
853 73.40205383300781 -35.38288879394531
854 73.16484832763672 -35.1485710144043
855 72.60853576660156 -34.6788330078125
856 72.23910522460938 -34.42182159423828
857 71.93870544433594 -34.27642822265625
858 71.46236419677734 -34.156715393066406
859 70.88855743408203 -34.03679275512695
860 70.57675170898438 -34.04261016845703
861 66.1300048828125 -37.26564025878906
862 65.87354278564453 -37.35919189453125
863 65.4843521118164 -37.383514404296875
864 64.75371551513672 -37.00699996948242
865 64.32420349121094 -36.742881774902344
866 64.05513763427734 -36.60584259033203
867 63.672088623046875 -36.34809875488281
868 63.35601043701172 -36.01762008666992
869 63.09640884399414 -35.63346862792969
870 62.8608283996582 -35.35720443725586
871 62.35264205932617 -35.02783966064453
872 61.96811294555664 -34.745872497558594
873 61.83885192871094 -34.5357666015625
874 61.846004486083984 -34.048526763916016
875 61.805667877197266 -33.74283218383789
876 62.037445068359375 -33.126426696777344
877 62.13040542602539 -32.91696548461914
878 62.1873893737793 -32.84112548828125
879 91.36943817138672 -51.367862701416016
880 91.43821716308594 -51.14189147949219
881 91.51309204101562 -50.851539611816406
882 91.66019439697266 -50.24953079223633
883 91.68553161621094 -49.996849060058594
884 91.72686767578125 -49.63026809692383
885 91.72653198242188 -49.4371337890625
886 91.6993408203125 -48.78208923339844
887 91.68318176269531 -48.58880615234375
888 91.6594467163086 -48.16706085205078
889 91.6115493774414 -47.23890686035156
890 91.56126403808594 -46.51563262939453
891 91.58065795898438 -46.07566833496094
892 91.61325073242188 -45.354164123535156
893 91.6347427368164 -44.911643981933594
894 91.67082214355469 -44.455284118652344
895 91.70745849609375 -44.022003173828125
896 91.7493896484375 -43.52775192260742
897 91.81671905517578 -43.13761520385742
898 91.93438720703125 -42.67568588256836
899 92.14498901367188 -42.15631866455078
900 92.38189697265625 -41.802207946777344
901 92.77519226074219 -41.39617156982422
902 93.05510711669922 -41.12260437011719
903 93.68209075927734 -40.59366226196289
904 93.88787078857422 -40.43857192993164
905 94.9974136352539 -39.62721252441406
906 95.27869415283203 -39.40595245361328
907 95.59915161132812 -39.183189392089844
908 96.02566528320312 -38.86623001098633
909 96.29788970947266 -38.648277282714844
910 96.78656005859375 -38.25464630126953
911 97.57140350341797 -37.600914001464844
912 97.98890686035156 -37.274925231933594
913 98.23614501953125 -37.05215072631836
914 98.7338638305664 -36.60066223144531
915 99.00282287597656 -36.30997085571289
916 99.2044906616211 -36.0392951965332
917 99.4088363647461 -35.71640396118164
918 99.60929870605469 -35.3390998840332
919 99.67450714111328 -35.16193389892578
920 80.03026580810547 -12.876855850219727
921 79.81824493408203 -12.825169563293457
922 79.44396209716797 -12.755912780761719
923 79.14209747314453 -12.714130401611328
924 78.4318618774414 -12.620426177978516
925 78.04553985595703 -12.570996284484863
926 77.5069580078125 -12.531816482543945
927 76.86164093017578 -12.440393447875977
928 76.38742065429688 -12.336437225341797
929 76.04265594482422 -12.268134117126465
930 75.60295867919922 -12.174383163452148
931 75.30717468261719 -12.076592445373535
932 74.98697662353516 -11.909022331237793
933 74.7265396118164 -11.849597930908203
934 74.07721710205078 -11.825060844421387
935 73.29105377197266 -11.79761791229248
936 72.72203063964844 -11.698683738708496
937 72.53302764892578 -11.671069145202637
938 71.96188354492188 -11.453574180603027
939 71.29936218261719 -11.239803314208984
940 70.44143676757812 -10.977521896362305
941 70.030517578125 -10.810323715209961
942 69.53921508789062 -10.669017791748047
943 69.24263000488281 -10.622611045837402
944 68.94010162353516 -10.661582946777344
945 68.56303405761719 -10.844770431518555
946 67.82593536376953 -11.400116920471191
947 67.59635925292969 -11.605356216430664
948 67.3393325805664 -11.853196144104004
949 63.281639099121094 -19.146530151367188
950 63.172969818115234 -19.32819938659668
951 62.91399383544922 -19.706544876098633
952 62.65928649902344 -20.024946212768555
953 62.528621673583984 -20.27808380126953
954 62.40733337402344 -20.781587600708008
955 62.25743103027344 -21.380592346191406
956 62.192718505859375 -21.596637725830078
957 62.025108337402344 -22.053373336791992
958 61.918434143066406 -22.414737701416016
959 61.69453430175781 -23.119203567504883
960 61.69648361206055 -23.269065856933594
961 62.356178283691406 -23.693851470947266
962 62.66487503051758 -23.856801986694336
963 63.31911849975586 -24.200519561767578
964 63.92985916137695 -24.362449645996094
965 64.36650848388672 -24.369903564453125
966 64.78325653076172 -24.3245906829834
967 65.52664947509766 -24.274465560913086
968 65.74110412597656 -24.29635238647461
969 65.9080810546875 -24.35655403137207
970 65.31620788574219 -31.137601852416992
971 65.25374603271484 -31.322805404663086
972 65.24282836914062 -31.57228660583496
973 65.3404312133789 -32.51404571533203
974 65.39634704589844 -32.774784088134766
975 65.6055679321289 -33.15094757080078
976 66.05015563964844 -33.792640686035156
977 66.27798461914062 -34.136085510253906
978 66.48509979248047 -34.32765197753906
979 66.96936798095703 -34.47825241088867
980 67.37183380126953 -34.509307861328125
981 67.9251708984375 -34.55189895629883
982 68.29013061523438 -34.59037399291992
983 68.43585968017578 -34.60194396972656
984 68.59919738769531 -34.60515213012695
985 89.5143051147461 -33.33637237548828
986 89.71350860595703 -33.267112731933594
987 90.0420150756836 -33.149131774902344
988 90.35418701171875 -33.07322692871094
989 91.1886978149414 -32.94086837768555
990 91.39913940429688 -32.93045425415039
991 91.82371520996094 -32.911312103271484
992 93.22122192382812 -32.99717712402344
993 93.45025634765625 -33.04688262939453
994 93.51581573486328 -33.12281799316406
995 93.42926788330078 -34.451351165771484
996 93.37259674072266 -34.68452835083008
997 92.99396514892578 -35.38547134399414
998 92.91252136230469 -35.470638275146484
999 92.82291412353516 -35.50587844848633
