0 20.32626724243164 50.50571060180664
1 20.554622650146484 50.540287017822266
2 20.994049072265625 50.70393753051758
3 21.301971435546875 50.97540283203125
4 21.597246170043945 51.300506591796875
5 21.79856300354004 51.618160247802734
6 21.91914176940918 51.92426300048828
7 21.6491641998291 51.941036224365234
8 21.65242576599121 52.08588409423828
9 22.07655143737793 52.588905334472656
10 22.53543472290039 52.994571685791016
11 22.728958129882812 53.00206756591797
12 22.81680679321289 52.76291275024414
13 22.860244750976562 52.16067886352539
14 22.370208740234375 50.60710144042969
15 22.21172523498535 50.10654067993164
16 22.34032440185547 49.752357482910156
17 22.7737979888916 49.3006477355957
18 23.246183395385742 48.662437438964844
19 23.540279388427734 48.3046989440918
20 23.665447235107422 48.0632438659668
21 23.895254135131836 47.829036712646484
22 24.099233627319336 47.63089370727539
23 24.327556610107422 47.11890411376953
24 24.3421573638916 46.904178619384766
25 24.15393829345703 46.762046813964844
26 23.840620040893555 46.54375457763672
27 23.701810836791992 46.414546966552734
28 23.69316291809082 46.320457458496094
29 23.193758010864258 46.521671295166016
30 23.0197811126709 46.698848724365234
31 22.83740234375 46.76096725463867
32 22.663240432739258 46.79810333251953
33 22.632034301757812 46.90373611450195
34 22.512191772460938 47.44215774536133
35 22.32532501220703 47.81043243408203
36 22.31731414794922 48.04127883911133
37 22.0134220123291 48.37522506713867
38 21.92935562133789 48.33824920654297
39 21.788118362426758 48.050838470458984
40 21.76228141784668 47.81525421142578
41 21.593406677246094 47.36753463745117
42 21.502033233642578 47.202762603759766
43 21.57764434814453 47.035736083984375
44 21.234241485595703 43.089683532714844
45 21.340299606323242 42.87749481201172
46 21.350927352905273 42.83285140991211
47 21.44342803955078 42.76214599609375
48 21.414907455444336 42.6047248840332
49 21.214736938476562 42.21428298950195
50 21.29253578186035 41.90281677246094
51 21.296430587768555 41.67403030395508
52 21.085569381713867 41.34919738769531
53 21.006397247314453 41.14771270751953
54 21.152584075927734 40.66204071044922
55 21.034801483154297 40.126548767089844
56 20.991090774536133 39.690120697021484
57 20.998153686523438 39.3284797668457
58 21.07225799560547 39.03525924682617
59 21.140052795410156 38.81588363647461
60 21.508275985717773 38.52640151977539
61 21.824628829956055 38.53252029418945
62 22.046342849731445 38.53362274169922
63 22.309606552124023 38.54093551635742
64 22.61235237121582 38.570316314697266
65 23.236438751220703 38.652679443359375
66 23.597938537597656 38.621360778808594
67 23.893115997314453 38.78831481933594
68 24.32411003112793 39.03886795043945
69 24.542814254760742 39.13431167602539
70 24.603174209594727 39.563255310058594
71 24.517963409423828 39.66014099121094
72 23.2886905670166 39.953033447265625
73 23.227020263671875 39.98165512084961
74 23.102766036987305 40.036354064941406
75 23.035423278808594 40.18259048461914
76 22.890480041503906 40.49286651611328
77 22.908302307128906 40.59665298461914
78 23.3123722076416 40.981632232666016
79 23.621671676635742 41.0628547668457
80 23.66462516784668 41.16322708129883
81 23.82700538635254 41.275413513183594
82 24.033294677734375 41.483787536621094
83 24.43190574645996 41.62173843383789
84 24.733186721801758 41.76070022583008
85 24.885494232177734 41.78466033935547
86 25.328691482543945 41.65324401855469
87 25.633056640625 41.670921325683594
88 26.093994140625 41.89311981201172
89 26.095035552978516 42.0296630859375
90 25.860660552978516 42.304325103759766
91 25.752779006958008 42.4001579284668
92 25.530738830566406 42.78546905517578
93 25.490440368652344 43.00727844238281
94 25.420482635498047 43.21585464477539
95 25.408769607543945 43.40696716308594
96 25.290042877197266 43.54118728637695
97 24.841129302978516 43.60519027709961
98 24.92967414855957 43.771270751953125
99 25.30754852294922 43.89778137207031
100 25.893104553222656 43.858516693115234
101 26.61787223815918 43.69945526123047
102 26.639949798583984 43.86231231689453
103 26.78143310546875 43.98180389404297
104 27.00404930114746 44.092994689941406
105 26.73410987854004 44.25321578979492
106 26.332849502563477 44.58810043334961
107 26.254676818847656 44.95780563354492
108 26.33013916015625 45.03956604003906
109 26.627092361450195 45.1518440246582
110 26.649444580078125 45.46138381958008
111 26.709985733032227 45.77910614013672
112 26.614953994750977 46.11478805541992
113 26.442949295043945 46.117523193359375
114 26.072494506835938 45.95127487182617
115 25.76667594909668 45.86349868774414
116 25.634185791015625 45.729801177978516
117 25.49996566772461 45.521427154541016
118 25.107494354248047 45.27387237548828
119 24.90806007385254 45.153865814208984
120 24.856658935546875 45.07376480102539
121 15.663055419921875 40.52315139770508
122 15.543461799621582 40.670677185058594
123 15.465736389160156 40.766624450683594
124 15.231038093566895 41.168182373046875
125 15.287406921386719 41.34823226928711
126 20.02106475830078 48.12312316894531
127 19.830888748168945 48.534786224365234
128 19.90706443786621 48.724002838134766
129 20.112472534179688 48.93280029296875
130 20.40353775024414 49.30403518676758
131 20.496721267700195 49.293434143066406
132 20.578882217407227 49.39435577392578
133 20.64449691772461 49.372215270996094
134 20.637920379638672 48.864566802978516
135 20.532506942749023 47.962303161621094
136 20.43620491027832 44.7828483581543
137 20.49565887451172 44.60771942138672
138 20.65309715270996 44.461631774902344
139 20.639753341674805 44.215179443359375
140 20.647424697875977 44.23289489746094
141 20.779203414916992 44.2000732421875
142 20.82147216796875 44.00868606567383
143 21.03775978088379 43.918949127197266
144 21.317474365234375 43.90891647338867
145 21.752437591552734 43.866966247558594
146 21.91864585876465 43.961341857910156
147 22.12167739868164 44.38905334472656
148 22.324462890625 45.21469497680664
149 22.306655883789062 45.51060104370117
150 22.24244499206543 45.59678649902344
151 22.06511116027832 45.47677993774414
152 21.832056045532227 45.28461456298828
153 21.78040885925293 45.04805374145508
154 21.951074600219727 44.95094680786133
155 22.786334991455078 45.0915641784668
156 23.13387680053711 45.0544548034668
157 23.534330368041992 44.96324157714844
158 23.727672576904297 44.88047409057617
159 23.65477180480957 44.73432922363281
160 23.48576545715332 44.535770416259766
161 23.323942184448242 44.301292419433594
162 23.12017250061035 43.92649841308594
163 23.224273681640625 43.75066375732422
164 23.205541610717773 43.503761291503906
165 23.1553955078125 43.30832290649414
166 23.055477142333984 42.94750213623047
167 22.839677810668945 42.684669494628906
168 22.667787551879883 42.462646484375
169 22.486129760742188 42.30860900878906
170 20.329421997070312 41.89161682128906
171 20.3231143951416 41.747161865234375
172 19.778060913085938 40.61015701293945
173 19.62327003479004 40.349674224853516
174 19.411544799804688 40.108699798583984
175 19.142669677734375 39.84089279174805
176 18.824798583984375 39.616085052490234
177 18.73995018005371 39.66542434692383
178 18.753591537475586 39.84184646606445
179 18.80193328857422 40.068058013916016
180 18.90949249267578 40.49287414550781
181 19.442384719848633 41.32767105102539
182 19.52978515625 41.55118179321289
183 19.29308319091797 41.65566635131836
184 18.962387084960938 41.603965759277344
185 18.71843910217285 41.63951873779297
186 18.39858627319336 41.49799346923828
187 18.03326416015625 41.35518264770508
188 17.990449905395508 41.40747833251953
189 18.78496742248535 42.3891487121582
190 18.97892189025879 42.5495719909668
191 19.115358352661133 42.60835266113281
192 19.38459587097168 42.76756286621094
193 19.528108596801758 42.88691711425781
194 19.56322479248047 43.01133346557617
195 19.530303955078125 43.17989730834961
196 19.39395523071289 43.56769943237305
197 19.23523712158203 43.83928298950195
198 19.171785354614258 44.08320236206055
199 19.140567779541016 44.28746032714844
200 19.198646545410156 47.43045425415039
201 19.17898941040039 47.79275131225586
202 19.194217681884766 48.017757415771484
203 19.221275329589844 48.08972930908203
204 18.423131942749023 44.25016403198242
205 18.408897399902344 44.146583557128906
206 18.224246978759766 43.710567474365234
207 18.002017974853516 43.109954833984375
208 17.772178649902344 42.93535232543945
209 17.60126495361328 42.97206497192383
210 17.499534606933594 42.90237808227539
211 17.088172912597656 42.641807556152344
212 16.743515014648438 42.69426727294922
213 16.74605941772461 42.96580505371094
214 16.656021118164062 43.07331466674805
215 16.455951690673828 43.57737731933594
216 16.497690200805664 43.74177932739258
217 16.513660430908203 43.832481384277344
218 17.096445083618164 44.073814392089844
219 17.18802261352539 44.2307014465332
220 17.206329345703125 44.43608093261719
221 17.243112564086914 44.6251335144043
222 18.01479721069336 48.007301330566406
223 18.127431869506836 48.253944396972656
224 18.167377471923828 48.30661392211914
225 18.54224967956543 49.04063415527344
226 18.638057708740234 49.44493103027344
227 18.639488220214844 49.705116271972656
228 18.398305892944336 49.77779769897461
229 18.135208129882812 49.68532943725586
230 17.948558807373047 49.77781677246094
231 17.634876251220703 49.715301513671875
232 17.505857467651367 49.69731140136719
233 17.239810943603516 49.641395568847656
234 17.041912078857422 49.73267364501953
235 17.01509666442871 50.02060317993164
236 16.98655891418457 50.51788330078125
237 16.941347122192383 50.68956756591797
238 16.76497459411621 50.746002197265625
239 16.380992889404297 50.623111724853516
240 16.343788146972656 50.68853759765625
241 16.504905700683594 50.97560119628906
242 16.617963790893555 51.09967803955078
243 16.98941421508789 51.46294403076172
244 17.181791305541992 51.639408111572266
245 17.39389419555664 52.000545501708984
246 17.477514266967773 52.15675735473633
247 17.55152130126953 52.161529541015625
248 17.72718620300293 52.074039459228516
249 18.242406845092773 51.4070930480957
250 18.703046798706055 51.021461486816406
251 18.653507232666016 51.07566452026367
252 18.400789260864258 51.300376892089844
253 18.414331436157227 51.47660446166992
254 18.49205207824707 52.08049011230469
255 18.787242889404297 52.12028503417969
256 19.031494140625 52.03752136230469
257 19.179603576660156 51.9293098449707
258 19.283042907714844 51.84748458862305
259 19.6666202545166 51.737972259521484
260 20.013561248779297 51.962711334228516
261 20.128143310546875 52.129302978515625
262 20.173851013183594 52.48560333251953
263 20.120336532592773 52.69314956665039
264 20.195907592773438 53.008216857910156
265 19.38718605041504 53.580013275146484
266 19.300025939941406 53.55942916870117
267 19.394805908203125 53.362281799316406
268 19.314802169799805 53.21237564086914
269 19.09410858154297 53.1347770690918
270 18.34744644165039 53.40650177001953
271 17.839820861816406 53.81055450439453
272 17.774709701538086 53.936092376708984
273 17.69983673095703 53.75056076049805
274 17.6657657623291 53.679542541503906
275 17.31682777404785 53.77217102050781
276 17.076879501342773 53.808475494384766
277 16.89029884338379 53.81659698486328
278 16.685287475585938 53.79972839355469
279 16.378650665283203 53.74996566772461
280 16.146615982055664 53.654598236083984
281 16.06503677368164 53.57844924926758
282 16.027074813842773 53.06728744506836
283 15.934416770935059 52.64745330810547
284 15.876964569091797 52.434871673583984
285 15.710175514221191 51.820892333984375
286 15.57857894897461 51.49336242675781
287 15.601288795471191 51.637149810791016
288 15.451278686523438 52.188743591308594
289 15.32162857055664 52.93080520629883
290 15.921998977661133 57.06422805786133
291 15.90458869934082 57.209415435791016
292 15.762650489807129 57.2797966003418
293 15.381498336791992 57.3380012512207
294 15.039697647094727 57.41334533691406
295 14.951498985290527 57.3780403137207
296 14.861642837524414 57.35362243652344
297 14.5040283203125 57.41295623779297
298 14.167920112609863 57.49700164794922
299 13.5531005859375 57.67422866821289
300 13.224220275878906 57.746055603027344
301 12.866556167602539 57.65174102783203
302 12.76297378540039 57.59300231933594
303 12.482890129089355 57.37002944946289
304 12.36294174194336 57.211570739746094
305 12.298720359802246 57.05350112915039
306 12.530695915222168 56.78032302856445
307 12.898747444152832 56.713233947753906
308 13.357466697692871 56.6595458984375
309 13.666131019592285 56.593299865722656
310 13.882709503173828 56.3792724609375
311 13.888664245605469 56.14467239379883
312 13.84101676940918 55.996299743652344
313 13.724108695983887 55.834190368652344
314 13.688387870788574 55.60831832885742
315 13.628936767578125 55.35160446166992
316 13.641709327697754 55.139984130859375
317 13.754528999328613 54.9010009765625
318 13.84609603881836 54.66926956176758
319 13.981537818908691 54.474769592285156
320 14.018389701843262 54.4217414855957
321 14.05625057220459 54.13520812988281
322 14.069890975952148 53.66480255126953
323 13.974900245666504 53.454715728759766
324 13.954792022705078 53.38621520996094
325 13.896248817443848 53.33250045776367
326 13.551172256469727 53.152793884277344
327 13.287840843200684 52.95654296875
328 13.161800384521484 52.865413665771484
329 13.143197059631348 52.70383071899414
330 13.241063117980957 52.5394287109375
331 13.428494453430176 52.272315979003906
332 13.470321655273438 51.890869140625
333 12.76654052734375 47.35017395019531
334 12.694526672363281 47.37056350708008
335 12.32175064086914 47.648250579833984
336 11.86945915222168 47.982887268066406
337 11.664769172668457 48.15494918823242
338 11.797884941101074 48.445980072021484
339 11.983698844909668 48.67307662963867
340 12.105860710144043 48.69674301147461
341 12.601349830627441 48.335289001464844
342 14.155403137207031 46.13163375854492
343 14.371417045593262 45.80955123901367
344 14.398908615112305 45.72076416015625
345 14.471318244934082 45.556827545166016
346 14.68492603302002 45.18036651611328
347 14.736747741699219 44.618064880371094
348 14.82131290435791 44.299560546875
349 14.747742652893066 43.85050964355469
350 14.72691822052002 43.69866943359375
351 14.556205749511719 43.51846694946289
352 14.231263160705566 43.531490325927734
353 13.754100799560547 43.53584671020508
354 13.488508224487305 43.648067474365234
355 13.094675064086914 43.81698989868164
356 12.660850524902344 44.09743118286133
357 12.49740219116211 44.323238372802734
358 12.226852416992188 44.70122528076172
359 11.890548706054688 45.231971740722656
360 11.725788116455078 45.58855438232422
361 8.069314956665039 55.63250732421875
362 7.834739685058594 55.846656799316406
363 7.6857404708862305 56.00399398803711
364 7.482481002807617 56.06959915161133
365 6.988405704498291 55.78504943847656
366 6.851528644561768 55.718238830566406
367 6.6751298904418945 55.84438705444336
368 6.562510967254639 56.048763275146484
369 6.175146102905273 56.278621673583984
370 6.163911819458008 56.52578353881836
371 5.950434684753418 56.88393783569336
372 5.776148319244385 57.01362609863281
373 5.873591899871826 57.1494026184082
374 6.1698431968688965 57.319580078125
375 6.806251049041748 57.43840026855469
376 9.141329765319824 56.969581604003906
377 8.962267875671387 56.96708297729492
378 8.88865852355957 57.03837585449219
379 8.928315162658691 57.20039749145508
380 8.812922477722168 57.19605255126953
381 8.389069557189941 57.02119827270508
382 8.148731231689453 57.01924514770508
383 7.9978437423706055 57.20527648925781
384 7.680967807769775 57.41827392578125
385 7.53084135055542 57.534786224365234
386 7.616454601287842 57.63566970825195
387 7.785972595214844 57.96366500854492
388 11.614933013916016 51.76190948486328
389 11.638442039489746 51.70310974121094
390 11.61318588256836 51.83610534667969
391 9.309279441833496 58.059425354003906
392 9.300933837890625 58.2056999206543
393 9.165014266967773 58.47450637817383
394 9.0403413772583 58.72295379638672
395 8.9641695022583 58.924072265625
396 8.858792304992676 58.883060455322266
397 8.79157829284668 59.48274230957031
398 8.759769439697266 59.70766830444336
399 8.795517921447754 59.78236389160156
400 8.78988265991211 59.715728759765625
401 9.064322471618652 60.389347076416016
402 9.06849193572998 60.92582321166992
403 9.031620979309082 61.06314468383789
404 9.048055648803711 61.1820182800293
405 8.999098777770996 61.45261764526367
406 8.902908325195312 61.669921875
407 8.793681144714355 61.963661193847656
408 8.855107307434082 62.05112838745117
409 9.09804630279541 62.17856216430664
410 9.400554656982422 62.32442855834961
411 9.593628883361816 62.38596725463867
412 9.88387393951416 62.52627182006836
413 9.928370475769043 62.66315460205078
414 10.094064712524414 62.72419738769531
415 10.140970230102539 62.68636703491211
416 10.167617797851562 62.57730484008789
417 10.266426086425781 62.36814880371094
418 10.429059028625488 61.77277755737305
419 10.427321434020996 61.55632019042969
420 10.491437911987305 61.310211181640625
421 10.640357971191406 61.43426513671875
422 10.960744857788086 63.260066986083984
423 11.02664566040039 63.41712188720703
424 11.296163558959961 63.61748504638672
425 11.530503273010254 63.77806854248047
426 11.85319995880127 63.66533279418945
427 11.895302772521973 63.66140365600586
428 12.011797904968262 63.5257682800293
429 12.226808547973633 63.048004150390625
430 12.349072456359863 62.9258918762207
431 12.573600769042969 62.62009811401367
432 12.618078231811523 62.59208297729492
433 12.577764511108398 62.43201446533203
434 12.308523178100586 62.063697814941406
435 12.231287956237793 61.919677734375
436 12.045459747314453 61.94272232055664
437 11.712029457092285 62.066280364990234
438 11.632883071899414 62.03261947631836
439 11.420745849609375 61.97798156738281
440 11.573606491088867 61.60955810546875
441 11.663713455200195 61.190242767333984
442 11.659932136535645 61.10749053955078
443 13.146492004394531 69.57638549804688
444 12.979247093200684 69.5386962890625
445 12.678095817565918 69.42639923095703
446 12.454004287719727 69.25676727294922
447 12.175162315368652 69.0749740600586
448 11.99055290222168 69.07270050048828
449 11.939888000488281 69.12916564941406
450 11.75669002532959 68.81829833984375
451 11.65341567993164 68.60737609863281
452 11.486991882324219 68.49803924560547
453 11.211668014526367 68.44864654541016
454 10.672255516052246 68.4654769897461
455 10.476737976074219 68.51405334472656
456 10.348403930664062 69.00957489013672
457 10.436636924743652 69.59725189208984
458 10.465953826904297 69.73921966552734
459 10.234989166259766 69.73824310302734
460 10.088327407836914 69.77079010009766
461 9.866642951965332 69.8705062866211
462 9.722371101379395 70.09606170654297
463 9.491866111755371 70.40252685546875
464 9.207355499267578 70.4648666381836
465 8.899748802185059 70.35858917236328
466 8.593572616577148 69.90717315673828
467 8.53017807006836 69.65045928955078
468 8.486268043518066 69.60240173339844
469 8.452640533447266 69.51663208007812
470 8.490641593933105 69.39796447753906
471 8.785863876342773 69.00668334960938
472 8.87744426727295 68.42266082763672
473 8.891603469848633 68.2757797241211
474 8.800137519836426 68.067138671875
475 8.645340919494629 68.095703125
476 8.325390815734863 68.13377380371094
477 7.68187952041626 68.26995849609375
478 7.349894046783447 68.30894470214844
479 7.3112077713012695 68.2481689453125
480 7.3104705810546875 68.13915252685547
481 7.539884090423584 67.75387573242188
482 7.822297096252441 67.43457794189453
483 8.049626350402832 67.17879486083984
484 8.430460929870605 67.10459899902344
485 9.045278549194336 67.01388549804688
486 9.218132972717285 67.02031707763672
487 9.452308654785156 67.01111602783203
488 9.624756813049316 66.97694396972656
489 9.8530912399292 66.87049865722656
490 10.100469589233398 66.56810760498047
491 10.318345069885254 66.48294830322266
492 10.578498840332031 66.4532699584961
493 10.769001960754395 66.4091796875
494 10.940825462341309 66.27001190185547
495 11.446764945983887 66.01414489746094
496 11.797921180725098 65.80179595947266
497 11.666187286376953 65.63662719726562
498 11.062658309936523 65.19170379638672
499 11.013843536376953 65.13042449951172
500 10.932923316955566 65.09061431884766
501 10.100266456604004 64.89449310302734
502 10.005638122558594 64.88983917236328
503 9.859257698059082 64.96751403808594
504 9.640542984008789 64.90172576904297
505 9.28842544555664 64.4453353881836
506 9.277212142944336 64.14188385009766
507 9.192977905273438 64.07262420654297
508 9.060830116271973 64.2682113647461
509 8.935093879699707 64.64185333251953
510 8.894876480102539 65.14314270019531
511 8.853802680969238 65.45919036865234
512 8.66463565826416 65.62387084960938
513 8.510091781616211 65.76116180419922
514 8.271769523620605 65.85747528076172
515 7.975114822387695 65.84685516357422
516 7.658023834228516 65.81427001953125
517 7.1630353927612305 65.5205078125
518 7.174135208129883 65.39303588867188
519 7.237321853637695 65.15039825439453
520 7.15739631652832 64.99114990234375
521 7.212925910949707 64.82266235351562
522 7.317787170410156 64.67837524414062
523 7.464456081390381 64.4488525390625
524 7.5412211418151855 64.2900619506836
525 7.62485408782959 64.01404571533203
526 7.748092174530029 63.568416595458984
527 7.7885026931762695 63.408058166503906
528 7.596161365509033 63.411285400390625
529 7.1535258293151855 63.57274627685547
530 6.769802093505859 63.81889724731445
531 6.466813564300537 64.13005065917969
532 5.327215671539307 65.33756256103516
533 4.926480770111084 65.63407897949219
534 4.842496871948242 65.66117095947266
535 4.791426658630371 65.83966064453125
536 4.819857597351074 65.94374084472656
537 5.162576675415039 66.02326202392578
538 5.499637603759766 66.06912994384766
539 5.6269965171813965 66.09632873535156
540 5.729994773864746 65.71115112304688
541 5.786627292633057 65.40794372558594
542 5.777740001678467 64.74729919433594
543 5.788569450378418 64.55902099609375
544 5.838625431060791 64.15462493896484
545 5.781875133514404 63.994998931884766
546 5.666114807128906 63.97060775756836
547 5.038903713226318 64.07698059082031
548 4.7596821784973145 64.01141357421875
549 4.7057695388793945 63.919742584228516
550 4.945897102355957 63.38449478149414
551 6.786697864532471 61.70024871826172
552 7.16070032119751 61.393028259277344
553 7.317658424377441 61.33891296386719
554 7.397814750671387 61.518211364746094
555 7.419676303863525 61.702388763427734
556 7.545644283294678 62.089378356933594
557 7.5279388427734375 62.19240188598633
558 7.3263020515441895 62.389488220214844
559 7.066131591796875 62.53288650512695
560 6.725490093231201 62.70732498168945
561 6.643052577972412 62.69705581665039
562 6.401222229003906 62.76812744140625
563 6.073594093322754 62.74428939819336
564 5.875135898590088 62.436710357666016
565 5.822850704193115 62.216217041015625
566 5.6568756103515625 62.04933166503906
567 5.47603178024292 61.954410552978516
568 5.021205425262451 61.73023986816406
569 4.621419906616211 61.53343963623047
570 4.4482550621032715 61.35346984863281
571 4.498589515686035 61.20628356933594
572 4.509350776672363 60.98246383666992
573 4.337093353271484 60.73955154418945
574 4.3511433601379395 60.612430572509766
575 4.465423583984375 60.177364349365234
576 4.605152606964111 59.76968002319336
577 4.661906719207764 59.5368537902832
578 4.821023941040039 59.3246955871582
579 4.9622931480407715 59.317718505859375
580 5.278562545776367 59.296390533447266
581 5.541830539703369 59.3019905090332
582 5.959315299987793 59.11692810058594
583 6.168586254119873 59.0853157043457
584 6.735464572906494 59.12038040161133
585 6.9307122230529785 59.22005081176758
586 6.943445682525635 59.48331832885742
587 6.942587375640869 59.58733367919922
588 7.067070484161377 59.71327590942383
589 13.6558837890625 59.34627914428711
590 13.705642700195312 59.422855377197266
591 13.761392593383789 59.62602615356445
592 13.691827774047852 59.632144927978516
593 13.28699779510498 60.00796127319336
594 13.059158325195312 60.25752258300781
595 12.809179306030273 60.54107666015625
596 12.68221378326416 60.40251541137695
597 12.493237495422363 60.22378921508789
598 12.406944274902344 59.93254470825195
599 12.420599937438965 59.6116943359375
600 12.400276184082031 59.406612396240234
601 12.3555908203125 59.07126235961914
602 12.268559455871582 58.985008239746094
603 12.169358253479004 58.88024139404297
604 11.863521575927734 58.904815673828125
605 11.47236442565918 59.054115295410156
606 11.462886810302734 59.209598541259766
607 11.582252502441406 59.547767639160156
608 11.573502540588379 59.773887634277344
609 11.350075721740723 60.04154968261719
610 11.104477882385254 60.15033721923828
611 10.5629243850708 59.928775787353516
612 10.464580535888672 59.83787155151367
613 10.321657180786133 59.68539810180664
614 10.365767478942871 59.4741096496582
615 10.507774353027344 59.145103454589844
616 10.712748527526855 58.5367546081543
617 10.747108459472656 58.3991584777832
618 10.840856552124023 58.19247817993164
619 10.907791137695312 58.072147369384766
620 10.704863548278809 57.42174530029297
621 10.64445972442627 57.22589111328125
622 10.649127006530762 57.13751220703125
623 10.546835899353027 56.52237319946289
624 10.498601913452148 56.209434509277344
625 10.481864929199219 55.946781158447266
626 10.517765045166016 55.82755661010742
627 10.443065643310547 55.60094451904297
628 10.439432144165039 55.54559326171875
629 9.963506698608398 55.33644485473633
630 9.696172714233398 55.28770065307617
631 9.571952819824219 55.128665924072266
632 9.418085098266602 54.768272399902344
633 9.293246269226074 54.444881439208984
634 9.158456802368164 54.28022384643555
635 8.748774528503418 54.17306137084961
636 8.503521919250488 54.06684875488281
637 8.463492393493652 53.961402893066406
638 8.277246475219727 53.75758743286133
639 8.103878021240234 53.5724983215332
640 8.045890808105469 53.53850555419922
641 7.42087459564209 53.35295486450195
642 7.173036098480225 53.109352111816406
643 7.145363807678223 52.81229019165039
644 7.303948879241943 52.5309944152832
645 7.491211414337158 52.34772491455078
646 7.782558441162109 52.12944030761719
647 8.517465591430664 52.06694030761719
648 8.723746299743652 52.145355224609375
649 16.98099708557129 57.51683044433594
650 17.1600399017334 57.693275451660156
651 17.22187042236328 57.70947265625
652 17.304521560668945 57.71677780151367
653 17.75885009765625 57.61408615112305
654 17.90678596496582 57.71071243286133
655 18.03547477722168 57.764732360839844
656 18.265716552734375 58.02605056762695
657 18.45973014831543 58.146690368652344
658 18.638900756835938 58.26471710205078
659 18.65568733215332 58.39175796508789
660 18.59758949279785 58.77839279174805
661 18.665016174316406 58.93743896484375
662 18.68535041809082 59.06948471069336
663 18.414440155029297 59.161529541015625
664 18.14869499206543 59.22613525390625
665 17.706321716308594 59.46076583862305
666 17.457260131835938 59.80009078979492
667 17.541990280151367 59.910518646240234
668 17.58555793762207 60.268898010253906
669 17.621898651123047 60.56081771850586
670 17.552661895751953 60.70487594604492
671 17.388490676879883 61.02265930175781
672 17.13151741027832 61.453914642333984
673 16.923938751220703 61.78667068481445
674 16.826602935791016 61.8818359375
675 16.77522087097168 61.78755187988281
676 16.752777099609375 61.62618637084961
677 16.59504508972168 61.37615203857422
678 16.426586151123047 61.21019744873047
679 16.278850555419922 61.21596908569336
680 15.90163803100586 61.951934814453125
681 15.68446159362793 62.262203216552734
682 15.332024574279785 62.5354118347168
683 14.991543769836426 62.5892448425293
684 14.81242847442627 62.558921813964844
685 14.738093376159668 62.46757125854492
686 14.595995903015137 62.24904251098633
687 14.202957153320312 61.58207321166992
688 13.99886703491211 61.31897735595703
689 14.003654479980469 61.232627868652344
690 14.41369342803955 61.24738311767578
691 14.709914207458496 61.305091857910156
692 14.949860572814941 61.147342681884766
693 15.115056037902832 60.91786575317383
694 15.227632522583008 60.818092346191406
695 15.379728317260742 60.617191314697266
696 15.653708457946777 60.38460922241211
697 15.801169395446777 60.24637222290039
698 15.981821060180664 60.05921173095703
699 16.111181259155273 59.8626823425293
700 16.18467140197754 59.68617248535156
701 16.219158172607422 59.38509750366211
702 16.288415908813477 59.31613540649414
703 16.25469398498535 59.19190216064453
704 16.11209487915039 58.95088195800781
705 15.774209976196289 58.670989990234375
706 15.51716423034668 58.54884719848633
707 15.235804557800293 58.51641845703125
708 15.154170036315918 58.64207458496094
709 14.969657897949219 59.029518127441406
710 14.95485782623291 59.31406784057617
711 15.046149253845215 59.3912467956543
712 19.010498046875 64.11339569091797
713 19.119112014770508 64.32392883300781
714 19.389976501464844 64.54519653320312
715 19.6099910736084 64.7672348022461
716 19.755544662475586 64.61582946777344
717 19.896818161010742 64.44393157958984
718 20.031932830810547 64.34579467773438
719 20.20414924621582 64.3393783569336
720 20.592226028442383 64.15794372558594
721 21.06023597717285 64.06999969482422
722 21.357168197631836 63.82426071166992
723 21.46934700012207 63.49210739135742
724 21.700298309326172 63.3006477355957
725 21.5877628326416 63.19868087768555
726 21.153188705444336 62.977500915527344
727 20.826637268066406 62.838802337646484
728 20.21059226989746 62.725616455078125
729 19.921188354492188 62.63637924194336
730 19.784751892089844 62.52000045776367
731 19.75054168701172 62.451717376708984
732 19.649438858032227 62.25770950317383
733 19.134294509887695 61.34099578857422
734 19.12299346923828 61.26762008666992
735 19.063045501708984 61.32929229736328
736 18.944904327392578 61.43644332885742
737 18.613155364990234 61.75341796875
738 18.44247055053711 61.95073699951172
739 18.11979866027832 62.417057037353516
740 17.990283966064453 62.564170837402344
741 17.766252517700195 62.888423919677734
742 17.63316535949707 63.01560974121094
743 17.297651290893555 63.18422317504883
744 16.875516891479492 63.505306243896484
745 16.844806671142578 63.569271087646484
746 16.953601837158203 63.67554473876953
747 17.257240295410156 63.913333892822266
748 17.491851806640625 64.1003646850586
749 17.523948669433594 64.1938705444336
750 17.56717300415039 64.46199035644531
751 17.64043617248535 65.07952117919922
752 17.721656799316406 65.34837341308594
753 17.81576919555664 65.60164642333984
754 17.81578826904297 65.74939727783203
755 17.567035675048828 65.9228515625
756 17.399782180786133 66.07474517822266
757 17.34212875366211 66.25145721435547
758 17.258874893188477 66.6551742553711
759 17.06693458557129 66.92166900634766
760 16.947284698486328 67.01581573486328
761 16.699832916259766 67.29025268554688
762 16.4074764251709 67.0579833984375
763 16.306039810180664 66.91456604003906
764 16.233705520629883 66.59478759765625
765 16.188159942626953 66.2327880859375
766 16.058738708496094 65.81365966796875
767 15.953128814697266 65.18246459960938
768 15.908711433410645 65.01629638671875
769 15.755961418151855 64.68733978271484
770 15.617002487182617 64.5117416381836
771 15.403352737426758 64.2749252319336
772 15.10731315612793 64.0565414428711
773 14.966094970703125 64.06504821777344
774 14.814602851867676 64.13362884521484
775 14.650238037109375 64.26991271972656
776 14.432601928710938 64.35971069335938
777 14.244902610778809 64.4215316772461
778 14.073604583740234 64.51988220214844
779 14.079177856445312 64.73828887939453
780 14.031222343444824 64.86942291259766
781 13.872015953063965 65.1805419921875
782 13.884406089782715 65.44682312011719
783 13.78711986541748 65.97998809814453
784 13.79711627960205 66.12408447265625
785 14.140288352966309 66.99832153320312
786 14.301126480102539 66.90374755859375
787 14.527623176574707 66.72682189941406
788 14.712357521057129 66.42595672607422
789 19.784957885742188 60.570377349853516
790 19.909820556640625 60.43935012817383
791 20.26059913635254 60.073219299316406
792 20.20054817199707 59.86580276489258
793 20.175073623657227 59.806461334228516
794 20.32296371459961 59.491363525390625
795 20.368572235107422 59.17293930053711
796 20.37527847290039 58.964210510253906
797 20.256614685058594 58.55796813964844
798 20.17929458618164 57.96879577636719
799 20.09593391418457 57.75184631347656
800 20.014263153076172 57.551090240478516
801 20.047487258911133 57.497032165527344
802 20.761205673217773 57.75931930541992
803 20.97921371459961 57.731117248535156
804 21.067657470703125 57.4950065612793
805 21.04136848449707 57.21957015991211
806 21.02214241027832 56.76662826538086
807 21.11262321472168 56.322269439697266
808 21.310317993164062 56.26199722290039
809 21.769807815551758 56.223350524902344
810 22.11396598815918 56.173274993896484
811 22.176311492919922 56.139244079589844
812 22.466562271118164 56.25061798095703
813 22.813411712646484 56.407386779785156
814 23.18431282043457 56.29011917114258
815 23.4732666015625 56.033897399902344
816 23.700273513793945 55.91144943237305
817 23.905242919921875 56.007598876953125
818 24.06492042541504 56.17359924316406
819 24.39225959777832 56.657752990722656
820 24.627933502197266 56.893070220947266
821 24.758909225463867 57.063621520996094
822 24.869319915771484 57.2718505859375
823 24.981847763061523 57.56533432006836
824 24.8270263671875 57.75520324707031
825 24.609298706054688 58.12150955200195
826 24.447542190551758 58.39301681518555
827 24.382543563842773 58.641326904296875
828 24.44266128540039 58.96842956542969
829 24.545814514160156 59.47639846801758
830 24.65822982788086 59.89311981201172
831 24.53489112854004 60.08274459838867
832 24.219314575195312 60.31475067138672
833 24.102476119995117 60.387908935546875
834 23.923559188842773 60.514404296875
835 23.501434326171875 60.88241958618164
836 23.340185165405273 61.08551788330078
837 23.186302185058594 61.1450080871582
838 22.91830825805664 61.103755950927734
839 22.77402687072754 61.04401397705078
840 22.630582809448242 61.00907516479492
841 22.069063186645508 60.34279251098633
842 22.093355178833008 60.136932373046875
843 22.304330825805664 59.751007080078125
844 22.4630069732666 59.542640686035156
845 22.64348793029785 59.411033630371094
846 22.71259880065918 59.31462097167969
847 23.00925064086914 59.05719757080078
848 23.1042537689209 58.94023513793945
849 23.157867431640625 58.57680892944336
850 23.13422966003418 58.42807388305664
851 22.95388412475586 58.22062683105469
852 22.830928802490234 58.11901092529297
853 22.714176177978516 57.97104263305664
854 22.36598014831543 57.624874114990234
855 22.19566535949707 57.428653717041016
856 20.808198928833008 55.46639633178711
857 20.618074417114258 55.25419616699219
858 20.42076873779297 55.22121810913086
859 19.84907341003418 55.3111686706543
860 19.55574607849121 55.39023208618164
861 18.973955154418945 56.06513595581055
862 18.899444580078125 56.10861587524414
863 18.643648147583008 55.83658218383789
864 18.60252571105957 55.48895263671875
865 18.567520141601562 55.27328109741211
866 18.271379470825195 55.24039077758789
867 18.0303955078125 55.292816162109375
868 17.926528930664062 55.346832275390625
869 17.71825408935547 55.40585708618164
870 17.400163650512695 56.00161361694336
871 17.237957000732422 56.14653396606445
872 17.043325424194336 56.18461227416992
873 16.85932159423828 56.03422927856445
874 16.6435604095459 55.87726593017578
875 16.301353454589844 56.017757415771484
876 16.05299949645996 56.03280258178711
877 15.823675155639648 55.853511810302734
878 15.687740325927734 55.73455810546875
879 15.532867431640625 55.43109130859375
880 15.483723640441895 55.30122756958008
881 15.371033668518066 55.19692611694336
882 15.200601577758789 54.94129180908203
883 15.114073753356934 54.87904357910156
884 12.425472259521484 55.487911224365234
885 12.287995338439941 55.45437240600586
886 12.008957862854004 55.28738784790039
887 11.756134986877441 55.02417755126953
888 11.806354522705078 54.813316345214844
889 11.810807228088379 54.57321548461914
890 11.824828147888184 54.47218704223633
891 11.932430267333984 54.2454833984375
892 11.91049861907959 53.976871490478516
893 11.857649803161621 53.86518478393555
894 11.739494323730469 53.70647430419922
895 11.588929176330566 53.49179458618164
896 11.208280563354492 53.17446517944336
897 11.124532699584961 53.011898040771484
898 10.712434768676758 53.1391716003418
899 10.543536186218262 53.137939453125
900 10.408753395080566 53.12049102783203
901 10.294013977050781 53.18991470336914
902 10.264357566833496 53.298118591308594
903 10.357911109924316 53.36922836303711
904 9.446155548095703 51.13616180419922
905 9.38601303100586 50.8847770690918
906 9.445856094360352 50.84774398803711
907 9.637289047241211 50.90724563598633
908 10.07892894744873 51.00553894042969
909 10.346100807189941 51.0715446472168
910 10.991952896118164 50.8883056640625
911 11.654294967651367 50.62615203857422
912 12.116419792175293 50.561771392822266
913 12.872757911682129 50.66975784301758
914 12.894675254821777 50.52582931518555
915 13.08298110961914 50.117897033691406
916 13.326837539672852 49.84925842285156
917 13.565787315368652 49.79998779296875
918 14.073417663574219 50.2481689453125
919 14.480774879455566 50.55317687988281
920 14.616670608520508 50.58148956298828
921 14.669612884521484 50.35694122314453
922 14.710808753967285 50.41047668457031
923 14.718481063842773 50.18130874633789
924 14.479961395263672 49.149532318115234
925 14.272984504699707 49.00027084350586
926 14.187193870544434 48.88484191894531
927 14.1027250289917 48.58567428588867
928 14.140289306640625 47.858436584472656
929 14.288322448730469 47.821800231933594
930 14.500899314880371 47.91423797607422
931 14.667747497558594 47.89056396484375
932 14.908350944519043 47.79059982299805
933 15.142854690551758 48.107479095458984
934 15.500598907470703 49.03960037231445
935 15.594152450561523 49.20382308959961
936 15.835861206054688 48.98392105102539
937 15.914838790893555 48.96487808227539
938 15.907526016235352 48.6221809387207
939 15.914427757263184 48.46604919433594
940 16.045812606811523 48.28989028930664
941 16.110864639282227 48.12088394165039
942 16.242666244506836 47.79337692260742
943 16.277360916137695 47.47700881958008
944 16.073589324951172 46.923484802246094
945 15.871725082397461 46.605167388916016
946 15.70344352722168 46.46776580810547
947 15.763404846191406 46.29166793823242
948 16.03614044189453 45.73679733276367
949 16.30364990234375 45.678260803222656
950 16.411203384399414 45.675018310546875
951 16.56244468688965 45.6403923034668
952 23.795955657958984 49.59508514404297
953 23.913175582885742 49.7681999206543
954 24.06998634338379 50.15614700317383
955 24.303142547607422 50.29493713378906
956 24.92628288269043 50.75065612792969
957 25.153812408447266 50.84654998779297
958 25.54933738708496 51.052146911621094
959 25.877275466918945 50.9844970703125
960 26.02515411376953 50.760772705078125
961 26.299039840698242 50.4946403503418
962 26.418996810913086 50.171932220458984
963 26.41449737548828 49.7956657409668
964 26.36907386779785 49.63589096069336
965 25.8714542388916 49.09638595581055
966 25.653432846069336 48.78871154785156
967 25.440711975097656 48.48802185058594
968 25.342370986938477 48.42365264892578
969 25.269699096679688 48.32315444946289
970 25.036123275756836 48.18134307861328
971 21.184370040893555 46.1212043762207
972 21.082592010498047 45.97597885131836
973 20.896047592163086 45.77851486206055
974 20.80364227294922 45.80192184448242
975 20.495838165283203 45.87024688720703
976 20.267087936401367 46.07073974609375
977 20.143245697021484 46.29591751098633
978 19.896806716918945 46.65220260620117
979 19.875059127807617 46.781063079833984
980 19.747987747192383 46.144535064697266
981 19.641357421875 45.37986755371094
982 19.607112884521484 45.345149993896484
983 19.567001342773438 45.312950134277344
984 19.21108627319336 45.21245193481445
985 19.02859115600586 45.26500701904297
986 18.977277755737305 45.51761245727539
987 18.93086814880371 46.207210540771484
988 18.81694221496582 46.36997985839844
989 18.592700958251953 46.575321197509766
990 18.347484588623047 46.72010803222656
991 18.126359939575195 46.80717468261719
992 17.99672508239746 46.846134185791016
993 17.84340476989746 46.75746536254883
994 17.609697341918945 46.580810546875
995 17.715438842773438 46.45351791381836
996 17.70149803161621 46.124908447265625
997 17.581878662109375 45.777320861816406
998 17.49733543395996 45.64021301269531
999 17.509979248046875 45.54944610595703
