0 16.597551345825195 55.04745864868164
1 16.522897720336914 55.220115661621094
2 16.4129581451416 55.7187385559082
3 16.407474517822266 56.17876434326172
4 16.435958862304688 56.61088943481445
5 16.567514419555664 56.970863342285156
6 16.65922737121582 57.29225540161133
7 16.307170867919922 57.6351203918457
8 16.20313262939453 57.79262161254883
9 15.920374870300293 58.1878776550293
10 15.53278636932373 58.56401062011719
11 15.215522766113281 58.571075439453125
12 14.897409439086914 58.281986236572266
13 14.643488883972168 57.68439865112305
14 14.487890243530273 56.766456604003906
15 14.413141250610352 56.196842193603516
16 14.2420072555542 55.92794418334961
17 14.009371757507324 55.70760726928711
18 6.011746883392334 46.21079635620117
19 5.939866065979004 46.09656524658203
20 5.852243900299072 46.16525650024414
21 5.5250139236450195 46.69798278808594
22 5.3437581062316895 46.918880462646484
23 5.1467461585998535 47.41199493408203
24 5.146205425262451 47.61091995239258
25 5.434976100921631 47.8819694519043
26 6.041059970855713 48.29298400878906
27 6.458364486694336 48.502479553222656
28 6.5735368728637695 48.51375961303711
29 7.184974670410156 49.13179397583008
30 7.325027942657471 49.41230392456055
31 7.396852970123291 49.700157165527344
32 7.440835475921631 49.93144989013672
33 7.3223161697387695 50.10462188720703
34 6.833009243011475 50.72391128540039
35 6.444863319396973 50.95045471191406
36 6.236795425415039 51.04136657714844
37 5.501901626586914 51.06691360473633
38 5.3224568367004395 50.985084533691406
39 5.128973484039307 50.631893157958984
40 5.145021438598633 50.40730285644531
41 5.164914131164551 49.90547180175781
42 5.235918998718262 49.70616912841797
43 5.5881781578063965 49.39942169189453
44 7.251913070678711 47.72227478027344
45 7.598767280578613 47.21328353881836
46 7.64362096786499 47.13584518432617
47 7.667924880981445 46.842750549316406
48 7.746390342712402 46.52164840698242
49 7.982955455780029 45.95588302612305
50 8.071885108947754 45.48303985595703
51 8.091561317443848 45.21825408935547
52 8.310256004333496 44.8238639831543
53 8.471372604370117 44.47196578979492
54 8.49848461151123 43.895381927490234
55 8.651058197021484 43.45265579223633
56 8.755587577819824 43.06039047241211
57 8.806398391723633 42.7082405090332
58 8.789811134338379 42.405181884765625
59 8.789676666259766 42.17500305175781
60 8.71338939666748 41.58111572265625
61 8.53799057006836 41.298763275146484
62 8.385499954223633 41.10471725463867
63 8.151697158813477 40.96257019042969
64 7.854520797729492 40.84018325805664
65 7.334458827972412 40.586891174316406
66 7.076167106628418 40.40508270263672
67 6.784549236297607 40.29841995239258
68 6.385286808013916 40.13013458251953
69 6.210414409637451 39.97282028198242
70 5.799144268035889 39.91488265991211
71 5.657102108001709 39.95323944091797
72 4.3733978271484375 40.480831146240234
73 4.345545768737793 40.57551956176758
74 4.2980146408081055 40.802978515625
75 4.294288635253906 41.05898666381836
76 4.288497447967529 41.54993438720703
77 4.331279277801514 41.677696228027344
78 4.792683124542236 42.3567008972168
79 4.875035762786865 42.602413177490234
80 4.8789591789245605 42.77653884887695
81 4.7798027992248535 43.14124298095703
82 4.506954193115234 43.436336517333984
83 4.114195823669434 43.735069274902344
84 3.730578660964966 43.97523880004883
85 3.5336201190948486 44.060359954833984
86 2.992074966430664 44.08589553833008
87 2.6642816066741943 44.13380432128906
88 2.028125286102295 44.361968994140625
89 1.982944130897522 44.50083923339844
90 2.100015878677368 44.81808853149414
91 2.1120707988739014 45.008079528808594
92 1.9482152462005615 45.506954193115234
93 1.6834298372268677 45.82066345214844
94 1.5898032188415527 46.078369140625
95 1.5984041690826416 46.369449615478516
96 1.8233704566955566 46.53639221191406
97 2.6077399253845215 46.494911193847656
98 3.0366220474243164 46.62274932861328
99 3.2713658809661865 46.89472579956055
100 3.290343761444092 47.1962890625
101 3.2551021575927734 47.7241325378418
102 3.1210901737213135 47.91386032104492
103 2.967251777648926 48.16414260864258
104 2.713634490966797 48.38200378417969
105 2.4868266582489014 48.3421745300293
106 2.0488967895507812 48.277523040771484
107 1.473336935043335 48.23618698120117
108 1.2907692193984985 48.19881057739258
109 1.0133709907531738 48.16935729980469
110 0.6237144470214844 48.30335235595703
111 0.30378615856170654 48.482505798339844
112 0.013607848435640335 48.821048736572266
113 0.15162071585655212 49.03204345703125
114 0.49082136154174805 49.298702239990234
115 0.7225709557533264 49.64067840576172
116 0.884056568145752 49.951995849609375
117 1.1095454692840576 50.07129669189453
118 1.5981149673461914 50.59074020385742
119 1.8671715259552002 51.04729461669922
120 1.9432246685028076 51.2774658203125
121 2.0710031986236572 51.97003936767578
122 2.1987671852111816 52.30070114135742
123 2.259953022003174 52.461002349853516
124 2.5554325580596924 53.13468933105469
125 2.7064850330352783 53.26338577270508
126 14.441913604736328 51.97666549682617
127 14.697168350219727 52.13484573364258
128 14.683751106262207 52.348663330078125
129 14.554478645324707 52.703369140625
130 14.48812484741211 53.337764739990234
131 14.385384559631348 53.379215240478516
132 14.183442115783691 53.48250198364258
133 13.926352500915527 53.40419387817383
134 13.51435375213623 52.935909271240234
135 13.000041007995605 52.34105682373047
136 12.557085990905762 51.995296478271484
137 12.226696014404297 51.819976806640625
138 11.911212921142578 51.74689483642578
139 11.579580307006836 51.84389877319336
140 11.510424613952637 51.9373893737793
141 11.293129920959473 52.036537170410156
142 10.970727920532227 52.128719329833984
143 10.693744659423828 52.11412811279297
144 10.361166954040527 52.086891174316406
145 9.667759895324707 51.86054229736328
146 9.425835609436035 51.62492370605469
147 9.250584602355957 51.11064529418945
148 9.267857551574707 50.68584060668945
149 9.498316764831543 50.52892303466797
150 9.80935287475586 50.382774353027344
151 10.143957138061523 50.27138137817383
152 10.603150367736816 50.10466766357422
153 11.057222366333008 49.80521774291992
154 11.175921440124512 49.5814208984375
155 10.940065383911133 49.10820770263672
156 10.659992218017578 48.84261703491211
157 10.132452964782715 48.650047302246094
158 9.796915054321289 48.579010009765625
159 9.52845573425293 48.451480865478516
160 9.503386497497559 48.25868225097656
161 9.530680656433105 47.964752197265625
162 9.62241268157959 47.49245834350586
163 9.622157096862793 47.2238883972168
164 9.71267318725586 46.93206024169922
165 9.8945951461792 46.66360092163086
166 10.144015312194824 46.161808013916016
167 10.319550514221191 45.83565139770508
168 10.491247177124023 45.53017044067383
169 10.648164749145508 45.31648635864258
170 10.986922264099121 44.537742614746094
171 11.012429237365723 44.34645080566406
172 11.395712852478027 43.40208435058594
173 11.522237777709961 43.13103103637695
174 11.746859550476074 42.80107116699219
175 12.060457229614258 42.41995620727539
176 12.481364250183105 42.09974670410156
177 12.685858726501465 42.09715270996094
178 12.772696495056152 42.29363250732422
179 12.864684104919434 42.60932159423828
180 13.021439552307129 43.033817291259766
181 13.021323204040527 43.88135528564453
182 12.93879508972168 44.1306037902832
183 12.846613883972168 44.50581741333008
184 12.858765602111816 44.735504150390625
185 12.867466926574707 45.02204895019531
186 12.9522066116333 45.23688888549805
187 13.044930458068848 45.58396911621094
188 12.994095802307129 45.79364013671875
189 12.551475524902344 46.42074966430664
190 12.439091682434082 46.592987060546875
191 12.4227933883667 46.779563903808594
192 12.405896186828613 47.29761505126953
193 12.407539367675781 47.609375
194 12.460315704345703 47.78880310058594
195 12.549689292907715 48.0279426574707
196 12.732760429382324 48.617652893066406
197 13.008830070495605 48.90707778930664
198 13.273786544799805 49.210872650146484
199 13.549181938171387 49.48464584350586
200 13.945892333984375 49.80195236206055
201 14.490260124206543 50.192020416259766
202 14.828207969665527 50.335105895996094
203 14.873003005981445 50.34561538696289
204 14.60852336883545 48.910484313964844
205 14.555642127990723 48.70918273925781
206 14.532607078552246 48.20134735107422
207 14.502252578735352 47.435394287109375
208 14.60390853881836 47.158363342285156
209 14.755970001220703 46.92091751098633
210 14.82250690460205 46.74024963378906
211 15.16677188873291 46.15644073486328
212 15.530747413635254 45.918453216552734
213 15.696698188781738 46.09941101074219
214 15.83981704711914 46.23003387451172
215 16.2673282623291 46.912010192871094
216 16.346723556518555 47.19353485107422
217 16.42447280883789 47.40726089477539
218 16.330158233642578 48.057647705078125
219 16.478832244873047 48.45221710205078
220 16.749441146850586 48.83112716674805
221 17.04367446899414 49.18022537231445
222 17.40540313720703 49.57683181762695
223 17.820941925048828 49.941349029541016
224 18.029794692993164 50.04574966430664
225 18.89349937438965 50.42395782470703
226 19.256052017211914 50.605098724365234
227 19.797100067138672 50.663002014160156
228 20.308082580566406 50.61473083496094
229 20.737585067749023 50.5098991394043
230 21.132394790649414 50.40330505371094
231 21.56769561767578 50.147090911865234
232 21.789260864257812 49.945560455322266
233 22.137706756591797 49.61893844604492
234 22.563390731811523 49.35879898071289
235 22.829381942749023 49.521263122558594
236 23.272003173828125 49.864280700683594
237 23.428550720214844 50.04621505737305
238 23.75905418395996 50.183250427246094
239 24.262235641479492 50.09708786010742
240 24.474138259887695 50.1497802734375
241 24.707597732543945 50.40669250488281
242 24.852380752563477 50.6330680847168
243 25.152929306030273 51.091529846191406
244 25.15760040283203 51.43798065185547
245 25.268207550048828 51.89518356323242
246 25.2115478515625 52.10334777832031
247 25.065961837768555 52.201942443847656
248 24.782470703125 52.397056579589844
249 23.95743751525879 53.06035614013672
250 23.62228775024414 53.42528533935547
251 23.59608268737793 53.639732360839844
252 23.728822708129883 54.06658935546875
253 23.937074661254883 54.03025817871094
254 24.791038513183594 53.67539978027344
255 25.456573486328125 53.43952178955078
256 25.857498168945312 53.40325927734375
257 26.014131546020508 53.41672134399414
258 26.147096633911133 53.45340347290039
259 26.32036590576172 53.945308685302734
260 26.332387924194336 54.522682189941406
261 26.26264190673828 54.77864074707031
262 26.014925003051758 55.150062561035156
263 25.89493751525879 55.32431411743164
264 25.81051254272461 55.6334114074707
265 22.524259567260742 59.069766998291016
266 22.38336181640625 59.04811096191406
267 22.153287887573242 58.83562469482422
268 21.870986938476562 58.734947204589844
269 21.663806915283203 58.818809509277344
270 21.07612419128418 59.78295135498047
271 20.838350296020508 60.43104553222656
272 20.832550048828125 60.602108001708984
273 20.601951599121094 60.628910064697266
274 20.402158737182617 60.68931579589844
275 20.07090187072754 60.915557861328125
276 19.797780990600586 60.89605712890625
277 19.47577667236328 60.79273986816406
278 19.267030715942383 60.676963806152344
279 18.815181732177734 60.28732681274414
280 18.631132125854492 60.0727424621582
281 18.598615646362305 59.88535690307617
282 18.823331832885742 59.187896728515625
283 18.91987419128418 58.668880462646484
284 19.099050521850586 58.36955642700195
285 19.50984764099121 57.5109748840332
286 19.701765060424805 57.11000061035156
287 19.92528533935547 57.128658294677734
288 20.361143112182617 57.452850341796875
289 22.63389015197754 61.55860900878906
290 22.936813354492188 62.020511627197266
291 23.050010681152344 62.196693420410156
292 23.13752555847168 62.42539596557617
293 23.353927612304688 63.03602981567383
294 23.481136322021484 63.469215393066406
295 23.501081466674805 63.6019172668457
296 23.503021240234375 63.86076736450195
297 23.595407485961914 64.42627716064453
298 23.7627010345459 64.8883056640625
299 24.22605323791504 65.58331298828125
300 24.38471031188965 65.88131713867188
301 24.4261474609375 66.43560791015625
302 24.396961212158203 66.60140991210938
303 24.191354751586914 66.86115264892578
304 24.026382446289062 66.998046875
305 23.782102584838867 67.12762451171875
306 23.10845947265625 67.2069091796875
307 22.670665740966797 67.19384765625
308 22.02235984802246 67.1734390258789
309 21.670082092285156 67.17280578613281
310 21.23710060119629 67.21475982666016
311 20.761255264282227 67.3670883178711
312 20.503509521484375 67.4698715209961
313 20.07817268371582 67.6923599243164
314 19.676151275634766 67.84011840820312
315 19.344449996948242 67.88594055175781
316 19.05978775024414 67.70429229736328
317 18.747621536254883 67.4451904296875
318 18.388111114501953 67.18505859375
319 18.12641143798828 66.91961669921875
320 17.99608612060547 66.78787231445312
321 17.650625228881836 66.49852752685547
322 17.21282196044922 66.0789566040039
323 16.91697120666504 65.67333221435547
324 16.8271541595459 65.48897552490234
325 16.784379959106445 65.37123107910156
326 16.356647491455078 65.19216918945312
327 16.030048370361328 65.05680847167969
328 15.7831392288208 65.03680419921875
329 15.353082656860352 64.94725036621094
330 15.2103271484375 64.76927185058594
331 14.962343215942383 64.42627716064453
332 14.587369918823242 63.89661407470703
333 13.971931457519531 62.95852279663086
334 13.963521957397461 62.72737121582031
335 14.197624206542969 62.466270446777344
336 14.559121131896973 62.258602142333984
337 14.762913703918457 62.190696716308594
338 15.139065742492676 62.23143768310547
339 15.57509708404541 62.24201202392578
340 15.788531303405762 62.18286895751953
341 15.859821319580078 61.891910552978516
342 18.706676483154297 47.69325637817383
343 18.640722274780273 47.44326400756836
344 18.667678833007812 47.293212890625
345 18.553829193115234 47.1020622253418
346 18.33498191833496 46.695594787597656
347 18.216991424560547 45.965065002441406
348 18.120763778686523 45.6417350769043
349 18.072154998779297 45.09356689453125
350 18.07594108581543 44.90752410888672
351 18.2148494720459 44.64061737060547
352 18.55613136291504 44.44881820678711
353 19.02421760559082 44.19373321533203
354 19.314645767211914 44.11102294921875
355 19.76219940185547 44.049556732177734
356 20.305349349975586 44.0793571472168
357 20.494443893432617 44.135231018066406
358 20.73216438293457 44.21942138671875
359 24.79650115966797 60.0566520690918
360 24.84646987915039 60.202056884765625
361 27.087976455688477 67.42211151123047
362 27.41599464416504 67.78620147705078
363 27.62550926208496 68.02584075927734
364 27.678075790405273 68.22918701171875
365 28.15381622314453 68.73722076416016
366 28.23761749267578 68.9353256225586
367 28.182575225830078 69.38712310791016
368 28.093727111816406 69.69632720947266
369 28.01910400390625 70.37934875488281
370 27.757923126220703 70.5320816040039
371 27.380416870117188 70.66355895996094
372 27.223941802978516 70.67326354980469
373 27.031259536743164 70.44719696044922
374 26.825904846191406 70.05001831054688
375 26.460866928100586 69.46490478515625
376 25.910551071166992 69.04683685302734
377 25.586566925048828 69.13772583007812
378 25.214847564697266 69.2944564819336
379 24.889225006103516 69.63316345214844
380 24.93963623046875 69.79773712158203
381 25.118499755859375 70.15408325195312
382 25.3089599609375 70.33769226074219
383 25.541152954101562 70.58934783935547
384 25.86983299255371 71.01024627685547
385 26.013174057006836 71.2761459350586
386 25.987016677856445 71.47600555419922
387 25.903236389160156 71.77021789550781
388 23.085161209106445 71.54655456542969
389 23.020164489746094 71.50493621826172
390 23.193235397338867 71.53323364257812
391 23.882780075073242 71.8191909790039
392 24.023265838623047 71.9660415649414
393 24.323165893554688 72.33549499511719
394 24.412586212158203 72.70591735839844
395 24.50918197631836 72.96686553955078
396 24.497549057006836 73.04808044433594
397 24.476598739624023 73.69378662109375
398 24.450695037841797 74.02024841308594
399 24.42818832397461 74.19379425048828
400 24.367900848388672 74.23189544677734
401 24.59468650817871 74.76997375488281
402 26.925716400146484 77.90228271484375
403 27.05767250061035 78.0181884765625
404 27.344823837280273 78.064697265625
405 27.79300308227539 78.23291015625
406 28.229787826538086 78.3974609375
407 28.662485122680664 78.51980590820312
408 28.787134170532227 78.4073486328125
409 28.86764144897461 78.03790283203125
410 28.817461013793945 77.56538391113281
411 28.70743179321289 77.26385498046875
412 28.460128784179688 76.78520965576172
413 28.579139709472656 76.70873260498047
414 28.77372932434082 76.55791473388672
415 29.011079788208008 76.51416778564453
416 29.300853729248047 76.50337219238281
417 29.46613311767578 76.35691833496094
418 29.97141456604004 75.83828735351562
419 30.14196014404297 75.66844940185547
420 30.13985252380371 75.34561920166016
421 29.87441062927246 75.13424682617188
422 28.9292049407959 74.99455261230469
423 28.65399742126465 74.94847869873047
424 28.270309448242188 74.74003601074219
425 28.029186248779297 74.56475067138672
426 27.626819610595703 74.5477523803711
427 27.528589248657227 74.59602355957031
428 27.274206161499023 74.75225067138672
429 26.837797164916992 75.18997955322266
430 26.624290466308594 75.33879089355469
431 26.20724105834961 75.44309997558594
432 26.027809143066406 75.5985336303711
433 25.813087463378906 75.83894348144531
434 25.695463180541992 76.3941650390625
435 25.577404022216797 76.57402801513672
436 25.359437942504883 76.86909484863281
437 25.094100952148438 77.28388214111328
438 24.952939987182617 77.37859344482422
439 24.68488883972168 77.51708221435547
440 24.119115829467773 77.24246215820312
441 23.466129302978516 77.06985473632812
442 23.32304573059082 77.05235290527344
443 21.844022750854492 78.3462905883789
444 21.646892547607422 78.54215240478516
445 21.287822723388672 78.87220764160156
446 21.046398162841797 79.11139678955078
447 20.77841567993164 79.38593292236328
448 20.569801330566406 79.62850952148438
449 20.418636322021484 79.74114227294922
450 20.556562423706055 80.08094024658203
451 20.69004249572754 80.29069519042969
452 20.809856414794922 80.49696350097656
453 20.883955001831055 80.80751037597656
454 20.852497100830078 81.4554443359375
455 20.768878936767578 81.68766021728516
456 20.222593307495117 81.88895416259766
457 19.569154739379883 81.95040893554688
458 19.40533447265625 81.9727783203125
459 19.349533081054688 82.23401641845703
460 19.272462844848633 82.44375610351562
461 19.050785064697266 82.88251495361328
462 18.96685791015625 83.1504135131836
463 18.864093780517578 83.59941101074219
464 18.996444702148438 83.95362854003906
465 19.295482635498047 84.1930923461914
466 19.981809616088867 84.25706481933594
467 20.32616424560547 84.17288970947266
468 20.473756790161133 84.11831665039062
469 20.644989013671875 84.05888366699219
470 20.85211944580078 83.94135284423828
471 21.18998908996582 83.65398406982422
472 21.87462615966797 83.40601348876953
473 22.09904670715332 83.38106536865234
474 22.44862174987793 83.45472717285156
475 22.540184020996094 83.60858917236328
476 22.6052303314209 84.04888153076172
477 22.54645538330078 84.75621795654297
478 22.449798583984375 85.19622802734375
479 22.514362335205078 85.35269927978516
480 22.661334991455078 85.44852447509766
481 23.151447296142578 85.41497802734375
482 23.571306228637695 85.33889770507812
483 23.93059539794922 85.35768127441406
484 24.328357696533203 85.43804931640625
485 25.020004272460938 85.4535140991211
486 25.222898483276367 85.48001861572266
487 25.537837982177734 85.3385238647461
488 25.687828063964844 85.13542938232422
489 25.73335838317871 84.73579406738281
490 25.615093231201172 84.14640808105469
491 25.522022247314453 83.8523178100586
492 25.41267204284668 83.58735656738281
493 25.281217575073242 83.33556365966797
494 25.158098220825195 83.02896881103516
495 24.85574722290039 82.47335815429688
496 24.599674224853516 81.98251342773438
497 24.68223762512207 81.76307678222656
498 25.135313034057617 81.06189727783203
499 25.179946899414062 80.87852478027344
500 25.25706672668457 80.81819915771484
501 26.465057373046875 80.87962341308594
502 26.58519744873047 80.90608978271484
503 26.76108169555664 81.00462341308594
504 27.091163635253906 81.0939712524414
505 27.72618865966797 81.08361053466797
506 28.11347770690918 81.02351379394531
507 28.29428482055664 81.14279174804688
508 28.297758102416992 81.51854705810547
509 28.1683349609375 81.94917297363281
510 27.886764526367188 82.46180725097656
511 27.733823776245117 82.80177307128906
512 27.7468318939209 83.23509216308594
513 27.77961540222168 83.56767272949219
514 27.929115295410156 83.9156265258789
515 28.172428131103516 84.19449615478516
516 28.439695358276367 84.41238403320312
517 29.28368377685547 84.9310073852539
518 29.459938049316406 84.9747543334961
519 29.79595375061035 84.84192657470703
520 30.23817253112793 84.6937255859375
521 30.34537124633789 84.57341766357422
522 30.404056549072266 84.35291290283203
523 30.414127349853516 83.97158813476562
524 30.389835357666016 83.63827514648438
525 30.382776260375977 83.24794006347656
526 30.49995994567871 82.49559783935547
527 30.592416763305664 82.26187133789062
528 30.816360473632812 82.25431060791016
529 31.2843017578125 82.49396514892578
530 31.656892776489258 82.79801177978516
531 32.037654876708984 83.23019409179688
532 32.55738067626953 83.9612045288086
533 32.84010696411133 84.36070251464844
534 32.92612838745117 84.4649658203125
535 33.200843811035156 84.61737060546875
536 33.42989730834961 84.66071319580078
537 33.639427185058594 84.41069030761719
538 33.803199768066406 84.1436996459961
539 33.93006134033203 84.01973724365234
540 33.96770095825195 83.52312469482422
541 33.98363494873047 83.23856353759766
542 33.89520263671875 82.59956359863281
543 33.82927322387695 82.37808990478516
544 33.81707763671875 81.91718292236328
545 33.747886657714844 81.75044250488281
546 33.62004852294922 81.68724822998047
547 32.87138748168945 81.65567016601562
548 32.649139404296875 81.5499496459961
549 32.49225616455078 81.44322967529297
550 32.062862396240234 80.91392517089844
551 31.720664978027344 80.496826171875
552 31.32942771911621 80.0176773071289
553 31.233407974243164 79.63883972167969
554 31.341388702392578 79.37682342529297
555 31.461212158203125 79.17158508300781
556 31.717823028564453 78.90641784667969
557 31.96883773803711 78.79582977294922
558 32.43605422973633 78.82195281982422
559 32.76290512084961 78.92034149169922
560 33.22315979003906 79.11155700683594
561 33.390750885009766 79.2103042602539
562 33.65818405151367 79.56265258789062
563 33.96382522583008 79.78857421875
564 34.475765228271484 79.91690063476562
565 34.75518035888672 79.94725799560547
566 35.03769302368164 79.81664276123047
567 35.298526763916016 79.55191040039062
568 35.848487854003906 79.03727722167969
569 36.202903747558594 78.73531341552734
570 36.39275360107422 78.47130584716797
571 36.4050178527832 78.23377227783203
572 36.429847717285156 77.90545654296875
573 36.556182861328125 77.64408874511719
574 36.53864288330078 77.462646484375
575 36.360740661621094 76.93359375
576 36.180397033691406 76.451904296875
577 36.02691650390625 76.18959045410156
578 35.771446228027344 75.92294311523438
579 35.5985221862793 75.8689956665039
580 35.27505111694336 75.76012420654297
581 34.99422836303711 75.71501159667969
582 34.30559539794922 75.57137298583984
583 34.09803771972656 75.45455169677734
584 33.71158981323242 75.0082015991211
585 33.765228271484375 74.7494888305664
586 34.1653938293457 74.36306762695312
587 34.43657684326172 74.08815002441406
588 34.57155227661133 73.78182220458984
589 34.67707824707031 72.9178695678711
590 34.52542495727539 72.43456268310547
591 34.29228591918945 72.16288757324219
592 34.04460906982422 72.1169662475586
593 33.325382232666016 72.37760162353516
594 32.93473815917969 72.5445327758789
595 32.371177673339844 72.84224700927734
596 32.0817756652832 72.90380096435547
597 31.778579711914062 73.0052490234375
598 31.449172973632812 73.17922973632812
599 31.172964096069336 73.2352523803711
600 30.774883270263672 73.39078521728516
601 30.371442794799805 73.18264770507812
602 30.21752166748047 72.9858627319336
603 29.986309051513672 72.57460021972656
604 29.854442596435547 72.2554702758789
605 29.733339309692383 71.79288482666016
606 29.86895179748535 71.6683578491211
607 30.330793380737305 71.58445739746094
608 30.572093963623047 71.5428237915039
609 30.9278621673584 71.48100280761719
610 31.161298751831055 71.37470245361328
611 31.883684158325195 70.7967758178711
612 31.99384117126465 70.6705093383789
613 31.958532333374023 70.41087341308594
614 31.903385162353516 70.0700912475586
615 31.846094131469727 69.77702331542969
616 31.553348541259766 69.28781127929688
617 31.4761905670166 69.11410522460938
618 31.454181671142578 68.70624542236328
619 31.44102668762207 68.55313110351562
620 30.577442169189453 67.75973510742188
621 30.45766830444336 67.5335922241211
622 30.45122718811035 67.45591735839844
623 30.63707733154297 61.681095123291016
624 30.657001495361328 61.42920684814453
625 30.663490295410156 60.98348617553711
626 30.778196334838867 60.75867462158203
627 30.974546432495117 60.423282623291016
628 31.16057014465332 60.221126556396484
629 31.211727142333984 59.833984375
630 31.27138328552246 59.58203125
631 31.25963020324707 59.359710693359375
632 31.130834579467773 58.892906188964844
633 30.8765811920166 58.58299255371094
634 30.597803115844727 58.34940719604492
635 30.116680145263672 57.89891815185547
636 29.890256881713867 57.654998779296875
637 29.967851638793945 57.4837760925293
638 30.206592559814453 57.07203674316406
639 30.410062789916992 56.746402740478516
640 30.462282180786133 56.65485382080078
641 30.770580291748047 56.06377410888672
642 31.03143310546875 55.76180648803711
643 31.413959503173828 55.564483642578125
644 31.80416488647461 55.54506301879883
645 32.062583923339844 55.631168365478516
646 32.348514556884766 55.88848876953125
647 32.770816802978516 56.65666198730469
648 32.948970794677734 56.948081970214844
649 33.393455505371094 57.424102783203125
650 33.82723617553711 57.792213439941406
651 33.96244812011719 57.88942337036133
652 34.15910339355469 58.041873931884766
653 34.76071548461914 58.13578796386719
654 35.07182312011719 58.24891662597656
655 35.31917953491211 58.28682327270508
656 35.82635498046875 58.3166389465332
657 36.12556076049805 58.165809631347656
658 36.46094512939453 57.93123245239258
659 36.624813079833984 57.92554473876953
660 37.22404479980469 57.974666595458984
661 37.47514343261719 58.05512237548828
662 37.77767562866211 58.2672004699707
663 37.900062561035156 58.82331466674805
664 37.947383880615234 59.176761627197266
665 38.12498474121094 60.05390167236328
666 38.32801818847656 60.633583068847656
667 38.486881256103516 60.739627838134766
668 38.888671875 61.048580169677734
669 39.40140151977539 61.31893539428711
670 39.575252532958984 61.4864616394043
671 39.91056823730469 61.88356399536133
672 40.35828399658203 62.35529708862305
673 40.603145599365234 62.713680267333984
674 40.625614166259766 62.901702880859375
675 40.40390396118164 63.08892059326172
676 40.042694091796875 63.31950759887695
677 39.72135543823242 63.39628601074219
678 39.195831298828125 63.51271438598633
679 38.94340133666992 63.629356384277344
680 36.377723693847656 66.8668212890625
681 36.25666427612305 67.10609436035156
682 36.209964752197266 67.77557373046875
683 36.09403991699219 68.11490631103516
684 35.95409393310547 68.37739562988281
685 35.80376052856445 68.51624298095703
686 35.466487884521484 68.60820770263672
687 34.4655647277832 68.8080062866211
688 34.086265563964844 68.90617370605469
689 33.97587585449219 68.82173156738281
690 34.08071517944336 68.12391662597656
691 34.255577087402344 67.77767944335938
692 34.347129821777344 67.28530883789062
693 34.37329864501953 66.88531494140625
694 34.38872146606445 66.65605926513672
695 34.33993148803711 66.34642028808594
696 34.29159164428711 65.92916870117188
697 34.13141632080078 65.72198486328125
698 33.70740509033203 65.567626953125
699 33.26015090942383 65.5605239868164
700 32.99693298339844 65.52005004882812
701 32.52790832519531 65.43793487548828
702 32.35643005371094 65.38551330566406
703 32.16238784790039 65.28575897216797
704 31.800691604614258 65.0976791381836
705 31.27142333984375 64.8250961303711
706 31.136627197265625 64.38397979736328
707 31.224817276000977 63.803611755371094
708 31.47304344177246 63.67058181762695
709 32.253761291503906 63.67272186279297
710 32.620155334472656 63.7053337097168
711 32.85137176513672 63.661537170410156
712 33.53507995605469 63.39996337890625
713 33.74082565307617 63.268272399902344
714 33.98606872558594 63.02326965332031
715 34.13676071166992 62.86042022705078
716 34.33378982543945 62.727020263671875
717 34.55437469482422 62.3794059753418
718 34.70722579956055 62.16691589355469
719 34.88064956665039 62.07368850708008
720 35.31300354003906 62.00082015991211
721 35.75556564331055 61.90202331542969
722 36.10744094848633 62.03427505493164
723 36.375526428222656 62.50981140136719
724 36.59452819824219 62.73377227783203
725 36.55564880371094 62.87284851074219
726 36.31436538696289 63.34650802612305
727 36.18062973022461 63.6716423034668
728 36.151371002197266 64.21725463867188
729 36.327301025390625 64.55065155029297
730 36.579559326171875 64.79692840576172
731 36.723594665527344 64.88379669189453
732 36.9299201965332 64.95140075683594
733 37.86113357543945 65.16434478759766
734 38.124366760253906 65.2010726928711
735 38.572486877441406 65.37535858154297
736 38.65255355834961 65.56849670410156
737 38.582481384277344 65.98548889160156
738 38.39124298095703 66.21642303466797
739 38.084476470947266 66.81934356689453
740 38.08662796020508 67.00045013427734
741 38.20952606201172 67.44784545898438
742 38.30849838256836 67.66728973388672
743 38.34562301635742 68.11908721923828
744 38.473140716552734 68.6322250366211
745 38.47213363647461 68.80943298339844
746 38.44314956665039 69.00971984863281
747 38.368621826171875 69.40904998779297
748 38.298667907714844 69.706298828125
749 38.29230499267578 69.83573913574219
750 38.359619140625 70.15482330322266
751 38.438621520996094 70.97994995117188
752 38.47941207885742 71.29109191894531
753 38.478572845458984 71.5793685913086
754 38.468780517578125 71.81185150146484
755 38.51332473754883 72.24744415283203
756 38.565189361572266 72.5574951171875
757 38.742794036865234 72.78231048583984
758 39.0872802734375 73.19910430908203
759 39.35184097290039 73.4469223022461
760 39.531253814697266 73.49053955078125
761 39.98848342895508 73.56919860839844
762 40.32189178466797 73.18399047851562
763 40.41608810424805 72.97029876708984
764 40.50484085083008 72.44717407226562
765 40.534759521484375 72.0113525390625
766 40.588191986083984 71.52550506591797
767 40.807823181152344 70.4083480834961
768 40.876197814941406 70.13513946533203
769 41.0672721862793 69.5361328125
770 41.200897216796875 69.16220092773438
771 41.35647201538086 68.62030029296875
772 41.529598236083984 68.05165100097656
773 41.68965530395508 67.8248062133789
774 41.90040588378906 67.63473510742188
775 42.17169189453125 67.53890228271484
776 42.59619140625 67.3603286743164
777 42.88446044921875 67.3319320678711
778 43.18625259399414 67.35060119628906
779 43.379825592041016 67.79869842529297
780 43.45796203613281 68.09654998779297
781 43.62749099731445 68.61772918701172
782 43.788307189941406 68.8809814453125
783 44.20205307006836 69.40865325927734
784 44.27241134643555 69.58501434326172
785 44.46957778930664 70.72514343261719
786 44.1938362121582 70.88298034667969
787 43.77091979980469 71.0248794555664
788 43.345947265625 71.02558898925781
789 42.92111587524414 71.02320861816406
790 42.81952667236328 71.05561828613281
791 29.10630989074707 65.72032928466797
792 29.163930892944336 65.66444396972656
793 29.21073341369629 65.65843963623047
794 20.251903533935547 74.4573974609375
795 20.044328689575195 74.64306640625
796 19.85820770263672 74.8000717163086
797 19.418149948120117 74.93724060058594
798 18.6768741607666 75.03216552734375
799 18.439800262451172 75.07550811767578
800 18.25414276123047 75.19635009765625
801 18.12582778930664 75.11754608154297
802 17.838512420654297 74.25198364257812
803 17.772220611572266 74.01419830322266
804 17.777027130126953 73.63658142089844
805 17.801725387573242 73.29986572265625
806 17.706796646118164 72.76289367675781
807 17.45306396484375 72.29179382324219
808 17.17213249206543 72.2425765991211
809 16.58146858215332 72.34378814697266
810 16.179035186767578 72.4166259765625
811 16.008506774902344 72.40523529052734
812 15.668691635131836 72.525146484375
813 15.266960144042969 72.7328872680664
814 14.951717376708984 73.07994079589844
815 14.738303184509277 73.41935729980469
816 14.458584785461426 73.60635375976562
817 14.11209487915039 73.65618133544922
818 13.79253101348877 73.64617919921875
819 13.162623405456543 73.69852447509766
820 12.763612747192383 73.74369049072266
821 12.467679023742676 73.72987365722656
822 12.235342979431152 73.6327133178711
823 11.943897247314453 73.42290496826172
824 11.997355461120605 73.14862823486328
825 12.158270835876465 72.61885833740234
826 12.324951171875 72.18205261230469
827 12.247614860534668 71.92526245117188
828 11.851738929748535 71.73045349121094
829 11.323140144348145 71.5152587890625
830 10.852869033813477 71.31924438476562
831 10.72860050201416 71.11393737792969
832 10.647835731506348 70.73501586914062
833 10.674480438232422 70.51714324951172
834 10.665070533752441 70.28575897216797
835 10.588349342346191 69.57548522949219
836 10.588301658630371 69.30164337158203
837 10.695338249206543 69.05188751220703
838 10.957255363464355 68.75798797607422
839 11.137863159179688 68.61869812011719
840 11.289960861206055 68.54204559326172
841 12.35212230682373 68.42547607421875
842 12.576369285583496 68.55245971679688
843 12.909775733947754 69.00231170654297
844 13.017120361328125 69.35431671142578
845 13.049964904785156 69.7564468383789
846 13.114194869995117 69.88937377929688
847 13.232370376586914 70.31016540527344
848 13.354267120361328 70.5075912475586
849 13.72098159790039 70.76347351074219
850 13.890419006347656 70.80445861816406
851 14.241846084594727 70.67066955566406
852 14.515503883361816 70.50764465332031
853 14.716419219970703 70.35091400146484
854 15.220635414123535 69.58242797851562
855 15.41335391998291 69.28899383544922
856 15.731205940246582 68.85663604736328
857 16.025314331054688 68.43650817871094
858 16.157209396362305 68.28022003173828
859 18.640897750854492 65.0182113647461
860 18.840476989746094 64.94843292236328
861 19.538028717041016 65.01099395751953
862 19.62631607055664 64.96965026855469
863 19.673959732055664 64.55404663085938
864 19.549772262573242 64.048828125
865 19.54266357421875 63.706146240234375
866 19.915733337402344 63.458648681640625
867 20.260915756225586 63.4243049621582
868 20.44420623779297 63.47784423828125
869 20.77630043029785 63.69681167602539
870 21.389440536499023 64.25995635986328
871 21.573261260986328 64.5390853881836
872 21.710172653198242 64.75115966796875
873 21.75704574584961 65.1224136352539
874 21.77161407470703 65.61653900146484
875 22.244304656982422 68.85939025878906
876 22.109760284423828 69.08667755126953
877 21.427988052368164 69.41509246826172
878 21.19306755065918 69.55875396728516
879 20.755611419677734 69.9057388305664
880 20.617992401123047 70.05756378173828
881 20.525606155395508 70.2952880859375
882 20.421688079833984 70.79633331298828
883 20.396499633789062 70.94325256347656
884 26.282630920410156 65.33860778808594
885 26.391502380371094 65.21349334716797
886 26.600364685058594 64.89421081542969
887 26.801631927490234 64.4208755493164
888 26.702991485595703 64.17781066894531
889 26.329425811767578 63.874366760253906
890 26.14078712463379 63.72174835205078
891 25.93621826171875 63.379608154296875
892 25.8530330657959 62.949790954589844
893 25.903892517089844 62.69892501831055
894 26.179798126220703 62.46437072753906
895 26.5397891998291 62.22927474975586
896 27.24390983581543 61.83032989501953
897 27.401039123535156 61.66674041748047
898 27.872116088867188 62.01810073852539
899 28.056381225585938 62.1374626159668
900 28.189014434814453 62.24836349487305
901 28.2760009765625 62.58920669555664
902 28.316049575805664 62.78482437133789
903 28.238372802734375 62.8187255859375
904 27.693418502807617 60.14573287963867
905 27.655536651611328 59.92820739746094
906 27.57939338684082 59.776954650878906
907 27.418323516845703 59.55984115600586
908 27.10820198059082 59.20804977416992
909 26.904645919799805 59.04611587524414
910 26.37104606628418 58.57514953613281
911 25.872602462768555 58.17741775512695
912 25.492414474487305 57.9424934387207
913 24.62718391418457 57.640445709228516
914 24.483901977539062 57.513309478759766
915 24.08380699157715 57.10393142700195
916 23.71703338623047 56.736183166503906
917 23.46402359008789 56.55442810058594
918 22.955259323120117 56.35469436645508
919 22.50002670288086 56.12702560424805
920 22.312480926513672 56.032135009765625
921 21.958194732666016 55.68992614746094
922 21.878929138183594 55.65571975708008
923 21.71070098876953 55.469295501708984
924 21.417478561401367 54.78010177612305
925 21.420751571655273 54.529258728027344
926 21.45804786682129 54.290401458740234
927 21.44793128967285 53.88344955444336
928 21.171512603759766 53.064598083496094
929 20.985076904296875 53.0557975769043
930 20.63364028930664 53.13400650024414
931 20.36068344116211 53.18716049194336
932 19.999828338623047 53.29707336425781
933 19.827051162719727 53.6648063659668
934 19.68391990661621 54.393001556396484
935 19.635089874267578 54.58345031738281
936 19.093002319335938 54.723663330078125
937 18.90958023071289 54.78560256958008
938 18.684524536132812 54.537715911865234
939 18.576841354370117 54.37882614135742
940 18.400514602661133 54.007511138916016
941 18.292936325073242 53.69739532470703
942 18.048276901245117 53.296504974365234
943 17.781848907470703 53.0424690246582
944 17.338836669921875 52.60066604614258
945 17.06630516052246 52.40647888183594
946 16.856672286987305 52.423248291015625
947 16.679704666137695 52.50241470336914
948 12.334641456604004 54.95392990112305
949 12.068605422973633 55.111900329589844
950 11.89060115814209 55.259559631347656
951 11.671680450439453 55.337215423583984
952 7.605240821838379 56.81589126586914
953 7.4899983406066895 56.998809814453125
954 7.2423505783081055 57.43204879760742
955 7.011126518249512 57.61866760253906
956 6.316467761993408 58.121177673339844
957 6.060091495513916 58.19742202758789
958 5.5957255363464355 58.28563690185547
959 5.1673431396484375 58.08197021484375
960 4.992332458496094 57.81459426879883
961 4.770011901855469 57.45151138305664
962 4.72432804107666 57.0319938659668
963 4.75583028793335 56.581295013427734
964 4.810464859008789 56.36997985839844
965 5.218197822570801 55.669189453125
966 5.429073333740234 55.28451156616211
967 5.5896501541137695 54.909061431884766
968 5.570556640625 54.597267150878906
969 5.675553798675537 54.400604248046875
970 5.985793590545654 54.11043930053711
971 6.321728229522705 53.69928741455078
972 6.557210445404053 53.38386917114258
973 6.860818386077881 53.15355682373047
974 7.038841247558594 53.148468017578125
975 7.465938568115234 53.27084732055664
976 7.704212188720703 53.57978057861328
977 7.751791000366211 53.9897575378418
978 8.135004997253418 54.596500396728516
979 8.218694686889648 54.753326416015625
980 8.56326675415039 54.3879508972168
981 9.037192344665527 53.769771575927734
982 9.108898162841797 53.7645149230957
983 9.201729774475098 53.79271697998047
984 9.732837677001953 54.126983642578125
985 9.858054161071777 54.319828033447266
986 9.87560749053955 54.67325973510742
987 9.798995018005371 55.43894958496094
988 9.766189575195312 55.744075775146484
989 9.747885704040527 56.232879638671875
990 9.752901077270508 56.63097381591797
991 9.842390060424805 56.916656494140625
992 9.927656173706055 57.07243347167969
993 10.299764633178711 57.089778900146484
994 10.8013277053833 57.08553695678711
995 10.88886833190918 57.14411163330078
996 11.015299797058105 57.57596969604492
997 11.243332862854004 58.071678161621094
998 11.376317977905273 58.370086669921875
999 11.44810676574707 58.52601623535156
