0 -39.98971939086914 57.977210998535156
1 -40.06784439086914 58.06542205810547
2 -40.29631042480469 58.35968017578125
3 -40.481361389160156 58.611724853515625
4 -40.816192626953125 59.03376770019531
5 -40.973106384277344 59.273258209228516
6 -40.988739013671875 59.425086975097656
7 -40.97905731201172 59.588043212890625
8 -40.87033462524414 59.76844787597656
9 -40.79668426513672 60.01370620727539
10 -40.915225982666016 60.16619873046875
11 -41.163028717041016 60.34100341796875
12 -41.60397720336914 60.62398147583008
13 -41.957035064697266 60.8975715637207
14 -42.133243560791016 61.04079818725586
15 -42.286598205566406 61.13102340698242
16 -42.56333541870117 61.25404739379883
17 -42.729286193847656 61.29808044433594
18 -42.855323791503906 61.31553268432617
19 -42.98592758178711 61.4350471496582
20 -43.10176467895508 61.610355377197266
21 -43.29295349121094 61.906837463378906
22 -43.3972053527832 62.253692626953125
23 -43.57996368408203 62.65558624267578
24 -43.72433853149414 62.947975158691406
25 -43.83388137817383 63.151668548583984
26 -43.95322799682617 63.44284439086914
27 -44.01926040649414 63.65897750854492
28 -44.08034896850586 63.828372955322266
29 -44.21187973022461 64.07542419433594
30 -44.384498596191406 64.34874725341797
31 -44.60600662231445 64.66124725341797
32 -44.97202682495117 64.99087524414062
33 -45.45199966430664 65.37435150146484
34 -45.75625228881836 65.54301452636719
35 -46.250797271728516 65.70134735107422
36 -46.54471969604492 65.63378143310547
37 -46.81928253173828 65.47843170166016
38 -46.89722442626953 65.058837890625
39 -46.867156982421875 64.82395935058594
40 -46.814292907714844 64.64881134033203
41 -46.594120025634766 64.35742950439453
42 -46.461944580078125 64.16915893554688
43 -46.33820343017578 64.0064468383789
44 -46.19804763793945 63.725982666015625
45 -46.097068786621094 63.34609603881836
46 -46.07378387451172 63.018558502197266
47 -46.10142135620117 62.53575897216797
48 -46.19804000854492 61.92620849609375
49 -46.31539535522461 61.5864372253418
50 -46.60676574707031 61.29003143310547
51 -46.779537200927734 61.14720153808594
52 -46.98140335083008 61.14590072631836
53 -47.29574203491211 61.23675537109375
54 -47.93027114868164 61.34209442138672
55 -48.1566276550293 61.391204833984375
56 -48.44876480102539 61.41537857055664
57 -49.03205108642578 61.437618255615234
58 -49.3577766418457 61.362464904785156
59 -49.58565902709961 61.21277618408203
60 -49.65578079223633 60.97066116333008
61 -49.6221809387207 60.758487701416016
62 -49.50017166137695 60.511268615722656
63 -49.388545989990234 60.1231803894043
64 -49.28348159790039 59.761940002441406
65 -49.12381362915039 59.38153076171875
66 -48.91431427001953 58.991966247558594
67 -48.72941207885742 58.66242980957031
68 -48.64706039428711 58.44001007080078
69 -48.56974792480469 58.24671173095703
70 -48.51402282714844 57.98788833618164
71 -48.54258728027344 57.77363586425781
72 -48.66298294067383 57.530704498291016
73 -48.93254089355469 57.39785385131836
74 -49.002933502197266 57.145809173583984
75 -49.36557388305664 56.78581619262695
76 -49.47697830200195 56.58831787109375
77 -49.31611251831055 56.40399169921875
78 -49.190467834472656 56.18009948730469
79 -48.82160186767578 56.01047134399414
80 -48.55687713623047 55.859344482421875
81 -48.364803314208984 55.72625732421875
82 -48.086158752441406 55.682411193847656
83 -47.596229553222656 55.470455169677734
84 -47.19003677368164 55.35076904296875
85 -46.88570022583008 55.3302001953125
86 -46.7342643737793 55.362518310546875
87 -46.45718765258789 55.659889221191406
88 -46.04491424560547 56.02628707885742
89 -45.728271484375 56.06770324707031
90 -45.565940856933594 56.08103561401367
91 -45.4256477355957 56.142486572265625
92 -45.16945266723633 56.314178466796875
93 -44.8068962097168 56.47378158569336
94 -44.557861328125 56.5112190246582
95 -44.29460525512695 56.48313522338867
96 -44.08287811279297 56.481727600097656
97 -43.856143951416016 56.42064666748047
98 -43.32594299316406 56.3281135559082
99 -43.052833557128906 56.24700164794922
100 -42.53885269165039 55.936702728271484
101 -42.357147216796875 55.84563064575195
102 -41.947391510009766 55.635372161865234
103 -41.58226776123047 55.361854553222656
104 -41.26582336425781 55.109771728515625
105 -41.24018096923828 54.79906463623047
106 -41.365333557128906 54.33341598510742
107 -41.48354721069336 54.197242736816406
108 -41.82168960571289 54.014095306396484
109 -42.15339660644531 53.8659553527832
110 -42.553955078125 53.7052116394043
111 -42.72888946533203 53.64356994628906
112 -43.136268615722656 53.58171081542969
113 -43.51445770263672 53.52632141113281
114 -43.81912612915039 53.43906021118164
115 -44.15272521972656 53.32300567626953
116 -44.532196044921875 53.25992202758789
117 -44.83473587036133 53.07172775268555
118 -45.15481948852539 52.86341094970703
119 -45.552330017089844 52.57004165649414
120 -46.074703216552734 52.03919219970703
121 -46.132774353027344 51.90953826904297
122 -46.05022048950195 51.81053161621094
123 -45.610111236572266 51.73698043823242
124 -44.768218994140625 51.74359130859375
125 -44.525577545166016 51.64059829711914
126 -44.38911437988281 51.54112243652344
127 -44.16780090332031 51.45956802368164
128 -43.75690841674805 51.43960189819336
129 -43.44670104980469 51.455650329589844
130 -43.24686813354492 51.44673156738281
131 -42.98052978515625 51.473453521728516
132 -42.724632263183594 51.478389739990234
133 -42.04298400878906 51.5377082824707
134 -41.33461380004883 51.57653045654297
135 -40.90574645996094 51.526187896728516
136 -40.62390899658203 51.46240234375
137 -40.22831344604492 51.39057540893555
138 -39.76456069946289 51.28160858154297
139 -39.465293884277344 51.21728515625
140 -39.28196716308594 51.1592903137207
141 -39.04201889038086 51.05068588256836
142 -38.844242095947266 50.952083587646484
143 -38.66579818725586 50.8661003112793
144 -38.3973503112793 50.768287658691406
145 -28.75800895690918 46.14665222167969
146 -28.634279251098633 46.10549545288086
147 -28.202476501464844 45.82993698120117
148 -27.961164474487305 45.681034088134766
149 -27.753170013427734 45.740360260009766
150 -27.517650604248047 45.85098648071289
151 -27.240812301635742 45.83730697631836
152 -26.851686477661133 45.54009246826172
153 -26.668636322021484 45.30885314941406
154 -26.53611183166504 45.07133483886719
155 -26.36337661743164 44.59851837158203
156 -26.25484848022461 44.25159454345703
157 -26.198352813720703 44.06897735595703
158 -26.100292205810547 43.804080963134766
159 -25.952634811401367 43.5989990234375
160 -25.841957092285156 43.49693298339844
161 -25.699493408203125 43.404422760009766
162 -25.263626098632812 43.05088806152344
163 -25.039743423461914 42.796504974365234
164 -24.73006248474121 42.38917922973633
165 -24.468658447265625 42.098331451416016
166 -24.377084732055664 41.9406623840332
167 -24.371055603027344 41.83828353881836
168 -24.51272201538086 41.674964904785156
169 -24.645172119140625 41.520164489746094
170 -24.801376342773438 41.21062088012695
171 -24.8160343170166 40.92756652832031
172 -24.749555587768555 40.57060623168945
173 -24.623685836791992 40.27122497558594
174 -24.54517364501953 40.03116989135742
175 -24.486547470092773 39.7298469543457
176 -24.486867904663086 39.50830078125
177 -24.44939613342285 39.164344787597656
178 -24.3360595703125 38.822566986083984
179 -24.219266891479492 38.54011535644531
180 -23.960641860961914 38.05545425415039
181 -23.656770706176758 37.63726043701172
182 -23.28495979309082 37.2463493347168
183 -23.00311279296875 37.212947845458984
184 -22.70724105834961 37.36652374267578
185 -22.507722854614258 37.68779373168945
186 -22.238130569458008 38.18812942504883
187 -22.033397674560547 38.496437072753906
188 -21.93022346496582 38.701725006103516
189 -21.74468994140625 39.20234680175781
190 -21.6362361907959 39.6375732421875
191 -21.479997634887695 40.01829147338867
192 -21.14746856689453 40.29887390136719
193 -20.588579177856445 40.324405670166016
194 -20.264131546020508 40.224124908447266
195 -20.010292053222656 40.04899597167969
196 -19.844358444213867 39.93085479736328
197 -19.614849090576172 39.822731018066406
198 -19.420862197875977 39.68313980102539
199 -18.884714126586914 39.29001235961914
200 -18.6458797454834 39.05257797241211
201 -18.39238929748535 38.81476974487305
202 -18.096315383911133 38.674560546875
203 -17.674890518188477 38.72403335571289
204 -17.333295822143555 39.014427185058594
205 -17.094327926635742 39.37759017944336
206 -16.8270206451416 39.82290267944336
207 -16.758941650390625 39.980743408203125
208 -16.784543991088867 40.16395950317383
209 -16.72597312927246 40.443443298339844
210 -16.642641067504883 40.9575309753418
211 -16.530447006225586 41.36713790893555
212 -16.438405990600586 41.61442184448242
213 -16.34598159790039 41.73722839355469
214 -16.190540313720703 42.020050048828125
215 -16.2965087890625 42.24049377441406
216 -16.451475143432617 42.394832611083984
217 -16.55892562866211 42.6136589050293
218 -16.66229248046875 43.18605041503906
219 -16.76602554321289 43.46678924560547
220 -17.045255661010742 43.708824157714844
221 -17.391815185546875 44.02141189575195
222 -17.50539779663086 44.14517593383789
223 -17.68325424194336 44.215415954589844
224 -17.993017196655273 44.23198699951172
225 -18.615001678466797 44.30741500854492
226 -18.96153450012207 44.35396194458008
227 -19.131685256958008 44.27601623535156
228 -19.557531356811523 44.25620651245117
229 -19.91693115234375 44.30782699584961
230 -20.317760467529297 44.523685455322266
231 -20.82358741760254 44.80908966064453
232 -21.070148468017578 44.94692611694336
233 -21.2307071685791 45.25584030151367
234 -21.32787322998047 45.59423828125
235 -21.312997817993164 45.83633804321289
236 -21.273826599121094 46.2764778137207
237 -21.28759765625 46.51930236816406
238 -21.403932571411133 46.709068298339844
239 -21.645252227783203 46.95698928833008
240 -21.796632766723633 47.04890441894531
241 -22.037628173828125 47.16807174682617
242 -22.31389808654785 47.357391357421875
243 -22.518814086914062 47.52603530883789
244 -22.604101181030273 47.63610076904297
245 -22.799943923950195 47.973236083984375
246 -22.984811782836914 48.415245056152344
247 -23.054180145263672 48.660091400146484
248 -23.12454605102539 48.983150482177734
249 -23.08495330810547 49.20277786254883
250 -23.045413970947266 49.444087982177734
251 -22.96723175048828 49.814231872558594
252 -22.957088470458984 50.15726852416992
253 -22.928211212158203 50.50411605834961
254 -22.924314498901367 50.64896011352539
255 -22.904865264892578 50.73295211791992
256 -18.690750122070312 71.98780059814453
257 -18.459823608398438 72.15979766845703
258 -18.11591339111328 72.32269287109375
259 -17.76729965209961 72.45075225830078
260 -17.4801082611084 72.55154418945312
261 -17.055273056030273 72.72528076171875
262 -16.669591903686523 72.8626480102539
263 -16.508607864379883 73.00747680664062
264 -16.281116485595703 73.18702697753906
265 -16.118228912353516 73.5225830078125
266 -15.716753959655762 74.17729949951172
267 -15.591327667236328 74.43753051757812
268 -15.590441703796387 74.67390441894531
269 -15.641290664672852 74.79499053955078
270 -16.04244041442871 75.1621322631836
271 -16.4569149017334 75.59400939941406
272 -16.666000366210938 75.8022689819336
273 -16.89654541015625 76.09291076660156
274 -17.003978729248047 76.32791137695312
275 -17.26008415222168 76.23957824707031
276 -17.608362197875977 76.07706451416016
277 -17.815662384033203 75.97303009033203
278 -18.054119110107422 75.81273651123047
279 -18.38703155517578 75.39598083496094
280 -18.573442459106445 75.11246490478516
281 -18.670982360839844 74.94441986083984
282 -18.863466262817383 74.87263488769531
283 -19.094045639038086 74.78095245361328
284 -19.48809242248535 74.6737289428711
285 -19.945945739746094 74.28218841552734
286 -20.06037712097168 74.1961669921875
287 -20.43580436706543 74.08185577392578
288 -20.724781036376953 74.0108642578125
289 -21.313108444213867 74.14055633544922
290 -21.471603393554688 74.19264221191406
291 -21.610748291015625 74.33281707763672
292 -21.673429489135742 74.49724578857422
293 -21.724706649780273 74.71924591064453
294 -21.885364532470703 74.92660522460938
295 -22.193185806274414 75.2141342163086
296 -22.29351234436035 75.42388916015625
297 -22.335630416870117 75.65097045898438
298 -22.341012954711914 76.30615234375
299 -22.472829818725586 76.54717254638672
300 -22.656064987182617 76.62014770507812
301 -22.89024543762207 76.6751480102539
302 -23.25375747680664 76.66326141357422
303 -23.591707229614258 76.52523040771484
304 -23.845300674438477 76.29695129394531
305 -24.05265235900879 76.02555847167969
306 -24.21025276184082 75.57969665527344
307 -24.114362716674805 75.19136810302734
308 -24.07835578918457 75.02256774902344
309 -24.02155876159668 74.81533813476562
310 -23.968914031982422 74.51939392089844
311 -23.964797973632812 74.2165756225586
312 -23.99321937561035 73.90331268310547
313 -24.024351119995117 73.68199157714844
314 -24.068092346191406 73.55826568603516
315 -24.119308471679688 73.25911712646484
316 -24.201641082763672 72.96808624267578
317 -24.342361450195312 72.52920532226562
318 -24.504573822021484 72.1851806640625
319 -24.622365951538086 72.01249694824219
320 -24.80840492248535 71.76825714111328
321 -25.46856689453125 70.9040298461914
322 -25.539459228515625 70.81477355957031
323 -25.647695541381836 70.68392181396484
324 -25.924238204956055 70.38957214355469
325 -26.11410903930664 70.21348571777344
326 -26.25852394104004 70.05366516113281
327 -26.680700302124023 69.77693939208984
328 -27.049955368041992 69.53437042236328
329 -27.463336944580078 69.33699035644531
330 -27.832477569580078 69.21709442138672
331 -28.488018035888672 69.07642364501953
332 -28.642580032348633 69.0824966430664
333 -28.884544372558594 69.07941436767578
334 -29.121007919311523 69.0794906616211
335 -29.698028564453125 69.04560852050781
336 -30.10245704650879 68.98519134521484
337 -30.41967010498047 68.95956420898438
338 -30.687149047851562 68.85127258300781
339 -31.524303436279297 67.87012481689453
340 -31.620466232299805 67.75128936767578
341 -31.682483673095703 67.85050964355469
342 -31.929410934448242 68.04444885253906
343 -32.37480163574219 68.2866439819336
344 -32.50050735473633 68.34973907470703
345 -32.49970245361328 68.68092346191406
346 -32.506649017333984 69.1746597290039
347 -32.44378662109375 69.39649963378906
348 -32.36441421508789 69.61674499511719
349 -32.327327728271484 69.95738220214844
350 -32.37415313720703 70.26847076416016
351 -32.48602294921875 70.4772720336914
352 -32.608402252197266 70.64137268066406
353 -32.910762786865234 70.76402282714844
354 -33.276432037353516 70.8277587890625
355 -33.56801986694336 70.7777328491211
356 -33.87083053588867 70.80073547363281
357 -34.04518508911133 70.79537200927734
358 -34.234012603759766 70.78144836425781
359 -34.46683120727539 70.70555877685547
360 -34.679588317871094 70.63101196289062
361 -34.84005355834961 70.5811767578125
362 -41.67119216918945 71.33724212646484
363 -42.004764556884766 71.31151580810547
364 -42.216026306152344 71.23323059082031
365 -42.59415817260742 70.90375518798828
366 -42.82193374633789 70.70783996582031
367 -42.920127868652344 70.5937728881836
368 -43.08341598510742 70.4054946899414
369 -43.404727935791016 70.06388854980469
370 -43.54811096191406 69.75666046142578
371 -43.677730560302734 69.64697265625
372 -43.835548400878906 69.37036895751953
373 -43.8653450012207 69.16273498535156
374 -43.71846008300781 68.58319091796875
375 -43.66783905029297 68.38108825683594
376 -43.58296585083008 68.26171112060547
377 -43.316123962402344 67.9226303100586
378 -43.05215835571289 67.58198547363281
379 -42.959407806396484 67.44554901123047
380 -42.78102493286133 67.40221405029297
381 -42.39744567871094 67.42218017578125
382 -42.06587219238281 67.45294189453125
383 -41.70465850830078 67.42807006835938
384 -41.35776138305664 67.25653076171875
385 -41.075584411621094 66.99239349365234
386 -40.880226135253906 66.51152801513672
387 -40.892677307128906 66.31095886230469
388 -40.963436126708984 66.14682006835938
389 -41.01276779174805 65.92623138427734
390 -40.98586654663086 65.72174072265625
391 -40.9438362121582 65.1758804321289
392 -40.88255310058594 64.84405517578125
393 -40.81282424926758 64.5476303100586
394 -40.77866744995117 64.48985290527344
395 -21.464052200317383 52.9101676940918
396 -21.299551010131836 52.84988021850586
397 -21.064416885375977 52.821048736572266
398 -20.846675872802734 52.83708190917969
399 -20.522794723510742 53.07059097290039
400 -20.165616989135742 53.40869903564453
401 -20.04047203063965 53.51703643798828
402 -19.917951583862305 53.549015045166016
403 -11.241443634033203 46.26069259643555
404 -11.113836288452148 45.911983489990234
405 -11.185737609863281 45.7402229309082
406 -11.318605422973633 45.59912109375
407 -11.58234977722168 45.47345733642578
408 -11.658476829528809 45.4600715637207
409 -11.866911888122559 45.56915283203125
410 -12.313567161560059 45.92774963378906
411 -12.837960243225098 46.4178352355957
412 -12.972121238708496 46.52021026611328
413 -13.035974502563477 46.59469223022461
414 -13.202095985412598 46.87992477416992
415 -13.395134925842285 47.22707748413086
416 -13.50656509399414 47.457035064697266
417 -13.74995231628418 47.25765609741211
418 -13.993426322937012 46.94684982299805
419 -14.137044906616211 46.71006774902344
420 -14.338165283203125 46.549381256103516
421 -14.667984962463379 46.40111541748047
422 -14.888922691345215 46.37111282348633
423 -15.124556541442871 46.365089416503906
424 -15.402484893798828 46.487937927246094
425 -18.695728302001953 57.52738952636719
426 -18.921667098999023 57.73023986816406
427 -19.261266708374023 57.961097717285156
428 -19.51479721069336 58.100830078125
429 -19.73409652709961 58.16534423828125
430 -20.155532836914062 58.18879318237305
431 -22.604055404663086 57.84239959716797
432 -22.965200424194336 57.792293548583984
433 -23.23584747314453 57.7698860168457
434 -23.385168075561523 57.8051872253418
435 -23.41878890991211 57.99344253540039
436 -23.46207618713379 58.590450286865234
437 -23.57480239868164 58.93448257446289
438 -23.64887237548828 59.20921325683594
439 -23.606327056884766 59.48036575317383
440 -23.45667839050293 59.626033782958984
441 -22.73002052307129 59.95904541015625
442 -22.408361434936523 60.123722076416016
443 -22.055429458618164 60.17561721801758
444 -21.898054122924805 60.05091094970703
445 -21.671709060668945 59.83588790893555
446 -21.31304931640625 59.32857894897461
447 -21.244625091552734 59.118133544921875
448 -21.250808715820312 58.83301544189453
449 -21.283967971801758 58.46381759643555
450 -21.2998046875 58.170047760009766
451 -21.24340057373047 57.42385482788086
452 -21.177745819091797 57.161903381347656
453 -21.07232093811035 57.00682830810547
454 -20.94599723815918 56.773136138916016
455 -20.812490463256836 56.446983337402344
456 -20.781774520874023 56.22930908203125
457 -20.905197143554688 55.85860061645508
458 -21.032102584838867 55.62529754638672
459 -21.21263885498047 55.418460845947266
460 -21.419639587402344 55.291343688964844
461 -21.69626808166504 55.150291442871094
462 -22.0782527923584 55.060237884521484
463 -22.56949234008789 55.11228561401367
464 -22.79138946533203 55.10943603515625
465 -22.9954776763916 55.026817321777344
466 -23.170068740844727 54.90285110473633
467 -23.277795791625977 54.71375274658203
468 -23.34229278564453 54.563838958740234
469 -23.484813690185547 54.073875427246094
470 -23.616472244262695 53.70138931274414
471 -23.817968368530273 53.389339447021484
472 -24.094961166381836 53.22040939331055
473 -24.355648040771484 53.116580963134766
474 -24.720897674560547 53.04347610473633
475 -25.07695198059082 52.87218475341797
476 -25.258811950683594 52.767608642578125
477 -25.47555160522461 52.639766693115234
478 -25.773902893066406 52.61336898803711
479 -25.99579429626465 52.650203704833984
480 -26.186853408813477 52.70967483520508
481 -26.4273738861084 52.77561950683594
482 -37.184974670410156 63.45530700683594
483 -37.28012466430664 63.696041107177734
484 -37.33379364013672 63.80948257446289
485 -37.330081939697266 63.89739227294922
486 -37.47823715209961 64.2086410522461
487 -37.663780212402344 64.65281677246094
488 -37.76072311401367 65.08641052246094
489 -37.7332763671875 65.38465118408203
490 -37.519927978515625 65.7837142944336
491 -37.322566986083984 66.19628143310547
492 -37.27146530151367 66.37564086914062
493 -37.23833465576172 66.62273406982422
494 -37.437618255615234 66.85340881347656
495 -37.6973876953125 67.0644760131836
496 -37.8349723815918 67.20608520507812
497 -37.95800018310547 67.45169067382812
498 -38.100494384765625 67.68307495117188
499 -38.27737808227539 67.88838958740234
500 -38.36762619018555 67.9924087524414
501 -38.45338439941406 68.14962005615234
502 -38.398677825927734 68.52346801757812
503 -38.387386322021484 68.72827911376953
504 -38.2603759765625 68.99933624267578
505 -38.20598602294922 69.3709716796875
506 -38.297119140625 69.71771240234375
507 -38.360076904296875 70.05011749267578
508 -38.3509407043457 70.31591033935547
509 -38.21562194824219 70.51406860351562
510 -37.9233512878418 70.77159118652344
511 -37.60166931152344 71.08168029785156
512 -37.482093811035156 71.30841827392578
513 -37.42878723144531 71.44832611083984
514 -37.37666320800781 71.6749038696289
515 -37.375221252441406 72.04901885986328
516 -37.348175048828125 72.61172485351562
517 -37.289710998535156 72.93799591064453
518 -37.26652145385742 73.37583923339844
519 -37.20487594604492 73.62974548339844
520 -37.163841247558594 73.73529052734375
521 -37.02570343017578 73.93186950683594
522 -36.907588958740234 74.0562973022461
523 -36.62868881225586 74.26659393310547
524 -36.278831481933594 74.64009857177734
525 -36.14293670654297 74.89492797851562
526 -35.924720764160156 75.37875366210938
527 -35.77055358886719 75.80331420898438
528 -35.689537048339844 76.00465393066406
529 -35.61343002319336 76.25672149658203
530 -35.54280471801758 76.51597595214844
531 -35.492347717285156 76.7347412109375
532 -35.355628967285156 77.00851440429688
533 -35.159759521484375 77.25164794921875
534 -34.90570068359375 77.23909759521484
535 -34.79032516479492 77.25045013427734
536 -34.479888916015625 77.24930572509766
537 -34.149803161621094 77.23859405517578
538 -33.879600524902344 77.36756134033203
539 -33.546512603759766 77.49320220947266
540 -33.27509689331055 77.52484130859375
541 -32.98375701904297 77.56216430664062
542 -32.6927490234375 77.6358642578125
543 -32.250850677490234 77.781982421875
544 -32.1014404296875 77.8069076538086
545 -32.03130340576172 77.63261413574219
546 -32.050716400146484 76.93065643310547
547 -31.974233627319336 76.58645629882812
548 -31.896873474121094 76.27117919921875
549 -31.866260528564453 76.03067779541016
550 -31.907737731933594 75.86138153076172
551 -31.91579246520996 75.69840240478516
552 -32.02574157714844 75.3436508178711
553 -32.11669921875 74.90973663330078
554 -32.09272003173828 74.55236053466797
555 -31.92831039428711 74.3957290649414
556 -31.66727638244629 74.40239715576172
557 -31.162317276000977 74.47742462158203
558 -30.753217697143555 74.48336791992188
559 -30.369455337524414 74.67203521728516
560 -30.28913116455078 74.6750717163086
561 -30.221446990966797 74.64873504638672
562 -29.960874557495117 74.55059051513672
563 -29.516965866088867 74.11164093017578
564 -29.27186393737793 73.94215393066406
565 -28.92278289794922 73.543701171875
566 -28.8983097076416 73.33882141113281
567 -29.061857223510742 73.14400482177734
568 -29.491575241088867 72.98435974121094
569 -29.823911666870117 72.77835845947266
570 -29.99966049194336 72.52468872070312
571 -30.009075164794922 72.38817596435547
572 -29.97254753112793 72.27291870117188
573 -29.95357894897461 71.97050476074219
574 -29.255111694335938 63.54723358154297
575 -29.34996795654297 63.34782028198242
576 -29.517595291137695 63.20701217651367
577 -29.884035110473633 62.8690299987793
578 -29.956727981567383 62.60352325439453
579 -29.967208862304688 62.28113555908203
580 -29.83758544921875 62.115779876708984
581 -29.594696044921875 62.03487014770508
582 -29.226497650146484 61.922237396240234
583 -28.848447799682617 61.82343673706055
584 -28.602169036865234 61.742069244384766
585 -28.49870491027832 61.608211517333984
586 -28.325477600097656 61.246803283691406
587 -28.262001037597656 61.003448486328125
588 -28.28976058959961 60.884666442871094
589 -28.450279235839844 60.65626907348633
590 -28.781002044677734 60.246971130371094
591 -29.073440551757812 59.912776947021484
592 -29.26527976989746 59.66650390625
593 -29.291202545166016 59.404197692871094
594 -29.36257553100586 59.08186340332031
595 -29.33500099182129 58.6776123046875
596 -29.2979793548584 58.36578369140625
597 -29.099912643432617 58.20519256591797
598 -28.721378326416016 57.99602508544922
599 -28.302703857421875 58.04767990112305
600 -28.055221557617188 58.08660888671875
601 -27.80428695678711 58.23030471801758
602 -27.575298309326172 58.37555694580078
603 -27.315340042114258 58.61322021484375
604 -27.12112045288086 58.73157501220703
605 -26.92159652709961 58.7768669128418
606 -26.613222122192383 58.66783905029297
607 -26.395620346069336 58.5802116394043
608 -26.243560791015625 58.514434814453125
609 -25.873613357543945 58.18135070800781
610 -25.763397216796875 57.93642807006836
611 -25.69537353515625 57.579193115234375
612 -25.69182014465332 57.23529052734375
613 -25.678451538085938 56.99748992919922
614 -25.777172088623047 56.6018180847168
615 -25.93886947631836 56.3638916015625
616 -26.148855209350586 56.035274505615234
617 -26.386877059936523 55.72256851196289
618 -26.528839111328125 55.58794403076172
619 -26.68513298034668 55.42954635620117
620 -27.1171875 55.004390716552734
621 -27.617019653320312 54.543216705322266
622 -27.90494155883789 54.088294982910156
623 -28.06774139404297 53.76773452758789
624 -28.225440979003906 53.51406478881836
625 -28.42397689819336 53.248191833496094
626 -28.659053802490234 53.1043815612793
627 -29.288610458374023 52.8929557800293
628 -29.596830368041992 52.83250045776367
629 -29.78890609741211 52.843017578125
630 -30.007654190063477 52.815467834472656
631 -30.246856689453125 52.726139068603516
632 -30.609994888305664 52.60013198852539
633 -31.025110244750977 52.40943908691406
634 -31.17018699645996 52.1998291015625
635 -31.13672637939453 51.88994598388672
636 -30.929624557495117 51.463905334472656
637 -30.64377784729004 51.131248474121094
638 -30.405410766601562 50.87715148925781
639 -30.218219757080078 50.76850891113281
640 -29.67441177368164 50.39834976196289
641 -29.172855377197266 49.942867279052734
642 -28.94215202331543 49.7910270690918
643 -28.692319869995117 49.705528259277344
644 -28.347986221313477 49.59919357299805
645 -27.9964542388916 49.53079605102539
646 -27.838294982910156 49.50038146972656
647 -27.690967559814453 49.4416389465332
648 -27.449176788330078 49.372222900390625
649 -26.954336166381836 49.18198013305664
650 -26.50299072265625 49.066017150878906
651 -26.34382438659668 49.09317398071289
652 -26.133995056152344 49.2236442565918
653 -20.3696346282959 49.92913055419922
654 -20.13841438293457 49.892822265625
655 -19.96335220336914 49.80106735229492
656 -19.66893196105957 49.647972106933594
657 -19.486059188842773 49.46696472167969
658 -19.246166229248047 49.31306457519531
659 -18.906879425048828 49.092002868652344
660 -18.413721084594727 48.92683792114258
661 -18.10379981994629 48.98429870605469
662 -17.94291114807129 49.014156341552734
663 -17.805002212524414 49.2232666015625
664 -17.646312713623047 49.54097366333008
665 -17.488889694213867 49.805442810058594
666 -17.295452117919922 49.93039321899414
667 -17.08523178100586 50.07075500488281
668 -16.87714958190918 50.271400451660156
669 -16.405963897705078 50.749629974365234
670 -16.258344650268555 50.93746566772461
671 -16.13531494140625 51.30126190185547
672 -16.137767791748047 51.65695571899414
673 -16.13373374938965 51.91044616699219
674 -16.19005584716797 52.173789978027344
675 -16.39763069152832 52.60655212402344
676 -16.569904327392578 52.794281005859375
677 -16.7171688079834 53.00068283081055
678 -16.77695083618164 53.296993255615234
679 -16.82318687438965 53.72850036621094
680 -16.790800094604492 53.95600509643555
681 -16.547863006591797 54.0977897644043
682 -16.027835845947266 54.147369384765625
683 -15.488154411315918 54.07112121582031
684 -15.091416358947754 53.98019027709961
685 -14.915386199951172 53.897613525390625
686 -14.846619606018066 53.80831527709961
687 -14.684297561645508 53.614688873291016
688 -14.556090354919434 53.27938461303711
689 -14.414957046508789 53.066341400146484
690 -14.185747146606445 52.61727523803711
691 -13.9518404006958 52.397911071777344
692 -13.808269500732422 52.34431457519531
693 -13.570292472839355 52.4167366027832
694 -13.195134162902832 52.586936950683594
695 -12.828621864318848 52.65060806274414
696 -12.46740436553955 52.72785568237305
697 -12.184056282043457 52.825477600097656
698 -11.87343692779541 52.880950927734375
699 -11.526566505432129 53.028900146484375
700 -11.304633140563965 53.17115020751953
701 -11.064509391784668 53.22884750366211
702 -10.73090648651123 53.25487518310547
703 -10.575304985046387 53.247596740722656
704 -10.377985954284668 53.2926025390625
705 -10.17786693572998 53.33735656738281
706 -9.898384094238281 53.45303726196289
707 -9.480398178100586 53.53974533081055
708 -9.185708999633789 53.68812942504883
709 -9.164628982543945 53.89189147949219
710 -9.259905815124512 54.22318649291992
711 -9.301596641540527 54.5174674987793
712 -9.416383743286133 54.721920013427734
713 -9.627617835998535 55.154144287109375
714 -9.916802406311035 55.36741256713867
715 -10.316235542297363 55.48515319824219
716 -10.607675552368164 55.58967590332031
717 -11.00671100616455 55.80323028564453
718 -11.253752708435059 55.905921936035156
719 -11.527514457702637 56.07311248779297
720 -11.687158584594727 56.128448486328125
721 -11.789127349853516 55.99907302856445
722 -12.058030128479004 55.93268585205078
723 -12.483084678649902 55.9492301940918
724 -12.728080749511719 56.0079460144043
725 -12.860672950744629 56.008296966552734
726 -12.961215019226074 56.02342224121094
727 -13.412436485290527 56.06425094604492
728 -13.972172737121582 56.108299255371094
729 -14.186727523803711 56.1357536315918
730 -14.4929780960083 56.27462387084961
731 -14.715405464172363 56.35759735107422
732 -15.009617805480957 56.421939849853516
733 -15.216328620910645 56.55548095703125
734 -15.647904396057129 56.813148498535156
735 -15.685380935668945 57.109283447265625
736 -15.707530975341797 57.30715560913086
737 -15.536922454833984 57.56029510498047
738 -15.19473934173584 57.76950454711914
739 -14.806822776794434 58.017784118652344
740 -14.517566680908203 58.13429260253906
741 -14.287238121032715 58.18669891357422
742 -13.982276916503906 58.33095932006836
743 -13.745379447937012 58.486812591552734
744 -13.648098945617676 58.66903305053711
745 -13.591504096984863 58.788028717041016
746 -13.302191734313965 58.93968200683594
747 -13.064486503601074 58.99110794067383
748 -12.785398483276367 58.94633102416992
749 -12.429534912109375 58.94230270385742
750 -12.226408958435059 58.9304313659668
751 -11.88373851776123 58.979774475097656
752 -11.345335006713867 59.03864288330078
753 -10.866686820983887 59.060340881347656
754 -10.54711627960205 59.10248947143555
755 -10.280476570129395 59.01005935668945
756 -9.79606819152832 58.48020553588867
757 -9.640904426574707 58.33024978637695
758 -9.215226173400879 58.11474609375
759 -8.958959579467773 58.09244918823242
760 -8.809121131896973 58.08744812011719
761 -8.6917724609375 58.29649353027344
762 -8.32088565826416 58.829097747802734
763 -8.107540130615234 59.06728744506836
764 -7.813712120056152 59.199195861816406
765 -7.3868513107299805 59.29655075073242
766 -6.86740779876709 59.46607208251953
767 -6.621397495269775 59.68344497680664
768 -6.628348350524902 60.11020278930664
769 -6.659619331359863 60.351505279541016
770 -6.801230430603027 60.51816940307617
771 -7.247520446777344 60.82059097290039
772 -7.804574966430664 61.1265983581543
773 -7.928060054779053 61.21773910522461
774 -8.096785545349121 61.361080169677734
775 -8.280928611755371 61.78879165649414
776 -8.301310539245605 62.212825775146484
777 -8.445842742919922 62.65254592895508
778 -8.494924545288086 62.77056121826172
779 -8.686606407165527 62.775062561035156
780 -9.001384735107422 62.650238037109375
781 -9.481253623962402 62.38645935058594
782 -9.891639709472656 62.30176544189453
783 -10.080658912658691 62.33829116821289
784 -10.244314193725586 62.3825569152832
785 -10.577960968017578 62.48138427734375
786 -10.980040550231934 62.78812789916992
787 -11.143324851989746 62.825157165527344
788 -11.385843276977539 62.78852081298828
789 -11.82855224609375 62.566322326660156
790 -12.25009536743164 62.350650787353516
791 -12.484910011291504 62.26625061035156
792 -12.66865062713623 62.21150588989258
793 -12.782167434692383 62.20882034301758
794 -13.050701141357422 62.171180725097656
795 -13.344980239868164 62.11688995361328
796 -13.649559020996094 62.03591537475586
797 -13.969115257263184 61.962501525878906
798 -14.345108985900879 61.816829681396484
799 -14.495187759399414 61.71167755126953
800 -14.696639060974121 61.68547439575195
801 -15.015852928161621 61.70314407348633
802 -15.364249229431152 61.71875762939453
803 -15.503159523010254 61.718936920166016
804 -15.807896614074707 61.79838943481445
805 -19.160663604736328 63.42979049682617
806 -19.52507209777832 63.61318588256836
807 -19.87711524963379 63.65464401245117
808 -20.11068344116211 63.662776947021484
809 -20.34136962890625 63.63784408569336
810 -20.65113639831543 63.51822280883789
811 -20.982940673828125 63.38508605957031
812 -21.216230392456055 63.26998519897461
813 -21.609914779663086 63.21503829956055
814 -22.10825538635254 63.15284729003906
815 -22.254257202148438 63.153602600097656
816 -22.590534210205078 63.37076187133789
817 -22.84098243713379 63.58957290649414
818 -22.909683227539062 63.80398178100586
819 -22.87978744506836 64.0717544555664
820 -22.762380599975586 64.39112854003906
821 -22.639598846435547 64.599609375
822 -22.442651748657227 64.81300354003906
823 -22.24191665649414 65.04149627685547
824 -21.992820739746094 65.28368377685547
825 -21.73486328125 65.60223388671875
826 -21.617040634155273 65.8470230102539
827 -21.627084732055664 66.12519073486328
828 -21.660125732421875 66.52669525146484
829 -21.749643325805664 66.79212951660156
830 -21.841482162475586 67.15798950195312
831 -21.844085693359375 67.4111557006836
832 -21.74165153503418 67.66361236572266
833 -21.56538963317871 67.97622680664062
834 -21.356840133666992 68.14295196533203
835 -21.051280975341797 68.35262298583984
836 -20.822233200073242 68.56708526611328
837 -20.553482055664062 68.6623764038086
838 -20.319738388061523 68.69818115234375
839 -20.036752700805664 68.75067138671875
840 -19.632801055908203 68.7748031616211
841 -19.349807739257812 68.80069732666016
842 -19.236068725585938 68.84068298339844
843 -19.08396339416504 68.83755493164062
844 -18.926856994628906 68.66230010986328
845 -18.593013763427734 68.36860656738281
846 -18.375062942504883 68.1309585571289
847 -18.207380294799805 67.99205780029297
848 -17.926359176635742 67.88776397705078
849 -17.655914306640625 67.86481475830078
850 -17.44378089904785 67.918212890625
851 -17.293638229370117 67.94044494628906
852 -16.883291244506836 68.30477905273438
853 -16.617733001708984 68.43327331542969
854 -16.43798065185547 68.5128173828125
855 -16.160924911499023 68.51904296875
856 -16.035531997680664 68.41757202148438
857 -15.695809364318848 68.28935241699219
858 -15.347031593322754 68.17598724365234
859 -15.014799118041992 68.12120056152344
860 -14.629624366760254 68.11167907714844
861 -14.337438583374023 68.17137145996094
862 -13.828065872192383 68.4561538696289
863 -13.607731819152832 68.55934143066406
864 -13.236721992492676 68.6356201171875
865 -12.658790588378906 68.58473205566406
866 -12.444194793701172 68.36248016357422
867 -12.276297569274902 68.00359344482422
868 -12.14383316040039 67.72311401367188
869 -11.99964427947998 67.43553161621094
870 -11.927461624145508 67.15765380859375
871 -11.90134048461914 66.80864715576172
872 -12.045635223388672 66.0536880493164
873 -12.121644973754883 65.88853454589844
874 -12.246105194091797 65.8199462890625
875 -12.565656661987305 65.73365783691406
876 -13.204373359680176 65.59284973144531
877 -13.911188125610352 65.30484008789062
878 -14.169984817504883 65.15363311767578
879 -14.440702438354492 64.96774291992188
880 -14.70301628112793 64.77442169189453
881 -14.878891944885254 64.70671844482422
882 -15.155059814453125 64.68834686279297
883 -15.469212532043457 64.65959930419922
884 -15.954863548278809 64.57628631591797
885 -16.208826065063477 64.49896240234375
886 -16.32616424560547 64.41574096679688
887 -16.492456436157227 64.21178436279297
888 -16.722248077392578 63.82819366455078
889 -17.23537254333496 63.190555572509766
890 -17.39192771911621 63.05575942993164
891 -17.355085372924805 62.9815788269043
892 -17.36908531188965 62.65544128417969
893 -17.48093605041504 62.38288879394531
894 -17.539705276489258 62.09282684326172
895 -17.748682022094727 61.202659606933594
896 -17.852327346801758 60.86786651611328
897 -18.028823852539062 60.78425979614258
898 -18.59081268310547 60.85588836669922
899 -18.88962745666504 60.91749954223633
900 -19.13664436340332 60.99964904785156
901 -19.42353630065918 61.05243682861328
902 -19.623640060424805 61.04401397705078
903 -24.841266632080078 62.55317687988281
904 -25.17055320739746 62.703468322753906
905 -25.451061248779297 62.76594543457031
906 -25.691547393798828 62.8974494934082
907 -25.93016242980957 63.08802795410156
908 -26.157533645629883 63.343170166015625
909 -26.410903930664062 63.48352813720703
910 -26.52299690246582 63.619903564453125
911 -26.527088165283203 63.8655891418457
912 -26.610610961914062 64.43846130371094
913 -26.65632438659668 64.74691772460938
914 -26.651124954223633 64.9024429321289
915 -26.839921951293945 65.0843734741211
916 -27.203271865844727 65.22869110107422
917 -27.689144134521484 65.47154998779297
918 -27.993366241455078 65.58096313476562
919 -28.214319229125977 65.59976196289062
920 -28.50861930847168 65.54935455322266
921 -29.01642608642578 65.43978881835938
922 -29.457988739013672 65.34115600585938
923 -29.74233055114746 65.28929901123047
924 -30.30929183959961 65.24203491210938
925 -30.676551818847656 65.2158432006836
926 -31.067752838134766 65.2020034790039
927 -31.80414581298828 65.25418853759766
928 -32.1783561706543 65.22933959960938
929 -32.32233428955078 65.13082885742188
930 -32.418678283691406 64.95988464355469
931 -32.5981330871582 64.55213165283203
932 -32.8700065612793 63.72953796386719
933 -32.95725631713867 63.489688873291016
934 -33.10755157470703 63.2096061706543
935 -33.27797317504883 62.96556091308594
936 -33.484066009521484 62.842018127441406
937 -33.613868713378906 62.74223327636719
938 -33.78535842895508 62.74193572998047
939 -33.99675750732422 62.79920959472656
940 -34.281490325927734 62.69158172607422
941 -34.58030700683594 62.599857330322266
942 -34.732330322265625 62.33945846557617
943 -34.78298568725586 61.960235595703125
944 -34.74522018432617 61.733154296875
945 -34.722537994384766 61.51669692993164
946 -34.727760314941406 61.39187240600586
947 -34.84150314331055 61.07130813598633
948 -34.93793869018555 60.94324493408203
949 -35.359161376953125 60.621646881103516
950 -35.55647277832031 60.41646194458008
951 -35.84087371826172 60.139286041259766
952 -36.07460403442383 59.99890899658203
953 -36.25337600708008 59.83563232421875
954 -36.51156234741211 59.52360534667969
955 -36.733585357666016 59.233524322509766
956 -36.7489013671875 59.112281799316406
957 -36.69941329956055 58.9818000793457
958 -36.50720977783203 58.8630256652832
959 -36.20200729370117 58.727413177490234
960 -35.85032272338867 58.428558349609375
961 -35.339317321777344 58.43845748901367
962 -34.72921371459961 58.50825119018555
963 -34.56427001953125 58.5235710144043
964 -34.433101654052734 58.571983337402344
965 -34.21290588378906 58.6026611328125
966 -33.903873443603516 58.714515686035156
967 -33.65049362182617 58.74462890625
968 -33.42229080200195 58.65910720825195
969 -33.38017272949219 58.53776550292969
970 -33.05025863647461 58.4329833984375
971 -32.88204574584961 58.369354248046875
972 -32.64064407348633 58.35662841796875
973 -32.58258056640625 58.05164337158203
974 -32.541229248046875 57.49631118774414
975 -32.3934211730957 56.91990280151367
976 -32.3353157043457 56.77960968017578
977 -32.307281494140625 56.69227600097656
978 -32.21218490600586 56.43903350830078
979 -32.23776626586914 56.199012756347656
980 -32.20711898803711 56.04280090332031
981 -32.34952163696289 55.915122985839844
982 -32.56377410888672 55.65801239013672
983 -32.7514762878418 55.37240219116211
984 -33.131717681884766 55.04932403564453
985 -33.42591857910156 55.039913177490234
986 -33.85983657836914 55.1992073059082
987 -34.15489959716797 55.39033889770508
988 -34.321136474609375 55.622802734375
989 -34.43057632446289 55.743133544921875
990 -34.5849494934082 55.73455047607422
991 -34.88249969482422 55.66261672973633
992 -35.085567474365234 55.61686325073242
993 -35.27608108520508 55.55196762084961
994 -35.459964752197266 55.47980880737305
995 -35.784210205078125 55.33013153076172
996 -35.979061126708984 55.256317138671875
997 -36.22334671020508 55.24849319458008
998 -36.3420295715332 55.313751220703125
999 -36.407135009765625 55.36852264404297
