0 -51.4830322265625 -33.86433792114258
1 -51.538726806640625 -33.90425491333008
2 -51.594276428222656 -33.98930740356445
3 -51.692970275878906 -34.16325759887695
4 -51.82297134399414 -34.40217590332031
5 -52.04814529418945 -34.752769470214844
6 -52.385398864746094 -35.151123046875
7 -52.66356658935547 -35.41676330566406
8 -53.078758239746094 -35.7681884765625
9 -53.165855407714844 -35.94025802612305
10 -53.30943298339844 -36.1071662902832
11 -53.38835525512695 -36.23685836791992
12 -53.3651237487793 -36.41544723510742
13 -53.19145584106445 -36.60526657104492
14 -53.00390625 -36.79020309448242
15 -52.7117805480957 -36.99294662475586
16 -38.376285552978516 -38.236427307128906
17 -38.218074798583984 -38.17100143432617
18 -38.052330017089844 -38.139976501464844
19 -37.810691833496094 -38.1722526550293
20 -37.301536560058594 -38.23036193847656
21 -37.08042526245117 -38.20711135864258
22 -36.9508056640625 -38.12000274658203
23 -36.74204635620117 -38.00194549560547
24 -36.57170867919922 -37.91228485107422
25 -36.634193420410156 -37.57759475708008
26 -36.64966583251953 -37.29734802246094
27 -36.753822326660156 -36.98564529418945
28 -36.76176452636719 -36.539268493652344
29 -36.85142135620117 -36.2928352355957
30 -36.931549072265625 -36.052181243896484
31 -37.143882751464844 -35.999351501464844
32 -37.3723030090332 -35.98161315917969
33 -37.50436019897461 -36.00944900512695
34 -37.8287239074707 -36.158477783203125
35 -37.999855041503906 -36.26108932495117
36 -38.2550048828125 -36.38082504272461
37 -38.37016677856445 -36.44355392456055
38 -38.39155197143555 -36.420658111572266
39 -41.87922286987305 -25.919652938842773
40 -41.93834686279297 -25.674468994140625
41 -42.01717758178711 -25.59303092956543
42 -42.34037399291992 -25.4381103515625
43 -42.84983825683594 -25.221651077270508
44 -42.9164924621582 -25.17727279663086
45 -43.076168060302734 -25.07088279724121
46 -43.342586517333984 -24.78192901611328
47 -43.56245803833008 -24.568374633789062
48 -43.77849578857422 -24.359371185302734
49 -43.88555908203125 -24.174942016601562
50 -43.817928314208984 -24.080272674560547
51 -43.45797348022461 -24.002605438232422
52 -43.099857330322266 -23.870288848876953
53 -42.877655029296875 -23.68946647644043
54 -42.76530456542969 -23.3338680267334
55 -42.78031921386719 -23.203170776367188
56 -42.83498764038086 -22.913476943969727
57 -42.88639450073242 -22.621400833129883
58 -42.914703369140625 -22.465919494628906
59 -42.989200592041016 -22.021778106689453
60 -43.029266357421875 -21.665512084960938
61 -42.841766357421875 -21.38100242614746
62 -42.61866760253906 -21.237871170043945
63 -42.29850769042969 -21.231569290161133
64 -41.84894561767578 -21.215288162231445
65 -41.54869842529297 -21.169086456298828
66 -41.33515930175781 -21.135316848754883
67 -41.18948745727539 -21.184593200683594
68 -40.9500617980957 -21.291624069213867
69 -40.62527084350586 -21.465986251831055
70 -40.386756896972656 -21.483680725097656
71 -39.71193313598633 -21.142797470092773
72 -39.42876052856445 -21.00837516784668
73 -38.80885314941406 -20.842100143432617
74 -38.30828094482422 -20.713369369506836
75 -37.636940002441406 -20.482370376586914
76 -37.10908508300781 -20.273347854614258
77 -36.64244842529297 -19.95445442199707
78 -36.677040100097656 -19.772430419921875
79 -37.031925201416016 -19.287090301513672
80 -37.47050476074219 -18.90576171875
81 -37.662193298339844 -18.8193302154541
82 -37.855384826660156 -18.784984588623047
83 -38.105979919433594 -18.81400489807129
84 -38.4831428527832 -18.859899520874023
85 -38.99966049194336 -18.862764358520508
86 -39.36180114746094 -18.894384384155273
87 -39.615291595458984 -18.962690353393555
88 -39.820491790771484 -19.01262855529785
89 -39.95982360839844 -19.07927703857422
90 -39.947364807128906 -19.233192443847656
91 -39.935489654541016 -19.435222625732422
92 -29.291038513183594 -29.3740291595459
93 -29.211727142333984 -29.3880615234375
94 -28.987215042114258 -29.49962043762207
95 -28.90182876586914 -29.51877212524414
96 -28.58156967163086 -29.369792938232422
97 -28.352121353149414 -29.176790237426758
98 -28.254940032958984 -29.04634666442871
99 -28.26120948791504 -28.76561164855957
100 -28.258832931518555 -28.63042640686035
101 -28.046987533569336 -28.283864974975586
102 -27.82242774963379 -27.9742488861084
103 -27.665586471557617 -27.778053283691406
104 -27.577545166015625 -27.573936462402344
105 -27.397192001342773 -27.20269012451172
106 -27.246490478515625 -26.97509765625
107 -27.163955688476562 -26.685440063476562
108 -27.119075775146484 -26.469024658203125
109 -27.19782257080078 -26.115346908569336
110 -27.203598022460938 -25.881175994873047
111 -27.225854873657227 -25.497316360473633
112 -27.344646453857422 -25.21803092956543
113 -27.520612716674805 -25.09549331665039
114 -27.774187088012695 -25.02387237548828
115 -28.161165237426758 -25.022050857543945
116 -28.53260612487793 -25.023733139038086
117 -34.32994079589844 -25.132427215576172
118 -34.58692932128906 -25.087127685546875
119 -34.69313049316406 -24.99852180480957
120 -34.76190185546875 -24.911317825317383
121 -35.10272979736328 -25.023643493652344
122 -35.40446853637695 -25.190858840942383
123 -35.47787094116211 -25.37293815612793
124 -35.60518264770508 -25.601778030395508
125 -35.61543273925781 -25.769161224365234
126 -35.55563735961914 -26.067819595336914
127 -35.34036636352539 -26.42469024658203
128 -35.11308670043945 -26.628171920776367
129 -35.022525787353516 -26.73443031311035
130 -35.102394104003906 -26.85157012939453
131 -41.174964904785156 -35.9954719543457
132 -41.159305572509766 -36.13640594482422
133 -41.06581115722656 -36.286861419677734
134 -41.01839065551758 -36.43605422973633
135 -40.84176254272461 -36.757381439208984
136 -40.65751266479492 -36.92708969116211
137 -40.14137268066406 -37.3194580078125
138 -39.98115158081055 -37.49679946899414
139 -39.914485931396484 -37.67326736450195
140 -39.79045104980469 -37.833221435546875
141 -39.674560546875 -37.9791145324707
142 -39.58143615722656 -38.18541717529297
143 -39.510929107666016 -38.44270324707031
144 -39.41510772705078 -38.67076110839844
145 -39.32155990600586 -38.96136474609375
146 -39.2728271484375 -39.31907272338867
147 -39.181819915771484 -39.592437744140625
148 -39.11986541748047 -39.7588996887207
149 -39.12018585205078 -39.8601188659668
150 -39.079246520996094 -40.189109802246094
151 -39.06568908691406 -40.35802459716797
152 -39.11151885986328 -40.58152389526367
153 -40.701934814453125 -44.24569320678711
154 -40.769004821777344 -44.46042251586914
155 -40.73543930053711 -44.7525520324707
156 -40.70733642578125 -45.06525802612305
157 -40.648860931396484 -45.71084976196289
158 -40.58015823364258 -45.98271942138672
159 -40.48151779174805 -46.0207633972168
160 -40.29619598388672 -46.02549743652344
161 -39.94796371459961 -45.8737678527832
162 -39.71935272216797 -45.63313293457031
163 -39.620147705078125 -45.426055908203125
164 -39.54806900024414 -45.25509262084961
165 -32.564754486083984 -28.362457275390625
166 -32.436492919921875 -28.064563751220703
167 -32.34174728393555 -27.83734893798828
168 -32.31796646118164 -27.60251808166504
169 -32.34403991699219 -27.42816925048828
170 -32.43487548828125 -27.208221435546875
171 -32.623966217041016 -26.959850311279297
172 -32.778541564941406 -26.754173278808594
173 -33.042415618896484 -26.740211486816406
174 -33.270259857177734 -26.89634895324707
175 -33.51222610473633 -26.983566284179688
176 -33.74918746948242 -26.989852905273438
177 -33.865604400634766 -27.030052185058594
178 -34.06806182861328 -27.21932029724121
179 -43.989524841308594 -44.985050201416016
180 -44.05243682861328 -45.27605438232422
181 -44.052913665771484 -45.42924880981445
182 -43.92219924926758 -45.610557556152344
183 -43.55135726928711 -46.00672912597656
184 -43.38942337036133 -46.144874572753906
185 -43.29899215698242 -46.16242599487305
186 -43.16339874267578 -46.163963317871094
187 -28.76524543762207 -33.61872863769531
188 -28.634456634521484 -33.5933837890625
189 -28.389741897583008 -33.51432418823242
190 -28.05584144592285 -33.469390869140625
191 -27.75739288330078 -33.44151306152344
192 -27.528465270996094 -33.447792053222656
193 -27.365488052368164 -33.5361442565918
194 -27.15412139892578 -33.72392654418945
195 -27.0174503326416 -33.90646743774414
196 -26.928821563720703 -34.069435119628906
197 -26.851900100708008 -34.24513244628906
198 -26.780414581298828 -34.386837005615234
199 -26.553836822509766 -34.56302261352539
200 -26.185190200805664 -34.68339157104492
201 -25.62934684753418 -34.82069778442383
202 -25.285303115844727 -34.85018539428711
203 -24.97076416015625 -34.81963348388672
204 -24.875072479248047 -34.71415710449219
205 -24.82818603515625 -34.57914352416992
206 -24.733245849609375 -34.36482620239258
207 -24.59547996520996 -33.95939636230469
208 -24.677433013916016 -33.64114761352539
209 -24.781856536865234 -33.33515167236328
210 -24.831893920898438 -33.054683685302734
211 -24.941946029663086 -32.88888168334961
212 -25.176986694335938 -32.571346282958984
213 -25.189096450805664 -32.33487319946289
214 -25.064678192138672 -31.85428810119629
215 -24.90983772277832 -31.152395248413086
216 -24.760671615600586 -30.490758895874023
217 -24.59881591796875 -29.870866775512695
218 -24.578773498535156 -29.657983779907227
219 -24.71468734741211 -29.629106521606445
220 -24.98167610168457 -29.61942481994629
221 -25.377803802490234 -29.76222801208496
222 -25.537900924682617 -29.8551082611084
223 -25.956111907958984 -30.03108024597168
224 -26.162405014038086 -30.104167938232422
225 -26.34733772277832 -30.09627342224121
226 -45.00135040283203 -30.511838912963867
227 -45.25621795654297 -30.506271362304688
228 -45.47911834716797 -30.47939682006836
229 -45.783695220947266 -30.56950569152832
230 -46.19141387939453 -30.773038864135742
231 -46.38372802734375 -30.838069915771484
232 -46.44582748413086 -31.037513732910156
233 -46.452247619628906 -31.13749885559082
234 -46.34757614135742 -31.395404815673828
235 -46.27854537963867 -31.562559127807617
236 -46.25051498413086 -31.728214263916016
237 -45.86391830444336 -32.22897720336914
238 -45.7344856262207 -32.46947479248047
239 -45.523860931396484 -32.67338943481445
240 -45.44321060180664 -32.756629943847656
241 -45.094051361083984 -32.98723220825195
242 -44.83891677856445 -33.24043655395508
243 -44.73335647583008 -33.37627410888672
244 -44.578128814697266 -33.601470947265625
245 -44.44767761230469 -33.93266677856445
246 -44.52153015136719 -34.241363525390625
247 -44.67221450805664 -34.48922348022461
248 -44.91231918334961 -34.695003509521484
249 -45.20248031616211 -34.86893844604492
250 -45.55642318725586 -35.04573059082031
251 -45.84434127807617 -35.17384338378906
252 -45.990909576416016 -35.242191314697266
253 -46.110496520996094 -35.3413200378418
254 -46.32048034667969 -35.570613861083984
255 -46.485191345214844 -36.059654235839844
256 -46.50682067871094 -36.3451042175293
257 -46.54935073852539 -36.49165344238281
258 -46.57474136352539 -36.607784271240234
259 -46.61532211303711 -36.75414276123047
260 -46.644187927246094 -36.96331024169922
261 -47.42809295654297 -42.22285079956055
262 -47.36753845214844 -42.32663345336914
263 -47.18724822998047 -42.57814025878906
264 -47.07097244262695 -42.710933685302734
265 -46.84785842895508 -42.82921600341797
266 -46.622737884521484 -42.98715591430664
267 -46.48051452636719 -42.8995475769043
268 -46.06526565551758 -42.53251266479492
269 -45.81888961791992 -42.231651306152344
270 -45.68524932861328 -41.956512451171875
271 -45.55040740966797 -41.64777374267578
272 -45.459102630615234 -41.34244918823242
273 -45.33252716064453 -40.92581558227539
274 -45.270328521728516 -40.70378494262695
275 -45.343101501464844 -40.477115631103516
276 -45.437339782714844 -40.27799606323242
277 -45.655120849609375 -40.04303741455078
278 -45.7740364074707 -39.896392822265625
279 -45.91931915283203 -39.71977233886719
280 -45.96228790283203 -39.590843200683594
281 -46.01027297973633 -39.423309326171875
282 -46.141422271728516 -39.03425598144531
283 -46.44035720825195 -38.900360107421875
284 -46.732059478759766 -38.7298698425293
285 -46.959964752197266 -38.59880447387695
286 -47.286048889160156 -38.347930908203125
287 -47.41785430908203 -38.34013366699219
288 -47.781211853027344 -38.47126770019531
289 -48.07560348510742 -38.592552185058594
290 -48.27921676635742 -38.75141906738281
291 -48.39736557006836 -38.942630767822266
292 -48.549800872802734 -39.29323959350586
293 -48.62575149536133 -39.480628967285156
294 -48.787113189697266 -39.92681121826172
295 -48.90117645263672 -40.2859001159668
296 -48.99061584472656 -40.414588928222656
297 -49.1165657043457 -40.43377685546875
298 -49.30611038208008 -40.41730499267578
299 -50.00360870361328 -40.45641326904297
300 -50.319400787353516 -40.41299819946289
301 -50.60955810546875 -40.35263442993164
302 -50.76859664916992 -40.08753967285156
303 -50.92251205444336 -39.82484436035156
304 -51.06868362426758 -39.51875686645508
305 -51.103424072265625 -39.28679656982422
306 -51.10541915893555 -38.97227478027344
307 -51.18468475341797 -38.63828659057617
308 -51.2027473449707 -38.46805953979492
309 -51.15260696411133 -38.289215087890625
310 -51.02550506591797 -38.148651123046875
311 -50.86982727050781 -38.009193420410156
312 -50.62771987915039 -37.86635971069336
313 -50.358642578125 -37.719173431396484
314 -50.03847885131836 -37.54246520996094
315 -49.23772048950195 -37.11529541015625
316 -49.083213806152344 -36.9498405456543
317 -48.957244873046875 -36.794395446777344
318 -48.90190124511719 -36.598018646240234
319 -48.947486877441406 -36.43374252319336
320 -49.446590423583984 -36.0866584777832
321 -49.695457458496094 -35.91162109375
322 -49.679481506347656 -35.79233932495117
323 -49.457664489746094 -35.6659049987793
324 -49.075347900390625 -35.50312042236328
325 -48.60810470581055 -35.430355072021484
326 -48.40166473388672 -35.39470291137695
327 -48.32142639160156 -35.35356140136719
328 -48.16015625 -35.20087432861328
329 -48.063331604003906 -34.74683380126953
330 -48.00578689575195 -34.50632858276367
331 -48.02069854736328 -34.29840850830078
332 -48.03253173828125 -34.11876678466797
333 -48.07537078857422 -33.925350189208984
334 -48.195335388183594 -33.70522689819336
335 -48.33583068847656 -33.5267333984375
336 -48.55480194091797 -33.25529098510742
337 -48.83912658691406 -32.9618034362793
338 -49.04855728149414 -32.709442138671875
339 -49.16707229614258 -32.560848236083984
340 -49.268795013427734 -32.20551300048828
341 -49.34147644042969 -31.747438430786133
342 -49.34251403808594 -31.602367401123047
343 -49.328792572021484 -31.493162155151367
344 -28.027645111083984 -22.533283233642578
345 -28.205875396728516 -22.58938980102539
346 -28.458036422729492 -22.67188835144043
347 -28.593536376953125 -22.779312133789062
348 -28.787668228149414 -22.881898880004883
349 -28.979358673095703 -22.959369659423828
350 -29.205142974853516 -22.9687442779541
351 -29.490629196166992 -22.9377384185791
352 -29.537261962890625 -22.894527435302734
353 -29.8978328704834 -22.734140396118164
354 -30.239707946777344 -22.559856414794922
355 -30.39612579345703 -22.314044952392578
356 -30.597610473632812 -22.007966995239258
357 -30.79579734802246 -21.736087799072266
358 -31.10927391052246 -21.4193058013916
359 -31.5034122467041 -21.182662963867188
360 -32.05015563964844 -21.134510040283203
361 -32.47568130493164 -21.306476593017578
362 -33.04025650024414 -21.599510192871094
363 -33.17958068847656 -21.81826400756836
364 -33.2261848449707 -22.1086368560791
365 -33.307525634765625 -22.436800003051758
366 -33.20976257324219 -22.689666748046875
367 -32.952632904052734 -22.954017639160156
368 -32.87801742553711 -23.05945587158203
369 -32.86806869506836 -23.232694625854492
370 -32.8209114074707 -23.41571617126465
371 -32.76195526123047 -23.6507511138916
372 -32.80814743041992 -24.2822265625
373 -32.792110443115234 -24.414920806884766
374 -32.63627243041992 -24.61603355407715
375 -32.43144607543945 -24.79857063293457
376 -32.04367446899414 -24.685317993164062
377 -31.847396850585938 -24.60931396484375
378 -31.573471069335938 -24.552339553833008
379 -31.278858184814453 -24.484628677368164
380 -30.805503845214844 -24.546215057373047
381 -30.73900604248047 -24.62932777404785
382 -30.83510971069336 -24.770484924316406
383 -31.033702850341797 -25.315933227539062
384 -31.087465286254883 -25.591415405273438
385 -31.13484764099121 -25.96586799621582
386 -31.1102294921875 -26.1788330078125
387 -30.95720863342285 -26.413122177124023
388 -30.465465545654297 -26.747554779052734
389 -30.29857063293457 -26.87479591369629
390 -30.24286651611328 -27.09775733947754
391 -30.240652084350586 -27.473331451416016
392 -30.36803436279297 -27.73951530456543
393 -30.425180435180664 -27.858436584472656
394 -30.54006004333496 -27.999618530273438
395 -30.663856506347656 -28.064346313476562
396 -39.83287811279297 -33.07041931152344
397 -39.98265075683594 -33.17813491821289
398 -40.11663055419922 -33.25691604614258
399 -40.39204788208008 -33.42258071899414
400 -40.658843994140625 -33.56490707397461
401 -40.74900817871094 -33.63446044921875
402 -40.81170654296875 -33.70596694946289
403 -40.98982620239258 -33.963104248046875
404 -41.151771545410156 -34.200927734375
405 -41.39340591430664 -34.34945297241211
406 -41.56249237060547 -34.46244812011719
407 -41.78499984741211 -34.578739166259766
408 -42.04818344116211 -34.76795196533203
409 -42.33415985107422 -34.987525939941406
410 -42.568946838378906 -35.22773742675781
411 -42.82695007324219 -35.471073150634766
412 -42.97776412963867 -35.57210159301758
413 -43.29402542114258 -35.812679290771484
414 -43.45490646362305 -35.915340423583984
415 -43.77339172363281 -36.16391372680664
416 -44.05820083618164 -36.36909484863281
417 -44.286170959472656 -36.51923751831055
418 -44.33675765991211 -36.59444808959961
419 -44.425025939941406 -36.73612976074219
420 -44.513938903808594 -36.91838836669922
421 -44.569026947021484 -37.12763214111328
422 -44.59919357299805 -37.402984619140625
423 -44.45185852050781 -37.75136947631836
424 -44.1566047668457 -38.03647232055664
425 -43.89852523803711 -38.15009689331055
426 -43.68380355834961 -38.22233200073242
427 -43.44941711425781 -38.19394302368164
428 -42.979034423828125 -38.050048828125
429 -42.768489837646484 -37.98847961425781
430 -42.64059829711914 -37.95513153076172
431 -42.403446197509766 -37.912235260009766
432 -42.135032653808594 -37.898170471191406
433 -41.93611145019531 -37.916690826416016
434 -41.713775634765625 -38.05912399291992
435 -41.562042236328125 -38.1943473815918
436 -41.434791564941406 -38.420536041259766
437 -41.442142486572266 -38.748512268066406
438 -41.47206497192383 -39.09501647949219
439 -41.55958938598633 -39.291439056396484
440 -41.67918395996094 -39.56515121459961
441 -41.8560905456543 -39.94803237915039
442 -41.964115142822266 -40.10215759277344
443 -42.09457015991211 -40.22622299194336
444 -42.286380767822266 -40.45222854614258
445 -42.46218490600586 -40.6242790222168
446 -42.68383026123047 -40.75177001953125
447 -42.75669860839844 -40.86579132080078
448 -42.81070327758789 -41.12725067138672
449 -42.80382537841797 -41.28916931152344
450 -42.68032455444336 -41.51395034790039
451 -42.55422592163086 -41.81780242919922
452 -42.332088470458984 -41.93256378173828
453 -42.12641143798828 -42.03562927246094
454 -41.795257568359375 -42.2382926940918
455 -41.66602325439453 -42.38372802734375
456 -41.49647521972656 -42.49668502807617
457 -41.246620178222656 -42.465858459472656
458 -40.940120697021484 -42.38568115234375
459 -40.779815673828125 -42.39053726196289
460 -40.624820709228516 -42.3319091796875
461 -40.461944580078125 -42.18709945678711
462 -40.300785064697266 -41.92877960205078
463 -40.1817626953125 -41.744293212890625
464 -40.03484344482422 -41.58472442626953
465 -39.736595153808594 -41.596466064453125
466 -39.075653076171875 -41.91389465332031
467 -38.78058624267578 -42.269386291503906
468 -38.48957443237305 -42.73746871948242
469 -38.29192352294922 -43.13024139404297
470 -38.162322998046875 -43.315738677978516
471 -37.943748474121094 -43.53074645996094
472 -37.66660690307617 -43.772804260253906
473 -37.54249954223633 -43.84537124633789
474 -37.46051788330078 -43.977813720703125
475 -37.41497802734375 -44.198856353759766
476 -37.283294677734375 -44.63788604736328
477 -37.23544692993164 -44.77745056152344
478 -37.16136932373047 -45.30970764160156
479 -37.137447357177734 -45.632965087890625
480 -37.10334396362305 -45.753719329833984
481 -39.121089935302734 -29.489559173583984
482 -39.1085205078125 -29.45040512084961
483 -39.12056350708008 -29.50800895690918
484 -39.08766555786133 -29.723073959350586
485 -39.088260650634766 -30.09278106689453
486 -39.06113052368164 -30.532739639282227
487 -39.11281204223633 -30.994352340698242
488 -39.088905334472656 -31.18512725830078
489 -39.01936721801758 -31.402183532714844
490 -38.91841125488281 -31.664958953857422
491 -38.78095245361328 -31.816940307617188
492 -38.57746505737305 -31.88381576538086
493 -38.309165954589844 -31.99265480041504
494 -38.184879302978516 -32.03358459472656
495 -37.874595642089844 -32.13958740234375
496 -37.51078796386719 -32.179752349853516
497 -37.294368743896484 -32.208221435546875
498 -37.14634704589844 -32.22810363769531
499 -36.98579406738281 -32.08870315551758
500 -36.7595100402832 -31.869186401367188
501 -36.666168212890625 -31.789037704467773
502 -36.528053283691406 -31.711284637451172
503 -36.35209274291992 -31.750818252563477
504 -35.968231201171875 -31.86063575744629
505 -35.5786018371582 -32.02936553955078
506 -35.509925842285156 -32.162845611572266
507 -35.44870376586914 -32.350711822509766
508 -35.511253356933594 -32.710792541503906
509 -35.561771392822266 -32.84563064575195
510 -35.658138275146484 -33.08537292480469
511 -35.90554428100586 -33.28990173339844
512 -36.177181243896484 -33.427677154541016
513 -36.39334487915039 -33.543609619140625
514 -36.54941177368164 -33.682586669921875
515 -36.66984176635742 -33.82436752319336
516 -36.77022171020508 -33.93991470336914
517 -36.865596771240234 -34.07111740112305
518 -37.01765441894531 -34.14021301269531
519 -37.18392562866211 -34.30883026123047
520 -37.270599365234375 -34.328033447265625
521 -37.52939987182617 -34.209312438964844
522 -37.7840576171875 -33.974266052246094
523 -38.0174560546875 -33.84164047241211
524 -38.258182525634766 -33.6502685546875
525 -38.424591064453125 -33.55125427246094
526 -38.507869720458984 -33.534576416015625
527 -38.69080352783203 -33.50909423828125
528 -38.820133209228516 -33.55310821533203
529 -33.90736770629883 -44.199981689453125
530 -33.855770111083984 -44.325721740722656
531 -33.81550598144531 -44.51509475708008
532 -33.688472747802734 -44.780879974365234
533 -33.544071197509766 -45.0316047668457
534 -33.3665771484375 -45.44282913208008
535 -33.30127716064453 -45.67091369628906
536 -33.30689239501953 -45.979522705078125
537 -33.32776641845703 -46.195533752441406
538 -33.31621551513672 -46.42730712890625
539 -33.18968200683594 -46.52530288696289
540 -33.09405517578125 -46.571739196777344
541 -32.83186340332031 -46.68735885620117
542 -32.619205474853516 -46.76298904418945
543 -32.467315673828125 -46.64862823486328
544 -32.21711730957031 -46.53388214111328
545 -32.01375198364258 -46.449520111083984
546 -31.834447860717773 -46.34700393676758
547 -31.707773208618164 -46.32219314575195
548 -31.57244110107422 -46.17473220825195
549 -31.535118103027344 -46.08618927001953
550 -31.277538299560547 -45.7330322265625
551 -31.04315948486328 -45.471160888671875
552 -30.87385368347168 -45.33644485473633
553 -30.61705207824707 -45.139015197753906
554 -30.36872100830078 -45.06936264038086
555 -29.811403274536133 -44.95254898071289
556 -29.503028869628906 -44.86427307128906
557 -29.323505401611328 -44.793392181396484
558 -29.126733779907227 -44.69818115234375
559 -28.965682983398438 -44.58035659790039
560 -28.763751983642578 -44.38043212890625
561 -28.592605590820312 -44.171566009521484
562 -28.471832275390625 -44.034786224365234
563 -28.25340461730957 -43.91321563720703
564 -28.125720977783203 -43.85121536254883
565 -27.95717430114746 -43.85497283935547
566 -27.73943328857422 -43.76958084106445
567 -27.400754928588867 -43.558101654052734
568 -27.21249771118164 -43.39821243286133
569 -27.117074966430664 -43.25753402709961
570 -27.12908363342285 -43.03435516357422
571 -27.30752944946289 -42.60712432861328
572 -27.50859260559082 -42.19812774658203
573 -27.531291961669922 -41.94014358520508
574 -27.438425064086914 -41.55328369140625
575 -27.288360595703125 -41.29279327392578
576 -27.17749786376953 -41.136634826660156
577 -27.07403564453125 -40.969520568847656
578 -26.979103088378906 -40.878700256347656
579 -26.90605354309082 -40.693538665771484
580 -26.78223419189453 -40.33021545410156
581 -26.347314834594727 -39.83378601074219
582 -26.27884292602539 -39.704593658447266
583 -26.02593231201172 -39.70330810546875
584 -25.82523536682129 -39.726959228515625
585 -25.572965621948242 -39.770503997802734
586 -25.25960350036621 -39.70414352416992
587 -25.01495361328125 -39.57891845703125
588 -24.89019012451172 -39.473472595214844
589 -24.80306053161621 -39.350929260253906
590 -24.646535873413086 -39.01244354248047
591 -24.58342742919922 -38.66322708129883
592 -24.693931579589844 -38.373416900634766
593 -24.870386123657227 -37.96583938598633
594 -25.11865234375 -37.748661041259766
595 -25.43240737915039 -37.64303207397461
596 -25.695453643798828 -37.64806365966797
597 -26.097618103027344 -37.745330810546875
598 -26.378053665161133 -37.820701599121094
599 -26.650068283081055 -37.87269973754883
600 -26.8662052154541 -37.94513702392578
601 -27.26052474975586 -38.060447692871094
602 -27.57683563232422 -38.028926849365234
603 -27.954729080200195 -37.90589141845703
604 -28.16389274597168 -37.83845138549805
605 -28.391624450683594 -37.873451232910156
606 -28.598722457885742 -38.04948806762695
607 -28.732778549194336 -38.325233459472656
608 -28.783546447753906 -38.57319641113281
609 -28.85289764404297 -38.906715393066406
610 -28.983169555664062 -39.130714416503906
611 -29.220504760742188 -39.420372009277344
612 -29.36465072631836 -39.553192138671875
613 -29.486539840698242 -39.613651275634766
614 -39.244110107421875 -34.783992767333984
615 -39.33883285522461 -34.77004623413086
616 -39.507686614990234 -34.757694244384766
617 -39.829891204833984 -34.8848762512207
618 -39.96805953979492 -35.016483306884766
619 -39.95634841918945 -35.19771194458008
620 -39.905609130859375 -35.4071159362793
621 -39.81869888305664 -35.57097625732422
622 -39.702396392822266 -35.82189178466797
623 -39.60261917114258 -35.989234924316406
624 -39.47582244873047 -36.14725875854492
625 -37.02649688720703 -39.393245697021484
626 -36.875553131103516 -39.609920501708984
627 -36.78731155395508 -39.903446197509766
628 -36.789466857910156 -40.05764389038086
629 -36.82963180541992 -40.26303482055664
630 -36.98114776611328 -40.64806365966797
631 -37.059635162353516 -40.92327880859375
632 -37.015228271484375 -41.175350189208984
633 -36.921329498291016 -41.310733795166016
634 -36.79867935180664 -41.341583251953125
635 -36.58912658691406 -41.454345703125
636 -36.4175910949707 -41.52351379394531
637 -36.200862884521484 -41.623939514160156
638 -36.04230880737305 -41.78688049316406
639 -35.86833190917969 -41.93853759765625
640 -35.69190216064453 -42.13838195800781
641 -35.52139663696289 -42.26559829711914
642 -35.423587799072266 -42.297508239746094
643 -35.312374114990234 -42.319915771484375
644 -31.56049919128418 -31.235132217407227
645 -31.416833877563477 -31.157865524291992
646 -31.066001892089844 -31.06516456604004
647 -30.889148712158203 -31.012187957763672
648 -30.691890716552734 -30.91537094116211
649 -30.61750030517578 -30.66469955444336
650 -30.526023864746094 -30.431354522705078
651 -30.571504592895508 -30.29080581665039
652 -30.741701126098633 -30.041353225708008
653 -31.06207847595215 -29.803916931152344
654 -31.32110023498535 -29.601778030395508
655 -31.501741409301758 -29.57594108581543
656 -31.756057739257812 -29.71843719482422
657 -32.030296325683594 -29.906646728515625
658 -32.20148468017578 -30.068500518798828
659 -32.44343185424805 -30.296911239624023
660 -32.71209716796875 -30.462167739868164
661 -32.86516571044922 -30.557096481323242
662 -32.974159240722656 -30.651586532592773
663 -33.12666320800781 -30.729398727416992
664 -33.27967071533203 -30.82756233215332
665 -33.49471664428711 -30.923633575439453
666 -33.98769760131836 -31.112882614135742
667 -34.39079284667969 -31.03959083557129
668 -34.582763671875 -30.91259765625
669 -34.777442932128906 -30.827802658081055
670 -34.87738800048828 -30.73114585876465
671 -35.18109130859375 -30.66737174987793
672 -35.41239547729492 -30.495471954345703
673 -35.57599639892578 -30.122100830078125
674 -35.614097595214844 -29.94324493408203
675 -35.64437484741211 -29.88672637939453
676 -35.77305221557617 -29.83416748046875
677 -36.007572174072266 -29.688709259033203
678 -36.26264572143555 -29.551742553710938
679 -36.48466491699219 -29.383874893188477
680 -36.839725494384766 -29.187347412109375
681 -37.05510711669922 -29.178232192993164
682 -37.16154861450195 -29.362266540527344
683 -37.173099517822266 -29.590566635131836
684 -37.12467956542969 -29.833328247070312
685 -37.154571533203125 -29.98024559020996
686 -37.31291961669922 -30.135875701904297
687 -37.503143310546875 -30.215579986572266
688 -37.842864990234375 -30.33107566833496
689 -38.08238983154297 -30.300703048706055
690 -40.122528076171875 -29.974628448486328
691 -40.40907669067383 -29.906211853027344
692 -40.64703369140625 -29.845861434936523
693 -40.85556411743164 -29.739961624145508
694 -41.117271423339844 -29.609201431274414
695 -41.363582611083984 -29.544551849365234
696 -41.48606872558594 -29.5087947845459
697 -41.850303649902344 -29.556934356689453
698 -42.146278381347656 -29.607545852661133
699 -42.45940017700195 -29.75688362121582
700 -42.839595794677734 -29.876140594482422
701 -43.08930969238281 -29.907787322998047
702 -43.294891357421875 -30.003141403198242
703 -43.406654357910156 -30.17782211303711
704 -43.53464126586914 -30.459592819213867
705 -43.543113708496094 -30.83154296875
706 -43.466712951660156 -31.076332092285156
707 -43.47579574584961 -31.23729705810547
708 -43.49443435668945 -31.68589210510254
709 -43.516319274902344 -31.996963500976562
710 -43.484683990478516 -32.187347412109375
711 -43.45225524902344 -32.37451171875
712 -43.345333099365234 -32.70698547363281
713 -43.28305435180664 -32.87434005737305
714 -43.08809280395508 -32.96678924560547
715 -42.65262985229492 -33.01300048828125
716 -42.440486907958984 -33.000362396240234
717 -42.297664642333984 -32.87733840942383
718 -42.17616271972656 -32.708431243896484
719 -41.990474700927734 -32.37031936645508
720 -41.980655670166016 -32.057804107666016
721 -41.90858459472656 -31.899322509765625
722 -41.77448272705078 -31.864484786987305
723 -41.097618103027344 -31.79804039001465
724 -40.94224166870117 -31.71299934387207
725 -40.92076110839844 -31.619590759277344
726 -40.88162612915039 -31.380699157714844
727 -40.95944595336914 -31.20039939880371
728 -41.01569366455078 -31.056190490722656
729 -45.57087326049805 -28.88743782043457
730 -45.789974212646484 -28.80828094482422
731 -46.16215896606445 -28.69708824157715
732 -46.68458938598633 -28.518510818481445
733 -47.07155990600586 -28.325170516967773
734 -47.20360565185547 -28.25619888305664
735 -47.410125732421875 -28.06197166442871
736 -47.64440155029297 -27.703092575073242
737 -47.92338562011719 -27.333044052124023
738 -48.00000762939453 -27.185033798217773
739 -48.06616973876953 -27.038917541503906
740 -48.10889434814453 -26.740325927734375
741 -48.219207763671875 -26.419902801513672
742 -48.18284606933594 -26.122726440429688
743 -47.9623908996582 -25.78690528869629
744 -47.73546600341797 -25.571189880371094
745 -47.42813491821289 -25.355026245117188
746 -47.192100524902344 -25.295351028442383
747 -46.755615234375 -25.381345748901367
748 -46.581398010253906 -25.385940551757812
749 -46.44899368286133 -25.433998107910156
750 -46.052181243896484 -25.72723960876465
751 -45.895816802978516 -25.889766693115234
752 -45.78311538696289 -26.01198959350586
753 -45.587223052978516 -26.165817260742188
754 -45.387020111083984 -26.275686264038086
755 -45.1719856262207 -26.45696449279785
756 -45.02408981323242 -26.626468658447266
757 -44.79901885986328 -26.89946746826172
758 -44.67812728881836 -27.031940460205078
759 -44.55621337890625 -27.152780532836914
760 -44.371028900146484 -27.3118896484375
761 -44.24272155761719 -27.435396194458008
762 -44.04692459106445 -27.57544708251953
763 -43.71628189086914 -27.767658233642578
764 -43.45054244995117 -27.933826446533203
765 -43.258079528808594 -28.043718338012695
766 -42.980445861816406 -28.10752296447754
767 -42.682308197021484 -28.136445999145508
768 -42.510047912597656 -28.068946838378906
769 -42.382293701171875 -28.02108383178711
770 -42.21402359008789 -28.04704475402832
771 -33.944847106933594 -29.555919647216797
772 -33.86220932006836 -29.398883819580078
773 -33.83696365356445 -29.25241470336914
774 -33.94340133666992 -29.048709869384766
775 -34.06868362426758 -28.871681213378906
776 -34.2115478515625 -28.776826858520508
777 -34.37363815307617 -28.678537368774414
778 -34.920379638671875 -28.43235969543457
779 -35.03608322143555 -28.355661392211914
780 -35.35822677612305 -28.22865104675293
781 -35.831146240234375 -28.092844009399414
782 -36.05082702636719 -28.040870666503906
783 -36.21858596801758 -27.93857192993164
784 -36.3660888671875 -27.795724868774414
785 -36.524715423583984 -27.604183197021484
786 -36.694236755371094 -27.441965103149414
787 -37.012489318847656 -27.043872833251953
788 -37.174468994140625 -26.8885440826416
789 -37.22312927246094 -26.858083724975586
790 -37.30486297607422 -26.8590087890625
791 -37.49235916137695 -27.08612823486328
792 -37.81297302246094 -27.53632164001465
793 -38.0021858215332 -27.76292610168457
794 -38.37981414794922 -27.925670623779297
795 -38.60673904418945 -27.97831153869629
796 -39.000633239746094 -28.034196853637695
797 -39.373172760009766 -28.008197784423828
798 -39.831729888916016 -27.999528884887695
799 -40.047672271728516 -28.036712646484375
800 -40.23359680175781 -27.983312606811523
801 -40.44442367553711 -27.87956428527832
802 -40.5665397644043 -27.774887084960938
803 -40.68243408203125 -27.578340530395508
804 -40.611717224121094 -27.28716278076172
805 -40.426902770996094 -26.985706329345703
806 -40.11142349243164 -26.75823974609375
807 -39.93766784667969 -26.65704917907715
808 -39.76264953613281 -26.55678367614746
809 -39.482505798339844 -26.548938751220703
810 -39.369773864746094 -26.50873565673828
811 -39.24934005737305 -26.47320556640625
812 -39.01872634887695 -26.353172302246094
813 -38.70218276977539 -26.156774520874023
814 -38.57669448852539 -25.94875144958496
815 -38.58274459838867 -25.726184844970703
816 -38.632057189941406 -25.523895263671875
817 -38.78017044067383 -25.418010711669922
818 -38.859195709228516 -25.383699417114258
819 -39.05931854248047 -25.286972045898438
820 -39.296871185302734 -25.187219619750977
821 -39.55315399169922 -25.028915405273438
822 -39.96590805053711 -24.6950626373291
823 -40.118446350097656 -24.546995162963867
824 -40.450218200683594 -24.275239944458008
825 -40.56406021118164 -24.059682846069336
826 -40.606754302978516 -23.80535125732422
827 -40.56519317626953 -23.624797821044922
828 -40.43949508666992 -23.426733016967773
829 -40.15095520019531 -23.301347732543945
830 -39.88818359375 -23.279705047607422
831 -39.495792388916016 -23.265928268432617
832 -39.33423614501953 -23.188302993774414
833 -39.09846878051758 -23.113258361816406
834 -38.88827896118164 -23.08657455444336
835 -38.45171356201172 -23.187137603759766
836 -38.19213104248047 -23.177106857299805
837 -38.07893371582031 -23.19536781311035
838 -37.840919494628906 -23.254554748535156
839 -37.56903839111328 -23.337568283081055
840 -37.31291198730469 -23.44274139404297
841 -37.14496994018555 -23.45710563659668
842 -36.829429626464844 -23.452360153198242
843 -36.60408020019531 -23.38457489013672
844 -36.41964340209961 -23.340471267700195
845 -36.27090072631836 -23.244598388671875
846 -36.10688018798828 -23.10545539855957
847 -35.9183464050293 -22.953880310058594
848 -35.76837921142578 -22.975116729736328
849 -35.61445999145508 -22.965412139892578
850 -35.470176696777344 -22.93089485168457
851 -30.60284996032715 -33.858680725097656
852 -30.566680908203125 -33.941158294677734
853 -30.599424362182617 -34.09819030761719
854 -30.64588165283203 -34.308231353759766
855 -30.565265655517578 -34.46390151977539
856 -30.370607376098633 -34.5682258605957
857 -30.06589698791504 -34.694580078125
858 -29.87200164794922 -34.820133209228516
859 -29.539230346679688 -34.95870590209961
860 -29.301870346069336 -35.024139404296875
861 -28.990550994873047 -35.207069396972656
862 -28.801555633544922 -35.319705963134766
863 -28.59048080444336 -35.49329376220703
864 -28.57501983642578 -35.69025421142578
865 -28.62513542175293 -35.92925262451172
866 -28.778907775878906 -36.06869125366211
867 -28.96862030029297 -36.14356994628906
868 -29.120004653930664 -36.22492980957031
869 -29.5902156829834 -36.30970764160156
870 -29.93460464477539 -36.329803466796875
871 -30.090486526489258 -36.319114685058594
872 -30.375202178955078 -36.279693603515625
873 -30.88965606689453 -36.21928024291992
874 -31.089780807495117 -36.21046829223633
875 -31.224992752075195 -36.340885162353516
876 -31.262737274169922 -36.59749984741211
877 -31.227537155151367 -36.84836959838867
878 -30.989543914794922 -37.23966598510742
879 -30.86761474609375 -37.63962936401367
880 -30.915390014648438 -37.76141357421875
881 -31.01563262939453 -37.83318328857422
882 -31.253549575805664 -37.90330505371094
883 -31.586345672607422 -37.890167236328125
884 -31.860595703125 -37.89906692504883
885 -32.16788101196289 -37.90287399291992
886 -32.28541564941406 -37.96862030029297
887 -32.34830093383789 -38.253421783447266
888 -32.38881301879883 -38.53159713745117
889 -32.31604766845703 -38.87563705444336
890 -32.29830551147461 -38.98982238769531
891 -32.179107666015625 -39.16452407836914
892 -32.055419921875 -39.278160095214844
893 -32.01072692871094 -39.38506317138672
894 -31.862672805786133 -39.502479553222656
895 -31.64577865600586 -39.73978042602539
896 -31.42584800720215 -39.922245025634766
897 -31.318143844604492 -40.02336883544922
898 -31.058984756469727 -40.20278549194336
899 -30.91118049621582 -40.33095932006836
900 -30.741382598876953 -40.63322448730469
901 -30.69032859802246 -40.94062423706055
902 -30.802078247070312 -41.19602584838867
903 -31.00135040283203 -41.45955276489258
904 -31.237545013427734 -41.559104919433594
905 -31.523258209228516 -41.63100051879883
906 -31.820144653320312 -41.55095672607422
907 -32.08649444580078 -41.619388580322266
908 -32.42848205566406 -41.713661193847656
909 -32.93701171875 -41.78652572631836
910 -33.21136474609375 -41.76813888549805
911 -33.389244079589844 -41.64419174194336
912 -33.68647384643555 -41.352840423583984
913 -33.92349624633789 -41.02397537231445
914 -34.128211975097656 -40.75082015991211
915 -34.283966064453125 -40.48646926879883
916 -34.4158935546875 -40.26280212402344
917 -34.563140869140625 -39.822776794433594
918 -34.6231689453125 -39.464271545410156
919 -34.654361724853516 -39.32827377319336
920 -34.662506103515625 -39.05109405517578
921 -34.69224166870117 -38.862205505371094
922 -34.65742111206055 -38.631839752197266
923 -34.59097671508789 -38.33644104003906
924 -34.560569763183594 -38.162662506103516
925 -34.50938034057617 -38.027103424072266
926 -34.45236587524414 -37.89425277709961
927 -34.136539459228516 -37.51000213623047
928 -33.936458587646484 -37.27478790283203
929 -33.84835433959961 -37.21811294555664
930 -33.7806282043457 -37.17668151855469
931 -33.5900993347168 -37.090362548828125
932 -33.53592300415039 -36.98526382446289
933 -33.47003936767578 -36.87493133544922
934 -33.360347747802734 -36.755523681640625
935 -33.225093841552734 -36.53276824951172
936 -33.141212463378906 -36.25862503051758
937 -33.02330780029297 -36.15591049194336
938 -32.98253631591797 -36.069679260253906
939 -32.932029724121094 -35.822696685791016
940 -32.86461639404297 -35.70908737182617
941 -32.91032791137695 -35.42824935913086
942 -33.02396011352539 -35.2257080078125
943 -33.05023193359375 -35.051361083984375
944 -32.963661193847656 -34.73363494873047
945 -32.72427749633789 -34.47715759277344
946 -32.49577713012695 -34.42339324951172
947 -32.30939865112305 -34.481712341308594
948 -32.1161994934082 -34.33027648925781
949 -32.003173828125 -34.04628372192383
950 -31.87344741821289 -33.80412292480469
951 -31.85523223876953 -33.583168029785156
952 -31.90182113647461 -33.28152847290039
953 -32.012413024902344 -33.262786865234375
954 -32.350311279296875 -33.355712890625
955 -32.794189453125 -33.56327819824219
956 -33.28105926513672 -33.800048828125
957 -35.58768081665039 -34.93070983886719
958 -35.7244987487793 -35.004825592041016
959 -35.77592849731445 -35.1771354675293
960 -35.74321365356445 -35.40852737426758
961 -35.578433990478516 -35.65017318725586
962 -35.431278228759766 -35.83036422729492
963 -35.35909652709961 -35.97580337524414
964 -35.27619171142578 -36.027400970458984
965 -35.171173095703125 -35.943031311035156
966 -34.95821762084961 -35.77004623413086
967 -34.79151153564453 -35.582984924316406
968 -34.717308044433594 -35.339332580566406
969 -34.690086364746094 -35.06362533569336
970 -34.597652435302734 -34.79803466796875
971 -34.443382263183594 -34.456363677978516
972 -34.34260559082031 -34.12807083129883
973 -34.26485824584961 -33.8102912902832
974 -34.14931106567383 -33.46348571777344
975 -33.992061614990234 -33.03998565673828
976 -33.79677200317383 -32.71981430053711
977 -33.68158721923828 -32.59853744506836
978 -33.385921478271484 -32.47645950317383
979 -33.12937927246094 -32.37919616699219
980 -32.95977020263672 -32.297298431396484
981 -32.65549850463867 -32.225830078125
982 -32.2971076965332 -32.12728500366211
983 -31.77739906311035 -32.117069244384766
984 -31.274213790893555 -32.26434326171875
985 -30.851808547973633 -32.419342041015625
986 -30.519262313842773 -32.47346878051758
987 -30.241527557373047 -32.44904708862305
988 -30.021669387817383 -32.4564094543457
989 -29.808931350708008 -32.23368835449219
990 -29.636280059814453 -31.99129867553711
991 -29.46475601196289 -31.92252540588379
992 -29.266313552856445 -31.81012535095215
993 -29.021953582763672 -31.704633712768555
994 -28.626415252685547 -31.621978759765625
995 -28.37871551513672 -31.553951263427734
996 -28.075775146484375 -31.514074325561523
997 -27.845489501953125 -31.50199317932129
998 -27.691993713378906 -31.500864028930664
999 -27.61819839477539 -31.511295318603516
