0 27.774024963378906 -13.128449440002441
1 27.744693756103516 -13.153854370117188
2 27.674663543701172 -13.218698501586914
3 27.634952545166016 -13.280549049377441
4 18.385046005249023 -31.218441009521484
5 18.20439910888672 -31.478330612182617
6 18.177574157714844 -31.65535545349121
7 18.188199996948242 -31.946516036987305
8 18.245107650756836 -32.28343963623047
9 18.21346664428711 -32.504234313964844
10 18.160415649414062 -32.65827560424805
11 18.12429428100586 -33.07809829711914
12 18.1835880279541 -33.54728317260742
13 18.512407302856445 -33.81663131713867
14 18.82642936706543 -33.907535552978516
15 19.113956451416016 -34.07426834106445
16 19.392248153686523 -34.22630310058594
17 19.52707862854004 -34.42229080200195
18 19.662052154541016 -34.92554473876953
19 19.872058868408203 -35.371559143066406
20 20.12375259399414 -35.697669982910156
21 20.57906150817871 -36.12405014038086
22 20.749874114990234 -36.200626373291016
23 20.984800338745117 -36.24200439453125
24 21.22587013244629 -36.24397277832031
25 21.459463119506836 -36.08951950073242
26 21.790924072265625 -35.82554626464844
27 22.023244857788086 -35.408226013183594
28 22.212289810180664 -35.16727828979492
29 22.274742126464844 -34.909122467041016
30 22.301738739013672 -34.675655364990234
31 22.168418884277344 -34.42218017578125
32 21.971542358398438 -34.23214340209961
33 21.78401756286621 -33.828407287597656
34 21.57453155517578 -33.37766647338867
35 21.4706974029541 -33.115962982177734
36 21.405242919921875 -32.793460845947266
37 21.35205841064453 -32.63046646118164
38 23.673465728759766 -17.730514526367188
39 23.931699752807617 -17.608312606811523
40 24.2745361328125 -17.515518188476562
41 24.601560592651367 -17.589136123657227
42 24.950517654418945 -17.764333724975586
43 25.152015686035156 -17.975852966308594
44 25.118608474731445 -18.28013038635254
45 24.866304397583008 -18.990924835205078
46 24.721757888793945 -19.293020248413086
47 24.650606155395508 -19.421873092651367
48 24.63740348815918 -19.543315887451172
49 19.770263671875 -37.665706634521484
50 19.80856704711914 -37.90928649902344
51 19.857507705688477 -38.08597946166992
52 19.926925659179688 -38.36619567871094
53 20.07803726196289 -38.844764709472656
54 20.18060302734375 -39.07065963745117
55 20.51428985595703 -39.58104705810547
56 20.761075973510742 -39.874427795410156
57 20.792919158935547 -40.1092529296875
58 20.84394073486328 -40.641170501708984
59 20.837387084960938 -40.9675407409668
60 20.809873580932617 -41.37274932861328
61 20.71603012084961 -41.704490661621094
62 20.506267547607422 -42.20418167114258
63 20.413345336914062 -42.46034240722656
64 20.285417556762695 -42.70771026611328
65 20.17394256591797 -43.146549224853516
66 20.06636619567871 -43.44928741455078
67 20.016706466674805 -43.72771453857422
68 19.760398864746094 -44.14008712768555
69 19.37989044189453 -44.56660842895508
70 19.100658416748047 -44.857994079589844
71 18.875774383544922 -45.068450927734375
72 18.720577239990234 -45.1643180847168
73 18.48287010192871 -45.43482208251953
74 18.044931411743164 -45.903038024902344
75 17.89069175720215 -46.054649353027344
76 17.57312774658203 -46.19335174560547
77 17.166650772094727 -46.45355224609375
78 16.79593849182129 -46.52165985107422
79 16.28951072692871 -46.51366424560547
80 16.099353790283203 -46.45613479614258
81 15.436199188232422 -46.049129486083984
82 14.947465896606445 -45.910987854003906
83 14.80673599243164 -45.96278381347656
84 14.715828895568848 -46.152347564697266
85 14.555903434753418 -46.55904006958008
86 14.44451904296875 -46.824405670166016
87 41.52157974243164 -40.401268005371094
88 41.63099670410156 -40.2845458984375
89 41.83836364746094 -39.89324188232422
90 42.049842834472656 -39.41104507446289
91 42.11668395996094 -39.12704849243164
92 42.25904846191406 -38.56035232543945
93 42.24534225463867 -38.30851745605469
94 42.196895599365234 -38.05350875854492
95 42.10124588012695 -37.57834243774414
96 42.072410583496094 -37.19955062866211
97 42.051944732666016 -36.93578338623047
98 41.99983596801758 -36.56080627441406
99 41.887977600097656 -36.06385803222656
100 41.683929443359375 -35.21737289428711
101 41.5882682800293 -34.539894104003906
102 41.59482955932617 -34.40186309814453
103 41.55329132080078 -34.125640869140625
104 41.42827606201172 -33.71820068359375
105 41.2669563293457 -33.43710708618164
106 41.10929489135742 -33.293846130371094
107 40.87416076660156 -33.180335998535156
108 40.41746139526367 -33.05464553833008
109 40.07523727416992 -32.98728561401367
110 7.853870868682861 -24.66460418701172
111 7.947618007659912 -24.672571182250977
112 8.240400314331055 -24.72458267211914
113 8.67396354675293 -24.85833740234375
114 8.99816608428955 -24.982606887817383
115 9.332390785217285 -25.052101135253906
116 9.666974067687988 -25.082393646240234
117 9.860529899597168 -25.097036361694336
118 10.094083786010742 -25.129518508911133
119 10.891115188598633 -25.272676467895508
120 11.024723052978516 -25.36695098876953
121 4.887561798095703 -40.349185943603516
122 4.898781776428223 -40.613006591796875
123 5.074496746063232 -41.09343719482422
124 5.194158554077148 -41.19110107421875
125 5.443986415863037 -41.12863540649414
126 5.910560607910156 -40.93492889404297
127 6.594752788543701 -40.61758804321289
128 6.989541530609131 -40.41020202636719
129 11.797809600830078 -35.90282440185547
130 12.029936790466309 -35.835391998291016
131 12.355863571166992 -35.715213775634766
132 12.524386405944824 -35.59424591064453
133 12.74425983428955 -35.38484191894531
134 13.189786911010742 -34.982994079589844
135 13.365843772888184 -34.83535385131836
136 20.210542678833008 -28.560909271240234
137 20.40252685546875 -28.50475311279297
138 20.699783325195312 -28.535701751708984
139 21.35101890563965 -28.80354118347168
140 21.561323165893555 -29.151384353637695
141 21.517423629760742 -29.52465057373047
142 21.358043670654297 -29.75703239440918
143 21.18463134765625 -29.85698699951172
144 20.845067977905273 -30.039533615112305
145 20.614107131958008 -30.295663833618164
146 20.419078826904297 -30.614694595336914
147 20.32602310180664 -30.78258514404297
148 20.325048446655273 -30.984375
149 20.446027755737305 -31.221782684326172
150 37.79168701171875 -37.76945114135742
151 37.91408157348633 -37.94953918457031
152 38.19272994995117 -38.43702697753906
153 38.240413665771484 -38.624725341796875
154 38.199493408203125 -38.8886604309082
155 38.08061218261719 -39.142887115478516
156 37.69974899291992 -39.51793670654297
157 37.100955963134766 -39.906402587890625
158 36.891143798828125 -39.97781753540039
159 36.7028694152832 -40.04765701293945
160 36.42931365966797 -40.1321907043457
161 36.248817443847656 -40.15777587890625
162 14.458905220031738 -41.53600311279297
163 14.229762077331543 -41.65470504760742
164 14.038908004760742 -41.807464599609375
165 13.90472412109375 -41.96791076660156
166 13.577133178710938 -42.26423263549805
167 13.419208526611328 -42.51130294799805
168 13.29112434387207 -42.73463821411133
169 13.144637107849121 -43.01461410522461
170 12.98023796081543 -43.38727951049805
171 12.842714309692383 -43.916378021240234
172 12.899328231811523 -44.113868713378906
173 13.199575424194336 -44.22987747192383
174 13.76410961151123 -44.202327728271484
175 14.093844413757324 -44.03353500366211
176 15.298948287963867 -43.85037612915039
177 15.568548202514648 -43.8272705078125
178 15.769840240478516 -43.79296112060547
179 15.952393531799316 -43.75965118408203
180 30.145051956176758 -46.4013557434082
181 30.40805435180664 -46.57511901855469
182 30.88886070251465 -46.95179748535156
183 31.264501571655273 -47.29153060913086
184 31.458097457885742 -47.58930587768555
185 31.6485538482666 -48.01690673828125
186 31.820720672607422 -48.50965118408203
187 31.981842041015625 -48.85218048095703
188 32.07247543334961 -49.08990478515625
189 32.190982818603516 -49.39160919189453
190 32.46798324584961 -49.662261962890625
191 32.736907958984375 -49.78105926513672
192 33.137535095214844 -49.93220901489258
193 33.54990768432617 -49.99808883666992
194 34.00485610961914 -50.005455017089844
195 34.512752532958984 -49.97407913208008
196 34.961585998535156 -49.88288497924805
197 35.967376708984375 -49.6196403503418
198 36.14216232299805 -49.585479736328125
199 36.34777069091797 -49.466102600097656
200 36.638275146484375 -49.21957778930664
201 37.06126403808594 -48.843685150146484
202 37.463783264160156 -48.47178649902344
203 37.599395751953125 -48.29810333251953
204 37.69636535644531 -48.06601333618164
205 37.87065505981445 -47.455013275146484
206 38.00568771362305 -46.953102111816406
207 38.050968170166016 -46.624515533447266
208 38.11234664916992 -46.4152946472168
209 38.126094818115234 -45.88224411010742
210 38.08622741699219 -45.3552360534668
211 38.07313537597656 -45.18952560424805
212 37.95250701904297 -45.06475067138672
213 37.52412796020508 -44.715797424316406
214 37.203163146972656 -44.50563430786133
215 36.60968017578125 -44.150882720947266
216 36.3360481262207 -43.94159698486328
217 36.06258010864258 -43.67295455932617
218 35.90434646606445 -43.51862335205078
219 35.743289947509766 -43.33079147338867
220 35.44972610473633 -42.976558685302734
221 35.27568054199219 -42.82966995239258
222 35.04037857055664 -42.71273422241211
223 34.633148193359375 -42.53318405151367
224 34.07451248168945 -42.27214813232422
225 33.837215423583984 -42.21238327026367
226 33.488895416259766 -42.25688171386719
227 33.15694808959961 -42.34572219848633
228 32.834190368652344 -42.465538024902344
229 32.66353225708008 -42.5685920715332
230 32.25898361206055 -42.76799774169922
231 31.729019165039062 -43.00932693481445
232 31.03724479675293 -43.26178741455078
233 30.71927833557129 -43.366878509521484
234 30.416683197021484 -43.444313049316406
235 30.133113861083984 -43.47829055786133
236 29.501428604125977 -43.460777282714844
237 29.068405151367188 -43.3848876953125
238 28.81169891357422 -43.34447479248047
239 23.652381896972656 -41.91343307495117
240 23.349952697753906 -41.80214309692383
241 23.245790481567383 -41.68247604370117
242 23.149869918823242 -41.44300842285156
243 23.03603744506836 -41.04630661010742
244 22.97801971435547 -40.65598678588867
245 23.085784912109375 -40.48394775390625
246 23.700464248657227 -40.33095169067383
247 24.04332160949707 -40.430908203125
248 24.518272399902344 -40.65403366088867
249 25.25087547302246 -41.160423278808594
250 25.390634536743164 -41.310874938964844
251 25.563913345336914 -41.447444915771484
252 25.954099655151367 -41.65903854370117
253 26.431509017944336 -41.90425491333008
254 26.670312881469727 -42.065956115722656
255 26.86306381225586 -42.470977783203125
256 26.928804397583008 -42.71220397949219
257 26.975210189819336 -42.754337310791016
258 32.079383850097656 -25.652599334716797
259 32.11198425292969 -25.480051040649414
260 32.1135139465332 -25.252492904663086
261 32.153839111328125 -25.0903263092041
262 32.17548370361328 -24.790822982788086
263 32.21318054199219 -24.513286590576172
264 32.27867126464844 -24.247217178344727
265 32.31988525390625 -24.018156051635742
266 32.33564376831055 -23.7559814453125
267 32.321624755859375 -23.24341583251953
268 32.2667350769043 -22.85542869567871
269 32.21257400512695 -22.61762046813965
270 32.156620025634766 -22.501798629760742
271 13.80709457397461 -27.954051971435547
272 13.510108947753906 -27.946006774902344
273 13.229491233825684 -27.899642944335938
274 13.04206371307373 -27.77140998840332
275 12.8779935836792 -27.465436935424805
276 12.820995330810547 -27.109806060791016
277 12.815092086791992 -26.909191131591797
278 26.34495735168457 -15.613018035888672
279 26.229341506958008 -15.421646118164062
280 26.0565185546875 -15.18136215209961
281 25.739458084106445 -14.720357894897461
282 25.43250274658203 -14.280619621276855
283 25.220489501953125 -14.028998374938965
284 25.048969268798828 -13.898903846740723
285 24.638179779052734 -13.658166885375977
286 24.319215774536133 -13.578808784484863
287 24.02581787109375 -13.701879501342773
288 23.71169662475586 -13.914270401000977
289 23.45123291015625 -14.117040634155273
290 23.21053123474121 -14.267706871032715
291 22.99599266052246 -14.340502738952637
292 7.806260108947754 -28.861072540283203
293 7.779248237609863 -29.124666213989258
294 7.685699462890625 -29.41783332824707
295 7.4827165603637695 -29.726482391357422
296 7.214958667755127 -30.102035522460938
297 7.105461597442627 -30.399850845336914
298 7.070911407470703 -30.732717514038086
299 7.215498447418213 -30.918386459350586
300 7.576889991760254 -31.072599411010742
301 8.254837989807129 -31.177112579345703
302 8.632242202758789 -31.174602508544922
303 34.6866340637207 -10.156442642211914
304 34.614845275878906 -9.908236503601074
305 34.425724029541016 -9.72729206085205
306 34.07170486450195 -9.558375358581543
307 33.68917465209961 -9.486200332641602
308 33.29001998901367 -9.47964096069336
309 32.90580368041992 -9.52582836151123
310 32.47842025756836 -9.690709114074707
311 32.32107925415039 -9.795198440551758
312 32.119144439697266 -10.168006896972656
313 31.93262481689453 -10.66520881652832
314 31.991483688354492 -11.035348892211914
315 32.050628662109375 -11.265035629272461
316 32.27533721923828 -11.63060188293457
317 32.60420227050781 -12.108342170715332
318 32.799896240234375 -12.376975059509277
319 32.88772201538086 -12.598711967468262
320 32.92972183227539 -12.980652809143066
321 32.941593170166016 -13.328608512878418
322 32.82893753051758 -13.678613662719727
323 32.694026947021484 -13.984488487243652
324 32.359039306640625 -14.233899116516113
325 32.09482955932617 -14.37574291229248
326 31.780414581298828 -14.385719299316406
327 31.22554588317871 -14.332581520080566
328 30.96773910522461 -14.318622589111328
329 30.530826568603516 -14.346315383911133
330 30.315994262695312 -14.354780197143555
331 10.449538230895996 -28.4068603515625
332 10.461913108825684 -28.55821990966797
333 10.598706245422363 -28.777158737182617
334 10.79449462890625 -29.038597106933594
335 11.085559844970703 -29.383588790893555
336 11.294377326965332 -29.655454635620117
337 11.430678367614746 -29.995044708251953
338 11.38949966430664 -30.448734283447266
339 11.441604614257812 -30.766508102416992
340 11.589489936828613 -31.064590454101562
341 11.753764152526855 -31.217134475708008
342 11.882186889648438 -31.41790008544922
343 12.134111404418945 -31.971160888671875
344 12.153329849243164 -32.28931427001953
345 12.043570518493652 -32.520660400390625
346 11.641263961791992 -32.77373504638672
347 11.239102363586426 -32.8960075378418
348 10.767977714538574 -33.126441955566406
349 10.51694107055664 -33.28062057495117
350 10.185441017150879 -33.518775939941406
351 9.869369506835938 -33.78915786743164
352 9.47197437286377 -34.224388122558594
353 9.252933502197266 -34.491634368896484
354 9.058484077453613 -34.74516296386719
355 8.876960754394531 -35.04509735107422
356 8.467105865478516 -35.61223602294922
357 8.313187599182129 -35.80414581298828
358 8.122557640075684 -36.010555267333984
359 7.897563457489014 -36.38277816772461
360 7.682663440704346 -36.864540100097656
361 7.612351894378662 -37.0946044921875
362 7.652590274810791 -37.17731857299805
363 23.46898078918457 -43.738853454589844
364 23.480241775512695 -43.99140930175781
365 23.382877349853516 -44.347984313964844
366 23.180273056030273 -44.63135528564453
367 22.975440979003906 -44.824058532714844
368 22.577054977416992 -44.92833709716797
369 22.002473831176758 -44.845977783203125
370 21.692859649658203 -44.738224029541016
371 18.198890686035156 -42.26450729370117
372 17.952775955200195 -42.11818313598633
373 17.65778160095215 -41.88431930541992
374 17.303930282592773 -41.62448501586914
375 17.051271438598633 -41.52302932739258
376 16.82876968383789 -41.4011116027832
377 16.448877334594727 -41.169403076171875
378 16.218017578125 -40.942344665527344
379 16.268308639526367 -40.588111877441406
380 17.269851684570312 -39.9187126159668
381 17.468446731567383 -39.690677642822266
382 17.492870330810547 -39.446807861328125
383 17.15151023864746 -39.128910064697266
384 16.919328689575195 -39.007232666015625
385 16.625925064086914 -38.95993423461914
386 16.112688064575195 -38.992042541503906
387 15.772171974182129 -39.041927337646484
388 15.365771293640137 -39.040260314941406
389 14.746563911437988 -38.94281768798828
390 14.504408836364746 -38.9180793762207
391 14.147422790527344 -38.87518310546875
392 13.697047233581543 -38.792049407958984
393 13.294842720031738 -38.65736389160156
394 12.964554786682129 -38.54156494140625
395 12.714066505432129 -38.36415100097656
396 12.475550651550293 -38.23240661621094
397 11.320365905761719 -37.94112014770508
398 11.094940185546875 -37.957035064697266
399 10.958922386169434 -38.143978118896484
400 10.840178489685059 -38.41334533691406
401 10.723359107971191 -38.722843170166016
402 10.47093391418457 -39.15498352050781
403 10.225451469421387 -39.37392044067383
404 9.735313415527344 -39.72570037841797
405 9.4578857421875 -39.986568450927734
406 9.416240692138672 -40.31786346435547
407 9.446142196655273 -40.61137771606445
408 9.556758880615234 -40.92215347290039
409 9.777217864990234 -41.71440887451172
410 9.825262069702148 -41.9676513671875
411 10.111295700073242 -42.030616760253906
412 10.395654678344727 -41.998695373535156
413 10.740870475769043 -41.858184814453125
414 11.487984657287598 -41.59080505371094
415 11.770903587341309 -41.486915588378906
416 11.882732391357422 -41.40622329711914
417 11.950011253356934 -41.33442306518555
418 20.63780403137207 -26.761903762817383
419 20.777667999267578 -26.668319702148438
420 21.08936309814453 -26.58909034729004
421 21.42276954650879 -26.51706314086914
422 21.672218322753906 -26.489282608032227
423 21.901893615722656 -26.52533531188965
424 22.283472061157227 -26.58599281311035
425 22.63453483581543 -26.677385330200195
426 22.875547409057617 -26.769996643066406
427 23.14243507385254 -26.884746551513672
428 23.451644897460938 -27.050012588500977
429 23.8751163482666 -27.250089645385742
430 26.155517578125 -27.57351303100586
431 26.463537216186523 -27.668804168701172
432 26.700050354003906 -27.80338478088379
433 26.916234970092773 -27.963090896606445
434 26.965579986572266 -28.169933319091797
435 26.823171615600586 -29.178466796875
436 26.76569366455078 -29.593585968017578
437 26.764928817749023 -29.81548309326172
438 26.804452896118164 -30.092592239379883
439 26.92619514465332 -30.346162796020508
440 27.11237907409668 -30.62808609008789
441 27.372148513793945 -30.842256546020508
442 27.556657791137695 -30.98927116394043
443 27.699583053588867 -31.126510620117188
444 28.05320930480957 -31.451475143432617
445 28.326623916625977 -31.79026222229004
446 28.468669891357422 -31.94923973083496
447 28.74448013305664 -32.27233123779297
448 31.079727172851562 -34.8755989074707
449 31.304101943969727 -35.07183837890625
450 31.429256439208984 -35.152408599853516
451 31.88573455810547 -35.33413314819336
452 32.19918441772461 -35.394134521484375
453 32.70228958129883 -35.351009368896484
454 33.1452522277832 -35.219303131103516
455 33.692359924316406 -34.906639099121094
456 34.08831787109375 -34.540401458740234
457 34.31888198852539 -34.277557373046875
458 34.49639892578125 -34.12019729614258
459 34.55725860595703 -34.047401428222656
460 42.321685791015625 -26.996572494506836
461 43.55326461791992 -25.998083114624023
462 43.64006805419922 -25.99385643005371
463 43.778160095214844 -26.105588912963867
464 43.89485168457031 -26.239883422851562
465 43.99342727661133 -26.468536376953125
466 44.020713806152344 -26.674989700317383
467 44.148216247558594 -27.02729034423828
468 44.11872100830078 -27.191360473632812
469 43.41941452026367 -28.16062355041504
470 43.135589599609375 -28.569442749023438
471 43.0372200012207 -28.73572540283203
472 42.92131805419922 -28.96560287475586
473 42.81599807739258 -29.13070297241211
474 42.636451721191406 -29.388076782226562
475 35.12326431274414 -36.98503494262695
476 34.7721061706543 -37.31175231933594
477 34.58058547973633 -37.46441650390625
478 34.345603942871094 -37.61301040649414
479 34.05722427368164 -37.771305084228516
480 33.01634216308594 -38.2614860534668
481 32.663368225097656 -38.39670944213867
482 32.382877349853516 -38.4351921081543
483 32.18330764770508 -38.41175079345703
484 32.03886032104492 -38.348731994628906
485 31.91881561279297 -38.1868896484375
486 28.642154693603516 -28.351625442504883
487 28.855697631835938 -28.30657958984375
488 29.21070671081543 -28.310441970825195
489 29.290924072265625 -28.368703842163086
490 29.52540397644043 -28.614669799804688
491 29.66241455078125 -29.014211654663086
492 29.617233276367188 -29.301786422729492
493 30.10434341430664 -38.877464294433594
494 30.074323654174805 -39.178672790527344
495 30.075246810913086 -39.63869857788086
496 30.111724853515625 -39.838714599609375
497 30.132081985473633 -39.94476318359375
498 30.13506317138672 -39.94795227050781
499 19.941499710083008 -21.999738693237305
500 19.55647087097168 -22.03036117553711
501 19.206819534301758 -22.01893424987793
502 19.032976150512695 -22.08194351196289
503 18.845239639282227 -22.224313735961914
504 18.727386474609375 -22.182958602905273
505 14.797951698303223 -18.608816146850586
506 14.349353790283203 -18.177831649780273
507 14.176831245422363 -17.897382736206055
508 14.071307182312012 -17.675310134887695
509 13.969466209411621 -17.3818416595459
510 13.972076416015625 -17.110923767089844
511 14.124295234680176 -16.615320205688477
512 14.271411895751953 -16.187150955200195
513 14.352462768554688 -16.0752010345459
514 14.483382225036621 -15.98271369934082
515 14.841278076171875 -15.798245429992676
516 15.448701858520508 -15.617606163024902
517 15.729154586791992 -15.564725875854492
518 16.022926330566406 -15.549013137817383
519 16.39188575744629 -15.602028846740723
520 16.914310455322266 -15.698507308959961
521 17.9082088470459 -15.692839622497559
522 18.24053382873535 -15.709067344665527
523 18.55957794189453 -15.731485366821289
524 19.06869125366211 -15.786115646362305
525 19.31947135925293 -15.832379341125488
526 19.54633903503418 -15.854035377502441
527 19.854917526245117 -15.88575553894043
528 20.16476058959961 -15.903562545776367
529 20.607662200927734 -15.949812889099121
530 20.944440841674805 -16.055233001708984
531 21.111482620239258 -16.20781898498535
532 21.32436752319336 -16.47243309020996
533 21.537635803222656 -16.827558517456055
534 21.666095733642578 -17.074264526367188
535 21.84958267211914 -17.403244018554688
536 21.97357177734375 -17.634519577026367
537 21.971054077148438 -17.69571304321289
538 23.708316802978516 -32.14296340942383
539 23.75821876525879 -32.193382263183594
540 24.063068389892578 -32.249847412109375
541 24.25518798828125 -32.361942291259766
542 24.43017578125 -32.64759826660156
543 24.60055923461914 -32.99227523803711
544 24.778024673461914 -33.24112319946289
545 24.999229431152344 -33.231842041015625
546 25.393009185791016 -33.02607345581055
547 25.779916763305664 -32.916866302490234
548 26.176939010620117 -32.93913650512695
549 26.65384864807129 -33.05511474609375
550 26.846776962280273 -33.094600677490234
551 26.977535247802734 -32.95370864868164
552 33.04426193237305 -20.502498626708984
553 33.16863250732422 -20.382862091064453
554 33.39619827270508 -20.108261108398438
555 33.64881896972656 -19.877012252807617
556 34.01423263549805 -19.420530319213867
557 34.152366638183594 -19.23804473876953
558 34.24176025390625 -19.059532165527344
559 34.384464263916016 -18.568349838256836
560 34.49800491333008 -18.115591049194336
561 34.5765266418457 -17.478456497192383
562 34.528076171875 -17.2330265045166
563 34.337730407714844 -17.119064331054688
564 33.90134811401367 -17.149206161499023
565 33.557861328125 -17.162612915039062
566 32.735450744628906 -17.240751266479492
567 32.51897430419922 -17.3179874420166
568 31.935165405273438 -17.493858337402344
569 31.64476203918457 -17.5859432220459
570 31.492948532104492 -17.6367130279541
571 31.11767578125 -17.698627471923828
572 30.076047897338867 -17.810287475585938
573 29.792884826660156 -17.808080673217773
574 29.520977020263672 -17.83397102355957
575 29.17166519165039 -17.89594841003418
576 28.6367244720459 -18.003787994384766
577 28.323503494262695 -18.013103485107422
578 28.097238540649414 -18.053495407104492
579 27.8211727142334 -18.252382278442383
580 27.568748474121094 -18.89377212524414
581 27.49098014831543 -19.210813522338867
582 27.531383514404297 -19.411746978759766
583 27.676362991333008 -19.744935989379883
584 27.739240646362305 -19.97585105895996
585 27.74567985534668 -20.381454467773438
586 27.699636459350586 -20.55952262878418
587 27.474735260009766 -20.711627960205078
588 27.04002571105957 -20.87138557434082
589 26.784244537353516 -20.959575653076172
590 26.673707962036133 -21.241308212280273
591 26.634662628173828 -21.666725158691406
592 26.615991592407227 -21.860170364379883
593 26.63084602355957 -22.3291072845459
594 26.62777328491211 -22.61192512512207
595 26.610855102539062 -23.078819274902344
596 26.667552947998047 -23.5362491607666
597 26.68449592590332 -23.854568481445312
598 26.770586013793945 -24.422393798828125
599 26.828508377075195 -24.566875457763672
600 26.936519622802734 -24.758623123168945
601 27.187044143676758 -25.162866592407227
602 27.45716094970703 -25.497692108154297
603 28.054607391357422 -25.89423942565918
604 28.32217025756836 -26.12828826904297
605 28.759119033813477 -26.398212432861328
606 29.21483039855957 -26.644670486450195
607 29.49521255493164 -26.7452335357666
608 29.795175552368164 -26.862863540649414
609 30.302188873291016 -27.07733154296875
610 30.896623611450195 -27.374229431152344
611 31.214920043945312 -27.54119873046875
612 31.77814292907715 -27.818893432617188
613 32.03984069824219 -27.93548011779785
614 32.51091766357422 -28.159950256347656
615 32.91974639892578 -28.345211029052734
616 33.07987594604492 -28.597457885742188
617 33.12078094482422 -28.871702194213867
618 33.18183135986328 -29.253677368164062
619 33.29291534423828 -29.963071823120117
620 33.33187484741211 -30.362972259521484
621 33.42997741699219 -30.62420082092285
622 33.774620056152344 -31.090747833251953
623 34.23800277709961 -31.350997924804688
624 34.577880859375 -31.468786239624023
625 35.02989959716797 -31.59929084777832
626 35.48279571533203 -31.752342224121094
627 35.704627990722656 -31.79745101928711
628 36.00563049316406 -31.80406379699707
629 36.227298736572266 -31.792194366455078
630 36.56772994995117 -31.705974578857422
631 36.9592399597168 -31.62026596069336
632 37.469627380371094 -31.508235931396484
633 37.840763092041016 -31.282527923583984
634 38.286834716796875 -30.811172485351562
635 38.41666030883789 -30.54250144958496
636 38.466896057128906 -30.31049156188965
637 38.33143997192383 -30.060657501220703
638 37.86867904663086 -29.69292449951172
639 37.65880584716797 -29.607730865478516
640 36.74384689331055 -29.26138687133789
641 36.156150817871094 -28.977685928344727
642 35.99489974975586 -28.79267692565918
643 35.94880676269531 -28.48589324951172
644 35.977989196777344 -28.069385528564453
645 36.158016204833984 -27.73198699951172
646 36.409698486328125 -27.475406646728516
647 36.826698303222656 -27.314149856567383
648 37.322208404541016 -27.26287269592285
649 37.767757415771484 -27.20638656616211
650 38.40096664428711 -27.095169067382812
651 38.6011962890625 -26.9981632232666
652 38.73306655883789 -26.86996078491211
653 38.805477142333984 -26.475690841674805
654 38.846290588378906 -25.82076644897461
655 38.8361930847168 -25.451374053955078
656 38.79643630981445 -25.08605194091797
657 38.664695739746094 -24.57862091064453
658 38.47768020629883 -24.06597328186035
659 38.30908203125 -23.74285316467285
660 38.14559555053711 -23.487302780151367
661 37.950408935546875 -23.28875732421875
662 37.368751525878906 -22.73693084716797
663 37.14950942993164 -22.53982162475586
664 36.89037322998047 -22.316099166870117
665 36.35691833496094 -21.97635269165039
666 35.96413040161133 -21.84874725341797
667 35.58504867553711 -21.83533477783203
668 35.168209075927734 -21.95686912536621
669 34.90625762939453 -21.997255325317383
670 34.73065185546875 -22.05349349975586
671 13.424147605895996 -30.40231704711914
672 13.358492851257324 -30.462722778320312
673 3.659494400024414 -35.8322868347168
674 3.3700618743896484 -35.832210540771484
675 3.1438064575195312 -35.76057815551758
676 2.9160420894622803 -35.53389358520508
677 2.655817747116089 -35.184730529785156
678 2.468780517578125 -34.89046096801758
679 2.355278253555298 -34.547950744628906
680 2.356422185897827 -34.2956428527832
681 2.5413315296173096 -33.994178771972656
682 2.823561906814575 -33.61045837402344
683 3.10601806640625 -33.2967529296875
684 3.3257040977478027 -33.17373275756836
685 3.898595094680786 -33.01276397705078
686 4.247642993927002 -33.010902404785156
687 4.859386920928955 -33.092201232910156
688 5.289985656738281 -33.164615631103516
689 5.547619342803955 -33.220252990722656
690 20.385475158691406 -46.96391677856445
691 20.371774673461914 -47.08180236816406
692 20.274154663085938 -47.56707763671875
693 20.270326614379883 -48.0074577331543
694 20.3576717376709 -48.22624206542969
695 20.567108154296875 -48.36176300048828
696 21.107242584228516 -48.6334342956543
697 21.492412567138672 -48.833595275878906
698 22.007165908813477 -49.01869201660156
699 22.349002838134766 -49.12856674194336
700 22.934682846069336 -49.2087287902832
701 23.12326431274414 -49.10681915283203
702 23.58186149597168 -48.82989501953125
703 23.916440963745117 -48.55945587158203
704 24.43256187438965 -48.25447082519531
705 24.85157585144043 -48.1537971496582
706 25.216102600097656 -48.088375091552734
707 26.194766998291016 -47.890586853027344
708 26.961061477661133 -47.63888931274414
709 27.13612937927246 -47.491146087646484
710 27.289567947387695 -47.11214065551758
711 27.4813289642334 -46.6786994934082
712 27.556550979614258 -46.25537109375
713 27.50125503540039 -46.053741455078125
714 27.24150276184082 -45.66236114501953
715 26.90073013305664 -45.35786437988281
716 26.65035057067871 -45.247650146484375
717 26.42186164855957 -45.217506408691406
718 26.186939239501953 -45.272491455078125
719 26.00742530822754 -45.33519744873047
720 25.505605697631836 -45.668800354003906
721 25.287986755371094 -45.84867477416992
722 24.7477970123291 -46.46465301513672
723 25.390348434448242 -49.811973571777344
724 25.429183959960938 -50.13358688354492
725 25.477514266967773 -50.51737594604492
726 25.522945404052734 -50.683345794677734
727 34.41575622558594 -26.415254592895508
728 34.433658599853516 -26.222135543823242
729 34.474998474121094 -25.85207176208496
730 34.61232376098633 -25.4017391204834
731 34.80499267578125 -25.00551414489746
732 35.06437301635742 -24.542179107666016
733 35.15739440917969 -24.391857147216797
734 35.15399169921875 -24.367345809936523
735 38.19567108154297 -15.759521484375
736 38.268672943115234 -15.47248363494873
737 38.26849365234375 -15.250375747680664
738 38.225563049316406 -14.827781677246094
739 38.150001525878906 -14.33665943145752
740 38.11270523071289 -13.894264221191406
741 38.05067443847656 -13.556400299072266
742 37.81983184814453 -13.28067398071289
743 37.547176361083984 -13.065104484558105
744 37.210487365722656 -12.882282257080078
745 36.89561462402344 -12.873528480529785
746 36.68538284301758 -13.032564163208008
747 36.341739654541016 -13.408742904663086
748 36.1317138671875 -13.562751770019531
749 10.885098457336426 -22.798545837402344
750 10.482306480407715 -22.637287139892578
751 10.176241874694824 -22.45996856689453
752 9.701923370361328 -22.206403732299805
753 9.451598167419434 -22.112388610839844
754 9.345466613769531 -21.967288970947266
755 9.239141464233398 -21.665966033935547
756 9.245323181152344 -21.319238662719727
757 9.306558609008789 -20.560752868652344
758 9.457536697387695 -20.34770965576172
759 9.692898750305176 -20.270151138305664
760 10.195646286010742 -20.23411750793457
761 10.604058265686035 -20.25387954711914
762 10.880206108093262 -20.207611083984375
763 38.013980865478516 -34.42168426513672
764 37.87837600708008 -34.51876449584961
765 37.61560821533203 -34.725433349609375
766 37.30503463745117 -34.999141693115234
767 37.07486343383789 -35.18892288208008
768 36.87745666503906 -35.363441467285156
769 27.940093994140625 -40.38566207885742
770 27.8001766204834 -40.32742691040039
771 27.530359268188477 -40.16909408569336
772 27.19498634338379 -39.959991455078125
773 26.973896026611328 -39.768367767333984
774 26.73369789123535 -39.491783142089844
775 26.485881805419922 -39.16364669799805
776 26.307113647460938 -38.86076354980469
777 26.113269805908203 -38.53948211669922
778 25.91811752319336 -38.198326110839844
779 25.812437057495117 -37.877132415771484
780 25.760896682739258 -37.23175048828125
781 25.874021530151367 -36.805572509765625
782 25.996673583984375 -36.332069396972656
783 26.03108787536621 -36.0075569152832
784 25.89716911315918 -35.66748809814453
785 25.660036087036133 -35.55501174926758
786 25.39396095275879 -35.72568893432617
787 24.82638931274414 -36.294097900390625
788 24.64994239807129 -36.50727462768555
789 24.217933654785156 -36.92731857299805
790 23.937171936035156 -37.09919738769531
791 23.758150100708008 -37.40605926513672
792 23.66188621520996 -37.73163604736328
793 23.42403793334961 -38.01580047607422
794 22.866029739379883 -38.363502502441406
795 22.57537269592285 -38.428585052490234
796 22.35991096496582 -38.34443283081055
797 22.2273006439209 -38.04492950439453
798 22.187135696411133 -37.634742736816406
799 22.18613624572754 -37.36210632324219
800 29.222454071044922 -24.55443000793457
801 29.356943130493164 -24.312755584716797
802 29.44664192199707 -24.003950119018555
803 29.569067001342773 -23.670291900634766
804 29.731121063232422 -23.371715545654297
805 29.847496032714844 -23.24506378173828
806 30.05819320678711 -23.20203971862793
807 30.284303665161133 -23.14995765686035
808 40.13454818725586 -22.211814880371094
809 40.466156005859375 -22.16457176208496
810 40.96220016479492 -22.11741828918457
811 41.257083892822266 -22.136993408203125
812 41.50041580200195 -22.017780303955078
813 41.746978759765625 -21.899919509887695
814 42.04375457763672 -21.774391174316406
815 42.21027374267578 -21.544986724853516
816 42.33842849731445 -21.33882713317871
817 42.459938049316406 -21.030113220214844
818 42.4858512878418 -20.730470657348633
819 42.50929641723633 -20.415935516357422
820 42.48421096801758 -20.203083038330078
821 41.969058990478516 -19.071744918823242
822 41.81871795654297 -18.761287689208984
823 41.56686782836914 -18.515913009643555
824 41.36443328857422 -18.40357780456543
825 40.956939697265625 -18.257381439208984
826 40.584510803222656 -18.16252899169922
827 40.15754318237305 -18.14423942565918
828 39.906776428222656 -18.272258758544922
829 39.12443923950195 -18.841659545898438
830 38.86968994140625 -19.01719856262207
831 38.67866516113281 -19.129898071289062
832 38.36433410644531 -19.207151412963867
833 38.0946044921875 -19.219099044799805
834 37.722511291503906 -19.197338104248047
835 37.27396774291992 -19.194446563720703
836 37.01555252075195 -19.243654251098633
837 36.8383903503418 -19.294715881347656
838 30.67119026184082 -21.06029510498047
839 30.471872329711914 -20.990453720092773
840 30.348190307617188 -20.959009170532227
841 30.25527000427246 -20.978260040283203
842 19.79985237121582 -24.166767120361328
843 19.899993896484375 -24.21854591369629
844 20.04939842224121 -24.268753051757812
845 20.247940063476562 -24.280349731445312
846 20.571008682250977 -24.284183502197266
847 20.946605682373047 -24.28763198852539
848 21.277631759643555 -24.336639404296875
849 21.509599685668945 -24.346778869628906
850 21.75652503967285 -24.344837188720703
851 21.98603057861328 -24.352760314941406
852 22.146141052246094 -24.374717712402344
853 30.51701545715332 -30.412351608276367
854 30.717514038085938 -30.541982650756836
855 31.066890716552734 -30.774513244628906
856 31.334440231323242 -31.060941696166992
857 31.611047744750977 -31.434412002563477
858 31.66062355041504 -31.70574188232422
859 31.58277702331543 -31.922618865966797
860 31.409706115722656 -32.1879768371582
861 30.93416976928711 -32.62410354614258
862 30.479394912719727 -32.979408264160156
863 30.154735565185547 -33.20719909667969
864 29.91869354248047 -33.32602310180664
865 29.534910202026367 -33.52959060668945
866 28.84490203857422 -33.866188049316406
867 28.650941848754883 -34.06999206542969
868 28.616819381713867 -34.39122009277344
869 28.82264518737793 -34.82960510253906
870 28.95368003845215 -35.06022644042969
871 29.00611114501953 -35.22229766845703
872 29.19239616394043 -35.52427673339844
873 29.556814193725586 -36.17777633666992
874 29.563587188720703 -36.64862060546875
875 29.446922302246094 -36.892459869384766
876 29.25123405456543 -37.06996154785156
877 28.958999633789062 -37.17894744873047
878 28.47340202331543 -37.27524948120117
879 28.058067321777344 -37.36309814453125
880 27.917194366455078 -37.378273010253906
881 27.66620635986328 -37.396728515625
882 18.329967498779297 -37.02457809448242
883 18.086427688598633 -36.864376068115234
884 17.84642791748047 -36.690696716308594
885 17.43828582763672 -36.39051818847656
886 17.2596378326416 -36.2271728515625
887 16.66717529296875 -35.909996032714844
888 16.235780715942383 -35.75368881225586
889 15.915838241577148 -35.73422622680664
890 15.725126266479492 -35.753936767578125
891 15.567747116088867 -35.593711853027344
892 15.266517639160156 -35.18105697631836
893 15.16597843170166 -34.92010498046875
894 15.197352409362793 -34.59658432006836
895 15.188163757324219 -34.36299514770508
896 15.095148086547852 -33.84150695800781
897 14.934381484985352 -33.19364547729492
898 14.807765007019043 -32.8142204284668
899 14.746875762939453 -32.51659393310547
900 14.761676788330078 -32.34769821166992
901 14.88330364227295 -32.01421356201172
902 15.067850112915039 -31.494129180908203
903 15.15528392791748 -31.301939010620117
904 15.163195610046387 -30.636333465576172
905 15.151727676391602 -30.275136947631836
906 15.155097961425781 -29.99395179748535
907 15.171599388122559 -29.861713409423828
908 15.236221313476562 -29.617950439453125
909 15.408276557922363 -29.223960876464844
910 15.793374061584473 -28.609655380249023
911 16.215551376342773 -28.328676223754883
912 16.446447372436523 -28.291406631469727
913 16.600629806518555 -28.374319076538086
914 17.0933780670166 -28.639028549194336
915 17.36993980407715 -28.794265747070312
916 17.73853302001953 -28.777753829956055
917 18.053226470947266 -28.599903106689453
918 18.19680404663086 -28.350223541259766
919 18.30611228942871 -28.065078735351562
920 18.249004364013672 -27.844148635864258
921 17.97310447692871 -27.3120174407959
922 17.798357009887695 -26.821475982666016
923 17.795339584350586 -26.535465240478516
924 17.95005989074707 -26.228925704956055
925 18.310516357421875 -25.858434677124023
926 18.462249755859375 -25.86469078063965
927 18.80892562866211 -26.22394561767578
928 22.734764099121094 -30.444313049316406
929 23.034765243530273 -30.5194091796875
930 23.282909393310547 -30.484376907348633
931 23.665390014648438 -30.228342056274414
932 24.111244201660156 -29.95510482788086
933 24.52646255493164 -29.68923568725586
934 24.668853759765625 -29.523937225341797
935 24.856508255004883 -29.171958923339844
936 24.912755966186523 -28.87656021118164
937 24.95048713684082 -28.221134185791016
938 24.953357696533203 -27.750709533691406
939 24.981876373291016 -27.236196517944336
940 25.028059005737305 -26.846403121948242
941 25.13143539428711 -26.392683029174805
942 25.184589385986328 -26.12606430053711
943 25.068706512451172 -25.882915496826172
944 24.8105411529541 -25.478055953979492
945 24.59855079650879 -25.184812545776367
946 24.4721736907959 -24.937511444091797
947 24.327594757080078 -24.62319564819336
948 24.144845962524414 -24.304052352905273
949 24.080617904663086 -23.94877815246582
950 24.02420425415039 -23.687870025634766
951 23.861730575561523 -22.989971160888672
952 23.73077392578125 -22.514074325561523
953 23.603296279907227 -22.206632614135742
954 23.407764434814453 -21.79798698425293
955 23.233224868774414 -21.47723960876465
956 23.08928680419922 -21.29159164428711
957 22.876115798950195 -21.02277374267578
958 22.618587493896484 -20.739498138427734
959 22.27782440185547 -20.418771743774414
960 21.914766311645508 -20.080175399780273
961 21.4932918548584 -19.77689552307129
962 21.19102668762207 -19.595796585083008
963 20.820743560791016 -19.484394073486328
964 20.425752639770508 -19.359386444091797
965 20.11783790588379 -19.305072784423828
966 19.490127563476562 -19.308691024780273
967 18.99344253540039 -19.368209838867188
968 18.34223175048828 -19.627290725708008
969 18.025392532348633 -19.811260223388672
970 17.59034538269043 -20.078449249267578
971 17.232891082763672 -20.231426239013672
972 16.796897888183594 -20.35871124267578
973 16.40480613708496 -20.504024505615234
974 15.735713005065918 -20.85169219970703
975 15.48862361907959 -20.998310089111328
976 15.190781593322754 -21.169891357421875
977 14.73194694519043 -21.367935180664062
978 14.359098434448242 -21.499032974243164
979 14.089778900146484 -21.618600845336914
980 13.889898300170898 -21.896883010864258
981 13.81889820098877 -22.131664276123047
982 13.771102905273438 -22.376976013183594
983 13.815155982971191 -22.941099166870117
984 13.865067481994629 -23.478673934936523
985 13.908281326293945 -23.899242401123047
986 13.97954273223877 -24.38117790222168
987 14.162135124206543 -24.803909301757812
988 14.502310752868652 -25.105382919311523
989 14.786547660827637 -25.265823364257812
990 15.089584350585938 -25.275413513183594
991 15.296379089355469 -25.25351905822754
992 15.589900970458984 -25.090091705322266
993 16.452455520629883 -24.73181915283203
994 16.712142944335938 -24.594566345214844
995 16.872201919555664 -24.420093536376953
996 17.01943016052246 -24.161516189575195
997 17.085426330566406 -23.74280548095703
998 17.055686950683594 -23.480602264404297
999 17.04694938659668 -23.374963760375977
