0 -22.177845001220703 47.83388137817383
1 -22.26514434814453 47.87375259399414
2 -22.466020584106445 48.02561950683594
3 -22.598308563232422 48.113582611083984
4 -41.75257873535156 61.0344352722168
5 -41.725318908691406 61.18778991699219
6 -41.61940383911133 61.23714065551758
7 -41.496341705322266 61.317047119140625
8 -41.289913177490234 61.46892547607422
9 -41.09527587890625 61.67509460449219
10 -41.13949203491211 61.85506820678711
11 -41.28470230102539 62.13875198364258
12 -41.57357406616211 62.606998443603516
13 -41.765079498291016 63.02394485473633
14 -41.919803619384766 63.20698928833008
15 -42.03268814086914 63.36273956298828
16 -42.292354583740234 63.546810150146484
17 -42.44532012939453 63.62017822265625
18 -42.59999084472656 63.560829162597656
19 -42.83612823486328 63.49076461791992
20 -43.05718231201172 63.4868049621582
21 -43.39957809448242 63.59221649169922
22 -43.62746047973633 63.88934326171875
23 -43.903385162353516 64.2490463256836
24 -44.120452880859375 64.50938415527344
25 -44.25587463378906 64.70304870605469
26 -44.40999984741211 64.99378967285156
27 -44.50199508666992 65.21418762207031
28 -44.58600997924805 65.38517761230469
29 -44.746952056884766 65.62825775146484
30 -44.95360565185547 65.87645721435547
31 -45.2167854309082 66.15568542480469
32 -45.6342887878418 66.42118072509766
33 -46.183292388916016 66.72000885009766
34 -46.51170349121094 66.82879638671875
35 -47.03998947143555 66.88502502441406
36 -47.30112838745117 66.75234985351562
37 -47.53419494628906 66.53665924072266
38 -47.53044128417969 66.09319305419922
39 -47.4547119140625 65.8620376586914
40 -47.375247955322266 65.70124816894531
41 -47.11062240600586 65.44644927978516
42 -46.9471549987793 65.27897644042969
43 -46.80141067504883 65.13044738769531
44 -46.62537384033203 64.86058044433594
45 -46.477970123291016 64.49491119384766
46 -46.42014694213867 64.16168212890625
47 -46.41044616699219 63.677040100097656
48 -46.45920944213867 63.0681037902832
49 -46.56022644042969 62.72495651245117
50 -46.849483489990234 62.41487121582031
51 -47.03010559082031 62.2652702331543
52 -47.23546600341797 62.232444763183594
53 -47.54981231689453 62.25190353393555
54 -48.202430725097656 62.22687530517578
55 -48.43959045410156 62.22188949584961
56 -48.72293472290039 62.14421081542969
57 -49.278038024902344 61.958030700683594
58 -49.54676055908203 61.77296447753906
59 -49.721126556396484 61.55445098876953
60 -49.71236038208008 61.29348373413086
61 -49.6068115234375 61.093631744384766
62 -49.419334411621094 60.88698959350586
63 -49.18607711791992 60.540611267089844
64 -48.9615364074707 60.21811294555664
65 -48.67600631713867 59.9007682800293
66 -48.32886505126953 59.605613708496094
67 -48.03117752075195 59.36366271972656
68 -47.84258270263672 59.19919967651367
69 -47.66455841064453 59.05554962158203
70 -47.47100067138672 58.83406448364258
71 -47.3829460144043 58.62698745727539
72 -47.40983200073242 58.35784912109375
73 -47.57008743286133 58.16792678833008
74 -47.69902801513672 57.91107940673828
75 -48.03583908081055 57.50416946411133
76 -48.14447784423828 57.295257568359375
77 -47.99100875854492 57.12017059326172
78 -47.85399627685547 56.90102005004883
79 -47.49279022216797 56.74612808227539
80 -47.22093963623047 56.60527038574219
81 -47.025943756103516 56.4753303527832
82 -46.75529098510742 56.42229080200195
83 -46.25034713745117 56.197418212890625
84 -45.83269500732422 56.054508209228516
85 -45.52864074707031 56.0179443359375
86 -45.37902069091797 56.051448822021484
87 -45.12227249145508 56.390987396240234
88 -44.75806427001953 56.78923416137695
89 -44.438819885253906 56.870025634765625
90 -44.274288177490234 56.89619827270508
91 -44.13935089111328 56.975982666015625
92 -43.928489685058594 57.21075439453125
93 -43.61565017700195 57.45356750488281
94 -43.37858581542969 57.535099029541016
95 -43.10944366455078 57.56145477294922
96 -42.89240646362305 57.60517883300781
97 -42.65829849243164 57.6115837097168
98 -42.12508010864258 57.66651153564453
99 -41.843955993652344 57.655784606933594
100 -41.26475143432617 57.46990966796875
101 -41.07368087768555 57.427982330322266
102 -40.64117431640625 57.3428840637207
103 -40.22159194946289 57.18504333496094
104 -39.83848571777344 57.06413269042969
105 -39.63542556762695 56.78950881958008
106 -39.47090148925781 56.33591842651367
107 -39.48758316040039 56.15807342529297
108 -39.67694854736328 55.861045837402344
109 -39.900001525878906 55.598411560058594
110 -40.21710205078125 55.33316421508789
111 -40.3690071105957 55.23145294189453
112 -40.76142501831055 55.11030960083008
113 -41.13921356201172 55.013771057128906
114 -41.42555618286133 54.891571044921875
115 -41.729461669921875 54.72589111328125
116 -42.09569549560547 54.59998321533203
117 -42.338653564453125 54.36259078979492
118 -42.593685150146484 54.10453796386719
119 -42.911842346191406 53.75355529785156
120 -43.28799819946289 53.1685676574707
121 -43.31304931640625 53.0303840637207
122 -43.20083236694336 52.944740295410156
123 -42.733524322509766 52.9456787109375
124 -41.861419677734375 53.091949462890625
125 -41.59477615356445 53.0573844909668
126 -41.435325622558594 52.99263000488281
127 -41.19488525390625 52.94625473022461
128 -40.756858825683594 52.96359634399414
129 -40.44055938720703 52.99496841430664
130 -40.228546142578125 53.00022888183594
131 -39.95753860473633 53.039588928222656
132 -39.692710876464844 53.049137115478516
133 -38.99903869628906 53.08714294433594
134 -38.24958038330078 53.08026885986328
135 -37.78241729736328 52.9984245300293
136 -37.457027435302734 52.91625213623047
137 -37.00977325439453 52.8232307434082
138 -36.45170593261719 52.68574523925781
139 -36.101036071777344 52.6110954284668
140 -35.859947204589844 52.54955291748047
141 -35.56026077270508 52.468849182128906
142 -35.309165954589844 52.397552490234375
143 -35.08910369873047 52.32668685913086
144 -31.64568328857422 50.98750686645508
145 -31.34424591064453 50.798316955566406
146 -31.147071838378906 50.70330047607422
147 -30.66623878479004 50.38759994506836
148 -30.414073944091797 50.19847869873047
149 -30.220102310180664 50.1600341796875
150 -29.98392105102539 50.144718170166016
151 -29.682350158691406 50.02931213378906
152 -29.30502700805664 49.6342658996582
153 -29.108261108398438 49.37128829956055
154 -28.920867919921875 49.12968063354492
155 -28.569141387939453 48.676971435546875
156 -28.331008911132812 48.35652542114258
157 -28.20023536682129 48.18929672241211
158 -27.993629455566406 47.937705993652344
159 -27.783674240112305 47.738365173339844
160 -27.654796600341797 47.62944412231445
161 -27.50121307373047 47.51639938354492
162 -26.97776985168457 47.131187438964844
163 -26.71044921875 46.891841888427734
164 -26.342798233032227 46.488277435302734
165 -26.080402374267578 46.244049072265625
166 -25.950239181518555 46.119544982910156
167 -25.885303497314453 46.02592086791992
168 -25.845691680908203 45.8425407409668
169 -25.807209014892578 45.659358978271484
170 -25.664472579956055 45.37652587890625
171 -25.49148178100586 45.13707733154297
172 -25.243379592895508 44.845703125
173 -25.073230743408203 44.57181930541992
174 -24.95551109313965 44.33323287963867
175 -24.839269638061523 44.04821014404297
176 -24.796371459960938 43.8357048034668
177 -24.700359344482422 43.49814987182617
178 -24.54581642150879 43.155975341796875
179 -24.399213790893555 42.8798828125
180 -24.103858947753906 42.4061279296875
181 -23.77676010131836 41.987850189208984
182 -23.37986946105957 41.59040832519531
183 -23.098670959472656 41.55674743652344
184 -22.80973243713379 41.70876693725586
185 -22.622943878173828 42.03658676147461
186 -22.3727970123291 42.53037643432617
187 -22.176820755004883 42.85527420043945
188 -22.071821212768555 43.065773010253906
189 -21.87702751159668 43.572139739990234
190 -21.767940521240234 44.00885772705078
191 -21.610904693603516 44.386962890625
192 -21.278221130371094 44.661624908447266
193 -20.68280601501465 44.66459655761719
194 -20.34920883178711 44.5467414855957
195 -20.091590881347656 44.35548782348633
196 -19.94420051574707 44.191593170166016
197 -19.74896240234375 44.023555755615234
198 -19.612394332885742 43.80498123168945
199 -19.26772117614746 43.220279693603516
200 -19.112009048461914 42.91538619995117
201 -18.94481658935547 42.60200119018555
202 -18.700902938842773 42.356468200683594
203 -18.285423278808594 42.23017883300781
204 -17.86039924621582 42.35789489746094
205 -17.505630493164062 42.60382843017578
206 -17.09255027770996 42.93406677246094
207 -16.980506896972656 43.06416320800781
208 -16.966081619262695 43.253944396972656
209 -16.847434997558594 43.509857177734375
210 -16.63666343688965 43.9724235534668
211 -16.40298843383789 44.31713104248047
212 -16.25693130493164 44.53271484375
213 -16.18975257873535 44.640159606933594
214 -16.007003784179688 44.844058990478516
215 -15.837965965270996 45.01335144042969
216 -15.677389144897461 45.1423225402832
217 -15.568817138671875 45.36465835571289
218 -15.281583786010742 45.89496612548828
219 -15.178593635559082 46.19963836669922
220 -15.24624252319336 46.57033157348633
221 -15.265512466430664 47.045196533203125
222 -15.258285522460938 47.231929779052734
223 -15.389931678771973 47.38648223876953
224 -15.710050582885742 47.50135803222656
225 -16.346860885620117 47.721229553222656
226 -16.662700653076172 47.852745056152344
227 -16.83474349975586 47.822845458984375
228 -17.241355895996094 47.91952896118164
229 -17.56649398803711 48.06148147583008
230 -17.855459213256836 48.392337799072266
231 -18.20305061340332 48.8071174621582
232 -18.37079429626465 49.0000114440918
233 -18.625688552856445 49.22011184692383
234 -18.898900985717773 49.42430877685547
235 -19.100666046142578 49.52323913574219
236 -19.54529571533203 49.661075592041016
237 -19.77825927734375 49.76802444458008
238 -19.87334442138672 49.97126007080078
239 -20.04213523864746 50.28001403808594
240 -20.10514259338379 50.440799713134766
241 -20.020145416259766 50.735599517822266
242 -19.944576263427734 51.112735748291016
243 -19.99588966369629 51.35625076293945
244 -20.069652557373047 51.46536636352539
245 -20.256084442138672 51.79086685180664
246 -20.51007652282715 52.17230987548828
247 -20.61712646484375 52.390445709228516
248 -20.749048233032227 52.688629150390625
249 -20.772846221923828 52.898681640625
250 -20.80291748046875 53.128868103027344
251 -20.847410202026367 53.493289947509766
252 -20.94186782836914 53.825706481933594
253 -21.022371292114258 54.171756744384766
254 -21.050006866455078 54.31489181518555
255 -21.05476188659668 54.41291427612305
256 -23.3449649810791 67.7546615600586
257 -23.131074905395508 67.77899932861328
258 -22.82023811340332 67.69363403320312
259 -22.532121658325195 67.54084014892578
260 -22.293304443359375 67.42545318603516
261 -21.909854888916016 67.28947448730469
262 -21.56969451904297 67.17443084716797
263 -21.36363410949707 67.20051574707031
264 -21.119022369384766 67.2125015258789
265 -20.82715606689453 67.38265228271484
266 -20.209081649780273 67.63258361816406
267 -19.980207443237305 67.72559356689453
268 -19.83819580078125 67.89392852783203
269 -19.797412872314453 68.00841522216797
270 -19.79059600830078 68.51512908935547
271 -19.747337341308594 69.07054138183594
272 -19.739818572998047 69.35099792480469
273 -19.692365646362305 69.6932144165039
274 -19.608177185058594 69.93842315673828
275 -19.826141357421875 70.0594711303711
276 -20.12820816040039 70.18467712402344
277 -20.3201847076416 70.24861145019531
278 -20.599363327026367 70.2675552368164
279 -21.092355728149414 70.1021499633789
280 -21.41098976135254 69.96821594238281
281 -21.60326385498047 69.9000015258789
282 -21.78281593322754 70.02529907226562
283 -21.962474822998047 70.20442199707031
284 -22.159120559692383 70.61213684082031
285 -22.535154342651367 70.98970031738281
286 -22.59943199157715 71.11127471923828
287 -22.602901458740234 71.46560668945312
288 -22.588558197021484 71.73472595214844
289 -22.590255737304688 72.39199829101562
290 -22.557756423950195 72.55550384521484
291 -22.505407333374023 72.75642395019531
292 -22.46041488647461 72.89640045166016
293 -22.396221160888672 73.07378387451172
294 -22.3740291595459 73.35005950927734
295 -22.44135284423828 73.80640411376953
296 -22.38901138305664 74.04167175292969
297 -22.295047760009766 74.24447631835938
298 -21.852415084838867 74.6980972290039
299 -21.775184631347656 74.96166229248047
300 -21.82889747619629 75.15270233154297
301 -21.92612075805664 75.36366271972656
302 -22.15506362915039 75.63111877441406
303 -22.46857261657715 75.8104248046875
304 -22.78622817993164 75.8819351196289
305 -23.110536575317383 75.9044418334961
306 -23.55095863342285 75.8018798828125
307 -23.80831527709961 75.5188217163086
308 -23.95804214477539 75.42800903320312
309 -24.105819702148438 75.28622436523438
310 -24.304916381835938 75.07568359375
311 -24.41757583618164 74.77684783935547
312 -24.514387130737305 74.46311950683594
313 -24.605592727661133 74.25807189941406
314 -24.67930030822754 74.15725708007812
315 -24.840782165527344 73.89697265625
316 -25.04058074951172 73.68473052978516
317 -25.33219337463379 73.3439712524414
318 -25.606508255004883 73.10079193115234
319 -25.77619171142578 73.00586700439453
320 -26.05071449279785 72.90525817871094
321 -27.03705596923828 72.64842987060547
322 -27.142154693603516 72.61817169189453
323 -27.291454315185547 72.5700912475586
324 -27.653034210205078 72.45698547363281
325 -27.898109436035156 72.39035034179688
326 -28.095060348510742 72.3258285522461
327 -28.56487274169922 72.2236557006836
328 -29.00262451171875 72.13867950439453
329 -29.451738357543945 72.07762908935547
330 -29.82137107849121 72.0340576171875
331 -30.47215461730957 72.0039291381836
332 -30.628154754638672 72.02289581298828
333 -30.849994659423828 72.02139282226562
334 -31.077241897583008 72.02308654785156
335 -31.610454559326172 71.96186828613281
336 -31.981870651245117 71.8862075805664
337 -32.270694732666016 71.81568908691406
338 -32.529296875 71.69420623779297
339 -33.484474182128906 70.67971801757812
340 -33.57827377319336 70.57293701171875
341 -33.60316848754883 70.70246124267578
342 -33.80269241333008 70.96334075927734
343 -34.163368225097656 71.33170318603516
344 -34.26212692260742 71.43009185791016
345 -34.19746398925781 71.77694702148438
346 -34.113670349121094 72.30461120605469
347 -34.00740432739258 72.52205657958984
348 -33.87455749511719 72.72538757324219
349 -33.72445297241211 73.07230377197266
350 -33.67282485961914 73.41043090820312
351 -33.707462310791016 73.65042877197266
352 -33.778011322021484 73.84607696533203
353 -34.026981353759766 74.05473327636719
354 -34.36763000488281 74.20928955078125
355 -34.674808502197266 74.22086334228516
356 -34.98830795288086 74.26668548583984
357 -35.169944763183594 74.2715072631836
358 -35.362178802490234 74.26087951660156
359 -35.602657318115234 74.17427062988281
360 -35.83269119262695 74.07347869873047
361 -35.990509033203125 73.9881820678711
362 -42.92280578613281 73.38944244384766
363 -43.24071502685547 73.30459594726562
364 -43.43758773803711 73.19032287597656
365 -43.75730514526367 72.80751037597656
366 -43.972511291503906 72.57537078857422
367 -44.067176818847656 72.44599914550781
368 -44.21232986450195 72.2387466430664
369 -44.4898681640625 71.85992431640625
370 -44.60655975341797 71.53032684326172
371 -44.72026443481445 71.41081237792969
372 -44.84756851196289 71.11119842529297
373 -44.86906433105469 70.89833068847656
374 -44.7002067565918 70.32261657714844
375 -44.63755416870117 70.12171173095703
376 -44.554542541503906 70.00930786132812
377 -44.2768669128418 69.67691802978516
378 -43.985721588134766 69.34283447265625
379 -43.8775749206543 69.20713806152344
380 -43.689109802246094 69.17957305908203
381 -43.2947883605957 69.26294708251953
382 -42.959983825683594 69.35347747802734
383 -42.591495513916016 69.3861312866211
384 -42.21080780029297 69.27345275878906
385 -41.8877067565918 69.05052185058594
386 -41.61471176147461 68.60359954833984
387 -41.59278869628906 68.4046630859375
388 -41.63693618774414 68.23223876953125
389 -41.65061950683594 68.00625610351562
390 -41.58977127075195 67.80231475830078
391 -41.449249267578125 67.27155303955078
392 -41.327178955078125 66.94810485839844
393 -41.20767593383789 66.67259979248047
394 -41.16190719604492 66.62220764160156
395 -21.038103103637695 56.88994598388672
396 -20.87320899963379 56.86849594116211
397 -20.64229965209961 56.905242919921875
398 -20.439420700073242 56.97975158691406
399 -20.188579559326172 57.325218200683594
400 -19.972150802612305 57.7407341003418
401 -19.83941078186035 57.874271392822266
402 -19.561063766479492 57.920166015625
403 -18.845121383666992 57.73066329956055
404 -18.27169418334961 57.48533630371094
405 -18.019512176513672 57.465065002441406
406 -17.824615478515625 57.514060974121094
407 -17.613502502441406 57.649654388427734
408 -17.5634708404541 57.700111389160156
409 -17.573862075805664 57.92642593383789
410 -17.692508697509766 58.48200988769531
411 -17.814714431762695 59.150245666503906
412 -17.77383804321289 59.305503845214844
413 -17.683523178100586 59.393409729003906
414 -17.6513729095459 59.69029998779297
415 -17.515613555908203 60.050559997558594
416 -17.384872436523438 60.268985748291016
417 -17.70684051513672 60.351261138916016
418 -18.07994270324707 60.375213623046875
419 -18.285377502441406 60.38376998901367
420 -18.459369659423828 60.50593948364258
421 -18.632457733154297 60.7938346862793
422 -18.699342727661133 61.02386474609375
423 -18.772525787353516 61.26000213623047
424 -18.999130249023438 61.70689392089844
425 -19.368989944458008 62.1995964050293
426 -19.698104858398438 62.423397064208984
427 -20.068904876708984 62.589866638183594
428 -20.348966598510742 62.67525100708008
429 -20.542461395263672 62.68280792236328
430 -20.922988891601562 62.601905822753906
431 -23.33515167236328 61.90717315673828
432 -23.696325302124023 61.80009841918945
433 -23.971582412719727 61.73781204223633
434 -24.12400245666504 61.787227630615234
435 -24.16531753540039 61.98921203613281
436 -24.227079391479492 62.62412643432617
437 -24.356273651123047 62.95730209350586
438 -24.43861198425293 63.22736740112305
439 -24.418561935424805 63.51168441772461
440 -24.291259765625 63.688358306884766
441 -23.642406463623047 64.16407775878906
442 -23.370250701904297 64.38819122314453
443 -23.029218673706055 64.51087188720703
444 -22.839881896972656 64.41695404052734
445 -22.547937393188477 64.29042053222656
446 -22.038612365722656 63.95961380004883
447 -21.96000862121582 63.783729553222656
448 -21.991455078125 63.49235916137695
449 -22.071243286132812 63.11784362792969
450 -22.119016647338867 62.83000946044922
451 -22.09453010559082 62.034000396728516
452 -22.07118034362793 61.751224517822266
453 -21.983261108398438 61.581756591796875
454 -21.86093521118164 61.35231399536133
455 -21.701496124267578 61.050235748291016
456 -21.58510398864746 60.857486724853516
457 -21.47237205505371 60.48989486694336
458 -21.401103973388672 60.22819137573242
459 -21.410480499267578 59.95172119140625
460 -21.487279891967773 59.744964599609375
461 -21.62660789489746 59.49885940551758
462 -21.917402267456055 59.2425537109375
463 -22.36414909362793 59.03946304321289
464 -22.559125900268555 58.929996490478516
465 -22.716859817504883 58.75718307495117
466 -22.872100830078125 58.60314178466797
467 -22.96139144897461 58.41161346435547
468 -23.015565872192383 58.263301849365234
469 -23.110774993896484 57.75288009643555
470 -23.187515258789062 57.34526443481445
471 -23.319917678833008 56.967247009277344
472 -23.539255142211914 56.70808029174805
473 -23.74532699584961 56.51424789428711
474 -24.046478271484375 56.30997848510742
475 -24.325098037719727 56.02671432495117
476 -24.47500228881836 55.87603759765625
477 -24.666990280151367 55.705772399902344
478 -24.96103286743164 55.61174011230469
479 -25.19366455078125 55.62020492553711
480 -25.39420509338379 55.6530647277832
481 -25.644615173339844 55.67985153198242
482 -37.36653518676758 66.10755157470703
483 -37.436458587646484 66.3622055053711
484 -37.49263381958008 66.4825439453125
485 -37.50995635986328 66.56477355957031
486 -37.75339889526367 66.83324432373047
487 -38.044193267822266 67.23041534423828
488 -38.24101257324219 67.63526916503906
489 -38.28871536254883 67.93412017822266
490 -38.1907844543457 68.36860656738281
491 -38.07595443725586 68.80647277832031
492 -38.05387878417969 68.9906005859375
493 -38.06356430053711 69.2455062866211
494 -38.27174758911133 69.46951293945312
495 -38.538719177246094 69.67098999023438
496 -38.68705749511719 69.81462860107422
497 -38.83053970336914 70.0543212890625
498 -38.98576354980469 70.2896499633789
499 -39.17093276977539 70.50415802001953
500 -39.26007843017578 70.61283874511719
501 -39.350250244140625 70.78136444091797
502 -39.316856384277344 71.16073608398438
503 -39.32135772705078 71.37631225585938
504 -39.22677993774414 71.65936279296875
505 -39.1628303527832 72.0575180053711
506 -39.22447204589844 72.41842651367188
507 -39.260955810546875 72.75872802734375
508 -39.2801513671875 73.02811431884766
509 -39.21992492675781 73.27273559570312
510 -39.07220458984375 73.63074493408203
511 -38.93772506713867 74.07154083251953
512 -38.885963439941406 74.3507308959961
513 -38.86412048339844 74.50888061523438
514 -38.81496810913086 74.75949096679688
515 -38.73280334472656 75.146728515625
516 -38.5999755859375 75.76275634765625
517 -38.51231002807617 76.10971069335938
518 -38.435455322265625 76.575439453125
519 -38.34596633911133 76.83455657958984
520 -38.29106140136719 76.94440460205078
521 -38.13525390625 77.16053009033203
522 -38.006874084472656 77.29673767089844
523 -37.70893478393555 77.52352142333984
524 -37.309722900390625 77.91802978515625
525 -37.127662658691406 78.17975616455078
526 -36.81072998046875 78.65702056884766
527 -36.5587043762207 79.06825256347656
528 -36.42759704589844 79.25167846679688
529 -36.28721237182617 79.4788589477539
530 -36.157447814941406 79.71527862548828
531 -36.06731033325195 79.92074584960938
532 -35.89876937866211 80.17169189453125
533 -35.694454193115234 80.39874267578125
534 -35.4515495300293 80.38905334472656
535 -35.33111572265625 80.39949798583984
536 -35.02642822265625 80.41930389404297
537 -34.69527816772461 80.45049285888672
538 -34.4193000793457 80.58496856689453
539 -34.08155822753906 80.72696685791016
540 -33.80249786376953 80.7764892578125
541 -33.50679397583008 80.82612609863281
542 -33.21858596801758 80.91111755371094
543 -32.78009033203125 81.08232879638672
544 -32.63829803466797 81.1183853149414
545 -32.54661560058594 80.95931243896484
546 -32.486881256103516 80.27325439453125
547 -32.365962982177734 79.94139862060547
548 -32.23982238769531 79.6419677734375
549 -32.156070709228516 79.40584564208984
550 -32.17377853393555 79.2378158569336
551 -32.19195556640625 79.08535766601562
552 -32.32024383544922 78.72575378417969
553 -32.43338394165039 78.3043441772461
554 -32.42237091064453 77.95543670654297
555 -32.27016067504883 77.77714538574219
556 -32.01575469970703 77.74160766601562
557 -31.511245727539062 77.73666381835938
558 -31.101037979125977 77.68475341796875
559 -30.691343307495117 77.81888580322266
560 -30.60273551940918 77.812744140625
561 -30.528886795043945 77.77974700927734
562 -30.268342971801758 77.64582824707031
563 -29.859697341918945 77.15995788574219
564 -29.623483657836914 76.93377685546875
565 -29.302452087402344 76.4518051147461
566 -29.30607032775879 76.23631286621094
567 -29.492412567138672 76.0762939453125
568 -29.949722290039062 76.0005874633789
569 -30.318872451782227 75.85877227783203
570 -30.53274154663086 75.64237976074219
571 -30.568347930908203 75.51313018798828
572 -30.5433292388916 75.39031982421875
573 -30.555334091186523 75.08917999267578
574 -29.808395385742188 66.63081359863281
575 -29.886919021606445 66.4249496459961
576 -30.04815673828125 66.26292419433594
577 -30.363536834716797 65.85523986816406
578 -30.36482810974121 65.59133911132812
579 -30.287477493286133 65.2922592163086
580 -30.107845306396484 65.16535186767578
581 -29.830291748046875 65.1408462524414
582 -29.427671432495117 65.09870147705078
583 -29.03216552734375 65.0351791381836
584 -28.778989791870117 64.97384643554688
585 -28.65100860595703 64.84941864013672
586 -28.396406173706055 64.50328826904297
587 -28.26426887512207 64.25919342041016
588 -28.26735496520996 64.13067626953125
589 -28.394994735717773 63.8861083984375
590 -28.65599250793457 63.45852279663086
591 -28.93915367126465 63.133419036865234
592 -29.18194007873535 62.921546936035156
593 -29.31987190246582 62.70730209350586
594 -29.5565128326416 62.4609260559082
595 -29.71685028076172 62.12065505981445
596 -29.81562042236328 61.83479690551758
597 -29.713733673095703 61.59444046020508
598 -29.45712661743164 61.218849182128906
599 -29.101640701293945 61.0124626159668
600 -28.89088249206543 60.85629653930664
601 -28.644548416137695 60.74089050292969
602 -28.394126892089844 60.75225067138672
603 -28.113079071044922 60.87710189819336
604 -27.913169860839844 60.99979019165039
605 -27.705995559692383 61.096439361572266
606 -27.40314483642578 61.13590621948242
607 -27.172773361206055 61.14718246459961
608 -27.00249481201172 61.146846771240234
609 -26.493045806884766 61.07331848144531
610 -26.285274505615234 60.94697189331055
611 -26.06454086303711 60.66191482543945
612 -25.933610916137695 60.33131408691406
613 -25.838056564331055 60.102386474609375
614 -25.837390899658203 59.68651580810547
615 -25.950265884399414 59.40758514404297
616 -26.096403121948242 59.02631378173828
617 -26.272171020507812 58.65266799926758
618 -26.379207611083984 58.480712890625
619 -26.500091552734375 58.277671813964844
620 -26.853044509887695 57.73543167114258
621 -27.259632110595703 57.171913146972656
622 -27.472713470458984 56.66386795043945
623 -27.60086441040039 56.3171272277832
624 -27.735004425048828 56.04520034790039
625 -27.912172317504883 55.74332809448242
626 -28.128122329711914 55.55936050415039
627 -28.696348190307617 55.21308135986328
628 -28.99047088623047 55.08769607543945
629 -29.18022346496582 55.030494689941406
630 -29.38290786743164 54.93056869506836
631 -29.586631774902344 54.74936294555664
632 -29.834075927734375 54.46502685546875
633 -30.006982803344727 54.083160400390625
634 -29.97099494934082 53.849159240722656
635 -29.7147274017334 53.63306427001953
636 -29.234569549560547 53.41752243041992
637 -28.785682678222656 53.28277587890625
638 -28.440196990966797 53.15122985839844
639 -28.221750259399414 53.10187911987305
640 -27.559906005859375 52.845096588134766
641 -26.88332748413086 52.473670959472656
642 -26.606678009033203 52.33858108520508
643 -26.346744537353516 52.25044631958008
644 -25.999666213989258 52.109107971191406
645 -25.652374267578125 51.98515701293945
646 -25.49701690673828 51.92918014526367
647 -25.34192657470703 51.8388557434082
648 -25.105051040649414 51.72917938232422
649 -24.62569808959961 51.48219680786133
650 -24.184926986694336 51.35355758666992
651 -24.03253173828125 51.3845100402832
652 -23.841468811035156 51.536563873291016
653 -17.364992141723633 52.97392272949219
654 -17.136816024780273 52.984432220458984
655 -16.934789657592773 52.94871139526367
656 -16.576553344726562 52.84944152832031
657 -16.36351203918457 52.70353698730469
658 -16.1086483001709 52.5428581237793
659 -15.796871185302734 52.293601989746094
660 -15.344099044799805 51.97792053222656
661 -15.043208122253418 51.87998580932617
662 -14.888042449951172 51.83155822753906
663 -14.656246185302734 51.88992691040039
664 -14.34304428100586 51.98924255371094
665 -14.00109577178955 51.99570846557617
666 -13.736795425415039 52.01092529296875
667 -13.479220390319824 52.122413635253906
668 -13.23660659790039 52.31532287597656
669 -12.658080101013184 52.7745246887207
670 -12.48420524597168 52.956661224365234
671 -12.280231475830078 53.34443283081055
672 -12.181427955627441 53.70256423950195
673 -12.157429695129395 53.97172164916992
674 -12.225506782531738 54.24516677856445
675 -12.494915962219238 54.667633056640625
676 -12.703786849975586 54.825294494628906
677 -12.898337364196777 54.99620056152344
678 -13.082540512084961 55.258392333984375
679 -13.319451332092285 55.6599006652832
680 -13.390554428100586 55.89229965209961
681 -13.23237419128418 56.14762496948242
682 -12.809136390686035 56.44304656982422
683 -12.304279327392578 56.63616180419922
684 -11.89425277709961 56.723793029785156
685 -11.690630912780762 56.72826385498047
686 -11.585976600646973 56.66207504272461
687 -11.377828598022461 56.51436233520508
688 -11.17112922668457 56.172401428222656
689 -10.982786178588867 55.96485900878906
690 -10.671768188476562 55.52124786376953
691 -10.404634475708008 55.32860565185547
692 -10.24444580078125 55.30728530883789
693 -10.025145530700684 55.42355728149414
694 -9.69262409210205 55.67715072631836
695 -9.33126163482666 55.81879425048828
696 -9.006324768066406 56.0283088684082
697 -8.78873062133789 56.259403228759766
698 -8.534728050231934 56.4533805847168
699 -8.291423797607422 56.747711181640625
700 -8.151329040527344 57.00034713745117
701 -7.959301471710205 57.1688346862793
702 -7.67414665222168 57.31745529174805
703 -7.526779651641846 57.36198043823242
704 -7.334057807922363 57.43645477294922
705 -7.12978458404541 57.4925651550293
706 -6.86537504196167 57.65316390991211
707 -6.467965602874756 57.816505432128906
708 -6.207591533660889 58.03575134277344
709 -6.220801830291748 58.23587417602539
710 -6.361808776855469 58.53973388671875
711 -6.453036785125732 58.82987976074219
712 -6.5949273109436035 59.01716613769531
713 -6.875576972961426 59.42094039916992
714 -7.188437461853027 59.591793060302734
715 -7.591032981872559 59.64108657836914
716 -7.8881402015686035 59.70400619506836
717 -8.32178783416748 59.85291290283203
718 -8.579241752624512 59.91835021972656
719 -8.88357162475586 60.0412483215332
720 -9.063445091247559 60.06679916381836
721 -9.142258644104004 59.92331314086914
722 -9.391927719116211 59.794185638427734
723 -9.798870086669922 59.678985595703125
724 -10.036944389343262 59.64480209350586
725 -10.168240547180176 59.600345611572266
726 -10.26805591583252 59.59096145629883
727 -10.698261260986328 59.531890869140625
728 -11.22840690612793 59.45109558105469
729 -11.43830394744873 59.426090240478516
730 -11.77928352355957 59.494197845458984
731 -12.019217491149902 59.5238037109375
732 -12.321331977844238 59.53242111206055
733 -12.511865615844727 59.66555404663086
734 -12.909469604492188 59.943511962890625
735 -12.938397407531738 60.26782989501953
736 -12.960023880004883 60.468204498291016
737 -12.804315567016602 60.738555908203125
738 -12.492932319641113 61.00876998901367
739 -12.168654441833496 61.35132598876953
740 -11.936813354492188 61.54658508300781
741 -11.74603271484375 61.68409729003906
742 -11.495622634887695 61.93232345581055
743 -11.326720237731934 62.175209045410156
744 -11.314090728759766 62.404571533203125
745 -11.326339721679688 62.55820846557617
746 -11.166808128356934 62.84885787963867
747 -11.012316703796387 63.03227233886719
748 -10.76148796081543 63.12602615356445
749 -10.438578605651855 63.23488998413086
750 -10.223061561584473 63.25493621826172
751 -9.889050483703613 63.34819412231445
752 -9.357867240905762 63.47007369995117
753 -8.887622833251953 63.546783447265625
754 -8.581089973449707 63.6195182800293
755 -8.320094108581543 63.53972625732422
756 -7.8060431480407715 63.030757904052734
757 -7.629093647003174 62.90306854248047
758 -7.1644134521484375 62.781593322753906
759 -6.899769306182861 62.821266174316406
760 -6.757568836212158 62.84893035888672
761 -6.67779541015625 63.08995056152344
762 -6.408219337463379 63.72819900512695
763 -6.244174480438232 64.02693939208984
764 -5.965404987335205 64.19524383544922
765 -5.5513505935668945 64.3076400756836
766 -5.0130767822265625 64.44412994384766
767 -4.7288289070129395 64.63067626953125
768 -4.64993143081665 65.03392028808594
769 -4.634077072143555 65.26548767089844
770 -4.739101409912109 65.44990539550781
771 -5.132507801055908 65.82652282714844
772 -5.625136375427246 66.2060317993164
773 -5.739572048187256 66.31723022460938
774 -5.887668132781982 66.48124694824219
775 -6.066903591156006 66.94486999511719
776 -6.098564624786377 67.39574432373047
777 -6.279822826385498 67.84197998046875
778 -6.342940330505371 67.95177459716797
779 -6.543051242828369 67.9408187866211
780 -6.860438346862793 67.78718566894531
781 -7.319799900054932 67.46634674072266
782 -7.7183756828308105 67.325927734375
783 -7.913950443267822 67.34967041015625
784 -8.084152221679688 67.36312103271484
785 -8.429341316223145 67.3830337524414
786 -8.888413429260254 67.54084777832031
787 -9.050321578979492 67.49590301513672
788 -9.267212867736816 67.32176971435547
789 -9.697042465209961 67.04653930664062
790 -10.163095474243164 66.8502426147461
791 -10.44011116027832 66.89047241210938
792 -10.64376449584961 66.93751525878906
793 -10.763364791870117 67.01565551757812
794 -10.999398231506348 67.20431518554688
795 -11.20455265045166 67.4177017211914
796 -11.291887283325195 67.78156280517578
797 -11.348588943481445 68.13821411132812
798 -11.324885368347168 68.65557098388672
799 -11.343343734741211 68.84732055664062
800 -11.568608283996582 68.89949798583984
801 -11.953742980957031 68.94108581542969
802 -12.3637056350708 68.96142578125
803 -12.536300659179688 68.93968200683594
804 -12.859807014465332 69.16944122314453
805 -13.180214881896973 69.46790313720703
806 -13.453879356384277 69.85313415527344
807 -13.699169158935547 70.1170654296875
808 -13.868583679199219 70.31884765625
809 -14.062724113464355 70.47848510742188
810 -14.371482849121094 70.55684661865234
811 -14.747908592224121 70.5584487915039
812 -15.02547836303711 70.52992248535156
813 -15.393879890441895 70.59156799316406
814 -15.864739418029785 70.7038803100586
815 -15.989611625671387 70.77873229980469
816 -16.203880310058594 71.13085174560547
817 -16.347034454345703 71.45852661132812
818 -16.288990020751953 71.6697006225586
819 -16.102170944213867 71.89010620117188
820 -15.78893756866455 72.11003875732422
821 -15.538830757141113 72.22795104980469
822 -15.270866394042969 72.38043212890625
823 -14.986883163452148 72.58799743652344
824 -14.774924278259277 72.87136840820312
825 -14.595978736877441 73.29076385498047
826 -14.574077606201172 73.59451293945312
827 -14.68221664428711 73.90835571289062
828 -14.870429039001465 74.328125
829 -15.012238502502441 74.58983612060547
830 -15.204110145568848 74.95532989501953
831 -15.312644958496094 75.22134399414062
832 -15.367429733276367 75.51451110839844
833 -15.404207229614258 75.903076171875
834 -15.380338668823242 76.1927490234375
835 -15.321614265441895 76.58979034423828
836 -15.29945182800293 76.93118286132812
837 -15.195537567138672 77.24894714355469
838 -15.072705268859863 77.475830078125
839 -14.922013282775879 77.78863525390625
840 -14.669905662536621 78.16863250732422
841 -14.482884407043457 78.44886016845703
842 -14.379168510437012 78.55481719970703
843 -14.224762916564941 78.61862182617188
844 -13.980457305908203 78.5605697631836
845 -13.484309196472168 78.5172348022461
846 -13.130830764770508 78.54881286621094
847 -12.895064353942871 78.52291107177734
848 -12.553925514221191 78.39533996582031
849 -12.271899223327637 78.22539520263672
850 -12.107564926147461 78.04682922363281
851 -11.974477767944336 77.94857788085938
852 -11.682531356811523 77.46726989746094
853 -11.535918235778809 77.18358612060547
854 -11.457442283630371 76.97303009033203
855 -11.368950843811035 76.65888214111328
856 -11.341938972473145 76.50820922851562
857 -11.18628978729248 76.1512451171875
858 -11.026581764221191 75.78083038330078
859 -10.942161560058594 75.39202117919922
860 -10.817886352539062 74.94754791259766
861 -10.703547477722168 74.63883209228516
862 -10.429201126098633 74.14307403564453
863 -10.309868812561035 73.9615707397461
864 -10.121356010437012 73.6790771484375
865 -9.917181968688965 73.18040466308594
866 -9.957477569580078 72.87859344482422
867 -10.102641105651855 72.52761840820312
868 -10.253931999206543 72.2282485961914
869 -10.37239933013916 71.92381286621094
870 -10.477863311767578 71.68582916259766
871 -10.591339111328125 71.46406555175781
872 -15.820716857910156 67.8381576538086
873 -15.869938850402832 67.76800537109375
874 -15.834165573120117 67.69717407226562
875 -15.6696138381958 67.5322036743164
876 -15.10578727722168 67.23182678222656
877 -14.507024765014648 66.83656311035156
878 -14.401222229003906 66.6073226928711
879 -14.174430847167969 66.3691635131836
880 -13.83901596069336 66.10177612304688
881 -13.694292068481445 65.91923522949219
882 -13.691200256347656 65.61312866210938
883 -13.666986465454102 65.27528381347656
884 -13.741715431213379 64.75221252441406
885 -13.845274925231934 64.479248046875
886 -13.993453979492188 64.38734436035156
887 -14.332188606262207 64.38337707519531
888 -14.84698486328125 64.50711059570312
889 -15.653727531433105 64.47151947021484
890 -15.775551795959473 64.44747924804688
891 -15.805741310119629 64.49894714355469
892 -16.066694259643555 64.67217254638672
893 -16.327871322631836 64.64733123779297
894 -16.57318115234375 64.57418823242188
895 -17.252779006958008 64.29396057128906
896 -17.533353805541992 64.17317199707031
897 -17.71429443359375 64.19979858398438
898 -18.134990692138672 64.48403930664062
899 -18.363731384277344 64.65538024902344
900 -18.567230224609375 64.78226470947266
901 -18.82712173461914 64.85202026367188
902 -19.014602661132812 64.85220336914062
903 -25.346668243408203 66.72430419921875
904 -25.694393157958984 66.82099151611328
905 -25.9883975982666 66.83087921142578
906 -26.25310516357422 66.90251159667969
907 -26.53974723815918 67.02708435058594
908 -26.817903518676758 67.22168731689453
909 -27.028470993041992 67.35994720458984
910 -27.158788681030273 67.46683502197266
911 -27.301076889038086 67.6270523071289
912 -27.6988525390625 68.02799224853516
913 -27.934104919433594 68.24040222167969
914 -28.00273895263672 68.35458374023438
915 -28.22900390625 68.46160888671875
916 -28.605857849121094 68.5205307006836
917 -29.16357421875 68.63822937011719
918 -29.513187408447266 68.67601013183594
919 -29.755098342895508 68.65841674804688
920 -30.059724807739258 68.56945037841797
921 -30.58091163635254 68.37129211425781
922 -30.998088836669922 68.18785095214844
923 -31.2602481842041 68.06391143798828
924 -31.795642852783203 67.89366149902344
925 -32.1528434753418 67.78993225097656
926 -32.522586822509766 67.68578338623047
927 -33.265342712402344 67.59549713134766
928 -33.61664581298828 67.48068237304688
929 -33.71023178100586 67.32857513427734
930 -33.72182083129883 67.09188842773438
931 -33.755653381347656 66.60306549072266
932 -33.83405303955078 65.68539428710938
933 -33.8629150390625 65.4119873046875
934 -33.939674377441406 65.07440185546875
935 -34.04863739013672 64.77396392822266
936 -34.20853805541992 64.57966613769531
937 -34.312171936035156 64.43173217773438
938 -34.4764289855957 64.38475036621094
939 -34.66686248779297 64.35774993896484
940 -34.9561767578125 64.24669647216797
941 -35.2681884765625 64.16378021240234
942 -35.4467887878418 63.931495666503906
943 -35.54972457885742 63.584930419921875
944 -35.55108642578125 63.36354446411133
945 -35.5682487487793 63.15598678588867
946 -35.61179733276367 63.04459762573242
947 -35.85906982421875 62.777671813964844
948 -35.95089340209961 62.644126892089844
949 -36.219112396240234 62.21243667602539
950 -36.3679313659668 61.9661865234375
951 -36.604251861572266 61.639686584472656
952 -36.8009147644043 61.457759857177734
953 -36.94737243652344 61.263450622558594
954 -37.15846252441406 60.90694046020508
955 -37.35286331176758 60.58388137817383
956 -37.355777740478516 60.46244430541992
957 -37.27845001220703 60.33021545410156
958 -37.05885314941406 60.240840911865234
959 -36.728759765625 60.14828109741211
960 -36.326751708984375 59.89168930053711
961 -35.80974578857422 59.988304138183594
962 -35.190364837646484 60.151405334472656
963 -35.02601623535156 60.191856384277344
964 -34.897884368896484 60.25001525878906
965 -34.6769905090332 60.3221321105957
966 -34.3875846862793 60.4722785949707
967 -34.137474060058594 60.539798736572266
968 -33.88451385498047 60.48641586303711
969 -33.810550689697266 60.42039489746094
970 -33.464576721191406 60.4337272644043
971 -33.27482986450195 60.45032501220703
972 -33.033355712890625 60.54621887207031
973 -32.87577819824219 60.26449966430664
974 -32.67515563964844 59.71075439453125
975 -32.353416442871094 59.187278747558594
976 -32.251251220703125 59.069732666015625
977 -32.19588088989258 59.0014762878418
978 -32.021690368652344 58.803470611572266
979 -31.94332504272461 58.572837829589844
980 -31.837793350219727 58.43660354614258
981 -31.89401626586914 58.26100158691406
982 -31.965688705444336 57.95050811767578
983 -32.009342193603516 57.60042190551758
984 -32.237735748291016 57.13186264038086
985 -32.511474609375 57.008697509765625
986 -32.983646392822266 56.98991394042969
987 -33.325984954833984 57.054359436035156
988 -33.54452133178711 57.28101348876953
989 -33.67231750488281 57.39134216308594
990 -33.818763732910156 57.40653991699219
991 -34.11586380004883 57.387569427490234
992 -34.336116790771484 57.38203048706055
993 -34.52391052246094 57.3114013671875
994 -34.69264221191406 57.220401763916016
995 -34.98788070678711 57.01292037963867
996 -35.15814971923828 56.88240432739258
997 -35.37806701660156 56.781497955322266
998 -35.47745132446289 56.79901885986328
999 -35.53977966308594 56.82773208618164
