0 -29.837308883666992 61.954444885253906
1 -29.941272735595703 62.01496887207031
2 -30.257884979248047 62.20087814331055
3 -30.528789520263672 62.349998474121094
4 -30.964143753051758 62.605472564697266
5 -31.196605682373047 62.76316452026367
6 -31.31511878967285 62.87453079223633
7 -31.421850204467773 63.0009765625
8 -31.51180076599121 63.14038848876953
9 -31.65920066833496 63.3017463684082
10 -31.807941436767578 63.4066047668457
11 -32.0019416809082 63.592620849609375
12 -32.3795166015625 63.938045501708984
13 -32.706695556640625 64.27774810791016
14 -32.926414489746094 64.39688873291016
15 -33.116790771484375 64.5199966430664
16 -33.453006744384766 64.59355926513672
17 -33.64616775512695 64.60528564453125
18 -33.75101852416992 64.49322509765625
19 -33.89090347290039 64.27241516113281
20 -34.056217193603516 64.08068084716797
21 -34.379520416259766 63.85845947265625
22 -34.724334716796875 63.78285598754883
23 -35.16295623779297 63.740055084228516
24 -35.5029411315918 63.69346618652344
25 -35.73887634277344 63.74332809448242
26 -36.04133987426758 63.87261199951172
27 -36.23957061767578 64.0097885131836
28 -36.37932205200195 64.13713836669922
29 -36.585548400878906 64.30778503417969
30 -36.830101013183594 64.46080780029297
31 -37.13206100463867 64.64347076416016
32 -37.56804275512695 64.78604888916016
33 -38.108726501464844 64.95903015136719
34 -38.4424934387207 65.03816223144531
35 -38.93775177001953 65.08392333984375
36 -39.23540496826172 64.97850036621094
37 -39.521636962890625 64.7973861694336
38 -39.61674880981445 64.39154815673828
39 -39.57835006713867 64.16912841796875
40 -39.508758544921875 63.99356460571289
41 -39.243412017822266 63.75068664550781
42 -39.045196533203125 63.60622787475586
43 -38.86351776123047 63.492523193359375
44 -38.65970993041992 63.30582809448242
45 -38.44447326660156 63.01369094848633
46 -38.30257797241211 62.73988342285156
47 -38.055564880371094 62.33102035522461
48 -37.78074645996094 61.7886962890625
49 -37.6838493347168 61.44078826904297
50 -37.77425003051758 61.036888122558594
51 -37.85926055908203 60.81589889526367
52 -38.05171585083008 60.70860290527344
53 -38.37996292114258 60.62603759765625
54 -38.923885345458984 60.397640228271484
55 -39.124603271484375 60.32484436035156
56 -39.38711166381836 60.2136116027832
57 -39.91132354736328 59.97311019897461
58 -40.177547454833984 59.776241302490234
59 -40.352516174316406 59.5535774230957
60 -40.352542877197266 59.29631805419922
61 -40.253013610839844 59.108516693115234
62 -40.07762908935547 58.913726806640625
63 -39.85929870605469 58.59506607055664
64 -39.64754104614258 58.29469680786133
65 -39.37207794189453 57.99951171875
66 -39.0406379699707 57.721160888671875
67 -38.752227783203125 57.5035285949707
68 -38.5523796081543 57.35970687866211
69 -38.37612533569336 57.25335693359375
70 -38.1596794128418 57.088871002197266
71 -38.01848220825195 56.926780700683594
72 -37.91562271118164 56.690223693847656
73 -38.01876449584961 56.4249153137207
74 -37.857303619384766 56.202667236328125
75 -37.86021041870117 55.72361373901367
76 -37.798988342285156 55.509769439697266
77 -37.553802490234375 55.47645568847656
78 -37.30659103393555 55.39495086669922
79 -36.93241500854492 55.47028732299805
80 -36.64234161376953 55.494869232177734
81 -36.41442108154297 55.475669860839844
82 -36.16091537475586 55.549190521240234
83 -35.62101364135742 55.62437438964844
84 -35.19932556152344 55.72780990600586
85 -34.93589782714844 55.881656646728516
86 -34.834754943847656 55.990699768066406
87 -34.841285705566406 56.435550689697266
88 -34.79175567626953 56.97743225097656
89 -34.582427978515625 57.20075988769531
90 -34.47426223754883 57.315185546875
91 -34.41876983642578 57.45690155029297
92 -34.379581451416016 57.75905227661133
93 -34.262908935546875 58.14093017578125
94 -34.11603927612305 58.34982681274414
95 -33.89012908935547 58.49921417236328
96 -33.72538757324219 58.63508224487305
97 -33.51728439331055 58.6962890625
98 -33.09227752685547 58.911251068115234
99 -32.851280212402344 58.97081756591797
100 -32.26300048828125 58.86980438232422
101 -32.08319854736328 58.863746643066406
102 -31.682825088500977 58.897342681884766
103 -31.264049530029297 58.88987350463867
104 -30.83588409423828 58.8968505859375
105 -30.51421356201172 58.714630126953125
106 -30.136489868164062 58.350799560546875
107 -30.068683624267578 58.18234634399414
108 -30.098125457763672 57.82742691040039
109 -30.176523208618164 57.49106979370117
110 -30.338369369506836 57.098243713378906
111 -30.4123477935791 56.93895721435547
112 -30.691736221313477 56.64134979248047
113 -30.973953247070312 56.38088607788086
114 -31.177337646484375 56.147640228271484
115 -31.403615951538086 55.88279342651367
116 -31.694116592407227 55.639034271240234
117 -31.864791870117188 55.34720993041992
118 -32.050865173339844 55.0198860168457
119 -32.29669189453125 54.589054107666016
120 -32.577327728271484 53.90199661254883
121 -32.58412170410156 53.74393081665039
122 -32.4680061340332 53.665000915527344
123 -32.0538330078125 53.73118591308594
124 -31.34585189819336 54.00291442871094
125 -31.111515045166016 53.98191452026367
126 -30.962966918945312 53.925071716308594
127 -30.74049949645996 53.89247512817383
128 -30.36931037902832 53.97642135620117
129 -30.106975555419922 54.08694839477539
130 -29.953161239624023 54.17927169799805
131 -29.76007080078125 54.324310302734375
132 -29.57526397705078 54.439369201660156
133 -29.11295509338379 54.75052261352539
134 -28.63723373413086 55.05867004394531
135 -28.29076385498047 55.18667221069336
136 -28.03875160217285 55.2564697265625
137 -27.69865608215332 55.35498046875
138 -27.273942947387695 55.516624450683594
139 -26.985254287719727 55.56221389770508
140 -26.779443740844727 55.52313232421875
141 -26.54052734375 55.42806625366211
142 -26.3405704498291 55.368709564208984
143 -26.173290252685547 55.30402755737305
144 -25.89590835571289 54.99881362915039
145 -25.515718460083008 54.830116271972656
146 -25.347257614135742 54.70529556274414
147 -25.264375686645508 54.198909759521484
148 -25.25442886352539 53.893768310546875
149 -25.49915313720703 53.84450912475586
150 -25.822229385375977 53.853206634521484
151 -26.0477237701416 53.6938591003418
152 -26.400087356567383 53.252567291259766
153 -26.505352020263672 52.96513366699219
154 -26.428102493286133 52.6763916015625
155 -26.141510009765625 52.17695236206055
156 -25.926504135131836 51.827213287353516
157 -25.79884147644043 51.65777587890625
158 -25.572460174560547 51.43935775756836
159 -25.365842819213867 51.266048431396484
160 -25.234569549560547 51.1678352355957
161 -25.076297760009766 51.07609176635742
162 -24.603805541992188 50.70764923095703
163 -24.3822078704834 50.431819915771484
164 -24.12860870361328 49.93709945678711
165 -23.95949363708496 49.61049270629883
166 -23.84428596496582 49.47450637817383
167 -23.775062561035156 49.39370346069336
168 -23.615509033203125 49.301456451416016
169 -23.484054565429688 49.17945861816406
170 -23.188243865966797 48.99658966064453
171 -22.941696166992188 48.834739685058594
172 -22.595365524291992 48.66839599609375
173 -22.296714782714844 48.52151107788086
174 -22.086172103881836 48.36585998535156
175 -21.841169357299805 48.14447021484375
176 -21.694717407226562 47.953128814697266
177 -21.408315658569336 47.76110076904297
178 -21.045541763305664 47.67851638793945
179 -20.73497200012207 47.66572570800781
180 -20.207530975341797 47.715030670166016
181 -19.752012252807617 47.85181427001953
182 -19.289873123168945 48.051029205322266
183 -19.130826950073242 48.328636169433594
184 -19.11851692199707 48.69664764404297
185 -19.251245498657227 49.0635871887207
186 -19.44146156311035 49.635459899902344
187 -19.526805877685547 50.04596710205078
188 -19.568994522094727 50.304473876953125
189 -19.653820037841797 50.91328811645508
190 -19.745296478271484 51.38114929199219
191 -19.775835037231445 51.80782699584961
192 -19.590576171875 52.19944763183594
193 -19.02195930480957 52.445560455322266
194 -18.6614990234375 52.48808288574219
195 -18.35468864440918 52.466434478759766
196 -18.137088775634766 52.391998291015625
197 -17.884071350097656 52.32128143310547
198 -17.675621032714844 52.159385681152344
199 -17.15493392944336 51.704219818115234
200 -16.921003341674805 51.46427917480469
201 -16.67600440979004 51.21522903442383
202 -16.390602111816406 51.03607177734375
203 -15.961047172546387 50.98867416381836
204 -15.570693969726562 51.187442779541016
205 -15.266114234924316 51.47598648071289
206 -14.918327331542969 51.84197998046875
207 -14.82221794128418 51.980533599853516
208 -14.815339088439941 52.16579055786133
209 -14.716217041015625 52.432350158691406
210 -14.529718399047852 52.90340805053711
211 -14.321639060974121 53.26133346557617
212 -14.204652786254883 53.49219512939453
213 -14.172041893005371 53.617958068847656
214 -14.029549598693848 53.857418060302734
215 -13.813726425170898 53.99781036376953
216 -13.595666885375977 54.08367919921875
217 -13.453716278076172 54.289119720458984
218 -13.125885009765625 54.79909896850586
219 -12.99284839630127 55.08856964111328
220 -12.997587203979492 55.45810317993164
221 -12.907739639282227 55.9400634765625
222 -12.86085319519043 56.12635040283203
223 -12.948336601257324 56.312713623046875
224 -13.217767715454102 56.49790573120117
225 -13.754252433776855 56.85765838623047
226 -14.025875091552734 57.07283401489258
227 -14.181883811950684 57.11222457885742
228 -14.534214973449707 57.331878662109375
229 -14.798640251159668 57.554386138916016
230 -15.053191184997559 57.92365264892578
231 -15.373871803283691 58.37809371948242
232 -15.532158851623535 58.590606689453125
233 -15.76589584350586 58.8494873046875
234 -16.01820182800293 59.10309982299805
235 -16.19467544555664 59.25303649902344
236 -16.565059661865234 59.52582931518555
237 -16.759347915649414 59.6850471496582
238 -16.846426010131836 59.89254379272461
239 -16.98776626586914 60.21664047241211
240 -17.031139373779297 60.383758544921875
241 -16.915672302246094 60.68516540527344
242 -16.852619171142578 61.07300567626953
243 -16.95171546936035 61.3098030090332
244 -17.071218490600586 61.4115104675293
245 -17.3380184173584 61.678993225097656
246 -17.716350555419922 61.92587661743164
247 -17.900602340698242 62.08250427246094
248 -18.157793045043945 62.29066848754883
249 -18.291969299316406 62.43599319458008
250 -18.448421478271484 62.608978271484375
251 -18.70037269592285 62.876590728759766
252 -18.968950271606445 63.1203498840332
253 -19.208126068115234 63.384788513183594
254 -19.283754348754883 63.50258255004883
255 -19.319820404052734 63.59149932861328
256 -25.98956298828125 76.99700164794922
257 -25.77876091003418 77.05960845947266
258 -25.445472717285156 77.03938293457031
259 -25.11357307434082 76.96907043457031
260 -24.8358154296875 76.92678833007812
261 -24.417490005493164 76.9504165649414
262 -24.05044937133789 76.9837417602539
263 -23.871925354003906 77.10993957519531
264 -23.641132354736328 77.24028778076172
265 -23.43985939025879 77.53351593017578
266 -22.968339920043945 78.04952239990234
267 -22.796884536743164 78.2396469116211
268 -22.719881057739258 78.47091674804688
269 -22.716699600219727 78.60597229003906
270 -22.863908767700195 79.1088638305664
271 -22.987010955810547 79.67556762695312
272 -23.069414138793945 79.95430755615234
273 -23.133893966674805 80.31802368164062
274 -23.13456153869629 80.58709716796875
275 -23.391035079956055 80.64356994628906
276 -23.732934951782227 80.67010498046875
277 -23.94872283935547 80.67872619628906
278 -24.240280151367188 80.62203979492188
279 -24.699108123779297 80.34837341308594
280 -24.99025535583496 80.15337371826172
281 -25.174232482910156 80.05764770507812
282 -25.390674591064453 80.141845703125
283 -25.624637603759766 80.2765884399414
284 -25.950942993164062 80.61015319824219
285 -26.458784103393555 80.87163543701172
286 -26.58416175842285 80.95051574707031
287 -26.878013610839844 81.20121765136719
288 -27.084930419921875 81.38309478759766
289 -27.53225326538086 81.91069030761719
290 -27.634218215942383 82.05217742919922
291 -27.72236442565918 82.25455474853516
292 -27.71539878845215 82.42692565917969
293 -27.7049560546875 82.631103515625
294 -27.80471420288086 82.90088653564453
295 -28.028305053710938 83.35323333740234
296 -27.996274948120117 83.60071563720703
297 -27.866342544555664 83.8106689453125
298 -27.211721420288086 84.18859100341797
299 -27.05486297607422 84.42688751220703
300 -27.059463500976562 84.62696075439453
301 -27.132932662963867 84.84986114501953
302 -27.34037208557129 85.15435791015625
303 -27.64445686340332 85.37893676757812
304 -27.963397979736328 85.50665283203125
305 -28.295198440551758 85.57787322998047
306 -28.767995834350586 85.55879974365234
307 -29.09436798095703 85.35746765136719
308 -29.265789031982422 85.2855224609375
309 -29.444467544555664 85.18685150146484
310 -29.697559356689453 85.02014923095703
311 -29.870141983032227 84.74590301513672
312 -30.028059005737305 84.43878936767578
313 -30.155773162841797 84.24852752685547
314 -30.262592315673828 84.15001678466797
315 -30.552295684814453 84.0280532836914
316 -30.85014533996582 83.94682312011719
317 -31.277090072631836 83.79522705078125
318 -31.664472579956055 83.71179962158203
319 -31.883485794067383 83.68180847167969
320 -32.18693542480469 83.66011810302734
321 -33.44684982299805 83.78325653076172
322 -33.564022064208984 83.77894592285156
323 -33.738407135009766 83.730712890625
324 -34.139060974121094 83.52421569824219
325 -34.37187576293945 83.38284301757812
326 -34.56503677368164 83.28717803955078
327 -34.940731048583984 82.90485382080078
328 -35.28831481933594 82.6138916015625
329 -35.619964599609375 82.28587341308594
330 -35.87994384765625 81.99481201171875
331 -36.346717834472656 81.5163803100586
332 -36.47087478637695 81.43693542480469
333 -36.64598846435547 81.2952651977539
334 -36.8049430847168 81.12993621826172
335 -37.10761642456055 80.72749328613281
336 -37.28163146972656 80.37556457519531
337 -37.39714431762695 80.11620330810547
338 -37.466609954833984 79.85850524902344
339 -37.41806411743164 78.38906860351562
340 -37.42372512817383 78.27272033691406
341 -37.53318405151367 78.36388397216797
342 -37.78864288330078 78.55125427246094
343 -38.178619384765625 78.8604965209961
344 -38.3023796081543 78.95804595947266
345 -38.61979675292969 79.03109741210938
346 -39.1768798828125 79.17523193359375
347 -39.41945266723633 79.11836242675781
348 -39.59772491455078 78.97811126708984
349 -39.81855010986328 78.6851806640625
350 -40.038330078125 78.41395568847656
351 -40.20907974243164 78.23594665527344
352 -40.33888244628906 78.08447265625
353 -40.490928649902344 77.79240417480469
354 -40.58818435668945 77.43595123291016
355 -40.60147476196289 77.12101745605469
356 -40.60686111450195 76.79536437988281
357 -40.611907958984375 76.60755157470703
358 -40.62303924560547 76.41490173339844
359 -40.60619354248047 76.15562438964844
360 -40.54182815551758 75.89506530761719
361 -40.426700592041016 75.63024139404297
362 -40.193756103515625 75.06170654296875
363 -40.03089904785156 74.60228729248047
364 -39.96479797363281 74.37411499023438
365 -39.8252067565918 73.92682647705078
366 -39.7238883972168 73.62956237792969
367 -39.67999267578125 73.49209594726562
368 -39.55811309814453 73.26683044433594
369 -39.34123992919922 72.85198974609375
370 -39.18009948730469 72.5498046875
371 -39.11186218261719 72.42662048339844
372 -38.91792297363281 72.20195770263672
373 -38.80718994140625 72.02644348144531
374 -38.59413528442383 71.5318832397461
375 -38.51234817504883 71.34297943115234
376 -38.455848693847656 71.22073364257812
377 -38.20533752441406 70.95256042480469
378 -37.960784912109375 70.63447570800781
379 -37.877830505371094 70.45380401611328
380 -37.9083251953125 70.26573181152344
381 -38.17980194091797 69.94860076904297
382 -38.41712188720703 69.74433135986328
383 -38.617435455322266 69.48567962646484
384 -38.679100036621094 69.13462829589844
385 -38.60151290893555 68.79611206054688
386 -38.309635162353516 68.39479064941406
387 -38.14009094238281 68.2444076538086
388 -38.01116943359375 68.10201263427734
389 -37.78131103515625 68.00355529785156
390 -37.526405334472656 67.99933624267578
391 -36.84282684326172 67.9997787475586
392 -36.43503189086914 68.0069808959961
393 -36.05429458618164 68.03573608398438
394 -35.94621658325195 68.0528564453125
395 -22.478965759277344 65.222900390625
396 -22.29002571105957 65.25567626953125
397 -22.044103622436523 65.38334655761719
398 -21.835729598999023 65.53192901611328
399 -21.604738235473633 65.95032501220703
400 -21.373443603515625 66.42405700683594
401 -21.244544982910156 66.60614013671875
402 -20.964441299438477 66.77037048339844
403 -20.2065372467041 66.93229675292969
404 -19.603900909423828 66.96407318115234
405 -19.345914840698242 67.02031707763672
406 -19.141313552856445 67.10042572021484
407 -18.919921875 67.26579284667969
408 -18.87095832824707 67.3233413696289
409 -18.88805389404297 67.55118560791016
410 -19.013490676879883 68.08751678466797
411 -19.12247085571289 68.76596069335938
412 -19.091842651367188 68.93448638916016
413 -19.013635635375977 69.04694366455078
414 -18.99858283996582 69.34977722167969
415 -18.8812313079834 69.73783111572266
416 -18.765180587768555 69.97684478759766
417 -19.108633041381836 70.03531646728516
418 -19.509443283081055 70.03884887695312
419 -19.718494415283203 70.02752685546875
420 -19.917285919189453 70.13406372070312
421 -20.155094146728516 70.39961242675781
422 -20.28054428100586 70.62448120117188
423 -20.419527053833008 70.8517074584961
424 -20.76628303527832 71.25349426269531
425 -21.27497673034668 71.67813873291016
426 -21.659339904785156 71.83386993408203
427 -22.079200744628906 71.89403533935547
428 -22.383190155029297 71.90033721923828
429 -22.58631134033203 71.84210968017578
430 -22.975215911865234 71.65219116210938
431 -25.144664764404297 70.56483459472656
432 -25.48512840270996 70.3958740234375
433 -25.748146057128906 70.29463195800781
434 -25.937030792236328 70.3086929321289
435 -26.057090759277344 70.48668670654297
436 -26.305646896362305 71.07421112060547
437 -26.51178550720215 71.38487243652344
438 -26.65703582763672 71.65277099609375
439 -26.690641403198242 71.95150756835938
440 -26.59089469909668 72.1529541015625
441 -26.002592086791992 72.78617095947266
442 -25.755111694335938 73.05351257324219
443 -25.419050216674805 73.22872924804688
444 -25.205318450927734 73.16827392578125
445 -24.898681640625 73.0688247680664
446 -24.332130432128906 72.78845977783203
447 -24.21505355834961 72.6095962524414
448 -24.167327880859375 72.3051986694336
449 -24.146764755249023 71.88664245605469
450 -24.112590789794922 71.56452941894531
451 -23.87152862548828 70.66632080078125
452 -23.77474594116211 70.38188934326172
453 -23.664527893066406 70.21509552001953
454 -23.514978408813477 69.9730453491211
455 -23.35525131225586 69.64937591552734
456 -23.256662368774414 69.4454574584961
457 -23.183637619018555 69.04374694824219
458 -23.16653060913086 68.76117706298828
459 -23.218591690063477 68.46879577636719
460 -23.30635643005371 68.23632049560547
461 -23.436676025390625 67.95142364501953
462 -23.711393356323242 67.6225357055664
463 -24.086620330810547 67.2566146850586
464 -24.2392578125 67.06404876708984
465 -24.334247589111328 66.80873107910156
466 -24.492328643798828 66.61035919189453
467 -24.608896255493164 66.39282989501953
468 -24.691680908203125 66.22299194335938
469 -24.886001586914062 65.6644058227539
470 -25.005470275878906 65.20824432373047
471 -25.180498123168945 64.7890396118164
472 -25.47659683227539 64.49797821044922
473 -25.735063552856445 64.29937744140625
474 -26.136072158813477 64.12545776367188
475 -26.515811920166016 63.914276123046875
476 -26.726417541503906 63.80222702026367
477 -26.977760314941406 63.70550537109375
478 -27.33017349243164 63.667991638183594
479 -27.60550880432129 63.692134857177734
480 -27.81793785095215 63.73295211791992
481 -28.101490020751953 63.781612396240234
482 -43.06907272338867 65.36077117919922
483 -42.927520751953125 65.50501251220703
484 -42.83526611328125 65.60192108154297
485 -42.751434326171875 65.69764709472656
486 -42.63612365722656 66.00849914550781
487 -42.44150161743164 66.40799713134766
488 -42.280513763427734 66.82213592529297
489 -42.23331069946289 67.13259887695312
490 -42.315460205078125 67.56705474853516
491 -42.4896354675293 67.9737548828125
492 -42.60647964477539 68.1309585571289
493 -42.77855682373047 68.33757781982422
494 -42.8777961730957 68.59720611572266
495 -42.958248138427734 68.8696517944336
496 -42.97962188720703 69.0759506225586
497 -42.970577239990234 69.37752532958984
498 -42.959930419921875 69.65760040283203
499 -42.900970458984375 69.94307708740234
500 -42.90308380126953 70.06669616699219
501 -42.93144607543945 70.25006103515625
502 -43.11111831665039 70.59857940673828
503 -43.209049224853516 70.80624389648438
504 -43.411075592041016 71.04216766357422
505 -43.67048645019531 71.37979888916016
506 -43.8642692565918 71.70657348632812
507 -44.0253791809082 72.03984832763672
508 -44.214759826660156 72.2715835571289
509 -44.44876480102539 72.39825439453125
510 -44.8245735168457 72.55174255371094
511 -45.287994384765625 72.73130798339844
512 -45.596168518066406 72.79940032958984
513 -45.768836975097656 72.83395385742188
514 -46.06090545654297 72.87437438964844
515 -46.41947937011719 73.02507781982422
516 -46.950843811035156 73.33036804199219
517 -47.26716232299805 73.50753784179688
518 -47.70951461791992 73.71073913574219
519 -47.92436981201172 73.88357543945312
520 -48.001251220703125 73.97954559326172
521 -48.135498046875 74.19922637939453
522 -48.22073745727539 74.37074279785156
523 -48.342323303222656 74.70012664794922
524 -48.53165054321289 75.22782897949219
525 -48.69549560546875 75.49758911132812
526 -49.0004768371582 75.97867584228516
527 -49.288352966308594 76.38432312011719
528 -49.373924255371094 76.60062408447266
529 -49.49070358276367 76.85803985595703
530 -49.60170364379883 77.11267852783203
531 -49.690921783447266 77.31206512451172
532 -49.78375244140625 77.61405181884766
533 -49.828487396240234 77.9257583618164
534 -49.65382766723633 78.12664794921875
535 -49.58799743652344 78.2282943725586
536 -49.431514739990234 78.4952163696289
537 -49.262142181396484 78.80252838134766
538 -49.213871002197266 79.11276245117188
539 -49.13714599609375 79.47931671142578
540 -49.028961181640625 79.74821472167969
541 -48.92782974243164 80.0358657836914
542 -48.85712814331055 80.33623504638672
543 -48.781959533691406 80.81471252441406
544 -48.73893356323242 80.96971893310547
545 -48.544334411621094 80.97069549560547
546 -47.916099548339844 80.68919372558594
547 -47.570640563964844 80.63204956054688
548 -47.25001907348633 80.59050750732422
549 -46.98786926269531 80.55997467041016
550 -46.84172058105469 80.47200775146484
551 -46.70899200439453 80.38948059082031
552 -46.436092376708984 80.1279296875
553 -46.1007194519043 79.85104370117188
554 -45.78199005126953 79.71385955810547
555 -45.556941986083984 79.7582778930664
556 -45.39646911621094 79.97725677490234
557 -45.10762023925781 80.4297866821289
558 -44.85707092285156 80.76760864257812
559 -44.752899169921875 81.18740844726562
560 -44.69221878051758 81.26344299316406
561 -44.61363220214844 81.30485534667969
562 -44.346649169921875 81.44682312011719
563 -43.70438003540039 81.53434753417969
564 -43.378421783447266 81.61444091796875
565 -42.79835510253906 81.62806701660156
566 -42.597259521484375 81.51087188720703
567 -42.54338455200195 81.2625961303711
568 -42.73247146606445 80.85025024414062
569 -42.84737014770508 80.45161437988281
570 -42.82553482055664 80.1431884765625
571 -42.749454498291016 80.02568054199219
572 -42.65945053100586 79.9631118774414
573 -42.433475494384766 79.79170227050781
574 -34.019622802734375 73.98477935791016
575 -33.795997619628906 73.94602966308594
576 -33.60853958129883 73.93954467773438
577 -33.22966384887695 73.96148681640625
578 -32.97233581542969 73.9369125366211
579 -32.71199035644531 73.85318756103516
580 -32.50176239013672 73.78536224365234
581 -32.27048110961914 73.75082397460938
582 -31.923734664916992 73.6490249633789
583 -31.584796905517578 73.48681640625
584 -31.33753776550293 73.39079284667969
585 -31.22853660583496 73.21345520019531
586 -31.02151107788086 72.80473327636719
587 -30.928579330444336 72.525634765625
588 -30.91994857788086 72.39215087890625
589 -30.999618530273438 72.1352767944336
590 -31.146339416503906 71.65508270263672
591 -31.32231330871582 71.26573181152344
592 -31.502573013305664 70.99581909179688
593 -31.663095474243164 70.77959442138672
594 -31.939678192138672 70.55074310302734
595 -32.16569519042969 70.21835327148438
596 -32.33112716674805 69.94676208496094
597 -32.28275680541992 69.68400573730469
598 -32.0927848815918 69.26426696777344
599 -31.792213439941406 68.9644775390625
600 -31.63376808166504 68.73136901855469
601 -31.453710556030273 68.46990203857422
602 -31.222293853759766 68.30514526367188
603 -30.939163208007812 68.19430541992188
604 -30.71005630493164 68.17707061767578
605 -30.4642391204834 68.2379150390625
606 -30.122833251953125 68.296142578125
607 -29.878843307495117 68.37113189697266
608 -29.716266632080078 68.46004486083984
609 -29.220300674438477 68.93648529052734
610 -28.982023239135742 69.12971496582031
611 -28.64725112915039 69.16532897949219
612 -28.297239303588867 68.99630737304688
613 -28.04570960998535 68.84612274169922
614 -27.784156799316406 68.46849822998047
615 -27.693756103515625 68.18620300292969
616 -27.566322326660156 67.80815124511719
617 -27.443866729736328 67.43208312988281
618 -27.405925750732422 67.25730895996094
619 -27.37066650390625 67.06145477294922
620 -27.322572708129883 66.58507537841797
621 -26.657764434814453 61.85677719116211
622 -26.696523666381836 61.50315856933594
623 -26.731122970581055 61.208763122558594
624 -26.743820190429688 60.922420501708984
625 -26.66349983215332 60.57882308959961
626 -26.60011100769043 60.32218933105469
627 -26.27738380432129 59.7657356262207
628 -26.089384078979492 59.50270080566406
629 -25.931535720825195 59.363224029541016
630 -25.775089263916016 59.252559661865234
631 -25.575780868530273 59.11509323120117
632 -25.201614379882812 59.037776947021484
633 -24.74997329711914 59.055877685546875
634 -24.51491928100586 59.11477279663086
635 -24.270641326904297 59.258731842041016
636 -23.9123592376709 59.44232940673828
637 -23.531991958618164 59.4814567565918
638 -23.211668014526367 59.44234848022461
639 -23.030960083007812 59.38784408569336
640 -22.454015731811523 59.12830352783203
641 -21.879690170288086 58.835262298583984
642 -21.625551223754883 58.71136474609375
643 -21.411314010620117 58.60122299194336
644 -21.143169403076172 58.367530822753906
645 -20.861989974975586 58.144100189208984
646 -20.74297332763672 58.0412712097168
647 -20.592683792114258 57.9268913269043
648 -20.360469818115234 57.814022064208984
649 -19.881013870239258 57.60102462768555
650 -19.439289093017578 57.55596160888672
651 -19.294870376586914 57.6404914855957
652 -19.16565704345703 57.851661682128906
653 -13.639657974243164 61.67863845825195
654 -13.418651580810547 61.715450286865234
655 -13.205787658691406 61.69480514526367
656 -12.827714920043945 61.66272735595703
657 -12.556781768798828 61.579288482666016
658 -12.238627433776855 61.55194091796875
659 -11.81914234161377 61.59508514404297
660 -11.309814453125 61.83340072631836
661 -11.087113380432129 62.10526657104492
662 -10.976061820983887 62.2484245300293
663 -10.944374084472656 62.506126403808594
664 -10.932388305664062 62.862335205078125
665 -10.905402183532715 63.196746826171875
666 -10.846918106079102 63.440330505371094
667 -10.821699142456055 63.71453857421875
668 -10.834701538085938 64.02059173583984
669 -10.903013229370117 64.75682830810547
670 -10.942337989807129 65.00570678710938
671 -11.093191146850586 65.40753173828125
672 -11.316264152526855 65.74957275390625
673 -11.445343017578125 66.00344848632812
674 -11.611924171447754 66.24898529052734
675 -11.969717979431152 66.60105895996094
676 -12.202582359313965 66.72565460205078
677 -12.424114227294922 66.86851501464844
678 -12.616436958312988 67.13260650634766
679 -12.866547584533691 67.53966522216797
680 -12.939799308776855 67.78684997558594
681 -12.781745910644531 68.06089782714844
682 -12.339404106140137 68.41057586669922
683 -11.834405899047852 68.66366577148438
684 -11.413984298706055 68.8046646118164
685 -11.200634956359863 68.82987976074219
686 -11.090479850769043 68.78338623046875
687 -10.85599422454834 68.67040252685547
688 -10.593108177185059 68.3773193359375
689 -10.364058494567871 68.22261810302734
690 -9.979452133178711 67.87098693847656
691 -9.679056167602539 67.7419662475586
692 -9.51025104522705 67.7552490234375
693 -9.29768180847168 67.90818786621094
694 -8.991337776184082 68.20330810546875
695 -8.659022331237793 68.41572570800781
696 -8.33751106262207 68.64373016357422
697 -8.096550941467285 68.8668212890625
698 -7.819601535797119 69.0511474609375
699 -7.54410982131958 69.3340835571289
700 -7.367161750793457 69.57359313964844
701 -7.156433582305908 69.74039459228516
702 -6.863770008087158 69.89751434326172
703 -6.722818851470947 69.95856475830078
704 -6.5393452644348145 70.07560729980469
705 -6.349462509155273 70.17863464355469
706 -6.107349395751953 70.38721466064453
707 -5.736736297607422 70.61766052246094
708 -5.494229316711426 70.8892822265625
709 -5.5247721672058105 71.09931945800781
710 -5.698165416717529 71.39065551757812
711 -5.8347392082214355 71.67750549316406
712 -6.005284786224365 71.85498046875
713 -6.3367815017700195 72.25293731689453
714 -6.67250394821167 72.3990478515625
715 -7.084064960479736 72.424560546875
716 -7.398207664489746 72.4658203125
717 -7.8633928298950195 72.58726501464844
718 -8.13415241241455 72.63391876220703
719 -8.458916664123535 72.74272918701172
720 -8.664053916931152 72.76710510253906
721 -8.744916915893555 72.62327575683594
722 -8.997445106506348 72.4726333618164
723 -9.405097961425781 72.31466674804688
724 -9.660699844360352 72.26811218261719
725 -9.792055130004883 72.21011352539062
726 -9.895590782165527 72.17170715332031
727 -10.32780647277832 72.0313720703125
728 -10.846311569213867 71.86123657226562
729 -11.057387351989746 71.80077362060547
730 -11.42063045501709 71.81575012207031
731 -11.672425270080566 71.81200408935547
732 -11.976420402526855 71.78363037109375
733 -12.19016170501709 71.88507843017578
734 -12.620339393615723 72.09840393066406
735 -12.7105712890625 72.41471862792969
736 -12.759587287902832 72.6146240234375
737 -12.655058860778809 72.92137908935547
738 -12.397908210754395 73.24861145019531
739 -12.1377592086792 73.66075897216797
740 -11.954596519470215 73.9189682006836
741 -11.82282543182373 74.11947631835938
742 -11.660597801208496 74.45310974121094
743 -11.581766128540039 74.74396514892578
744 -11.60346508026123 74.97591400146484
745 -11.627663612365723 75.13607788085938
746 -11.495455741882324 75.4522705078125
747 -11.34738540649414 75.65442657470703
748 -11.08681583404541 75.78685760498047
749 -10.739245414733887 75.93993377685547
750 -10.51661205291748 75.99114227294922
751 -10.172101020812988 76.13592529296875
752 -9.63685417175293 76.35134887695312
753 -9.166534423828125 76.51026916503906
754 -8.868546485900879 76.62429809570312
755 -8.584446907043457 76.59484100341797
756 -7.937361717224121 76.18287658691406
757 -7.73844051361084 76.09476470947266
758 -7.248012065887451 76.08845520019531
759 -6.985629081726074 76.1966781616211
760 -6.8468217849731445 76.26090240478516
761 -6.802973747253418 76.5167236328125
762 -6.6089582443237305 77.20909118652344
763 -6.479006290435791 77.54166412353516
764 -6.24191427230835 77.78495788574219
765 -5.88385009765625 78.02689361572266
766 -5.427407741546631 78.35298156738281
767 -5.228052616119385 78.64171600341797
768 -5.302964687347412 79.07005310058594
769 -5.375968933105469 79.30247497558594
770 -5.536289691925049 79.45127868652344
771 -6.025127410888672 79.7122573852539
772 -6.605038166046143 79.96443939208984
773 -6.746243953704834 80.03431701660156
774 -6.934415340423584 80.1700668334961
775 -7.2273359298706055 80.57210540771484
776 -7.376813888549805 80.98980712890625
777 -7.665461540222168 81.37483978271484
778 -7.75845193862915 81.46810913085938
779 -7.964299201965332 81.41849517822266
780 -8.262988090515137 81.21636962890625
781 -8.690278053283691 80.85343933105469
782 -9.098481178283691 80.68656158447266
783 -9.309135437011719 80.6854476928711
784 -9.494627952575684 80.68608856201172
785 -9.847938537597656 80.72492218017578
786 -10.361875534057617 80.95529174804688
787 -10.54633903503418 80.96424102783203
788 -10.799590110778809 80.89006042480469
789 -11.197488784790039 80.57049560546875
790 -11.569913864135742 80.2523193359375
791 -11.801700592041016 80.11554718017578
792 -11.975581169128418 80.00594329833984
793 -12.093327522277832 79.9476547241211
794 -12.365419387817383 79.86150360107422
795 -12.65677547454834 79.77527618408203
796 -12.98476791381836 79.70439147949219
797 -13.337648391723633 79.61353302001953
798 -13.796598434448242 79.4502944946289
799 -13.988261222839355 79.39838409423828
800 -14.139104843139648 79.61087799072266
801 -14.321434020996094 80.01509094238281
802 -14.530088424682617 80.36201477050781
803 -14.611790657043457 80.4768295288086
804 -14.885578155517578 80.7661361694336
805 -15.189830780029297 81.08662414550781
806 -15.486457824707031 81.48538208007812
807 -15.766118049621582 81.74003601074219
808 -15.981925964355469 81.9319076538086
809 -16.207225799560547 82.07994842529297
810 -16.53646469116211 82.13914489746094
811 -16.9178524017334 82.10404968261719
812 -17.18413734436035 82.05072021484375
813 -17.57019805908203 82.04171752929688
814 -18.06644630432129 82.04554748535156
815 -18.221214294433594 82.0819320678711
816 -18.557344436645508 82.34062194824219
817 -18.808773040771484 82.59223175048828
818 -18.819812774658203 82.82456970214844
819 -18.696361541748047 83.10128021240234
820 -18.46166229248047 83.40869140625
821 -18.259504318237305 83.60501861572266
822 -18.055871963500977 83.83892822265625
823 -17.870975494384766 84.1423110961914
824 -17.770809173583984 84.49888610839844
825 -17.741323471069336 84.98319244384766
826 -17.812152862548828 85.30339813232422
827 -17.974449157714844 85.59687805175781
828 -18.21979331970215 85.99635314941406
829 -18.40162467956543 86.2474365234375
830 -18.631067276000977 86.60601806640625
831 -18.751455307006836 86.87960052490234
832 -18.803943634033203 87.1944351196289
833 -18.837383270263672 87.59801483154297
834 -18.80780029296875 87.89900207519531
835 -18.722524642944336 88.31458282470703
836 -18.684816360473633 88.66424560546875
837 -18.585311889648438 88.99227142333984
838 -18.474964141845703 89.2430419921875
839 -18.353017807006836 89.5826187133789
840 -18.141843795776367 89.99652099609375
841 -17.98366928100586 90.30496978759766
842 -17.892475128173828 90.4315185546875
843 -17.745576858520508 90.5286636352539
844 -17.498775482177734 90.52949523925781
845 -16.998830795288086 90.60201263427734
846 -16.659236907958984 90.70986938476562
847 -16.4216365814209 90.734619140625
848 -16.057525634765625 90.6937484741211
849 -15.744564056396484 90.58397674560547
850 -15.546542167663574 90.4451904296875
851 -15.393000602722168 90.37077331542969
852 -15.0104398727417 89.94364166259766
853 -14.81737232208252 89.68387603759766
854 -14.711516380310059 89.48686218261719
855 -14.58474063873291 89.18843841552734
856 -14.53558349609375 89.03945922851562
857 -14.334822654724121 88.70887756347656
858 -14.127809524536133 88.36742401123047
859 -13.980827331542969 87.99040985107422
860 -13.794921875 87.57679748535156
861 -13.644841194152832 87.28990936279297
862 -13.333044052124023 86.7937240600586
863 -13.207107543945312 86.6113052368164
864 -13.011728286743164 86.32954406738281
865 -12.780797004699707 85.82649993896484
866 -12.791604995727539 85.5186538696289
867 -12.88473892211914 85.14183044433594
868 -12.99251651763916 84.81248474121094
869 -13.06835651397705 84.49288940429688
870 -13.134642601013184 84.23285675048828
871 -13.210862159729004 83.99315643310547
872 -18.13357925415039 78.87816619873047
873 -18.168235778808594 78.78975677490234
874 -18.115644454956055 78.71055603027344
875 -17.91806983947754 78.53056335449219
876 -17.301307678222656 78.2629165649414
877 -16.62456512451172 77.8900375366211
878 -16.46930694580078 77.66357421875
879 -16.194557189941406 77.4425277709961
880 -15.817599296569824 77.18753814697266
881 -15.651281356811523 77.00518035888672
882 -15.61298656463623 76.6691665649414
883 -15.559314727783203 76.32002258300781
884 -15.589303016662598 75.75785827636719
885 -15.675830841064453 75.45928192138672
886 -15.824563980102539 75.34938049316406
887 -16.176666259765625 75.31502532958984
888 -16.723979949951172 75.38056182861328
889 -17.53911781311035 75.22856140136719
890 -17.667932510375977 75.21056365966797
891 -17.71922492980957 75.26329040527344
892 -18.026256561279297 75.38211059570312
893 -18.286596298217773 75.28314208984375
894 -18.53304672241211 75.14254760742188
895 -19.193655014038086 74.66590881347656
896 -19.456371307373047 74.47095489501953
897 -19.65163230895996 74.44705200195312
898 -20.154541015625 74.60096740722656
899 -20.43356704711914 74.71662902832031
900 -20.67803382873535 74.78683471679688
901 -20.96030616760254 74.7931900024414
902 -21.145458221435547 74.77251434326172
903 -28.304719924926758 76.05398559570312
904 -28.664688110351562 76.09496307373047
905 -28.972320556640625 76.06532287597656
906 -29.262035369873047 76.06021118164062
907 -29.57293128967285 76.12593078613281
908 -29.90261459350586 76.24625396728516
909 -30.20404624938965 76.2705307006836
910 -30.363203048706055 76.35833740234375
911 -30.46170425415039 76.59516143798828
912 -30.783329010009766 77.10277557373047
913 -30.954700469970703 77.37617492675781
914 -31.009397506713867 77.5220947265625
915 -31.24301528930664 77.63414001464844
916 -31.63697052001953 77.703857421875
917 -32.17833709716797 77.83955383300781
918 -32.512916564941406 77.87652587890625
919 -32.728668212890625 77.81758117675781
920 -32.97553634643555 77.63580322265625
921 -33.37594985961914 77.26801300048828
922 -33.69478225708008 76.98563385009766
923 -33.906639099121094 76.81111145019531
924 -34.376224517822266 76.5050277709961
925 -34.68230438232422 76.24990844726562
926 -35.0072135925293 75.94690704345703
927 -35.60150146484375 75.39582824707031
928 -35.88215255737305 75.1211929321289
929 -36.03103256225586 75.00440979003906
930 -36.176265716552734 74.92809295654297
931 -36.411773681640625 74.85556030273438
932 -50.27291488647461 68.72721099853516
933 -50.45596694946289 68.74012756347656
934 -50.759056091308594 68.69420623779297
935 -51.06849670410156 68.60661315917969
936 -51.341060638427734 68.5442123413086
937 -51.52420425415039 68.48120880126953
938 -51.68997573852539 68.4180908203125
939 -51.92180633544922 68.39990234375
940 -52.20557403564453 68.22114562988281
941 -52.51169204711914 68.06029510498047
942 -52.73304748535156 67.79757690429688
943 -52.89448547363281 67.41068267822266
944 -52.91844177246094 67.1620864868164
945 -52.94422149658203 66.90410614013672
946 -52.97654724121094 66.75838470458984
947 -53.21150588989258 66.35201263427734
948 -53.27031326293945 66.17999267578125
949 -53.39714050292969 65.54253387451172
950 -53.48863220214844 65.21824645996094
951 -53.646934509277344 64.77490997314453
952 -53.785648345947266 64.50745391845703
953 -53.88456726074219 64.24873352050781
954 -54.01286697387695 63.805397033691406
955 -54.138648986816406 63.39897537231445
956 -54.11579513549805 63.27196502685547
957 -54.00581741333008 63.153282165527344
958 -53.756736755371094 63.0908203125
959 -53.3934326171875 63.0406608581543
960 -52.893375396728516 62.79689407348633
961 -52.3585319519043 62.95494842529297
962 -51.697322845458984 63.15863800048828
963 -51.51301956176758 63.185794830322266
964 -51.37702178955078 63.226776123046875
965 -51.15866470336914 63.36520767211914
966 -50.878719329833984 63.499908447265625
967 -50.62529373168945 63.65708923339844
968 -50.317176818847656 63.78480911254883
969 -50.313232421875 63.89189529418945
970 -50.12312698364258 64.22708129882812
971 -50.03124237060547 64.43289184570312
972 -49.999061584472656 64.73287963867188
973 -49.67747116088867 64.7031478881836
974 -49.05314636230469 64.52616882324219
975 -48.43821716308594 64.49756622314453
976 -48.287288665771484 64.52925109863281
977 -48.21257400512695 64.55751037597656
978 -47.96299743652344 64.623046875
979 -47.72719192504883 64.58504486083984
980 -47.56456756591797 64.5853042602539
981 -47.43561553955078 64.43770599365234
982 -47.173641204833984 64.22740173339844
983 -46.8314208984375 64.04188537597656
984 -46.42375183105469 63.673397064208984
985 -46.3072509765625 63.3801155090332
986 -46.296844482421875 62.899330139160156
987 -46.391578674316406 62.55262756347656
988 -46.707672119140625 62.3944091796875
989 -46.84047317504883 62.31531524658203
990 -46.97346115112305 62.20114517211914
991 -47.23479080200195 61.96979904174805
992 -47.47303009033203 61.82472229003906
993 -47.59191131591797 61.65459060668945
994 -47.68831253051758 61.476806640625
995 -47.82299041748047 61.12281036376953
996 -47.87312316894531 60.893898010253906
997 -47.90046691894531 60.63002395629883
998 -47.93609619140625 60.53213119506836
999 -47.96016311645508 60.47346878051758
