0 -48.23908996582031 18.752256393432617
1 -48.34567642211914 18.709270477294922
2 -48.518009185791016 18.62628936767578
3 -48.743186950683594 18.46982192993164
4 -48.95637893676758 18.35017967224121
5 -49.237754821777344 18.115205764770508
6 -49.38239669799805 17.843812942504883
7 -49.47500228881836 17.61991310119629
8 -49.60532760620117 17.483970642089844
9 -49.709468841552734 17.33587074279785
10 -49.75999069213867 17.051748275756836
11 -49.85013961791992 16.218303680419922
12 -49.78811264038086 15.704099655151367
13 -49.62884521484375 15.449898719787598
14 -49.31036376953125 15.432881355285645
15 -48.68266677856445 15.661077499389648
16 -48.46862030029297 15.776625633239746
17 -48.3430290222168 15.880157470703125
18 -48.23753356933594 15.990333557128906
19 -23.91950798034668 28.342073440551758
20 -24.002500534057617 28.440034866333008
21 -24.113447189331055 28.573766708374023
22 -24.295976638793945 28.732881546020508
23 -24.697093963623047 28.99242401123047
24 -24.953182220458984 29.167665481567383
25 -25.231122970581055 29.399290084838867
26 -25.533374786376953 29.74749183654785
27 -25.723880767822266 29.972461700439453
28 -25.891416549682617 30.11128044128418
29 -26.111698150634766 30.045578002929688
30 -26.505109786987305 29.909875869750977
31 -26.705873489379883 29.910654067993164
32 -27.25562858581543 29.939990997314453
33 -27.45345115661621 29.9134578704834
34 -27.64366912841797 29.75860595703125
35 -27.833824157714844 29.648130416870117
36 -28.158828735351562 29.36980628967285
37 -28.635976791381836 29.105867385864258
38 -28.68998146057129 28.9665584564209
39 -28.7698974609375 28.534391403198242
40 -28.799274444580078 28.17887306213379
41 -28.838878631591797 27.942842483520508
42 -28.760692596435547 27.726871490478516
43 -28.624313354492188 27.372447967529297
44 -28.511564254760742 27.11333656311035
45 -28.337772369384766 26.846927642822266
46 -28.129610061645508 26.294797897338867
47 -28.068544387817383 26.08222770690918
48 -28.039199829101562 25.827926635742188
49 -28.032445907592773 25.485952377319336
50 -28.06246566772461 25.264646530151367
51 -28.086912155151367 24.998048782348633
52 -28.054946899414062 24.657615661621094
53 -28.028493881225586 24.47970199584961
54 -28.26011085510254 24.280227661132812
55 -28.595426559448242 23.971948623657227
56 -28.7537784576416 23.788360595703125
57 -28.912765502929688 23.674047470092773
58 -29.166086196899414 23.571441650390625
59 -29.485897064208984 23.457914352416992
60 -29.7322998046875 23.250226974487305
61 -30.053455352783203 22.786216735839844
62 -30.249004364013672 22.488121032714844
63 -30.472583770751953 22.31504249572754
64 -30.723825454711914 22.209850311279297
65 -30.9813175201416 22.27153968811035
66 -31.387739181518555 22.424724578857422
67 -31.813444137573242 22.638513565063477
68 -32.00166320800781 22.859302520751953
69 -32.14784622192383 23.094701766967773
70 -32.24699401855469 23.405712127685547
71 -32.27162170410156 23.762746810913086
72 -32.361148834228516 24.181901931762695
73 -32.38594055175781 24.510700225830078
74 -32.42534255981445 24.922618865966797
75 -32.476078033447266 25.183185577392578
76 -32.47505569458008 25.475475311279297
77 -32.41654968261719 25.910316467285156
78 -32.359039306640625 26.12165069580078
79 -32.44926071166992 26.30508041381836
80 -32.74446487426758 26.8106746673584
81 -32.90647888183594 27.122844696044922
82 -33.0292854309082 27.44182014465332
83 -33.08837127685547 27.62542724609375
84 -33.264122009277344 27.91555404663086
85 -33.73198699951172 28.798133850097656
86 -33.86412811279297 28.916112899780273
87 -34.023658752441406 29.109451293945312
88 -34.18965530395508 29.263458251953125
89 -44.15603256225586 31.779199600219727
90 -44.39431381225586 31.88739585876465
91 -44.76262664794922 32.082515716552734
92 -45.12776565551758 32.30292510986328
93 -45.549617767333984 32.44215393066406
94 -46.11960983276367 32.453758239746094
95 -46.32978820800781 32.35029983520508
96 -46.49837112426758 32.151832580566406
97 -46.657867431640625 31.9179744720459
98 -46.73476791381836 31.733173370361328
99 -46.97125244140625 31.143136978149414
100 -47.072044372558594 30.88336181640625
101 -47.08112335205078 30.550954818725586
102 -47.17317199707031 30.155786514282227
103 -47.311668395996094 29.907873153686523
104 -47.42647933959961 29.735179901123047
105 -47.6104850769043 29.71385383605957
106 -48.170127868652344 29.85676383972168
107 -48.72189712524414 29.901628494262695
108 -49.005096435546875 29.997528076171875
109 -49.30882263183594 30.13166618347168
110 -49.55129623413086 30.222822189331055
111 -49.86811065673828 30.365869522094727
112 -50.28611373901367 30.761598587036133
113 -50.34856033325195 30.97335433959961
114 -50.28277587890625 31.288599014282227
115 -50.107177734375 31.67559242248535
116 -49.937828063964844 31.929452896118164
117 -49.58831787109375 32.290340423583984
118 -49.36712646484375 32.513519287109375
119 -49.12200927734375 32.71150588989258
120 -48.935272216796875 32.91654968261719
121 -48.86057662963867 33.040611267089844
122 -48.754974365234375 33.24006652832031
123 -48.2711067199707 39.1341438293457
124 -48.274417877197266 39.43004608154297
125 -48.29042053222656 39.909584045410156
126 -48.35390853881836 40.237083435058594
127 -48.4676628112793 40.532474517822266
128 -48.646278381347656 40.781864166259766
129 -48.84035110473633 41.082763671875
130 -48.960147857666016 41.2720832824707
131 -48.979129791259766 41.521385192871094
132 -48.8492317199707 42.01808547973633
133 -48.80891418457031 42.130523681640625
134 -48.759315490722656 42.29169845581055
135 -41.903968811035156 46.49736404418945
136 -41.617862701416016 46.70342254638672
137 -41.32847213745117 46.87782669067383
138 -41.07329177856445 47.04640197753906
139 -40.8690071105957 47.1391487121582
140 -40.62873840332031 47.28287124633789
141 -40.16853332519531 47.50715255737305
142 -39.76625061035156 47.66376876831055
143 -39.60335922241211 47.69934844970703
144 -39.34532928466797 47.64493942260742
145 -39.12110900878906 47.5599479675293
146 -38.78910827636719 47.10262680053711
147 -38.591392517089844 46.918304443359375
148 -38.444644927978516 46.832000732421875
149 -38.38618087768555 46.72800064086914
150 -30.488155364990234 33.932613372802734
151 -30.36612892150879 33.72222137451172
152 -30.182262420654297 33.34385299682617
153 -30.086057662963867 33.10409164428711
154 -30.100460052490234 32.82821273803711
155 -30.20980453491211 32.559696197509766
156 -30.4284610748291 32.25798034667969
157 -31.103639602661133 31.571598052978516
158 -31.301977157592773 31.401033401489258
159 -31.580028533935547 31.351329803466797
160 -32.04354476928711 31.33346176147461
161 -32.39295196533203 31.34217643737793
162 -32.77353286743164 31.414426803588867
163 -33.212703704833984 31.568082809448242
164 -33.398109436035156 31.631858825683594
165 -49.13239288330078 44.12907028198242
166 -49.34975051879883 44.3640022277832
167 -49.49919509887695 44.526485443115234
168 -49.54914093017578 44.599552154541016
169 -49.66036605834961 44.79146957397461
170 -49.887413024902344 45.12406539916992
171 -50.15283966064453 45.63978958129883
172 -50.21995162963867 45.90387725830078
173 -50.126060485839844 46.08300018310547
174 -49.99321365356445 46.27345275878906
175 -49.98431396484375 46.51676559448242
176 -50.03901672363281 46.52736282348633
177 -55.747047424316406 39.766197204589844
178 -55.88155746459961 39.67125701904297
179 -56.08073425292969 39.511573791503906
180 -56.428958892822266 39.17357635498047
181 -56.63309097290039 38.95100402832031
182 -56.91307067871094 38.63349533081055
183 -57.138031005859375 38.27913284301758
184 -57.22786331176758 38.01219940185547
185 -57.32368469238281 37.69571304321289
186 -57.51736831665039 37.3760986328125
187 -57.69795227050781 37.06132888793945
188 -57.82087326049805 36.711483001708984
189 -57.920413970947266 36.59175491333008
190 -58.61111831665039 35.98902130126953
191 -58.73239517211914 35.893917083740234
192 -59.009490966796875 35.65031051635742
193 -59.18485641479492 35.498748779296875
194 -59.32747268676758 35.34163284301758
195 -59.564048767089844 35.12004470825195
196 -59.921138763427734 34.82699966430664
197 -60.187931060791016 34.61442565917969
198 -65.31524658203125 29.954038619995117
199 -65.2916488647461 30.070589065551758
200 -65.26445770263672 30.154708862304688
201 -65.05049133300781 30.4625186920166
202 -64.80144500732422 30.85267448425293
203 -64.60697174072266 31.140857696533203
204 -64.48677062988281 31.491012573242188
205 -64.43046569824219 31.871807098388672
206 -64.31242370605469 32.183345794677734
207 -64.1570816040039 32.593204498291016
208 -64.01302337646484 33.00631332397461
209 -63.86374282836914 33.4504508972168
210 -63.78999328613281 33.693931579589844
211 -63.71619415283203 33.86676025390625
212 -63.569801330566406 34.10198974609375
213 -63.31739044189453 34.4920539855957
214 -62.981414794921875 35.07326889038086
215 -62.91993713378906 35.173858642578125
216 -62.694602966308594 35.61320114135742
217 -62.47677230834961 36.36237335205078
218 -62.403526306152344 36.65939712524414
219 -62.341712951660156 37.019962310791016
220 -62.322792053222656 37.266170501708984
221 -62.359317779541016 37.611122131347656
222 -62.42194747924805 37.92080307006836
223 -62.47502517700195 38.2862434387207
224 -62.45534896850586 38.597564697265625
225 -62.39508056640625 38.93986892700195
226 -62.322784423828125 39.20391845703125
227 -62.23298263549805 39.395668029785156
228 -62.129764556884766 39.57146072387695
229 -39.76594161987305 15.02398681640625
230 -39.714962005615234 14.782691955566406
231 -39.63987350463867 14.628268241882324
232 -39.691158294677734 14.37450885772705
233 -39.83405685424805 14.020102500915527
234 -40.040016174316406 13.297178268432617
235 -40.19252395629883 13.14084529876709
236 -40.35880661010742 13.109164237976074
237 -40.876136779785156 13.089218139648438
238 -41.220829010009766 12.991778373718262
239 -41.37389373779297 12.950461387634277
240 -41.78192901611328 12.9386568069458
241 -41.989437103271484 12.94627857208252
242 -42.35151290893555 12.994668960571289
243 -55.1689567565918 26.410919189453125
244 -55.14433288574219 26.523906707763672
245 -55.09264373779297 26.742238998413086
246 -54.896644592285156 27.4764404296875
247 -54.89994812011719 27.755950927734375
248 -54.95638656616211 28.021778106689453
249 -55.209800720214844 28.28666877746582
250 -55.46462631225586 28.48434066772461
251 -55.6716423034668 28.69359016418457
252 -55.86264419555664 28.897733688354492
253 -56.386680603027344 29.218852996826172
254 -56.591251373291016 29.335350036621094
255 -56.782508850097656 29.462383270263672
256 -57.0529670715332 29.707937240600586
257 -57.69074630737305 30.38941764831543
258 -57.96471405029297 30.700298309326172
259 -58.17769241333008 30.89539337158203
260 -58.408756256103516 31.04902458190918
261 -58.77082061767578 31.332963943481445
262 -58.97932434082031 31.474117279052734
263 -59.187408447265625 31.50057601928711
264 -59.42106628417969 31.51289939880371
265 -59.68098831176758 31.49883460998535
266 -59.88372802734375 31.42852020263672
267 -60.17548370361328 31.2163143157959
268 -60.383209228515625 31.02098274230957
269 -60.57868194580078 30.78706169128418
270 -60.7637939453125 30.51397132873535
271 -60.88093948364258 30.130273818969727
272 -60.938514709472656 29.75425910949707
273 -60.935333251953125 29.441925048828125
274 -60.87710189819336 29.109676361083984
275 -60.77759552001953 28.9740047454834
276 -60.54044723510742 28.685888290405273
277 -60.31952667236328 28.471031188964844
278 -59.87815856933594 28.153921127319336
279 -59.15314865112305 27.540807723999023
280 -58.99850082397461 27.316436767578125
281 -59.018798828125 27.133445739746094
282 -59.09696960449219 26.890344619750977
283 -59.35848617553711 26.673263549804688
284 -59.85538864135742 26.549121856689453
285 -60.24684524536133 26.574691772460938
286 -60.42211151123047 26.55730438232422
287 -60.70259475708008 26.634387969970703
288 -61.09880447387695 26.74784278869629
289 -61.51261520385742 26.821651458740234
290 -61.8829460144043 26.848308563232422
291 -62.418548583984375 26.836257934570312
292 -62.67880630493164 26.82830047607422
293 -62.84676742553711 26.699968338012695
294 -63.050025939941406 26.455698013305664
295 -63.032493591308594 26.140226364135742
296 -62.758201599121094 25.869478225708008
297 -62.427650451660156 25.575307846069336
298 -62.19788360595703 25.30770492553711
299 -61.91149139404297 25.05000877380371
300 -61.61539840698242 24.80442237854004
301 -61.114837646484375 24.5355167388916
302 -60.811954498291016 24.40581703186035
303 -60.473758697509766 24.335391998291016
304 -59.97099685668945 24.197124481201172
305 -59.6650505065918 24.13157844543457
306 -59.37260055541992 24.189437866210938
307 -58.88920593261719 24.41924285888672
308 -58.453224182128906 24.638839721679688
309 -58.28682327270508 24.694381713867188
310 -58.09598922729492 24.74789810180664
311 -57.88766860961914 24.76365089416504
312 -41.49546432495117 25.22646141052246
313 -41.23809814453125 25.23957633972168
314 -40.99979782104492 25.219362258911133
315 -40.73073196411133 25.073150634765625
316 -40.60697937011719 24.936948776245117
317 -40.51239013671875 24.805299758911133
318 -40.482791900634766 24.499658584594727
319 -40.445343017578125 24.183439254760742
320 -40.46290588378906 23.789485931396484
321 -40.50118637084961 23.403141021728516
322 -40.51673126220703 23.304826736450195
323 -40.651283264160156 23.161970138549805
324 -40.81304168701172 22.954862594604492
325 -41.16205978393555 22.30638885498047
326 -41.311859130859375 22.012269973754883
327 -41.42519760131836 21.79280662536621
328 -41.65419006347656 21.476722717285156
329 -51.347137451171875 13.319927215576172
330 -51.481868743896484 13.182413101196289
331 -51.892852783203125 12.69825553894043
332 -52.056758880615234 12.547192573547363
333 -52.14250183105469 12.368101119995117
334 -52.235496520996094 12.10840892791748
335 -52.3621940612793 11.808396339416504
336 -52.494956970214844 11.490385055541992
337 -52.526039123535156 11.278756141662598
338 -52.45697784423828 11.001009941101074
339 -52.362247467041016 10.734869003295898
340 -52.2237548828125 10.489920616149902
341 -52.111305236816406 10.254045486450195
342 -51.971282958984375 10.104105949401855
343 -51.64939880371094 9.899423599243164
344 -51.225032806396484 9.717623710632324
345 -51.02022171020508 9.67430591583252
346 -50.725067138671875 9.723382949829102
347 -43.62590408325195 33.77069091796875
348 -43.65778732299805 33.822757720947266
349 -43.633602142333984 33.95570373535156
350 -43.56171417236328 34.29563903808594
351 -43.39744567871094 34.62143325805664
352 -43.17756271362305 34.77347946166992
353 -42.621726989746094 35.161827087402344
354 -42.271934509277344 35.3984375
355 -42.11195755004883 35.56388854980469
356 -41.725868225097656 35.84226608276367
357 -41.276607513427734 36.13505935668945
358 -41.03559494018555 36.32801055908203
359 -40.81589126586914 36.55641555786133
360 -40.6959228515625 36.78846740722656
361 -40.64884948730469 36.907981872558594
362 -40.60187530517578 37.322021484375
363 -40.64303970336914 37.538719177246094
364 -40.7254638671875 37.83277130126953
365 -40.94997024536133 38.26845932006836
366 -41.09379196166992 38.42441177368164
367 -41.53974151611328 38.47800064086914
368 -41.959346771240234 38.23440933227539
369 -42.1991081237793 38.12422180175781
370 -42.418643951416016 38.031776428222656
371 -42.793067932128906 37.76823043823242
372 -42.952308654785156 37.66841506958008
373 -43.271385192871094 37.535247802734375
374 -43.47410583496094 37.4493522644043
375 -43.64629364013672 37.42878723144531
376 -43.908382415771484 37.413246154785156
377 -44.42382049560547 37.5499153137207
378 -44.729061126708984 37.70407485961914
379 -45.103675842285156 37.798580169677734
380 -45.54469680786133 37.888038635253906
381 -45.823944091796875 37.88053894042969
382 -46.0161018371582 37.83287048339844
383 -46.04084396362305 37.40907287597656
384 -46.097198486328125 36.895973205566406
385 -46.185333251953125 36.365936279296875
386 -46.2863883972168 36.19636154174805
387 -46.55531311035156 35.99502944946289
388 -46.74462890625 35.845619201660156
389 -46.9107780456543 35.82716369628906
390 -47.40964126586914 35.86018753051758
391 -48.04423522949219 35.93777084350586
392 -48.44224166870117 36.0007209777832
393 -48.833282470703125 36.10374069213867
394 -49.28271484375 36.284881591796875
395 -49.45335388183594 36.40320587158203
396 -49.51240539550781 36.542755126953125
397 -49.44686508178711 36.73826217651367
398 -49.323604583740234 36.998382568359375
399 -32.179840087890625 36.734962463378906
400 -31.98904037475586 36.6991081237793
401 -31.810874938964844 36.71246337890625
402 -31.443201065063477 36.72616195678711
403 -31.15741729736328 36.82970428466797
404 -30.914596557617188 36.984439849853516
405 -30.775129318237305 37.14766311645508
406 -30.60349464416504 37.50334930419922
407 -30.4299373626709 37.86380386352539
408 -30.350744247436523 38.1293830871582
409 -30.295696258544922 38.39746856689453
410 -30.20725440979004 38.70805358886719
411 -30.08150863647461 39.03181076049805
412 -29.79528045654297 39.383426666259766
413 -29.572179794311523 39.63484573364258
414 -29.209278106689453 39.922828674316406
415 -28.98455810546875 40.10844421386719
416 -28.884960174560547 40.33979797363281
417 -28.754467010498047 40.701263427734375
418 -28.74458885192871 40.84267807006836
419 -28.8217830657959 41.02939224243164
420 -29.25514793395996 41.43970489501953
421 -29.382944107055664 41.50421905517578
422 -29.618568420410156 41.70743179321289
423 -29.74454689025879 41.8933219909668
424 -29.945446014404297 42.18866729736328
425 -30.155717849731445 42.54121017456055
426 -30.401018142700195 42.96293640136719
427 -30.51751708984375 43.12346649169922
428 -30.648000717163086 43.331687927246094
429 -30.772451400756836 43.533363342285156
430 -46.77992248535156 52.12702178955078
431 -46.962284088134766 52.1182975769043
432 -47.274436950683594 51.95668029785156
433 -47.443729400634766 51.83418273925781
434 -47.72846221923828 51.5567626953125
435 -47.99552917480469 51.197322845458984
436 -48.138404846191406 50.95756530761719
437 -48.3637809753418 50.678321838378906
438 -48.45620346069336 50.5595817565918
439 -48.36395263671875 50.23404312133789
440 -48.22585678100586 49.909217834472656
441 -48.11991882324219 49.593849182128906
442 -48.01335906982422 49.350364685058594
443 -47.775245666503906 49.04066467285156
444 -47.384071350097656 48.66830825805664
445 -47.22821044921875 48.57220458984375
446 -47.072837829589844 48.514888763427734
447 -46.76054000854492 48.55147171020508
448 -46.377193450927734 48.58339309692383
449 -45.799774169921875 48.69984436035156
450 -45.4188117980957 48.70686721801758
451 -45.11802673339844 48.61213684082031
452 -44.86836242675781 48.252349853515625
453 -44.6383056640625 47.938743591308594
454 -44.511802673339844 47.70845413208008
455 -44.460514068603516 47.4693717956543
456 -44.28853988647461 47.09280776977539
457 -44.17902755737305 46.66685485839844
458 -44.38812255859375 46.43153762817383
459 -44.8094482421875 46.32249450683594
460 -45.140018463134766 46.28903579711914
461 -45.44197463989258 46.3668212890625
462 -45.874019622802734 46.42225646972656
463 -45.98640823364258 46.37028121948242
464 -46.055381774902344 46.062374114990234
465 -46.103233337402344 45.71329116821289
466 -46.09115219116211 45.473243713378906
467 -46.05313491821289 45.27581024169922
468 -45.99387741088867 45.037132263183594
469 -45.74302291870117 44.699745178222656
470 -45.40943908691406 44.49006652832031
471 -45.33793640136719 44.35590744018555
472 -45.4072265625 44.111351013183594
473 -45.60474395751953 43.720611572265625
474 -45.73210144042969 43.44963836669922
475 -45.84777069091797 43.01034927368164
476 -45.875343322753906 42.73130416870117
477 -45.82233810424805 42.07437515258789
478 -45.65865707397461 41.62947463989258
479 -45.55644607543945 41.46260070800781
480 -45.273406982421875 41.24541091918945
481 -45.00508117675781 41.078895568847656
482 -44.642608642578125 40.93922424316406
483 -44.34294891357422 40.92880630493164
484 -43.9278678894043 41.022193908691406
485 -43.6273307800293 41.11709213256836
486 -43.30815124511719 41.255733489990234
487 -43.04306411743164 41.37465286254883
488 -42.68222427368164 41.65464782714844
489 -42.492767333984375 41.80425262451172
490 -42.33037567138672 41.928348541259766
491 -42.32465744018555 42.29856872558594
492 -42.24223709106445 42.71714401245117
493 -42.19088363647461 43.020259857177734
494 -42.112152099609375 43.215579986572266
495 -41.87589645385742 43.430728912353516
496 -41.69682312011719 43.600868225097656
497 -41.16105270385742 43.92970657348633
498 -40.537235260009766 44.16762161254883
499 -40.34465026855469 44.202144622802734
500 -40.118064880371094 44.23053741455078
501 -39.941383361816406 44.24533462524414
502 -39.74872970581055 44.249542236328125
503 -39.28828430175781 44.20026397705078
504 -38.97945022583008 44.1816291809082
505 -38.86893081665039 43.94057846069336
506 -38.6446533203125 43.62142562866211
507 -38.45928192138672 43.340118408203125
508 -38.36088943481445 43.097694396972656
509 -38.1945915222168 42.87068557739258
510 -38.09440994262695 42.70382308959961
511 -38.117645263671875 42.56881332397461
512 -38.09522247314453 42.09169387817383
513 -38.093345642089844 41.86979675292969
514 -38.000125885009766 41.47965621948242
515 -37.88107681274414 41.02618408203125
516 -37.81920623779297 40.66240692138672
517 -37.80420684814453 40.36104202270508
518 -37.807350158691406 40.11053466796875
519 -37.73472595214844 39.897987365722656
520 -37.7014045715332 39.64549255371094
521 -37.69886779785156 39.266212463378906
522 -37.703651428222656 39.05597686767578
523 -37.74727249145508 38.96633529663086
524 -38.083805084228516 38.97417449951172
525 -38.5684700012207 38.93864440917969
526 -38.80946350097656 38.87843322753906
527 -38.98329162597656 38.78802490234375
528 -49.45704650878906 27.374292373657227
529 -49.65129470825195 27.355464935302734
530 -49.921173095703125 27.363788604736328
531 -50.392555236816406 27.425674438476562
532 -50.72496795654297 27.39238929748535
533 -50.89480972290039 27.268274307250977
534 -50.98414611816406 27.087594985961914
535 -50.97712707519531 26.793760299682617
536 -50.95280456542969 26.459022521972656
537 -51.05096435546875 26.246871948242188
538 -51.4769401550293 25.92845916748047
539 -51.8072395324707 25.702829360961914
540 -52.0206298828125 25.57912254333496
541 -52.533111572265625 25.285173416137695
542 -52.75608444213867 25.198993682861328
543 -52.96223831176758 25.085819244384766
544 -53.27450942993164 24.918004989624023
545 -53.58317184448242 24.695016860961914
546 -53.98936080932617 24.396230697631836
547 -54.361427307128906 24.14141273498535
548 -54.669525146484375 24.018102645874023
549 -54.89516830444336 23.97809600830078
550 -55.1375617980957 23.881099700927734
551 -55.33230972290039 23.846933364868164
552 -55.717708587646484 23.545129776000977
553 -56.01728820800781 23.359506607055664
554 -56.22109603881836 23.140987396240234
555 -56.42155456542969 22.854562759399414
556 -56.70800018310547 22.47048568725586
557 -56.99283218383789 22.080371856689453
558 -57.16530990600586 21.815107345581055
559 -57.3214111328125 21.712310791015625
560 -57.6292724609375 21.631750106811523
561 -57.88395309448242 21.552568435668945
562 -58.36678695678711 21.373489379882812
563 -58.75173568725586 21.165403366088867
564 -58.9244384765625 21.03159523010254
565 -59.08866882324219 20.944408416748047
566 -59.35844039916992 20.733442306518555
567 -59.56785202026367 20.609724044799805
568 -59.822052001953125 20.60369110107422
569 -60.202945709228516 20.59129524230957
570 -60.312862396240234 20.58391571044922
571 -60.479339599609375 20.413299560546875
572 -60.667335510253906 20.215072631835938
573 -61.10326385498047 19.743846893310547
574 -61.389774322509766 19.400527954101562
575 -61.502288818359375 18.957279205322266
576 -61.53374099731445 18.646936416625977
577 -61.508628845214844 18.396038055419922
578 -61.37818145751953 18.192827224731445
579 -61.03858947753906 17.89499855041504
580 -60.76630783081055 17.624731063842773
581 -60.51755905151367 17.37259292602539
582 -60.26567077636719 17.289587020874023
583 -59.898799896240234 17.29206657409668
584 -59.43760681152344 17.47697639465332
585 -58.88669967651367 17.641666412353516
586 -58.69337463378906 17.736486434936523
587 -58.2607536315918 17.96278190612793
588 -57.9843635559082 18.110687255859375
589 -57.8700065612793 18.269657135009766
590 -57.75189208984375 18.500757217407227
591 -57.566219329833984 18.76806640625
592 -57.27934265136719 19.05331039428711
593 -56.99733352661133 19.283048629760742
594 -51.664093017578125 38.21615219116211
595 -51.73639678955078 38.38146209716797
596 -51.90753173828125 38.87758255004883
597 -52.0302734375 39.07091522216797
598 -52.06491470336914 39.307926177978516
599 -52.02560806274414 39.54961013793945
600 -51.92414855957031 39.85725784301758
601 -51.8211669921875 40.186851501464844
602 -51.863162994384766 40.425716400146484
603 -51.95172119140625 40.70439147949219
604 -52.33552551269531 41.15301513671875
605 -52.598697662353516 41.59581756591797
606 -52.962589263916016 42.305728912353516
607 -53.17316436767578 42.77101135253906
608 -53.31326675415039 43.1373405456543
609 -53.46330642700195 43.61698913574219
610 -53.61763381958008 44.09553909301758
611 -53.67109680175781 44.43643569946289
612 -53.67668151855469 44.75784683227539
613 -53.640010833740234 45.562400817871094
614 -53.6162223815918 45.85592269897461
615 -53.59392547607422 45.9949836730957
616 -53.51902770996094 46.29228973388672
617 -53.41242218017578 46.735450744628906
618 -53.26675033569336 47.14765167236328
619 -53.1728630065918 47.34831619262695
620 -53.0762939453125 47.72420120239258
621 -53.11063766479492 48.14717102050781
622 -53.29628372192383 48.54054260253906
623 -53.5969352722168 49.11514663696289
624 -53.71638870239258 49.34154510498047
625 -53.85138702392578 49.355003356933594
626 -54.29929733276367 49.350242614746094
627 -54.74979782104492 49.37523651123047
628 -55.05149459838867 49.36367416381836
629 -55.28481674194336 49.23031997680664
630 -55.576499938964844 48.98788070678711
631 -55.817115783691406 48.78451156616211
632 -56.09413528442383 48.56552505493164
633 -56.355804443359375 48.39727783203125
634 -56.593624114990234 48.267303466796875
635 -56.859500885009766 48.08295440673828
636 -57.113365173339844 47.93016815185547
637 -57.56138610839844 47.64550018310547
638 -57.783512115478516 47.517154693603516
639 -58.09488296508789 47.351280212402344
640 -58.41649627685547 47.17459487915039
641 -58.63869857788086 47.05253601074219
642 -58.91097640991211 46.863285064697266
643 -59.06853485107422 46.58243942260742
644 -59.375423431396484 46.264347076416016
645 -59.42176055908203 46.13908767700195
646 -59.51984786987305 45.9770393371582
647 -59.70444107055664 45.62871170043945
648 -59.846981048583984 45.276466369628906
649 -59.98781967163086 44.99131393432617
650 -60.13359832763672 44.699806213378906
651 -60.21306228637695 44.55336380004883
652 -60.294151306152344 13.969505310058594
653 -60.22199249267578 13.873007774353027
654 -59.888572692871094 13.753020286560059
655 -59.4592170715332 13.611398696899414
656 -58.727264404296875 13.391916275024414
657 -58.586551666259766 13.313706398010254
658 -58.24569320678711 13.257445335388184
659 -57.979801177978516 13.253366470336914
660 -57.79469299316406 13.284153938293457
661 -57.48170471191406 13.34473705291748
662 -56.97869110107422 13.43488597869873
663 -56.718318939208984 13.527745246887207
664 -56.397212982177734 13.636598587036133
665 -56.16765594482422 13.68521785736084
666 -56.02869415283203 13.649481773376465
667 -55.94200134277344 13.934125900268555
668 -55.7728271484375 14.261028289794922
669 -55.62567901611328 14.429726600646973
670 -55.451961517333984 14.53242301940918
671 -55.245994567871094 14.637173652648926
672 -54.82332229614258 14.867289543151855
673 -54.384178161621094 15.12680435180664
674 -53.83729553222656 15.417646408081055
675 -53.595008850097656 15.529219627380371
676 -53.40849685668945 15.650798797607422
677 -53.239463806152344 15.823678016662598
678 -53.0263671875 16.057100296020508
679 -52.92182922363281 16.33984375
680 -52.75454330444336 16.76261329650879
681 -52.72852325439453 16.81004524230957
682 -52.5835075378418 17.182039260864258
683 -52.30162048339844 17.5432071685791
684 -52.08078384399414 17.836023330688477
685 -51.95889663696289 17.96278190612793
686 -51.72660827636719 18.50673484802246
687 -51.717159271240234 18.812105178833008
688 -51.919673919677734 18.95833396911621
689 -52.25869369506836 18.965192794799805
690 -52.59843063354492 18.84505844116211
691 -53.489952087402344 18.442684173583984
692 -53.78513717651367 18.401899337768555
693 -54.08052062988281 18.593828201293945
694 -54.22671127319336 18.82759666442871
695 -54.29846954345703 19.186967849731445
696 -54.30240249633789 19.40088653564453
697 -54.25248336791992 19.53399085998535
698 -53.869998931884766 19.7454833984375
699 -53.49482727050781 19.999839782714844
700 -53.288818359375 20.046504974365234
701 -53.04745864868164 20.12383270263672
702 -52.85001754760742 20.3726806640625
703 -52.76600646972656 20.697690963745117
704 -52.837371826171875 21.029388427734375
705 -53.00943374633789 21.348430633544922
706 -53.08928298950195 21.800674438476562
707 -53.02670669555664 22.03557586669922
708 -52.89346694946289 22.181705474853516
709 -52.488895416259766 22.08643341064453
710 -51.918617248535156 22.00755500793457
711 -51.49652099609375 22.096906661987305
712 -51.09977722167969 22.244403839111328
713 -50.6131477355957 22.56989288330078
714 -50.31418991088867 22.70015525817871
715 -50.24238586425781 22.525875091552734
716 -50.20083236694336 22.219818115234375
717 -50.163021087646484 21.495132446289062
718 -49.90043640136719 20.95579719543457
719 -49.6525993347168 20.915447235107422
720 -49.423744201660156 20.994827270507812
721 -48.9696159362793 21.20569610595703
722 -48.69167709350586 21.36412811279297
723 -48.50140380859375 21.539627075195312
724 -48.2515754699707 21.79132080078125
725 -48.059879302978516 21.887981414794922
726 -47.826133728027344 22.07132339477539
727 -47.41680145263672 22.419166564941406
728 -47.223670959472656 22.589263916015625
729 -46.99269485473633 22.79229736328125
730 -44.42529296875 25.625362396240234
731 -44.25205993652344 26.039710998535156
732 -44.16441345214844 26.386709213256836
733 -44.24156188964844 26.54696273803711
734 -44.42230224609375 26.7650146484375
735 -44.67460250854492 26.967967987060547
736 -45.030723571777344 27.168289184570312
737 -45.300987243652344 27.249881744384766
738 -45.88100814819336 27.319229125976562
739 -46.13484191894531 27.242656707763672
740 -46.46736145019531 26.93658447265625
741 -46.65842819213867 26.650554656982422
742 -46.81779098510742 26.41811752319336
743 -47.03646469116211 26.14238929748535
744 -47.24758529663086 25.86176872253418
745 -47.373992919921875 25.678287506103516
746 -47.47783660888672 25.443235397338867
747 -47.430294036865234 25.176586151123047
748 -47.153621673583984 24.884899139404297
749 -46.83837890625 24.672636032104492
750 -46.58600997924805 24.54829978942871
751 -46.211368560791016 24.40256118774414
752 -45.84284591674805 24.14136505126953
753 -45.57099914550781 23.95150375366211
754 -45.352928161621094 23.832395553588867
755 -45.00483703613281 23.88763427734375
756 -44.39835739135742 23.871923446655273
757 -44.020423889160156 23.760034561157227
758 -43.910736083984375 23.571422576904297
759 -43.78112030029297 23.133892059326172
760 -43.717803955078125 22.844009399414062
761 -43.83592224121094 22.172327041625977
762 -43.98365020751953 21.76873016357422
763 -44.12593078613281 21.571399688720703
764 -44.315467834472656 21.372711181640625
765 -44.53349304199219 21.18185806274414
766 -44.7329216003418 20.99524688720703
767 -45.2292594909668 20.430530548095703
768 -45.68862533569336 19.835792541503906
769 -45.795684814453125 19.560867309570312
770 -45.84901428222656 19.19820213317871
771 -45.87759017944336 18.865076065063477
772 -45.827545166015625 18.553377151489258
773 -45.751434326171875 18.225147247314453
774 -45.674217224121094 17.89194679260254
775 -45.591209411621094 17.468265533447266
776 -45.56105422973633 17.21378517150879
777 -45.598487854003906 16.84589958190918
778 -45.68890380859375 16.32678985595703
779 -45.74652099609375 15.920004844665527
780 -45.78696823120117 15.64808464050293
781 -45.8489875793457 15.195829391479492
782 -45.90465545654297 14.93057632446289
783 -45.93647003173828 14.659872055053711
784 -45.973609924316406 14.406600952148438
785 -46.0088005065918 14.090317726135254
786 -46.05099868774414 13.637611389160156
787 -46.0541877746582 13.514269828796387
788 -46.131553649902344 13.130404472351074
789 -46.13961410522461 12.877568244934082
790 -46.29020690917969 12.574445724487305
791 -46.48242950439453 11.9569091796875
792 -46.606807708740234 11.76399040222168
793 -46.78938674926758 11.666324615478516
794 -47.17596435546875 11.60529613494873
795 -47.52285385131836 11.615350723266602
796 -47.781272888183594 11.716317176818848
797 -47.94498825073242 11.816579818725586
798 -48.06940841674805 11.954312324523926
799 -42.10580825805664 18.2980899810791
800 -41.94585037231445 18.380664825439453
801 -41.55809020996094 18.520410537719727
802 -41.18260192871094 18.6261043548584
803 -40.92209243774414 18.705198287963867
804 -40.61390686035156 18.833202362060547
805 -40.19769287109375 19.032106399536133
806 -39.9100341796875 19.204233169555664
807 -39.606712341308594 19.426523208618164
808 -39.39554977416992 19.49618148803711
809 -39.02436447143555 19.452375411987305
810 -38.89729309082031 19.3487491607666
811 -38.5914421081543 19.073219299316406
812 -38.12010192871094 18.65596580505371
813 -37.923126220703125 18.426273345947266
814 -37.721046447753906 18.44037437438965
815 -37.36691665649414 18.440916061401367
816 -37.132022857666016 18.38334083557129
817 -36.98898696899414 18.482759475708008
818 -36.761436462402344 18.5471248626709
819 -36.41147994995117 18.679292678833008
820 -35.95599365234375 18.855417251586914
821 -35.62848663330078 19.133943557739258
822 -35.55827331542969 19.44403648376465
823 -35.709983825683594 19.808420181274414
824 -35.98787307739258 20.320877075195312
825 -36.16569900512695 20.866329193115234
826 -36.237579345703125 21.245229721069336
827 -36.40047836303711 21.687145233154297
828 -36.60282516479492 21.979389190673828
829 -36.78231430053711 22.183168411254883
830 -36.917747497558594 22.26490020751953
831 -37.053958892822266 22.48663330078125
832 -37.241329193115234 22.975019454956055
833 -37.24745559692383 23.195045471191406
834 -37.14828872680664 23.48410415649414
835 -36.787567138671875 24.252904891967773
836 -36.632991790771484 24.55068016052246
837 -36.579627990722656 24.689163208007812
838 -36.548702239990234 24.944398880004883
839 -36.569114685058594 25.212419509887695
840 -36.62290573120117 25.41287612915039
841 -36.76231384277344 25.692195892333984
842 -36.95384216308594 26.044160842895508
843 -37.10497283935547 26.42857551574707
844 -37.1430778503418 26.665760040283203
845 -37.08002471923828 26.917322158813477
846 -37.0383415222168 27.098480224609375
847 -37.04271697998047 27.380952835083008
848 -37.16130828857422 27.57819938659668
849 -37.35723876953125 27.837968826293945
850 -37.49205780029297 28.22217559814453
851 -37.60576248168945 28.682525634765625
852 -37.59156036376953 28.8641414642334
853 -37.486846923828125 29.256593704223633
854 -37.53021240234375 29.396743774414062
855 -37.73655700683594 29.494892120361328
856 -38.16964340209961 29.735383987426758
857 -53.696983337402344 31.592994689941406
858 -53.807098388671875 31.716880798339844
859 -53.93838119506836 31.976224899291992
860 -54.01334762573242 32.17606735229492
861 -54.12731170654297 32.48085021972656
862 -54.25324630737305 32.96757888793945
863 -54.37177658081055 33.381988525390625
864 -54.4908561706543 33.653865814208984
865 -54.59986877441406 33.8708381652832
866 -54.65879821777344 34.03794860839844
867 -54.771480560302734 34.771644592285156
868 -54.83675765991211 34.97452926635742
869 -54.924896240234375 35.214290618896484
870 -55.04524612426758 35.41376495361328
871 -55.02548599243164 35.66264343261719
872 -54.92617416381836 35.81930923461914
873 -54.68906021118164 36.098609924316406
874 -54.42549133300781 36.4371223449707
875 -54.23521423339844 36.680030822753906
876 -54.05527114868164 36.86398696899414
877 -53.85648727416992 36.95918655395508
878 -53.51467514038086 37.08905029296875
879 -53.10625076293945 37.06834411621094
880 -52.8610954284668 36.90107727050781
881 -52.605377197265625 36.585750579833984
882 -52.28125 36.3364372253418
883 -51.86214828491211 35.952850341796875
884 -51.641448974609375 35.758522033691406
885 -38.454620361328125 32.26542663574219
886 -38.03041076660156 32.231658935546875
887 -37.79328918457031 32.185218811035156
888 -37.597312927246094 32.071571350097656
889 -37.46536636352539 31.97695541381836
890 -37.348411560058594 31.90503692626953
891 -37.121856689453125 31.930177688598633
892 -36.859012603759766 32.00878143310547
893 -36.645042419433594 32.07740020751953
894 -36.40241622924805 32.09538269042969
895 -36.19151306152344 32.43165588378906
896 -35.80241012573242 32.916664123535156
897 -35.61567306518555 33.18095016479492
898 -35.507545471191406 33.31040573120117
899 -35.179481506347656 33.48951721191406
900 -34.9613037109375 33.642520904541016
901 -34.676513671875 33.87565231323242
902 -34.44542694091797 34.255062103271484
903 -34.251373291015625 34.83961868286133
904 -34.23905563354492 35.06291961669922
905 -34.174076080322266 35.20241928100586
906 -34.23772430419922 35.41190719604492
907 -34.821956634521484 35.867576599121094
908 -35.037845611572266 36.10246658325195
909 -35.28837966918945 36.49106216430664
910 -35.460235595703125 36.73638916015625
911 -35.73542404174805 36.845970153808594
912 -36.00011444091797 36.928653717041016
913 -36.255348205566406 36.9305305480957
914 -36.543636322021484 36.87675094604492
915 -36.79235076904297 36.68281936645508
916 -37.11787796020508 36.33842086791992
917 -37.318817138671875 36.19573211669922
918 -37.491573333740234 36.057315826416016
919 -37.69351577758789 35.82424545288086
920 -37.96468734741211 35.54779815673828
921 -38.33726119995117 35.1361198425293
922 -38.87990951538086 34.84471130371094
923 -39.11223602294922 34.734004974365234
924 -39.24595260620117 34.617286682128906
925 -39.49618911743164 34.422359466552734
926 -39.63530349731445 34.30183792114258
927 -39.81931686401367 34.078548431396484
928 -40.0958366394043 33.80830001831055
929 -40.5210075378418 33.41898727416992
930 -41.003482818603516 33.05256271362305
931 -41.393497467041016 32.792232513427734
932 -41.586639404296875 32.66823196411133
933 -41.75871658325195 32.4050178527832
934 -41.84512710571289 32.18973159790039
935 -41.96165466308594 31.641965866088867
936 -41.99891662597656 31.306495666503906
937 -42.018455505371094 31.139923095703125
938 -42.07560348510742 30.76605796813965
939 -42.18431854248047 30.4949951171875
940 -42.300384521484375 30.295019149780273
941 -42.420166015625 30.026721954345703
942 -42.5350456237793 29.723716735839844
943 -42.62775802612305 29.329797744750977
944 -42.58586120605469 28.989952087402344
945 -42.31620407104492 28.69516944885254
946 -41.981842041015625 28.56039047241211
947 -41.713836669921875 28.40437889099121
948 -41.50596618652344 28.32537269592285
949 -41.27553176879883 28.277942657470703
950 -40.89313888549805 28.331567764282227
951 -40.6445426940918 28.353525161743164
952 -40.350013732910156 28.441932678222656
953 -40.112220764160156 28.572208404541016
954 -39.984718322753906 28.781904220581055
955 -39.86948776245117 29.019901275634766
956 -39.705406188964844 29.41036033630371
957 -34.717159271240234 38.90500259399414
958 -34.65852355957031 39.15911102294922
959 -34.566219329833984 39.50303268432617
960 -34.5096549987793 39.62718200683594
961 -34.37530517578125 39.79786682128906
962 -34.193233489990234 40.09821701049805
963 -34.03494644165039 40.300392150878906
964 -33.9754638671875 40.410457611083984
965 -33.884334564208984 40.82037353515625
966 -33.868438720703125 41.30528259277344
967 -33.89163589477539 41.67646026611328
968 -33.955997467041016 42.083534240722656
969 -34.02882766723633 42.73088455200195
970 -34.091548919677734 42.953704833984375
971 -34.13027572631836 43.03123474121094
972 -34.15665817260742 43.20161437988281
973 -34.111873626708984 43.49615478515625
974 -33.9964714050293 44.00495529174805
975 -33.82761764526367 44.53373718261719
976 -33.67109298706055 44.72617721557617
977 -33.52293014526367 44.903804779052734
978 -33.2505989074707 45.35305404663086
979 -33.04373550415039 45.66994094848633
980 -32.961429595947266 45.92011642456055
981 -32.99842834472656 46.22382354736328
982 -33.136985778808594 46.35319900512695
983 -33.395851135253906 46.47047424316406
984 -33.77250671386719 46.68868637084961
985 -34.39021301269531 47.11628723144531
986 -34.70278549194336 47.404544830322266
987 -35.211307525634766 47.96105194091797
988 -35.26498794555664 48.02816390991211
989 -35.409812927246094 48.220191955566406
990 -35.9365348815918 48.82286834716797
991 -36.216819763183594 49.10806655883789
992 -36.31867218017578 49.18608474731445
993 -36.379581451416016 49.2287712097168
994 -36.56699752807617 49.40687942504883
995 -37.13295364379883 49.88951873779297
996 -37.38542175292969 50.09989929199219
997 -37.610504150390625 50.25694274902344
998 -37.776283264160156 50.34633255004883
999 -37.91644287109375 50.42616653442383
