0 56.808589935302734 -19.408424377441406
1 56.694210052490234 -19.449228286743164
2 56.43068313598633 -19.539472579956055
3 56.01365280151367 -19.741220474243164
4 55.57199478149414 -20.079078674316406
5 55.20402145385742 -20.44615936279297
6 55.10663604736328 -20.686586380004883
7 55.04069137573242 -20.908306121826172
8 60.09019088745117 -34.915706634521484
9 59.91036605834961 -34.6312370300293
10 59.693687438964844 -34.39817810058594
11 59.35301208496094 -34.13002395629883
12 59.15962219238281 -33.87223434448242
13 59.103355407714844 -33.54521560668945
14 59.09496307373047 -33.1751708984375
15 59.16838455200195 -32.58273696899414
16 59.18290328979492 -32.142417907714844
17 59.175384521484375 -31.75815773010254
18 59.22568130493164 -31.24913787841797
19 59.3735466003418 -30.529014587402344
20 59.434722900390625 -30.32419204711914
21 67.10099792480469 -23.26777458190918
22 67.19550323486328 -23.00883674621582
23 67.30317687988281 -22.773340225219727
24 67.30868530273438 -22.55133056640625
25 66.99186706542969 -21.84317398071289
26 66.89972686767578 -21.578590393066406
27 66.50688934326172 -20.375171661376953
28 66.47501373291016 -20.164875030517578
29 66.56883239746094 -19.811176300048828
30 66.46570587158203 -19.485422134399414
31 66.20860290527344 -19.046741485595703
32 66.08428192138672 -18.797195434570312
33 65.6343002319336 -18.502641677856445
34 65.10261535644531 -18.456953048706055
35 64.91990661621094 -18.62228775024414
36 64.85511779785156 -19.25550651550293
37 64.92378234863281 -19.52638816833496
38 65.02660369873047 -19.69754981994629
39 75.632080078125 -37.015602111816406
40 75.81431579589844 -37.028255462646484
41 76.03286743164062 -36.997188568115234
42 76.4517822265625 -36.81248474121094
43 76.79662322998047 -36.5201530456543
44 77.0963134765625 -36.18738555908203
45 77.48947143554688 -35.85687255859375
46 67.70692443847656 -9.300427436828613
47 67.58724212646484 -9.197875022888184
48 67.31047058105469 -8.852334022521973
49 66.9120864868164 -8.631484985351562
50 66.6882553100586 -8.712549209594727
51 66.28942108154297 -8.94970989227295
52 66.09496307373047 -9.109488487243652
53 65.96566009521484 -9.334752082824707
54 65.78326416015625 -21.1766414642334
55 65.72180938720703 -21.286178588867188
56 65.38862609863281 -38.4294548034668
57 65.25447082519531 -38.380889892578125
58 65.08821105957031 -38.28934097290039
59 64.416259765625 -37.6927375793457
60 64.24739837646484 -37.4557991027832
61 64.03777313232422 -37.061161041259766
62 63.9071159362793 -36.78123474121094
63 63.77419662475586 -36.60346984863281
64 54.05797576904297 -17.055694580078125
65 54.025123596191406 -16.882247924804688
66 53.9046516418457 -16.294883728027344
67 53.85139083862305 -15.939099311828613
68 53.84644317626953 -15.62467098236084
69 54.24397277832031 -14.43751049041748
70 54.39842987060547 -14.196725845336914
71 54.610816955566406 -13.934503555297852
72 54.844032287597656 -13.646147727966309
73 55.1158561706543 -13.357775688171387
74 55.32048797607422 -13.119824409484863
75 55.59728240966797 -12.726228713989258
76 55.836341857910156 -12.089187622070312
77 55.89875030517578 -11.877135276794434
78 56.11210250854492 -11.40818977355957
79 56.26423263549805 -10.972790718078613
80 56.25093460083008 -10.588521957397461
81 56.272216796875 -10.0436429977417
82 56.32874298095703 -9.672918319702148
83 56.4320068359375 -9.419883728027344
84 56.645591735839844 -9.112771034240723
85 56.753150939941406 -9.035835266113281
86 58.74294662475586 -19.334165573120117
87 58.84493637084961 -19.402414321899414
88 59.05692672729492 -19.275644302368164
89 59.4387321472168 -18.970809936523438
90 59.597957611083984 -18.85956382751465
91 59.81310272216797 -18.740842819213867
92 59.958946228027344 -18.774106979370117
93 60.855751037597656 -19.20749855041504
94 60.96033477783203 -19.23492431640625
95 65.58203887939453 -22.718828201293945
96 65.61656951904297 -22.990375518798828
97 65.2642822265625 -23.135414123535156
98 65.00257873535156 -23.04922103881836
99 64.5198974609375 -22.763465881347656
100 64.27881622314453 -22.608478546142578
101 63.9611701965332 -22.24851417541504
102 63.78501892089844 -21.897554397583008
103 63.797401428222656 -21.620210647583008
104 64.0142593383789 -21.186132431030273
105 64.21888732910156 -20.914352416992188
106 64.33737182617188 -20.860118865966797
107 69.2349853515625 -38.977535247802734
108 69.08463287353516 -38.83463668823242
109 68.85195922851562 -38.58686065673828
110 68.64041137695312 -38.3855094909668
111 68.52140045166016 -38.20143127441406
112 67.99604034423828 -37.40809631347656
113 67.8349609375 -37.10185623168945
114 67.68203735351562 -36.86354064941406
115 65.81126403808594 -32.5516471862793
116 65.70868682861328 -32.3011360168457
117 65.65624237060547 -32.11791229248047
118 65.56501770019531 -31.948904037475586
119 64.87255096435547 -31.19754409790039
120 64.70257568359375 -30.994855880737305
121 60.680442810058594 -21.491241455078125
122 60.75303268432617 -21.433269500732422
123 61.15279769897461 -21.224260330200195
124 61.712158203125 -20.970844268798828
125 61.96645736694336 -20.86048126220703
126 62.257450103759766 -20.69335174560547
127 62.492401123046875 -20.539342880249023
128 73.83570861816406 -2.2669999599456787
129 73.62895965576172 -2.18660569190979
130 73.37571716308594 -2.0641331672668457
131 72.5733413696289 -1.5254638195037842
132 72.14469909667969 -1.3767560720443726
133 71.5878677368164 -1.3040757179260254
134 71.35066986083984 -1.2987720966339111
135 71.13287353515625 -1.298705816268921
136 70.01070404052734 -1.4960358142852783
137 69.62506866455078 -1.550465703010559
138 69.50159454345703 -1.5687872171401978
139 69.26110076904297 -1.6031110286712646
140 61.874210357666016 -11.547913551330566
141 62.013858795166016 -11.93363094329834
142 62.31672668457031 -12.301215171813965
143 62.48657989501953 -12.454035758972168
144 75.46507263183594 -30.163593292236328
145 75.25531768798828 -30.528553009033203
146 75.10535430908203 -30.653745651245117
147 74.93850708007812 -30.828445434570312
148 74.65394592285156 -31.258455276489258
149 74.30389404296875 -31.564613342285156
150 73.97480773925781 -32.00460433959961
151 74.00883483886719 -32.2274284362793
152 74.34546661376953 -32.7067985534668
153 74.58140563964844 -32.947776794433594
154 74.89224243164062 -33.259246826171875
155 75.03565979003906 -33.51075744628906
156 75.16641235351562 -34.155067443847656
157 75.087890625 -34.33889389038086
158 74.31449890136719 -34.58199691772461
159 74.01315307617188 -34.57923126220703
160 73.52344512939453 -34.4296760559082
161 73.1758804321289 -34.27149963378906
162 72.90979766845703 -34.11213684082031
163 72.55024719238281 -33.91619873046875
164 72.21543884277344 -33.822479248046875
165 71.5771713256836 -34.10323715209961
166 71.40943145751953 -34.294586181640625
167 71.3719711303711 -34.6261100769043
168 71.49463653564453 -35.74783706665039
169 71.55614471435547 -35.979827880859375
170 71.82579803466797 -36.456565856933594
171 72.02444458007812 -36.802181243896484
172 72.14784240722656 -36.95376968383789
173 72.30904388427734 -37.635780334472656
174 72.43681335449219 -38.056339263916016
175 72.51776885986328 -38.28858184814453
176 72.5292739868164 -38.428035736083984
177 62.52271270751953 -27.140064239501953
178 62.43483352661133 -27.408235549926758
179 62.432857513427734 -27.668331146240234
180 62.65005111694336 -28.317569732666016
181 62.78841781616211 -28.545671463012695
182 62.99947738647461 -28.996356964111328
183 62.97113800048828 -29.202083587646484
184 62.699195861816406 -29.400644302368164
185 62.34397506713867 -29.631135940551758
186 62.1829833984375 -29.90483856201172
187 62.17985153198242 -30.246051788330078
188 62.204437255859375 -30.751747131347656
189 62.093563079833984 -31.030853271484375
190 61.68104553222656 -31.409820556640625
191 61.58983612060547 -31.454187393188477
192 52.786865234375 -19.415157318115234
193 52.79399490356445 -19.40133285522461
194 80.8809585571289 -35.593204498291016
195 80.72197723388672 -35.44771194458008
196 80.47805786132812 -35.22352981567383
197 80.18475341796875 -34.99068069458008
198 79.9866714477539 -34.82558059692383
199 72.09150695800781 -26.886837005615234
200 71.85746002197266 -26.65585708618164
201 71.70304107666016 -26.5897274017334
202 71.3857421875 -26.425064086914062
203 71.08146667480469 -26.2950382232666
204 70.86015319824219 -26.168371200561523
205 70.4592514038086 -25.83631706237793
206 70.15400695800781 -25.528764724731445
207 70.01348114013672 -25.329931259155273
208 69.96671295166016 -24.87875747680664
209 69.91617584228516 -24.564977645874023
210 69.82805633544922 -24.10964584350586
211 69.68760681152344 -23.797513961791992
212 69.40581512451172 -23.766353607177734
213 69.21244049072266 -23.641401290893555
214 69.06737518310547 -23.373220443725586
215 68.85246276855469 -22.92818832397461
216 68.74727630615234 -22.739198684692383
217 57.229427337646484 -16.795589447021484
218 57.11528396606445 -16.6981258392334
219 56.88822937011719 -16.18410873413086
220 56.878211975097656 -15.572066307067871
221 56.974918365478516 -15.3352632522583
222 57.569618225097656 -14.75967788696289
223 57.68607711791992 -14.625747680664062
224 57.996036529541016 -14.384840965270996
225 84.91422271728516 -20.45203971862793
226 85.03763580322266 -20.480356216430664
227 85.88523864746094 -20.813398361206055
228 86.05339050292969 -20.90728187561035
229 86.23796081542969 -21.195972442626953
230 86.78541564941406 -21.764972686767578
231 86.9984359741211 -21.964397430419922
232 87.29351806640625 -22.329444885253906
233 87.48067474365234 -22.7972412109375
234 87.61898803710938 -23.266260147094727
235 87.80497741699219 -24.540529251098633
236 87.86827850341797 -24.81407356262207
237 87.98885345458984 -25.187484741210938
238 88.1537094116211 -25.39766502380371
239 88.70765686035156 -25.905908584594727
240 88.82845306396484 -26.01851463317871
241 67.93135070800781 1.9418818950653076
242 67.94097137451172 2.140669107437134
243 67.98214721679688 2.4326233863830566
244 68.14354705810547 2.8532965183258057
245 68.25914001464844 3.0720155239105225
246 68.41665649414062 3.2357077598571777
247 81.19005584716797 -10.838443756103516
248 81.25059509277344 -11.019511222839355
249 81.43151092529297 -11.70497989654541
250 81.4697036743164 -11.884183883666992
251 81.6343765258789 -11.979387283325195
252 86.73738098144531 -14.641342163085938
253 86.86473083496094 -14.873751640319824
254 86.95037841796875 -15.38529109954834
255 86.91197967529297 -15.860590934753418
256 86.77619171142578 -16.16658592224121
257 86.59074401855469 -16.319684982299805
258 85.36066436767578 -16.731586456298828
259 85.2392807006836 -16.74969482421875
260 69.65908813476562 -18.46275520324707
261 69.46524810791016 -18.423402786254883
262 69.22925567626953 -18.30961036682129
263 68.945556640625 -18.13835334777832
264 68.76203918457031 -17.92523193359375
265 68.55339050292969 -17.678321838378906
266 68.55946350097656 -17.64168930053711
267 90.4986343383789 -14.201042175292969
268 90.45585632324219 -14.183794975280762
269 90.32595825195312 -14.155624389648438
270 90.2003402709961 -14.13468074798584
271 62.20020294189453 -4.274693012237549
272 62.16312789916992 -4.337697982788086
273 62.15597152709961 -4.42280912399292
274 62.180091857910156 -4.561582088470459
275 64.44877624511719 -10.834938049316406
276 64.55780029296875 -11.018542289733887
277 64.82872009277344 -11.502789497375488
278 64.95314025878906 -11.806833267211914
279 64.93058776855469 -12.156340599060059
280 64.76119995117188 -12.506255149841309
281 63.93974685668945 -12.819612503051758
282 63.84433364868164 -12.75832748413086
283 63.81891632080078 -12.647430419921875
284 73.67345428466797 -12.011454582214355
285 73.89832305908203 -11.917145729064941
286 74.20209503173828 -11.682981491088867
287 74.45584106445312 -11.552987098693848
288 74.91207885742188 -11.521636009216309
289 75.12029266357422 -11.513640403747559
290 75.45130920410156 -11.37446117401123
291 75.63594055175781 -11.185745239257812
292 76.07669067382812 -10.560298919677734
293 76.22406005859375 -10.422990798950195
294 76.48265838623047 -10.317219734191895
295 76.87665557861328 -10.07883071899414
296 77.048095703125 -10.015870094299316
297 67.19281768798828 -13.796951293945312
298 67.11172485351562 -13.752528190612793
299 66.80462646484375 -13.644388198852539
300 66.34379577636719 -13.422782897949219
301 66.0981674194336 -13.198768615722656
302 65.96318817138672 -13.12392807006836
303 65.93975067138672 -13.0347900390625
304 79.0419921875 -8.775124549865723
305 78.97560119628906 -8.704809188842773
306 78.69315338134766 -8.51764965057373
307 78.41569519042969 -8.311914443969727
308 78.18472290039062 -8.032247543334961
309 78.22240447998047 -7.840087890625
310 78.63967895507812 -7.360799789428711
311 78.80902099609375 -7.027364730834961
312 79.175048828125 -6.467581748962402
313 79.12945556640625 -6.235746383666992
314 79.0850601196289 -5.706532001495361
315 78.96538543701172 -5.288772106170654
316 78.90386199951172 -4.888195991516113
317 78.85297393798828 -4.6956329345703125
318 78.64122772216797 -4.446169376373291
319 78.29399871826172 -4.232731342315674
320 77.6168441772461 -4.192735195159912
321 77.1610336303711 -4.232172012329102
322 76.67794036865234 -4.3220319747924805
323 76.0906982421875 -4.439932823181152
324 75.85679626464844 -4.606834888458252
325 75.6489486694336 -5.1210618019104
326 75.69062042236328 -5.674314498901367
327 75.94818115234375 -6.203953266143799
328 76.09122467041016 -6.567626953125
329 76.18679809570312 -7.28506326675415
330 76.16779327392578 -7.590465068817139
331 76.08983612060547 -7.8662543296813965
332 75.84527587890625 -8.151300430297852
333 75.59980773925781 -8.307456016540527
334 75.09213256835938 -8.771358489990234
335 74.8789291381836 -9.008161544799805
336 74.7198486328125 -9.067562103271484
337 70.01715850830078 -10.502904891967773
338 69.90394592285156 -10.596882820129395
339 69.7294692993164 -10.832663536071777
340 66.10441589355469 -14.773371696472168
341 65.92581939697266 -14.80571460723877
342 65.67070770263672 -14.81250286102295
343 65.23841094970703 -14.682040214538574
344 64.6561279296875 -14.654260635375977
345 64.51360321044922 -14.62104606628418
346 64.20024871826172 -14.553766250610352
347 63.83798599243164 -14.447724342346191
348 63.58567810058594 -14.37741470336914
349 62.846378326416016 -14.23048210144043
350 62.38896179199219 -14.143016815185547
351 62.1229133605957 -14.141148567199707
352 61.90618896484375 -14.194600105285645
353 61.04491424560547 -14.325730323791504
354 60.32609939575195 -14.526291847229004
355 59.98162841796875 -14.715571403503418
356 59.55461883544922 -15.213628768920898
357 59.1716194152832 -15.852280616760254
358 59.11240768432617 -16.02198028564453
359 59.1201057434082 -16.14861297607422
360 74.41166687011719 -26.370040893554688
361 74.6256332397461 -26.52088737487793
362 75.30276489257812 -27.215131759643555
363 75.6830825805664 -27.580223083496094
364 76.2413330078125 -27.946956634521484
365 76.63349914550781 -28.16832733154297
366 76.8071060180664 -28.380735397338867
367 77.05303955078125 -28.781709671020508
368 77.14463806152344 -29.0313777923584
369 77.19076538085938 -29.262392044067383
370 78.1204605102539 -32.91755294799805
371 78.07514953613281 -32.9496955871582
372 77.92977905273438 -32.86229705810547
373 77.731201171875 -32.68731689453125
374 77.41605377197266 -32.33842086791992
375 77.15028381347656 -31.946521759033203
376 77.01607513427734 -31.629783630371094
377 77.00196075439453 -31.53721046447754
378 58.55768966674805 -21.947124481201172
379 58.449249267578125 -22.014202117919922
380 58.11193084716797 -22.23551368713379
381 57.623329162597656 -22.509286880493164
382 57.000484466552734 -22.84418487548828
383 56.19582748413086 -23.25995445251465
384 55.51608657836914 -23.635665893554688
385 55.335262298583984 -23.854507446289062
386 55.25764846801758 -24.15354347229004
387 55.35630416870117 -24.822546005249023
388 55.65011215209961 -25.336891174316406
389 55.92728042602539 -25.526020050048828
390 56.500946044921875 -25.550128936767578
391 56.82814407348633 -25.529340744018555
392 57.09059143066406 -25.41937828063965
393 57.976261138916016 -24.8548641204834
394 58.446231842041016 -24.733800888061523
395 58.70128631591797 -24.870121002197266
396 58.928466796875 -25.12451934814453
397 59.22441101074219 -25.53030776977539
398 59.2438850402832 -25.8613338470459
399 58.71759033203125 -26.704524993896484
400 58.54790115356445 -27.038625717163086
401 58.47398376464844 -27.636011123657227
402 58.57693099975586 -27.83057403564453
403 58.68824005126953 -27.951505661010742
404 59.01495361328125 -28.03109359741211
405 59.539241790771484 -28.10039710998535
406 59.875274658203125 -27.99587059020996
407 60.01613235473633 -27.868350982666016
408 60.31969451904297 -27.20662498474121
409 60.60034942626953 -26.81487274169922
410 61.03624725341797 -25.971933364868164
411 61.18022537231445 -25.600971221923828
412 61.24800491333008 -25.407268524169922
413 65.93102264404297 -7.028552055358887
414 65.78555297851562 -7.0109944343566895
415 64.93977355957031 -7.065722465515137
416 64.69251251220703 -7.183444976806641
417 64.59600830078125 -7.294088840484619
418 62.75423049926758 -23.86076545715332
419 62.93730926513672 -24.04718780517578
420 63.14607620239258 -24.147062301635742
421 63.48750305175781 -24.394804000854492
422 63.71116638183594 -24.73575782775879
423 63.79395294189453 -24.933053970336914
424 63.64729690551758 -25.47125816345215
425 63.61469268798828 -25.900348663330078
426 63.691551208496094 -26.276626586914062
427 63.84572219848633 -26.48632049560547
428 64.19501495361328 -27.15300941467285
429 64.23967742919922 -27.412992477416992
430 63.55536651611328 -32.269744873046875
431 63.51254653930664 -32.57270812988281
432 63.26274490356445 -33.38835144042969
433 63.19565963745117 -33.63511657714844
434 63.28012466430664 -34.31901931762695
435 63.395259857177734 -34.5085334777832
436 63.742401123046875 -34.641780853271484
437 64.03705596923828 -34.62914276123047
438 64.77696228027344 -34.263275146484375
439 65.06232452392578 -34.16947937011719
440 65.22071075439453 -34.227684020996094
441 65.69141387939453 -34.487152099609375
442 66.05243682861328 -34.649803161621094
443 66.4999008178711 -34.884613037109375
444 66.73868560791016 -34.98707580566406
445 67.19093322753906 -35.11960983276367
446 67.99923706054688 -35.294273376464844
447 68.41793823242188 -35.2308349609375
448 68.62299346923828 -35.06704330444336
449 68.62922668457031 -34.87718963623047
450 68.2536849975586 -34.413570404052734
451 68.10012817382812 -34.186946868896484
452 67.95216369628906 -33.864871978759766
453 67.882568359375 -33.640403747558594
454 67.80416107177734 -33.03950500488281
455 67.76299285888672 -32.57741165161133
456 67.79965209960938 -32.325923919677734
457 68.08274841308594 -31.442827224731445
458 68.19685363769531 -31.365257263183594
459 68.50740814208984 -31.558109283447266
460 68.8752212524414 -31.91395378112793
461 69.30886840820312 -32.34744644165039
462 69.62899017333984 -32.645912170410156
463 69.92970275878906 -32.713504791259766
464 70.12104034423828 -32.652549743652344
465 70.3427963256836 -32.34377670288086
466 70.4273681640625 -31.989992141723633
467 70.41039276123047 -31.627634048461914
468 70.41747283935547 -31.38336753845215
469 76.62150573730469 -1.7948799133300781
470 76.59178161621094 -1.8049418926239014
471 68.99589538574219 -29.480928421020508
472 68.86620330810547 -29.48080062866211
473 68.48638916015625 -29.521806716918945
474 68.00408172607422 -29.535728454589844
475 67.60348510742188 -29.516216278076172
476 67.2631607055664 -29.54766082763672
477 66.84178924560547 -29.65898323059082
478 66.11478424072266 -29.764713287353516
479 65.744140625 -29.78705596923828
480 65.59701538085938 -29.679651260375977
481 65.5402603149414 -28.83452033996582
482 65.62297821044922 -28.516712188720703
483 65.74210357666016 -28.383983612060547
484 66.0085678100586 -28.038188934326172
485 66.34083557128906 -27.72845458984375
486 66.75960540771484 -27.551700592041016
487 67.112060546875 -27.461591720581055
488 67.54100799560547 -27.525590896606445
489 68.00811767578125 -27.59709930419922
490 68.50735473632812 -27.645572662353516
491 68.89984893798828 -27.53628921508789
492 69.0472183227539 -27.287622451782227
493 69.1266860961914 -26.982824325561523
494 73.07699584960938 -27.7326602935791
495 73.22156524658203 -27.760324478149414
496 73.87245178222656 -27.7802791595459
497 73.9892349243164 -27.895158767700195
498 74.05368041992188 -28.38523292541504
499 73.98851013183594 -28.85042381286621
500 73.89197540283203 -29.02496337890625
501 73.7929458618164 -29.09980583190918
502 72.7475357055664 -30.069196701049805
503 72.63651275634766 -30.090761184692383
504 72.43327331542969 -29.97841453552246
505 72.248046875 -29.95294952392578
506 71.429443359375 -29.67951774597168
507 71.24801635742188 -29.555278778076172
508 71.05107116699219 -29.136198043823242
509 70.89337921142578 -28.966407775878906
510 70.44432830810547 -28.706993103027344
511 70.39566802978516 -28.555538177490234
512 69.82612609863281 -21.742446899414062
513 69.78076934814453 -21.604429244995117
514 69.60484313964844 -21.44158363342285
515 69.33256530761719 -20.870107650756836
516 69.09385681152344 -20.389436721801758
517 69.00410461425781 -20.23931121826172
518 68.8434829711914 -20.272661209106445
519 68.46797943115234 -20.518768310546875
520 68.12236022949219 -20.75089454650879
521 67.9457778930664 -20.869775772094727
522 67.85124969482422 -20.83112335205078
523 63.43663787841797 -9.388233184814453
524 63.40412521362305 -9.198105812072754
525 63.34139633178711 -9.068158149719238
526 63.232200622558594 -8.803887367248535
527 62.82453155517578 -8.14970874786377
528 62.6087760925293 -7.8828511238098145
529 62.303009033203125 -7.638462066650391
530 62.16537094116211 -7.579699993133545
531 60.640323638916016 -6.998739242553711
532 60.34352111816406 -6.90967321395874
533 60.171504974365234 -6.842530727386475
534 59.92031478881836 -6.714858055114746
535 59.80947494506836 -6.638798713684082
536 81.9955825805664 -27.571664810180664
537 81.86956024169922 -27.57293701171875
538 81.46168518066406 -27.64739990234375
539 81.19727325439453 -27.64425277709961
540 80.68553161621094 -27.55465316772461
541 80.2208480834961 -27.44294548034668
542 79.83950805664062 -27.323942184448242
543 79.5626449584961 -27.249725341796875
544 79.29896545410156 -27.138614654541016
545 78.9481430053711 -26.885133743286133
546 78.03168487548828 -26.260467529296875
547 77.77651977539062 -26.068750381469727
548 77.44783782958984 -25.87623405456543
549 77.17430114746094 -25.843469619750977
550 76.82784271240234 -25.782140731811523
551 76.47173309326172 -25.69308853149414
552 76.06493377685547 -25.493167877197266
553 75.85084533691406 -25.353538513183594
554 75.49861145019531 -25.02541732788086
555 75.45492553710938 -24.923816680908203
556 80.8954849243164 -24.07464027404785
557 81.00715637207031 -24.118757247924805
558 81.37135314941406 -24.49053955078125
559 81.60663604736328 -24.65513801574707
560 81.8578872680664 -24.80933380126953
561 82.93306732177734 -25.0789852142334
562 83.07919311523438 -25.080167770385742
563 83.27396392822266 -25.127389907836914
564 83.59931182861328 -25.07096290588379
565 84.19429779052734 -24.920133590698242
566 84.62577819824219 -24.815799713134766
567 84.80199432373047 -24.683727264404297
568 84.85584259033203 -24.41321563720703
569 84.78392791748047 -23.517650604248047
570 84.86884307861328 -23.283645629882812
571 84.77140045166016 -22.982574462890625
572 84.59215545654297 -22.735593795776367
573 84.30032348632812 -22.6522159576416
574 83.82032775878906 -22.72764778137207
575 83.62102508544922 -22.733806610107422
576 83.3881607055664 -22.707584381103516
577 82.69508361816406 -22.576765060424805
578 82.44917297363281 -22.462360382080078
579 82.31663513183594 -22.14720344543457
580 82.32495880126953 -21.585290908813477
581 82.29783630371094 -21.14558982849121
582 82.11042785644531 -20.82210922241211
583 80.43660736083984 -17.924768447875977
584 80.29873657226562 -17.50391387939453
585 80.1007308959961 -17.27293586730957
586 79.56782531738281 -17.028432846069336
587 79.29312896728516 -16.993968963623047
588 79.13666534423828 -16.999216079711914
589 87.34741973876953 -29.223241806030273
590 87.34500122070312 -29.217416763305664
591 78.69515228271484 -18.46904182434082
592 78.55098724365234 -18.452627182006836
593 78.493896484375 -18.44887924194336
594 77.93831634521484 -18.480438232421875
595 77.61222076416016 -18.553476333618164
596 77.34255981445312 -18.686840057373047
597 76.98161315917969 -18.912254333496094
598 76.49711608886719 -19.062244415283203
599 76.22611999511719 -19.065616607666016
600 67.73114013671875 -18.804338455200195
601 67.58123016357422 -18.572935104370117
602 67.2655029296875 -17.881488800048828
603 67.10910034179688 -17.553104400634766
604 67.04891967773438 -17.23594093322754
605 66.98236083984375 -16.82771110534668
606 67.02815246582031 -16.440454483032227
607 67.1095199584961 -16.080516815185547
608 67.09564208984375 -15.726744651794434
609 66.9262924194336 -15.628682136535645
610 61.935089111328125 -15.780482292175293
611 61.66029357910156 -15.803927421569824
612 61.261085510253906 -15.870635032653809
613 61.12458038330078 -16.003807067871094
614 61.02429962158203 -16.714611053466797
615 61.121891021728516 -17.08971405029297
616 61.320343017578125 -17.410337448120117
617 61.64387893676758 -17.666515350341797
618 62.40388107299805 -18.072402954101562
619 62.582550048828125 -18.23872947692871
620 62.83427810668945 -18.409631729125977
621 63.19192123413086 -18.618675231933594
622 63.339569091796875 -18.740678787231445
623 80.85164642333984 -31.614994049072266
624 80.9145278930664 -31.609865188598633
625 81.05146026611328 -31.62870216369629
626 81.29581451416016 -31.697072982788086
627 81.72481536865234 -31.8247013092041
628 64.02899932861328 -17.225013732910156
629 64.12371063232422 -17.150175094604492
630 64.29645538330078 -17.030994415283203
631 64.64232635498047 -16.879390716552734
632 64.9938735961914 -16.737659454345703
633 65.19954681396484 -16.61965560913086
634 65.2863540649414 -16.493732452392578
635 63.753196716308594 -15.986753463745117
636 63.419185638427734 -15.9195556640625
637 63.255775451660156 -15.911951065063477
638 59.89189910888672 -12.992161750793457
639 59.76258087158203 -12.804737091064453
640 59.71083450317383 -12.616180419921875
641 59.67349624633789 -12.163412094116211
642 59.63140106201172 -11.605716705322266
643 59.572052001953125 -11.334139823913574
644 59.555660247802734 -11.186079978942871
645 59.57085418701172 -10.80777645111084
646 59.70077896118164 -10.44467544555664
647 59.91683578491211 -10.041077613830566
648 59.99967575073242 -9.909929275512695
649 72.77316284179688 -10.140214920043945
650 72.89987182617188 -10.192370414733887
651 73.14920043945312 -10.144295692443848
652 73.32585144042969 -10.135010719299316
653 73.70894622802734 -10.078645706176758
654 79.35803985595703 -14.059097290039062
655 79.3091049194336 -14.220070838928223
656 79.20626068115234 -14.456266403198242
657 79.07954406738281 -14.65662670135498
658 78.7197494506836 -14.96489429473877
659 78.13909149169922 -15.057737350463867
660 77.8575210571289 -15.068195343017578
661 77.39790344238281 -15.029537200927734
662 77.1498794555664 -14.961796760559082
663 76.81484985351562 -14.874785423278809
664 76.48441314697266 -14.757936477661133
665 76.17631530761719 -14.633631706237793
666 70.34846496582031 -12.349696159362793
667 70.23249053955078 -12.522420883178711
668 70.09735870361328 -12.836080551147461
669 70.08958435058594 -13.116350173950195
670 70.20846557617188 -13.290641784667969
671 74.51764678955078 -14.847986221313477
672 74.59002685546875 -14.824759483337402
673 81.17516326904297 -7.214364051818848
674 81.27965545654297 -7.026608943939209
675 81.45498657226562 -6.7028632164001465
676 81.46919250488281 -6.212038516998291
677 81.50624084472656 -5.7926435470581055
678 81.5972900390625 -5.524973392486572
679 81.84278869628906 -4.527360916137695
680 81.84565734863281 -4.207736015319824
681 81.75019836425781 -3.8273210525512695
682 81.53944396972656 -3.242800712585449
683 81.05491638183594 -2.1017467975616455
684 80.9444351196289 -1.897079586982727
685 80.7286605834961 -1.6371557712554932
686 80.61546325683594 -1.5991755723953247
687 73.29070281982422 -6.243937015533447
688 73.11629486083984 -6.350075721740723
689 72.8028793334961 -6.681488990783691
690 72.5684814453125 -7.107858180999756
691 72.78024291992188 -7.652963161468506
692 72.98273468017578 -8.010047912597656
693 73.10044860839844 -8.184370994567871
694 73.07962036132812 -8.352192878723145
695 71.82269287109375 -11.252846717834473
696 71.83206176757812 -11.436582565307617
697 71.801025390625 -11.869185447692871
698 71.82530212402344 -12.116697311401367
699 72.05142211914062 -12.698698997497559
700 72.26351165771484 -12.947630882263184
701 72.43051147460938 -13.136902809143066
702 72.566650390625 -13.331865310668945
703 72.9845199584961 -13.838713645935059
704 73.10612487792969 -14.105696678161621
705 73.08690643310547 -14.33856201171875
706 72.98065185546875 -14.474498748779297
707 72.38179779052734 -14.871296882629395
708 72.21630859375 -14.970433235168457
709 72.09889221191406 -15.053452491760254
710 69.05230712890625 -8.509389877319336
711 69.09149932861328 -8.23033618927002
712 69.31430053710938 -8.03746223449707
713 69.54827880859375 -7.936814785003662
714 70.0630874633789 -8.071125030517578
715 70.55782318115234 -8.25478458404541
716 70.96072387695312 -8.323009490966797
717 71.16029357910156 -8.602642059326172
718 71.24227142333984 -9.018410682678223
719 71.26775360107422 -9.360366821289062
720 71.28764343261719 -9.694226264953613
721 71.28999328613281 -9.94046401977539
722 72.65460205078125 -16.28430938720703
723 72.6729507446289 -16.308996200561523
724 72.75545501708984 -16.282840728759766
725 79.5295639038086 -19.815662384033203
726 79.61000061035156 -19.958261489868164
727 79.98509216308594 -20.480236053466797
728 80.22075653076172 -20.97601890563965
729 80.32965087890625 -21.266096115112305
730 80.41716003417969 -21.5725154876709
731 80.39995574951172 -21.934297561645508
732 80.2921142578125 -22.201950073242188
733 79.8375473022461 -22.35940933227539
734 79.32191467285156 -22.36281967163086
735 79.05548858642578 -22.27471351623535
736 78.82554626464844 -22.124004364013672
737 78.49889373779297 -21.846927642822266
738 78.10264587402344 -21.503339767456055
739 77.61932373046875 -21.03359603881836
740 77.32341766357422 -20.811132431030273
741 77.22262573242188 -20.89334487915039
742 77.00007629394531 -21.44394302368164
743 76.8358383178711 -21.529232025146484
744 76.47981262207031 -21.576784133911133
745 76.17908477783203 -21.737607955932617
746 75.93035125732422 -21.99596405029297
747 75.85398864746094 -22.391189575195312
748 76.1445541381836 -22.68630599975586
749 76.77132415771484 -23.098613739013672
750 76.96170806884766 -23.179407119750977
751 77.34042358398438 -23.307161331176758
752 77.88175964355469 -23.554798126220703
753 78.10353088378906 -23.762617111206055
754 78.63495635986328 -24.44035530090332
755 78.87644958496094 -24.637622833251953
756 79.33407592773438 -24.820571899414062
757 79.50349426269531 -24.89166831970215
758 79.57186126708984 -24.915496826171875
759 71.42008972167969 -22.913959503173828
760 71.26205444335938 -22.75746726989746
761 71.21748352050781 -22.632781982421875
762 71.2239990234375 -22.38819122314453
763 71.28970336914062 -22.225500106811523
764 73.77423858642578 -20.98653221130371
765 74.24703216552734 -20.889196395874023
766 74.64216613769531 -20.675249099731445
767 75.00994873046875 -20.386276245117188
768 75.1066665649414 -20.23200798034668
769 75.07670593261719 -20.18206787109375
770 72.21497344970703 -18.162296295166016
771 71.79181671142578 -18.017763137817383
772 71.64424133300781 -17.958087921142578
773 71.45596313476562 -17.713117599487305
774 71.405517578125 -17.49574089050293
775 71.2739486694336 -17.092296600341797
776 70.97891998291016 -16.86803436279297
777 70.72490692138672 -16.703805923461914
778 70.40729522705078 -16.644487380981445
779 70.19263458251953 -16.564971923828125
780 69.9729995727539 -16.495220184326172
781 69.67410278320312 -16.40206527709961
782 69.29947662353516 -16.258962631225586
783 68.94300842285156 -16.10854148864746
784 68.49966430664062 -15.908605575561523
785 68.35296630859375 -15.88497543334961
786 68.21687316894531 -15.844157218933105
787 65.37969207763672 -5.1226806640625
788 65.30229187011719 -4.9309797286987305
789 65.35321807861328 -4.548645496368408
790 65.41902160644531 -4.102513313293457
791 65.6590576171875 -3.7085843086242676
792 66.07564544677734 -3.4941353797912598
793 66.31676483154297 -3.4428963661193848
794 66.5961685180664 -3.6017823219299316
795 67.41024017333984 -4.271559238433838
796 67.72334289550781 -4.682515621185303
797 67.88875579833984 -5.084775447845459
798 67.90727233886719 -5.295904636383057
799 67.90275573730469 -6.346675395965576
800 68.18689727783203 -6.501020431518555
801 68.40873718261719 -6.55593729019165
802 68.51548767089844 -6.55180549621582
803 60.89971923828125 -23.144906997680664
804 60.94230270385742 -23.230754852294922
805 60.91484832763672 -23.34846305847168
806 60.776878356933594 -23.813024520874023
807 60.72077560424805 -23.973735809326172
808 86.73479461669922 -18.545583724975586
809 87.06422424316406 -18.380889892578125
810 87.32098388671875 -18.33395767211914
811 87.97554016113281 -18.2557430267334
812 88.56507110595703 -18.28611946105957
813 88.9083023071289 -18.395057678222656
814 89.15375518798828 -18.650205612182617
815 89.28561401367188 -19.032413482666016
816 89.35237884521484 -19.94703483581543
817 89.42797088623047 -20.341079711914062
818 89.44019317626953 -20.47356605529785
819 79.72999572753906 -29.44180679321289
820 79.40486145019531 -29.49700355529785
821 79.1390151977539 -29.612184524536133
822 79.05537414550781 -29.797489166259766
823 78.80091857910156 -30.146074295043945
824 78.6257553100586 -30.34764289855957
825 65.9786376953125 -26.432403564453125
826 65.91901397705078 -26.300888061523438
827 65.8309326171875 -25.95711326599121
828 65.78569793701172 -25.509248733520508
829 65.847900390625 -25.245052337646484
830 66.10504150390625 -24.950618743896484
831 66.34355926513672 -24.85759162902832
832 67.17678833007812 -24.978063583374023
833 67.58575439453125 -25.000600814819336
834 67.90620422363281 -25.08058738708496
835 68.16633605957031 -25.163602828979492
836 68.29666900634766 -25.07275390625
837 71.83154296875 -24.433612823486328
838 71.97946166992188 -24.42982292175293
839 72.41831970214844 -24.376632690429688
840 72.59719848632812 -24.457149505615234
841 72.74247741699219 -24.599964141845703
842 73.01925659179688 -24.941001892089844
843 73.24370574951172 -24.89177703857422
844 73.60498046875 -24.718280792236328
845 73.97648620605469 -24.483388900756836
846 74.52265167236328 -24.096946716308594
847 74.50650787353516 -23.73858642578125
848 74.4173355102539 -23.42630386352539
849 74.27147674560547 -23.126461029052734
850 74.02262115478516 -22.819473266601562
851 73.84436798095703 -22.592479705810547
852 73.4259033203125 -22.205968856811523
853 73.225341796875 -21.985027313232422
854 73.00894165039062 -21.802114486694336
855 72.4699935913086 -21.487367630004883
856 72.103515625 -21.18714714050293
857 71.92415618896484 -21.018638610839844
858 71.62368774414062 -20.615854263305664
859 71.25332641601562 -20.168424606323242
860 71.00469207763672 -19.9580020904541
861 70.6285171508789 -19.87277603149414
862 70.46883392333984 -19.779666900634766
863 70.45820617675781 -19.57880973815918
864 70.78587341308594 -19.04313087463379
865 75.82159423828125 -17.42010498046875
866 76.09034729003906 -17.315711975097656
867 76.5234146118164 -16.987098693847656
868 76.53079223632812 -16.66544532775879
869 76.0030517578125 -16.358688354492188
870 75.6310043334961 -16.28569984436035
871 75.16441345214844 -16.43116569519043
872 74.77328491210938 -16.59914779663086
873 74.5836181640625 -16.635427474975586
874 74.26435089111328 -16.748979568481445
875 74.0009765625 -16.807077407836914
876 73.48748779296875 -17.20635414123535
877 73.42159271240234 -17.407140731811523
878 73.43492889404297 -17.498926162719727
879 55.147789001464844 -28.36957550048828
880 55.06605911254883 -28.615915298461914
881 55.05403518676758 -28.900667190551758
882 55.00358581542969 -29.46240234375
883 55.11044692993164 -29.672563552856445
884 55.243247985839844 -29.992443084716797
885 55.37019729614258 -30.125755310058594
886 55.833587646484375 -30.532108306884766
887 56.01038360595703 -30.588302612304688
888 56.31326675415039 -30.633939743041992
889 56.64919662475586 -30.69734001159668
890 83.60767364501953 -18.34657096862793
891 83.55232238769531 -18.155010223388672
892 83.36959075927734 -17.810832977294922
893 83.16320037841797 -17.541759490966797
894 82.8939208984375 -17.2847843170166
895 82.65646362304688 -17.04566192626953
896 82.31719207763672 -16.82512855529785
897 82.07093048095703 -16.60878562927246
898 81.75438690185547 -16.295894622802734
899 81.47740936279297 -15.888069152832031
900 81.32355499267578 -15.545188903808594
901 81.26549530029297 -15.060169219970703
902 81.28368377685547 -14.701334953308105
903 81.547119140625 -14.125395774841309
904 81.72978973388672 -14.042916297912598
905 82.99504089355469 -14.136113166809082
906 83.31330871582031 -14.104659080505371
907 83.60635375976562 -13.929964065551758
908 83.96066284179688 -13.640782356262207
909 84.17155456542969 -13.430608749389648
910 84.51837158203125 -13.04798698425293
911 85.03174591064453 -12.505678176879883
912 85.39559173583984 -12.157407760620117
913 85.59642028808594 -11.925344467163086
914 85.9704818725586 -11.36884593963623
915 86.1432113647461 -11.016057968139648
916 86.1429672241211 -10.696330070495605
917 86.03302001953125 -10.331673622131348
918 85.75883483886719 -9.92245101928711
919 85.40023803710938 -9.690508842468262
920 84.74459838867188 -9.418699264526367
921 84.31874084472656 -9.311535835266113
922 83.87052917480469 -9.310162544250488
923 83.55253601074219 -9.323468208312988
924 82.8678970336914 -9.32280158996582
925 82.53681182861328 -9.303293228149414
926 82.22681427001953 -9.305207252502441
927 72.6035385131836 -4.795675754547119
928 72.40843200683594 -4.576380729675293
929 72.10829162597656 -4.459526062011719
930 71.67438507080078 -4.315040588378906
931 71.3801040649414 -4.206343650817871
932 71.01179504394531 -3.9717507362365723
933 70.76396179199219 -3.91690993309021
934 70.33099365234375 -4.164281845092773
935 70.12055969238281 -4.976304054260254
936 70.07830047607422 -5.5176825523376465
937 70.12799835205078 -5.6891279220581055
938 70.3961181640625 -6.09033203125
939 70.5992660522461 -6.450850963592529
940 78.6139144897461 -11.322013854980469
941 78.77969360351562 -11.428523063659668
942 78.85733795166016 -11.71595573425293
943 78.86302185058594 -11.920357704162598
944 78.71588134765625 -12.11662483215332
945 78.39369201660156 -12.347563743591309
946 77.62982177734375 -12.58358383178711
947 77.30582427978516 -12.64963150024414
948 76.81909942626953 -12.792510032653809
949 76.21826934814453 -13.146061897277832
950 75.90895080566406 -13.247694969177246
951 75.42619323730469 -13.372376441955566
952 75.12403869628906 -13.42713451385498
953 74.89462280273438 -13.474203109741211
954 74.51134490966797 -13.566343307495117
955 70.97396087646484 -14.6664400100708
956 70.84394836425781 -14.656834602355957
957 70.3473892211914 -14.646195411682129
958 69.99494171142578 -14.662763595581055
959 69.37353515625 -14.496500968933105
960 69.23631286621094 -14.423243522644043
961 68.79464721679688 -14.4158935546875
962 68.59684753417969 -14.317926406860352
963 68.43409729003906 -13.943273544311523
964 68.44766998291016 -13.370842933654785
965 68.4691162109375 -12.952452659606934
966 68.50605773925781 -12.56972885131836
967 68.66837310791016 -11.974791526794434
968 68.65199279785156 -11.767420768737793
969 68.54467010498047 -11.529703140258789
970 68.14051818847656 -11.079606056213379
971 67.91370391845703 -10.893064498901367
972 67.67496490478516 -10.835092544555664
973 66.97869873046875 -11.095209121704102
974 66.7654800415039 -11.145655632019043
975 66.75054168701172 -11.304240226745605
976 72.52351379394531 -19.464332580566406
977 72.65508270263672 -19.48080062866211
978 72.7979736328125 -19.425708770751953
979 73.18290710449219 -19.31313705444336
980 73.50167083740234 -19.138219833374023
981 74.10149383544922 -18.964174270629883
982 74.45340728759766 -18.710275650024414
983 74.6307601928711 -18.6428165435791
984 74.9180908203125 -18.63882827758789
985 81.44219207763672 -19.048477172851562
986 81.62242889404297 -19.250307083129883
987 81.73468780517578 -19.547000885009766
988 81.74471282958984 -19.746000289916992
989 84.52204132080078 -26.867816925048828
990 84.56560516357422 -26.959529876708984
991 84.68896484375 -27.230714797973633
992 85.20248413085938 -28.328351974487305
993 85.2822036743164 -28.55384635925293
994 85.2686996459961 -28.659460067749023
995 84.45199584960938 -29.545637130737305
996 84.26143646240234 -29.67462730407715
997 83.54471588134766 -29.927820205688477
998 83.41806030273438 -29.897327423095703
999 83.3176040649414 -29.81656837463379
