0 56.077903747558594 -16.71086883544922
1 55.934600830078125 -16.69492530822754
2 55.63771057128906 -16.714344024658203
3 55.13884353637695 -16.771800994873047
4 54.58558654785156 -16.97115135192871
5 54.08594512939453 -17.27865219116211
6 53.87450408935547 -17.54731559753418
7 53.67050552368164 -17.861696243286133
8 53.45265579223633 -18.229833602905273
9 57.707191467285156 -30.576324462890625
10 57.50407791137695 -30.548255920410156
11 57.101192474365234 -30.48567771911621
12 56.8231315612793 -30.33514976501465
13 56.69248580932617 -30.043338775634766
14 56.6358642578125 -29.69850730895996
15 56.668540954589844 -29.127901077270508
16 56.65225601196289 -28.712600708007812
17 56.64609146118164 -28.352724075317383
18 56.742469787597656 -27.87738800048828
19 56.98813247680664 -27.26865577697754
20 57.08960723876953 -27.100704193115234
21 66.31690216064453 -20.80409812927246
22 66.50717163085938 -20.660058975219727
23 66.76158142089844 -20.576414108276367
24 67.01699829101562 -20.513078689575195
25 67.19202423095703 -20.001014709472656
26 67.20526885986328 -19.78973960876465
27 66.36671447753906 -17.53949737548828
28 66.34149169921875 -17.385360717773438
29 66.41072845458984 -17.09699249267578
30 66.33744812011719 -16.75803565979004
31 66.13392639160156 -16.333478927612305
32 66.02725982666016 -16.08376121520996
33 65.5547866821289 -15.694915771484375
34 65.10784912109375 -15.618185043334961
35 64.98417663574219 -15.786641120910645
36 64.9908218383789 -16.536041259765625
37 65.05473327636719 -16.852806091308594
38 65.15475463867188 -17.045101165771484
39 71.96624755859375 -35.12062454223633
40 72.14080047607422 -35.18156814575195
41 72.36267852783203 -35.2120361328125
42 72.80850219726562 -35.14554977416992
43 73.1946792602539 -34.94770050048828
44 73.5474624633789 -34.68871307373047
45 73.98463439941406 -34.44252014160156
46 64.85651397705078 -9.74599552154541
47 64.7188491821289 -9.667290687561035
48 64.3781509399414 -9.386883735656738
49 63.91838836669922 -9.321846008300781
50 63.733150482177734 -9.451716423034668
51 63.47101974487305 -9.810580253601074
52 63.383567810058594 -10.08510971069336
53 63.406986236572266 -10.57015323638916
54 63.48434066772461 -11.022642135620117
55 63.43610382080078 -11.21658992767334
56 62.51982879638672 -35.366981506347656
57 62.39312744140625 -35.312255859375
58 62.231163024902344 -35.213741302490234
59 61.57319641113281 -34.592750549316406
60 61.40110397338867 -34.35437774658203
61 61.14407730102539 -33.96555709838867
62 60.94364547729492 -33.679813385009766
63 60.60536193847656 -33.46477127075195
64 59.498863220214844 -33.10345458984375
65 59.385555267333984 -33.075035095214844
66 84.46849060058594 -8.377991676330566
67 84.47881317138672 -8.34952163696289
68 84.49138641357422 -8.318692207336426
69 53.228397369384766 -13.434216499328613
70 53.3906364440918 -13.404823303222656
71 53.664058685302734 -13.36661434173584
72 53.993988037109375 -13.305752754211426
73 54.36405944824219 -13.263456344604492
74 54.660606384277344 -13.246365547180176
75 55.12198257446289 -13.235771179199219
76 55.71852493286133 -13.197951316833496
77 55.92240905761719 -13.212081909179688
78 56.45485305786133 -13.276623725891113
79 56.90925979614258 -13.413982391357422
80 57.12185287475586 -13.598416328430176
81 57.45451736450195 -13.983601570129395
82 57.67902374267578 -14.31690788269043
83 57.82958221435547 -14.546473503112793
84 58.0064811706543 -14.867735862731934
85 58.11625289916992 -15.125056266784668
86 58.417938232421875 -16.379560470581055
87 58.51671600341797 -16.59681510925293
88 58.78296661376953 -16.60239028930664
89 59.235633850097656 -16.527610778808594
90 59.422584533691406 -16.503389358520508
91 59.66270065307617 -16.512510299682617
92 59.80550765991211 -16.58836555480957
93 60.58778381347656 -17.178569793701172
94 60.69640350341797 -17.217178344726562
95 64.73119354248047 -20.42401695251465
96 64.72105407714844 -20.665803909301758
97 64.37022399902344 -20.742895126342773
98 64.15462493896484 -20.616138458251953
99 63.83793258666992 -20.232803344726562
100 63.70600509643555 -20.00105094909668
101 63.764320373535156 -19.586719512939453
102 63.90925979614258 -19.245315551757812
103 64.11013793945312 -19.053966522216797
104 64.5453109741211 -18.830656051635742
105 64.82907104492188 -18.7017879486084
106 64.95199584960938 -18.729782104492188
107 65.71444702148438 -36.22108840942383
108 65.6273422241211 -36.04334259033203
109 65.48329162597656 -35.73414611816406
110 65.35206604003906 -35.482948303222656
111 65.2974853515625 -35.27186584472656
112 65.03616333007812 -34.373138427734375
113 64.93601989746094 -34.04916000366211
114 64.82176971435547 -33.804840087890625
115 63.12638473510742 -29.534101486206055
116 63.056007385253906 -29.26399803161621
117 63.04855728149414 -29.072187423706055
118 62.996299743652344 -28.89241600036621
119 62.420257568359375 -28.136959075927734
120 62.26142501831055 -27.94196128845215
121 57.467681884765625 -9.204806327819824
122 57.547508239746094 -9.13407039642334
123 57.967979431152344 -8.926522254943848
124 58.54370880126953 -8.668366432189941
125 58.76467514038086 -8.500256538391113
126 58.97720718383789 -8.255215644836426
127 59.10655212402344 -7.79816198348999
128 59.154205322265625 -7.179820537567139
129 59.200382232666016 -6.857744216918945
130 59.18293380737305 -6.641867160797119
131 58.99413299560547 -5.665952682495117
132 58.99077224731445 -5.231010437011719
133 59.07575607299805 -4.723660469055176
134 59.13726043701172 -4.524658203125
135 59.231781005859375 -4.293439865112305
136 59.92558670043945 -3.570058822631836
137 60.20683288574219 -3.405653953552246
138 60.33298873901367 -3.3705837726593018
139 60.66120529174805 -3.3345720767974854
140 61.108642578125 -3.5257163047790527
141 63.635738372802734 -14.8079195022583
142 63.92873001098633 -14.953034400939941
143 64.10625457763672 -15.017573356628418
144 71.7803955078125 -28.660541534423828
145 71.58379364013672 -29.027347564697266
146 71.43924713134766 -29.129833221435547
147 71.28482055664062 -29.284313201904297
148 71.0469970703125 -29.721092224121094
149 70.74549865722656 -30.011943817138672
150 70.48939514160156 -30.44015121459961
151 70.54533386230469 -30.657032012939453
152 70.88545227050781 -31.139585494995117
153 71.11331176757812 -31.38731575012207
154 71.3929214477539 -31.717594146728516
155 71.51123809814453 -31.979816436767578
156 71.55989837646484 -32.623783111572266
157 71.46627044677734 -32.79832458496094
158 70.70353698730469 -32.941402435302734
159 70.40412139892578 -32.900611877441406
160 69.93848419189453 -32.677303314208984
161 69.61483001708984 -32.45649719238281
162 69.37191772460938 -32.25747299194336
163 69.04492950439453 -32.023067474365234
164 68.72896575927734 -31.900175094604492
165 68.09629821777344 -32.10562515258789
166 67.9156723022461 -32.27770233154297
167 67.8545913696289 -32.590728759765625
168 67.90399169921875 -33.682579040527344
169 67.96009063720703 -33.910377502441406
170 68.24099731445312 -34.3839225769043
171 68.4513931274414 -34.72831726074219
172 68.58062744140625 -34.88175964355469
173 68.7484130859375 -35.55809783935547
174 68.87279510498047 -35.97845458984375
175 68.95374298095703 -36.209049224853516
176 68.98197174072266 -36.34188461303711
177 60.182373046875 -21.197221755981445
178 60.13572311401367 -21.47007179260254
179 60.15708923339844 -21.752653121948242
180 60.35082244873047 -22.63908576965332
181 60.414554595947266 -22.905405044555664
182 60.513427734375 -23.416370391845703
183 60.552947998046875 -23.708274841308594
184 60.54137420654297 -24.131200790405273
185 60.357696533203125 -24.500253677368164
186 60.25741195678711 -24.861494064331055
187 60.243202209472656 -25.275714874267578
188 60.26457214355469 -25.87024688720703
189 60.229736328125 -26.18986701965332
190 59.97511291503906 -26.715179443359375
191 59.877315521240234 -26.86988067626953
192 59.37492370605469 -27.66777801513672
193 59.34828567504883 -27.729440689086914
194 76.62437438964844 -33.98695373535156
195 76.69635009765625 -33.77547073364258
196 76.78376770019531 -33.444602966308594
197 76.8347396850586 -33.06426239013672
198 76.85441589355469 -32.770660400390625
199 74.93993377685547 -25.28558921813965
200 74.69620513916016 -24.973968505859375
201 74.55705261230469 -24.944841384887695
202 74.20668029785156 -24.896984100341797
203 73.9200668334961 -24.940271377563477
204 73.68608093261719 -24.939496994018555
205 73.20893096923828 -24.835466384887695
206 72.80805206298828 -24.73597526550293
207 72.53990936279297 -24.69298553466797
208 72.16767883300781 -24.412914276123047
209 71.96017456054688 -24.158851623535156
210 71.68557739257812 -23.714826583862305
211 71.40294647216797 -23.531126022338867
212 71.12904357910156 -23.871610641479492
213 70.90218353271484 -24.009002685546875
214 70.65094757080078 -23.84227752685547
215 70.247314453125 -23.539724349975586
216 70.03119659423828 -23.453903198242188
217 69.30423736572266 -23.68195343017578
218 69.24408721923828 -23.71097755432129
219 74.64855194091797 -1.0916920900344849
220 74.6337890625 -1.3476215600967407
221 74.58881378173828 -1.557579517364502
222 74.40830993652344 -2.367887496948242
223 74.41912078857422 -2.499788522720337
224 79.58143615722656 -9.876472473144531
225 79.86827087402344 -10.019424438476562
226 80.05715942382812 -10.043920516967773
227 80.76603698730469 -10.353523254394531
228 80.88287353515625 -10.452994346618652
229 80.84081268310547 -10.793084144592285
230 80.83041381835938 -11.41126537322998
231 80.80585479736328 -11.61080265045166
232 80.7104263305664 -11.932731628417969
233 80.59521484375 -12.280915260314941
234 80.54489135742188 -12.503671646118164
235 78.70410919189453 -28.002681732177734
236 78.65508270263672 -27.98581314086914
237 78.58914184570312 -27.942182540893555
238 78.55242156982422 -27.963703155517578
239 62.29561233520508 -0.599617600440979
240 62.41101837158203 -0.44780582189559937
241 62.975337982177734 0.23926103115081787
242 63.19588851928711 0.5486282706260681
243 63.425941467285156 0.8635467886924744
244 63.86385726928711 1.044751524925232
245 64.15030670166016 1.0878088474273682
246 64.72428131103516 0.7940171957015991
247 65.63070678710938 -0.029726451262831688
248 65.84811401367188 -0.27831003069877625
249 66.3476791381836 -1.0457086563110352
250 66.45944213867188 -1.3159939050674438
251 66.52640533447266 -1.3685866594314575
252 86.87633514404297 -25.421337127685547
253 86.86705780029297 -25.25465202331543
254 86.79534912109375 -24.811988830566406
255 86.70600128173828 -24.366500854492188
256 86.65487670898438 -24.05178451538086
257 86.66497802734375 -23.844341278076172
258 87.54633331298828 -22.742420196533203
259 87.60381317138672 -22.660694122314453
260 69.70924377441406 -16.992319107055664
261 69.54483032226562 -16.901018142700195
262 69.35629272460938 -16.723899841308594
263 69.08544921875 -16.4859619140625
264 68.9030532836914 -16.27214813232422
265 68.67804718017578 -16.069725036621094
266 68.65658569335938 -16.04772186279297
267 53.28691482543945 -5.278931617736816
268 53.36867141723633 -5.303055286407471
269 53.64459991455078 -5.396466255187988
270 54.02237319946289 -5.535747051239014
271 54.67637252807617 -5.7769975662231445
272 54.96480178833008 -5.90079402923584
273 55.09177780151367 -5.972324371337891
274 55.238399505615234 -6.0558061599731445
275 65.64566040039062 -10.88637638092041
276 65.78056335449219 -11.030165672302246
277 66.08547973632812 -11.389546394348145
278 66.19422149658203 -11.63515853881836
279 66.12981414794922 -11.885692596435547
280 65.9170913696289 -12.145566940307617
281 64.98013305664062 -12.204817771911621
282 64.81483459472656 -12.114363670349121
283 64.74931335449219 -11.990194320678711
284 73.53636169433594 -11.027029991149902
285 73.79393768310547 -10.984476089477539
286 74.163818359375 -10.830758094787598
287 74.4331283569336 -10.74188232421875
288 74.8933334350586 -10.768019676208496
289 75.1454849243164 -10.773519515991211
290 75.49677276611328 -10.624805450439453
291 75.67814636230469 -10.387442588806152
292 75.78511047363281 -9.4992094039917
293 75.68051147460938 -9.315678596496582
294 75.3769302368164 -9.200593948364258
295 74.96392059326172 -9.001797676086426
296 74.78787231445312 -8.986565589904785
297 71.66130828857422 -10.264864921569824
298 71.54290008544922 -10.206501007080078
299 71.22669219970703 -9.979683876037598
300 70.9139175415039 -9.5926513671875
301 70.80535125732422 -9.232827186584473
302 70.77239990234375 -9.081195831298828
303 70.85903930664062 -8.940492630004883
304 76.73152160644531 -7.588513374328613
305 76.89691925048828 -7.5365309715271
306 77.14891815185547 -7.456095218658447
307 77.38491821289062 -7.381468772888184
308 77.65852355957031 -7.299259185791016
309 77.86851501464844 -7.2633137702941895
310 78.43997192382812 -7.101378917694092
311 78.69013214111328 -6.840385913848877
312 79.13433837890625 -6.327539443969727
313 79.15753173828125 -6.098629474639893
314 79.24354553222656 -5.583456039428711
315 79.24365997314453 -5.171968936920166
316 79.2824935913086 -4.761815071105957
317 79.27467346191406 -4.562715530395508
318 79.14281463623047 -4.262608051300049
319 78.87615203857422 -3.9644124507904053
320 78.25113677978516 -3.752624273300171
321 77.80853271484375 -3.6714372634887695
322 77.3300552368164 -3.6236679553985596
323 76.7548599243164 -3.563772439956665
324 76.47164916992188 -3.640510320663452
325 76.05400085449219 -4.039759635925293
326 75.83658599853516 -4.531411647796631
327 75.82837677001953 -5.065085411071777
328 75.81006622314453 -5.446760177612305
329 75.58570861816406 -6.14414644241333
330 75.42998504638672 -6.416319370269775
331 75.26703643798828 -6.666111946105957
332 74.94363403320312 -6.923634052276611
333 74.6591796875 -7.037186145782471
334 74.07817840576172 -7.362311363220215
335 73.80633544921875 -7.5254340171813965
336 73.5855712890625 -7.517866611480713
337 72.7042465209961 -7.451275825500488
338 72.50084686279297 -7.536284446716309
339 72.25446319580078 -7.774750709533691
340 67.43801879882812 -12.537012100219727
341 67.2978515625 -12.641669273376465
342 67.02155303955078 -12.876250267028809
343 66.50929260253906 -13.084709167480469
344 65.94017028808594 -13.418530464172363
345 65.82891845703125 -13.524807929992676
346 65.61447143554688 -13.903472900390625
347 65.36470031738281 -14.119011878967285
348 65.16924285888672 -14.097874641418457
349 64.48809814453125 -13.716742515563965
350 64.13566589355469 -13.43142318725586
351 63.949371337890625 -13.248844146728516
352 63.796600341796875 -13.16378402709961
353 63.108463287353516 -13.069731712341309
354 62.692710876464844 -13.19945240020752
355 62.5684814453125 -13.361936569213867
356 62.5493278503418 -13.63694953918457
357 68.1872329711914 -24.913787841796875
358 68.27547454833984 -24.942232131958008
359 68.4519271850586 -24.91989517211914
360 69.04882049560547 -24.960224151611328
361 69.34555053710938 -25.042699813842773
362 72.611328125 -26.96772575378418
363 72.86184692382812 -27.189943313598633
364 73.2806625366211 -27.51051139831543
365 73.59564971923828 -27.755962371826172
366 73.7226791381836 -27.995744705200195
367 73.8987808227539 -28.42402458190918
368 73.9882583618164 -28.683820724487305
369 74.04888153076172 -28.930395126342773
370 74.47489166259766 -31.632217407226562
371 74.42871856689453 -31.68475341796875
372 74.2829818725586 -31.617328643798828
373 74.09163665771484 -31.449621200561523
374 73.79695892333984 -31.094192504882812
375 73.55172729492188 -30.70135498046875
376 73.41132354736328 -30.401870727539062
377 73.37784576416016 -30.316680908203125
378 58.8677864074707 -19.158971786499023
379 58.75356674194336 -19.141460418701172
380 58.406639099121094 -19.143539428710938
381 57.88035583496094 -19.1649169921875
382 57.267337799072266 -19.27941131591797
383 56.51980209350586 -19.485992431640625
384 55.83871078491211 -19.68655776977539
385 55.59505844116211 -19.830886840820312
386 55.401851654052734 -20.06528663635254
387 55.187171936035156 -20.659914016723633
388 55.18949508666992 -21.21987533569336
389 55.331390380859375 -21.50223159790039
390 55.82191848754883 -21.7432918548584
391 56.11592483520508 -21.84246826171875
392 56.388187408447266 -21.81134796142578
393 57.3167839050293 -21.524255752563477
394 57.79957580566406 -21.510377883911133
395 57.990821838378906 -21.709575653076172
396 58.13217544555664 -22.02039337158203
397 58.33108139038086 -22.48542594909668
398 58.26450729370117 -22.820999145507812
399 57.41883087158203 -23.509307861328125
400 57.086883544921875 -23.766088485717773
401 56.64030075073242 -24.30083656311035
402 56.60091781616211 -24.53443145751953
403 56.6064338684082 -24.6912899017334
404 56.795555114746094 -24.936742782592773
405 57.17858123779297 -25.268505096435547
406 57.51066207885742 -25.371030807495117
407 57.66678237915039 -25.359107971191406
408 58.137420654296875 -24.91368865966797
409 58.450233459472656 -24.679174423217773
410 58.758827209472656 -24.255882263183594
411 61.67607116699219 -11.332864761352539
412 61.64582824707031 -11.128010749816895
413 61.585445404052734 -10.197159767150879
414 61.441009521484375 -10.152981758117676
415 60.71369171142578 -10.081372261047363
416 60.499298095703125 -10.179570198059082
417 60.42461013793945 -10.307991981506348
418 60.643062591552734 -18.899869918823242
419 60.85205078125 -19.07417869567871
420 61.0664176940918 -19.15582275390625
421 61.392616271972656 -19.41301727294922
422 61.60945510864258 -19.7672119140625
423 61.683685302734375 -19.970638275146484
424 61.618526458740234 -20.490034103393555
425 61.614013671875 -20.928504943847656
426 61.71526336669922 -21.30533790588379
427 61.934425354003906 -21.465730667114258
428 62.54035186767578 -21.70962142944336
429 62.633934020996094 -21.835256576538086
430 60.94681167602539 -28.887659072875977
431 60.87565612792969 -29.152868270874023
432 60.5776481628418 -29.850173950195312
433 60.479469299316406 -30.075563430786133
434 60.43461227416992 -30.767778396606445
435 60.50218200683594 -30.981605529785156
436 60.79108810424805 -31.195295333862305
437 61.06812286376953 -31.24675941467285
438 61.81454086303711 -31.038619995117188
439 62.10310363769531 -31.007123947143555
440 62.2344856262207 -31.092899322509766
441 62.64005661010742 -31.427165985107422
442 62.96480178833008 -31.606826782226562
443 63.39312744140625 -31.84273338317871
444 63.627479553222656 -31.944793701171875
445 64.07598114013672 -32.067474365234375
446 64.80184936523438 -32.20622634887695
447 65.19680786132812 -32.12751007080078
448 65.36253356933594 -31.96189308166504
449 65.34114074707031 -31.77342414855957
450 64.92193603515625 -31.261911392211914
451 64.81315612792969 -31.011667251586914
452 64.76787567138672 -30.647939682006836
453 64.78842163085938 -30.40045738220215
454 64.95547485351562 -29.743459701538086
455 65.08004760742188 -29.276525497436523
456 65.1867904663086 -29.037395477294922
457 65.67949676513672 -28.208581924438477
458 65.83349609375 -28.13509750366211
459 66.1183853149414 -28.334697723388672
460 66.44580841064453 -28.6722412109375
461 66.86735534667969 -29.045427322387695
462 67.13406372070312 -29.34699821472168
463 67.27995300292969 -29.63675308227539
464 67.29991912841797 -29.85344696044922
465 67.13778686523438 -30.16426658630371
466 66.8677978515625 -30.42842674255371
467 66.64935302734375 -30.54712677001953
468 66.53453063964844 -30.62887191772461
469 77.97968292236328 -1.1192615032196045
470 77.94677734375 -1.1251106262207031
471 64.75827026367188 -26.92813491821289
472 64.65501403808594 -26.877418518066406
473 64.35936737060547 -26.751222610473633
474 63.995941162109375 -26.577089309692383
475 63.729713439941406 -26.37738037109375
476 63.4734001159668 -26.25298309326172
477 63.10490417480469 -26.23676872253418
478 62.44850540161133 -26.172163009643555
479 62.13226318359375 -26.125154495239258
480 62.07246017456055 -25.978723526000977
481 62.427467346191406 -24.986419677734375
482 62.54029083251953 -24.682043075561523
483 62.587703704833984 -24.538436889648438
484 62.61973190307617 -24.087909698486328
485 62.66152572631836 -23.579275131225586
486 62.82635498046875 -23.21405601501465
487 63.10110092163086 -23.003787994384766
488 63.5034065246582 -23.01572608947754
489 63.90045166015625 -23.06221580505371
490 64.30924987792969 -23.102767944335938
491 64.66617584228516 -22.991901397705078
492 64.83491516113281 -22.761842727661133
493 64.95481872558594 -22.49217987060547
494 70.49696350097656 -25.935680389404297
495 70.63167572021484 -26.003040313720703
496 71.25694274902344 -26.195634841918945
497 71.30616760253906 -26.326396942138672
498 71.1151351928711 -26.775434494018555
499 70.8569107055664 -27.1793155670166
500 70.69348907470703 -27.307880401611328
501 70.57958221435547 -27.35848045349121
502 69.46165466308594 -28.13605499267578
503 69.35765075683594 -28.129432678222656
504 69.19107055664062 -27.94700813293457
505 69.0338363647461 -27.872241973876953
506 68.31576538085938 -27.34252166748047
507 68.160400390625 -27.18642234802246
508 67.97335815429688 -26.794363021850586
509 67.80663299560547 -26.637826919555664
510 67.30387878417969 -26.358322143554688
511 67.23726654052734 -26.189857482910156
512 66.22237396240234 -22.20221710205078
513 66.17597198486328 -22.073991775512695
514 65.98745727539062 -21.982269287109375
515 63.84204864501953 -17.427173614501953
516 63.6415901184082 -17.234378814697266
517 63.46148681640625 -17.206438064575195
518 63.25667190551758 -17.293304443359375
519 62.898441314697266 -17.605077743530273
520 62.58100509643555 -17.85174560546875
521 62.31127166748047 -17.882530212402344
522 62.08785629272461 -17.699363708496094
523 59.48221969604492 -12.403299331665039
524 59.424434661865234 -12.127642631530762
525 59.36967468261719 -11.958086967468262
526 59.19538116455078 -11.755170822143555
527 58.594600677490234 -11.395645141601562
528 58.28593444824219 -11.26577377319336
529 57.89835739135742 -11.168401718139648
530 57.76740646362305 -11.123748779296875
531 55.82099914550781 -10.22983169555664
532 55.577545166015625 -10.0965576171875
533 55.43026351928711 -10.008424758911133
534 55.18376541137695 -9.86650276184082
535 55.06945037841797 -9.805632591247559
536 78.69374084472656 -31.386716842651367
537 78.89450073242188 -31.343334197998047
538 79.39495086669922 -31.19969367980957
539 79.61377716064453 -31.062702178955078
540 80.03852081298828 -30.675935745239258
541 80.3785629272461 -30.35277557373047
542 80.752685546875 -30.142074584960938
543 81.03401184082031 -29.995555877685547
544 81.16859436035156 -29.80869483947754
545 81.27474975585938 -29.58017349243164
546 75.20137023925781 -23.439382553100586
547 75.04718780517578 -23.264690399169922
548 74.76490783691406 -23.050182342529297
549 74.49159240722656 -23.013851165771484
550 74.13346099853516 -22.944664001464844
551 73.75946807861328 -22.863550186157227
552 73.31427764892578 -22.674163818359375
553 73.06002044677734 -22.5823974609375
554 72.63599395751953 -22.366668701171875
555 72.57926940917969 -22.30095863342285
556 79.0398941040039 -22.59922218322754
557 79.14080047607422 -22.668968200683594
558 79.39358520507812 -23.16941261291504
559 79.57999420166016 -23.40836524963379
560 79.82037353515625 -23.615203857421875
561 80.9189682006836 -24.021760940551758
562 81.07388305664062 -24.041173934936523
563 81.270751953125 -24.116117477416992
564 81.62443542480469 -24.06171226501465
565 82.25837707519531 -23.915706634521484
566 82.70482635498047 -23.814931869506836
567 82.89714813232422 -23.686988830566406
568 82.98358917236328 -23.429561614990234
569 83.03449249267578 -22.46292495727539
570 83.1219253540039 -22.22932243347168
571 82.9883804321289 -22.006549835205078
572 82.75666809082031 -21.85438346862793
573 82.41508483886719 -21.863759994506836
574 81.88067626953125 -21.99199676513672
575 81.6723861694336 -21.95969581604004
576 81.43976593017578 -21.837623596191406
577 80.71794891357422 -21.498994827270508
578 80.43937683105469 -21.362966537475586
579 80.23014068603516 -21.070085525512695
580 80.09465026855469 -20.522245407104492
581 79.97029113769531 -19.955629348754883
582 79.70929718017578 -19.322370529174805
583 79.45932006835938 -18.5916690826416
584 79.35242462158203 -18.022480010986328
585 79.19159698486328 -17.715030670166016
586 78.73375701904297 -17.27850914001465
587 78.5137939453125 -17.133697509765625
588 78.39567565917969 -17.075288772583008
589 79.79924011230469 -26.231414794921875
590 79.70952606201172 -26.225526809692383
591 78.8258056640625 -25.983402252197266
592 78.42325592041016 -25.86595344543457
593 78.3450698852539 -25.86522102355957
594 77.67516326904297 -25.61988067626953
595 77.32368469238281 -25.381044387817383
596 77.12212371826172 -25.17525863647461
597 76.96395874023438 -24.983627319335938
598 69.80323028564453 -18.942527770996094
599 69.6484375 -18.79545021057129
600 69.20394897460938 -18.387962341308594
601 69.00831604003906 -18.114896774291992
602 67.5569076538086 -15.9063138961792
603 67.41664123535156 -15.66769790649414
604 67.30791473388672 -15.40151596069336
605 67.1668930053711 -15.048129081726074
606 67.14598083496094 -14.704171180725098
607 67.21959686279297 -14.385371208190918
608 67.25951385498047 -14.046133995056152
609 67.19717407226562 -13.940281867980957
610 61.46014404296875 -12.901790618896484
611 61.25156021118164 -13.005577087402344
612 60.946266174316406 -13.202750205993652
613 60.833316802978516 -13.386907577514648
614 60.62527847290039 -14.057162284851074
615 60.62343215942383 -14.411277770996094
616 60.777587890625 -14.774673461914062
617 61.04795837402344 -15.052271842956543
618 61.77238845825195 -15.44145679473877
619 61.934452056884766 -15.579458236694336
620 62.19548034667969 -15.698490142822266
621 62.56379699707031 -15.830348014831543
622 62.70547866821289 -15.89197826385498
623 76.177734375 -29.511615753173828
624 76.24439239501953 -29.503746032714844
625 76.37467956542969 -29.495500564575195
626 76.61238098144531 -29.497806549072266
627 77.02200317382812 -29.46500015258789
628 69.232421875 -9.839409828186035
629 69.19304656982422 -9.987614631652832
630 69.15849304199219 -10.237186431884766
631 69.12834930419922 -10.628153800964355
632 69.16808319091797 -11.004866600036621
633 69.33882141113281 -11.266103744506836
634 69.64773559570312 -11.472583770751953
635 70.31912231445312 -11.371260643005371
636 70.45731353759766 -11.211477279663086
637 70.51190185546875 -11.133169174194336
638 70.51970672607422 -1.2227647304534912
639 70.5929183959961 -1.2415450811386108
640 70.70484924316406 -1.4041945934295654
641 70.96434783935547 -1.8358713388442993
642 71.29988861083984 -2.303232431411743
643 71.4651107788086 -2.4746246337890625
644 71.58749389648438 -2.520698070526123
645 71.84575653076172 -2.6814160346984863
646 72.07418823242188 -3.0093307495117188
647 72.32400512695312 -3.498662233352661
648 72.44618225097656 -3.7331275939941406
649 72.81575012207031 -4.616399765014648
650 72.93189239501953 -4.956134796142578
651 73.0775375366211 -5.2230916023254395
652 73.16448211669922 -5.371232986450195
653 73.3495864868164 -5.5913190841674805
654 78.16352844238281 -14.484668731689453
655 78.22915649414062 -14.297550201416016
656 78.33271026611328 -14.03753662109375
657 78.39824676513672 -13.817133903503418
658 78.46774291992188 -13.350085258483887
659 78.25559997558594 -12.819222450256348
660 78.13468170166016 -12.578954696655273
661 78.00679779052734 -12.07663345336914
662 77.9039535522461 -11.823862075805664
663 77.72429656982422 -11.534565925598145
664 77.53716278076172 -11.197075843811035
665 77.32083129882812 -10.929228782653809
666 73.29280853271484 -9.085692405700684
667 73.09953308105469 -9.186660766601562
668 72.8340835571289 -9.4297513961792
669 72.7275619506836 -9.686517715454102
670 72.77442169189453 -9.831220626831055
671 77.98822784423828 -9.704715728759766
672 78.08309936523438 -9.64663028717041
673 80.49240112304688 -8.088967323303223
674 80.72110748291016 -7.88077449798584
675 81.04319763183594 -7.5749969482421875
676 81.19699096679688 -7.070332050323486
677 81.33824920654297 -6.665335655212402
678 81.49935150146484 -6.419922828674316
679 81.99566650390625 -5.468747615814209
680 82.0826187133789 -5.1558380126953125
681 82.12349700927734 -4.762934684753418
682 82.14801025390625 -4.146605491638184
683 82.17786407470703 -2.8878369331359863
684 82.1601333618164 -2.657480239868164
685 82.06144714355469 -2.338986396789551
686 81.98336029052734 -2.265014886856079
687 71.05171203613281 -5.155942440032959
688 70.95933532714844 -5.260828495025635
689 70.8349609375 -5.631598472595215
690 70.67958068847656 -6.122969150543213
691 70.73725891113281 -6.620577335357666
692 70.8158950805664 -6.94578218460083
693 70.89686584472656 -7.107215404510498
694 70.9138412475586 -7.227511405944824
695 71.58262634277344 -13.560613632202148
696 71.6530990600586 -13.697460174560547
697 71.72962951660156 -14.057774543762207
698 71.82393646240234 -14.23127555847168
699 72.25157928466797 -14.442020416259766
700 72.64820098876953 -14.48647403717041
701 72.8801498413086 -14.471406936645508
702 73.08386993408203 -14.410812377929688
703 73.71124267578125 -14.242465019226074
704 73.9878921508789 -14.292015075683594
705 74.1385726928711 -14.386507034301758
706 74.14419555664062 -14.432427406311035
707 67.85968017578125 -17.364253997802734
708 67.7973861694336 -17.421815872192383
709 67.74530029296875 -17.45616912841797
710 64.18759155273438 -7.724545001983643
711 64.19575500488281 -7.500316619873047
712 64.4296646118164 -7.351830005645752
713 64.67413330078125 -7.212076187133789
714 67.69002532958984 -6.438742160797119
715 68.17929077148438 -6.2424726486206055
716 68.56517028808594 -5.908295631408691
717 68.82847595214844 -5.639738082885742
718 69.08059692382812 -5.121216297149658
719 69.2402114868164 -4.865478515625
720 69.40799713134766 -4.605360984802246
721 69.5111083984375 -4.465094566345215
722 72.7701416015625 -16.065555572509766
723 72.80307006835938 -16.07337188720703
724 72.96051025390625 -16.070674896240234
725 76.70220947265625 -17.799049377441406
726 76.82916259765625 -17.950801849365234
727 77.3454360961914 -18.481857299804688
728 77.66398620605469 -18.932750701904297
729 77.8620376586914 -19.17600440979004
730 78.09054565429688 -19.44559669494629
731 78.25782012939453 -19.812061309814453
732 78.3151626586914 -20.141338348388672
733 78.08261108398438 -20.51605987548828
734 77.68421936035156 -20.759077072143555
735 77.41939544677734 -20.760799407958984
736 77.15186309814453 -20.640567779541016
737 76.77196502685547 -20.333709716796875
738 76.33413696289062 -19.90752410888672
739 75.83895874023438 -19.275880813598633
740 75.5533676147461 -18.963300704956055
741 75.47429656982422 -19.030839920043945
742 75.29888916015625 -19.601158142089844
743 75.14848327636719 -19.686779022216797
744 74.81654357910156 -19.743806838989258
745 74.5340805053711 -19.913541793823242
746 74.28666687011719 -20.176488876342773
747 74.18606567382812 -20.56443977355957
748 74.43839263916016 -20.820688247680664
749 75.04478454589844 -21.16118621826172
750 75.24303436279297 -21.237497329711914
751 75.61022186279297 -21.3883113861084
752 76.13743591308594 -21.718259811401367
753 76.34239196777344 -21.966516494750977
754 76.76583862304688 -22.772666931152344
755 76.9638671875 -22.990304946899414
756 77.36754608154297 -23.128631591796875
757 77.51641845703125 -23.178848266601562
758 77.56377410888672 -23.168460845947266
759 72.70298767089844 -20.8883056640625
760 72.48265838623047 -20.726816177368164
761 72.37417602539062 -20.593353271484375
762 72.20122528076172 -20.26683235168457
763 72.16815948486328 -20.033130645751953
764 72.49644470214844 -19.532609939575195
765 72.90050506591797 -19.278888702392578
766 73.24508666992188 -18.963472366333008
767 73.57169342041016 -18.61374855041504
768 73.64407348632812 -18.420331954956055
769 73.59159088134766 -18.33860969543457
770 71.67599487304688 -16.69367218017578
771 71.26331329345703 -16.52031898498535
772 71.11935424804688 -16.46278953552246
773 70.9642562866211 -16.21183204650879
774 70.92662048339844 -15.992622375488281
775 70.83753967285156 -15.57819938659668
776 70.67530059814453 -15.264989852905273
777 70.53762817382812 -14.993751525878906
778 70.27778625488281 -14.7988862991333
779 70.08303833007812 -14.660371780395508
780 69.85846710205078 -14.592902183532715
781 69.5732650756836 -14.528106689453125
782 69.25495147705078 -14.394207000732422
783 68.93767547607422 -14.264054298400879
784 68.54602813720703 -14.066123962402344
785 68.39900207519531 -14.050187110900879
786 68.24764251708984 -14.024615287780762
787 62.411014556884766 -8.310945510864258
788 62.26140213012695 -8.190360069274902
789 62.015506744384766 -7.927286624908447
790 61.705440521240234 -7.641098976135254
791 61.537349700927734 -7.25037956237793
792 61.54922103881836 -6.790711879730225
793 61.59132766723633 -6.56416130065918
794 61.770408630371094 -6.361319541931152
795 62.36443328857422 -5.723028659820557
796 62.675010681152344 -5.394489765167236
797 62.89175033569336 -5.12300443649292
798 62.958675384521484 -5.068052768707275
799 67.18360137939453 -4.2522172927856445
800 67.50161743164062 -4.042691707611084
801 67.69510650634766 -3.815378427505493
802 67.7793197631836 -3.6676061153411865
803 84.99986267089844 -16.442108154296875
804 84.90586853027344 -16.56467628479004
805 84.82958984375 -16.766414642333984
806 84.78292083740234 -17.436901092529297
807 84.82257080078125 -17.664400100708008
808 85.17355346679688 -18.29718589782715
809 85.64598083496094 -18.63408088684082
810 85.88375854492188 -18.73246955871582
811 86.44025421142578 -18.92549705505371
812 86.82814025878906 -19.248497009277344
813 86.96720886230469 -19.551137924194336
814 86.88661193847656 -19.926586151123047
815 86.62342071533203 -20.3067684173584
816 85.79008483886719 -21.18765640258789
817 85.58036041259766 -21.515209197998047
818 85.49816131591797 -21.624446868896484
819 76.49667358398438 -27.1084041595459
820 76.17655181884766 -27.12434959411621
821 75.9080581665039 -27.192678451538086
822 75.78319549560547 -27.310148239135742
823 75.40560150146484 -27.42249870300293
824 75.15402221679688 -27.43907356262207
825 65.97125244140625 -25.900318145751953
826 65.80281066894531 -25.80902099609375
827 65.44629669189453 -25.513896942138672
828 65.08773803710938 -25.16368293762207
829 65.01875305175781 -24.918827056884766
830 65.09596252441406 -24.55964469909668
831 65.26416015625 -24.370332717895508
832 66.02680969238281 -24.010456085205078
833 66.41506958007812 -23.816865921020508
834 66.72987365722656 -23.72223663330078
835 66.99604034423828 -23.649709701538086
836 67.11892700195312 -23.48053741455078
837 67.78046417236328 -22.95722007751465
838 67.87976837158203 -22.798105239868164
839 68.08910369873047 -22.36195182800293
840 68.16864013671875 -22.239994049072266
841 68.21259307861328 -22.009536743164062
842 68.32715606689453 -21.68416404724121
843 68.56204223632812 -21.576597213745117
844 68.96923065185547 -21.667903900146484
845 69.42807006835938 -21.803014755249023
846 70.11570739746094 -21.98733901977539
847 70.45606994628906 -21.90209197998047
848 70.69059753417969 -21.779033660888672
849 70.87678527832031 -21.57128143310547
850 70.92838287353516 -21.227319717407227
851 70.87281799316406 -20.9330997467041
852 70.56723022460938 -20.44629669189453
853 70.31731414794922 -20.259035110473633
854 70.0275650024414 -20.17350959777832
855 69.28488159179688 -20.127168655395508
856 68.8580093383789 -19.90746307373047
857 68.67313385009766 -19.765625
858 68.40796661376953 -19.32891082763672
859 67.95091247558594 -18.849597930908203
860 67.63909912109375 -18.705615997314453
861 66.9832992553711 -18.760419845581055
862 66.62797546386719 -18.864015579223633
863 66.296875 -18.927961349487305
864 66.1473388671875 -18.77000617980957
865 76.670166015625 -16.225339889526367
866 76.8396224975586 -16.12394142150879
867 77.03157043457031 -15.832438468933105
868 76.85987091064453 -15.510583877563477
869 76.19417572021484 -15.359102249145508
870 75.81953430175781 -15.459696769714355
871 75.53588104248047 -15.940764427185059
872 75.33246612548828 -16.320802688598633
873 75.2015151977539 -16.405475616455078
874 74.83769226074219 -16.406007766723633
875 74.57939147949219 -16.429168701171875
876 74.05863189697266 -16.616291046142578
877 73.99166870117188 -16.79668426513672
878 74.01375579833984 -16.903032302856445
879 54.06193161010742 -26.29766273498535
880 53.840450286865234 -26.150829315185547
881 53.65362548828125 -25.928348541259766
882 53.26362991333008 -25.477602005004883
883 53.20918655395508 -25.248302459716797
884 53.10123825073242 -24.921998977661133
885 53.11046600341797 -24.736772537231445
886 53.18301010131836 -24.17768096923828
887 53.26731491088867 -24.032352447509766
888 53.38314437866211 -23.74533462524414
889 53.48595428466797 -23.363861083984375
890 82.6651611328125 -16.432209014892578
891 82.57003021240234 -16.651479721069336
892 82.28606414794922 -16.9959716796875
893 81.97320556640625 -17.10626220703125
894 81.60570526123047 -17.050601959228516
895 81.27352142333984 -16.9794921875
896 80.88069915771484 -16.847797393798828
897 80.62731170654297 -16.632768630981445
898 80.32980346679688 -16.312694549560547
899 80.09564971923828 -15.869309425354004
900 80.03865051269531 -15.508140563964844
901 80.16691589355469 -15.036126136779785
902 80.30896759033203 -14.722391128540039
903 80.78137969970703 -14.280826568603516
904 80.99508666992188 -14.221911430358887
905 82.23883056640625 -14.220993995666504
906 82.55787658691406 -14.187557220458984
907 82.86687469482422 -14.045238494873047
908 83.25508117675781 -13.83643913269043
909 83.51626586914062 -13.74616813659668
910 83.96772003173828 -13.610599517822266
911 84.6083984375 -13.38821029663086
912 85.05068969726562 -13.207259178161621
913 85.29554748535156 -13.063103675842285
914 85.7789306640625 -12.684500694274902
915 86.05225372314453 -12.430869102478027
916 86.20662689208984 -12.170929908752441
917 86.32624816894531 -11.842610359191895
918 86.40567016601562 -11.451933860778809
919 86.38893127441406 -11.282018661499023
920 66.32379150390625 -8.274507522583008
921 66.29059600830078 -8.152588844299316
922 66.30519104003906 -7.88637638092041
923 66.3367919921875 -7.657480716705322
924 66.37915802001953 -6.962021827697754
925 66.37796020507812 -6.572404861450195
926 66.31709289550781 -6.135473728179932
927 66.18682861328125 -5.500110149383545
928 65.97138977050781 -4.81239652633667
929 65.76654052734375 -4.476678371429443
930 65.42206573486328 -4.0749053955078125
931 65.15018463134766 -3.864229202270508
932 64.7843017578125 -3.521012544631958
933 64.54022979736328 -3.459273338317871
934 64.15858459472656 -3.761352777481079
935 64.18257141113281 -4.602547645568848
936 64.29483795166016 -5.114943981170654
937 64.37206268310547 -5.2625813484191895
938 64.55250549316406 -5.678956031799316
939 64.74742126464844 -6.0582733154296875
940 75.69525909423828 -13.810144424438477
941 75.89086151123047 -13.6160249710083
942 76.02040100097656 -13.305908203125
943 76.06526947021484 -13.093428611755371
944 75.9684066772461 -12.89970874786377
945 75.68196105957031 -12.80109691619873
946 74.86031341552734 -12.756718635559082
947 74.52751159667969 -12.720568656921387
948 74.01847076416016 -12.643320083618164
949 73.45575714111328 -12.630658149719238
950 73.1677017211914 -12.557806015014648
951 72.80862426757812 -12.36624526977539
952 72.51634216308594 -12.182907104492188
953 72.28460693359375 -12.14384937286377
954 71.80679321289062 -12.301514625549316
955 71.16424560546875 -12.53049087524414
956 70.93302154541016 -12.592939376831055
957 70.40238952636719 -12.712510108947754
958 70.00630950927734 -12.778642654418945
959 69.4248275756836 -12.6602783203125
960 69.29436492919922 -12.598692893981934
961 68.7169418334961 -12.510746002197266
962 68.45939636230469 -12.374040603637695
963 68.02069091796875 -11.872337341308594
964 67.72240447998047 -11.280617713928223
965 67.54187774658203 -10.840904235839844
966 67.36636352539062 -10.45821762084961
967 67.06307220458984 -9.88332748413086
968 67.08415222167969 -9.699677467346191
969 67.18792724609375 -9.512251853942871
970 67.824462890625 -8.947800636291504
971 68.0565185546875 -8.619279861450195
972 68.2483139038086 -8.406250953674316
973 68.89071655273438 -8.155298233032227
974 69.06532287597656 -8.053152084350586
975 69.14537048339844 -8.182427406311035
976 70.71475982666016 -18.378557205200195
977 70.81580352783203 -18.425952911376953
978 70.95469665527344 -18.404590606689453
979 71.2652359008789 -18.31031608581543
980 71.49751281738281 -18.09746742248535
981 71.99913024902344 -17.92031478881836
982 72.28440856933594 -17.636938095092773
983 72.42483520507812 -17.567415237426758
984 72.65338134765625 -17.5721492767334
985 81.38566589355469 -18.83196449279785
986 81.55266571044922 -19.008037567138672
987 81.73294830322266 -19.24755096435547
988 81.87954711914062 -19.448043823242188
989 82.5348892211914 -19.808202743530273
990 82.66283416748047 -19.89984893798828
991 82.8084945678711 -20.145185470581055
992 83.58307647705078 -26.669729232788086
993 83.58599090576172 -26.768165588378906
994 83.53665161132812 -26.815019607543945
995 82.364990234375 -27.150638580322266
996 82.1092529296875 -27.170040130615234
997 81.37992095947266 -27.103565216064453
998 81.29988098144531 -27.048664093017578
999 81.25501251220703 -26.967145919799805
