0 -60.248226165771484 -73.98953247070312
1 -60.240753173828125 -73.9124755859375
2 -60.228939056396484 -73.78755187988281
3 -60.20784378051758 -73.5203628540039
4 -60.1747932434082 -73.14476776123047
5 -60.089908599853516 -72.64617156982422
6 -59.947547912597656 -72.09515380859375
7 -59.79773712158203 -71.73181915283203
8 -59.51334762573242 -71.21393585205078
9 -59.41133117675781 -71.01002502441406
10 -59.266109466552734 -70.79035949707031
11 -59.15762710571289 -70.63481903076172
12 -59.047183990478516 -70.42726135253906
13 -58.942874908447266 -70.17340850830078
14 -58.819618225097656 -69.90245056152344
15 -58.60037612915039 -69.49821472167969
16 -52.48985290527344 -59.82607650756836
17 -52.19218444824219 -59.59498596191406
18 -51.924800872802734 -59.4378547668457
19 -51.593143463134766 -59.39103317260742
20 -50.77828598022461 -59.477596282958984
21 -50.464168548583984 -59.52411651611328
22 -50.25183868408203 -59.535133361816406
23 -49.92770004272461 -59.56606674194336
24 -49.64725875854492 -59.599327087402344
25 -49.09901428222656 -59.67820739746094
26 -48.584503173828125 -59.781578063964844
27 -48.12165832519531 -59.908905029296875
28 -47.37418746948242 -60.10993957519531
29 -46.96464920043945 -60.08097839355469
30 -46.521141052246094 -60.00832748413086
31 -46.2658576965332 -59.81718444824219
32 -45.931640625 -59.53176498413086
33 -45.866397857666016 -59.32889938354492
34 -45.94910430908203 -58.86638641357422
35 -46.10813522338867 -58.561920166015625
36 -46.31771469116211 -58.135494232177734
37 -46.41120529174805 -57.88261795043945
38 -46.48827362060547 -57.73643493652344
39 -49.2282600402832 -48.27450180053711
40 -49.18627166748047 -47.852745056152344
41 -49.15757369995117 -47.65864181518555
42 -49.12844467163086 -47.248836517333984
43 -49.0909309387207 -46.7220458984375
44 -49.027339935302734 -46.5867919921875
45 -48.94142532348633 -46.34096145629883
46 -48.84260940551758 -45.88142013549805
47 -48.78981399536133 -45.602718353271484
48 -48.71061325073242 -45.332523345947266
49 -48.54634475708008 -45.08641052246094
50 -48.37256622314453 -44.953208923339844
51 -48.03520202636719 -44.789424896240234
52 -47.73331832885742 -44.55621337890625
53 -47.49257278442383 -44.253379821777344
54 -47.29298400878906 -43.7867317199707
55 -47.2708740234375 -43.603355407714844
56 -47.237152099609375 -43.28138732910156
57 -47.22135543823242 -42.916568756103516
58 -47.21870803833008 -42.72175216674805
59 -47.22958755493164 -42.18722152709961
60 -47.222625732421875 -41.82318878173828
61 -47.073158264160156 -41.42340087890625
62 -46.880584716796875 -41.19545364379883
63 -46.59872055053711 -41.04572677612305
64 -46.1395378112793 -40.889076232910156
65 -45.8475456237793 -40.76225662231445
66 -45.622867584228516 -40.63798141479492
67 -45.47350311279297 -40.54412078857422
68 -45.269432067871094 -40.39516067504883
69 -45.00852584838867 -40.14650344848633
70 -44.84827423095703 -39.94110107421875
71 -44.50470733642578 -39.2130012512207
72 -44.348751068115234 -38.97578811645508
73 -44.052547454833984 -38.67832565307617
74 -43.81655502319336 -38.46879959106445
75 -36.506202697753906 -34.537532806396484
76 -36.226314544677734 -34.37966537475586
77 -35.905860900878906 -34.16819763183594
78 -35.68937683105469 -34.077152252197266
79 -35.03179168701172 -33.87440872192383
80 -34.43424606323242 -33.760887145996094
81 -34.19850158691406 -33.74497604370117
82 -33.95916748046875 -33.767879486083984
83 -33.70009231567383 -33.849124908447266
84 -33.340576171875 -33.99007034301758
85 -32.87151336669922 -34.20968246459961
86 -32.54258346557617 -34.40771484375
87 -32.31479263305664 -34.550174713134766
88 -32.11699295043945 -34.705543518066406
89 -31.941879272460938 -34.87992858886719
90 -31.80605125427246 -35.084442138671875
91 -31.6574764251709 -35.32456970214844
92 -25.644004821777344 -50.157562255859375
93 -25.528793334960938 -50.17657470703125
94 -25.09928321838379 -50.20814895629883
95 -24.95126724243164 -50.20351791381836
96 -24.451587677001953 -49.94197463989258
97 -24.15096092224121 -49.6693000793457
98 -24.0329647064209 -49.52210235595703
99 -23.914587020874023 -49.167301177978516
100 -23.86033058166504 -48.980323791503906
101 -23.688962936401367 -48.529937744140625
102 -23.487361907958984 -48.154273986816406
103 -23.379003524780273 -47.88009262084961
104 -23.394855499267578 -47.559749603271484
105 -23.482975006103516 -47.012454986572266
106 -23.567176818847656 -46.68771743774414
107 -23.770057678222656 -46.3070068359375
108 -23.905065536499023 -46.09388732910156
109 -24.231563568115234 -45.793094635009766
110 -24.454090118408203 -45.589717864990234
111 -24.798837661743164 -45.33000183105469
112 -25.136003494262695 -45.168678283691406
113 -25.40639305114746 -45.0986328125
114 -25.749313354492188 -45.10565948486328
115 -26.266847610473633 -45.22272872924805
116 -26.845834732055664 -45.37446212768555
117 -27.425464630126953 -45.501163482666016
118 -27.89353370666504 -45.565757751464844
119 -28.096969604492188 -45.57740783691406
120 -28.275867462158203 -45.61384963989258
121 -28.650409698486328 -45.904815673828125
122 -28.93621063232422 -46.21512985229492
123 -29.063739776611328 -46.39073944091797
124 -29.291357040405273 -46.66096496582031
125 -29.429534912109375 -46.849246978759766
126 -29.681663513183594 -47.18007278442383
127 -30.0776424407959 -47.63612365722656
128 -30.429948806762695 -47.99507522583008
129 -30.63225555419922 -48.16954040527344
130 -30.7363338470459 -48.23260498046875
131 -44.04139709472656 -51.85960006713867
132 -44.23575973510742 -51.8404655456543
133 -44.48151397705078 -51.792198181152344
134 -44.695220947265625 -51.784034729003906
135 -45.12263488769531 -51.82802963256836
136 -45.384193420410156 -51.8248405456543
137 -46.05588150024414 -51.71677780151367
138 -46.34797668457031 -51.65373611450195
139 -46.611324310302734 -51.45719909667969
140 -46.83992385864258 -51.16995620727539
141 -46.97823715209961 -50.88515853881836
142 -46.89170455932617 -50.51300048828125
143 -46.688594818115234 -50.08259582519531
144 -46.50466537475586 -49.710269927978516
145 -46.339202880859375 -49.274967193603516
146 -46.181175231933594 -48.753143310546875
147 -45.999366760253906 -48.32291030883789
148 -45.901668548583984 -48.07706832885742
149 -45.79861068725586 -47.94905090332031
150 -45.40458679199219 -47.704952239990234
151 -45.18406677246094 -47.605995178222656
152 -44.899166107177734 -47.495052337646484
153 -44.30254364013672 -47.35049819946289
154 -43.981414794921875 -47.27949142456055
155 -43.59793472290039 -47.2102165222168
156 -43.215431213378906 -47.13254165649414
157 -42.64389419555664 -46.95944595336914
158 -42.39919662475586 -46.854164123535156
159 -42.273555755615234 -46.875762939453125
160 -42.059146881103516 -46.96202850341797
161 -41.69129180908203 -47.1448860168457
162 -41.40837097167969 -47.28434753417969
163 -41.19429397583008 -47.35733413696289
164 -40.90470504760742 -47.38881301879883
165 -39.87558364868164 -47.30348587036133
166 -38.97970199584961 -47.11532974243164
167 -38.56089401245117 -47.03135299682617
168 -38.08294677734375 -47.002349853515625
169 -37.799625396728516 -47.07080078125
170 -37.61493682861328 -47.28631591796875
171 -37.437950134277344 -47.69041061401367
172 -37.339027404785156 -48.14834213256836
173 -37.36711883544922 -48.563560485839844
174 -37.48271942138672 -48.90610122680664
175 -37.69633102416992 -49.1983757019043
176 -38.1052131652832 -49.47484588623047
177 -38.39522171020508 -49.60763931274414
178 -39.047950744628906 -49.79450225830078
179 -39.587825775146484 -50.00008773803711
180 -40.24178695678711 -50.32682418823242
181 -40.45356750488281 -50.46808624267578
182 -40.52642059326172 -50.69679641723633
183 -40.65478515625 -51.30970764160156
184 -40.672237396240234 -51.57741928100586
185 -40.622737884521484 -51.76476287841797
186 -40.461761474609375 -52.105445861816406
187 -40.2193489074707 -52.49137496948242
188 -40.06352996826172 -52.697513580322266
189 -24.108516693115234 -54.23142623901367
190 -23.851449966430664 -54.287757873535156
191 -23.49831199645996 -54.35602569580078
192 -23.22634506225586 -54.42525100708008
193 -22.95496940612793 -54.53813934326172
194 -22.58060073852539 -54.7572021484375
195 -22.322040557861328 -54.943580627441406
196 -22.119552612304688 -55.13880920410156
197 -21.925979614257812 -55.42806625366211
198 -21.741941452026367 -55.60895538330078
199 -21.412019729614258 -55.87510299682617
200 -20.998289108276367 -56.061065673828125
201 -20.467573165893555 -56.27976989746094
202 -20.121482849121094 -56.38734436035156
203 -19.75199317932129 -56.497154235839844
204 -19.54108428955078 -56.485294342041016
205 -19.337247848510742 -56.42959976196289
206 -19.01036262512207 -56.36038589477539
207 -18.529003143310547 -56.20642852783203
208 -18.23188591003418 -55.94456100463867
209 -17.989683151245117 -55.5854606628418
210 -17.75322723388672 -55.2702751159668
211 -17.661516189575195 -55.04997634887695
212 -17.490751266479492 -54.59477996826172
213 -17.350692749023438 -54.28192138671875
214 -17.21245765686035 -53.73829650878906
215 -17.080923080444336 -52.96260452270508
216 -16.93355369567871 -52.324100494384766
217 -16.75503921508789 -51.7967643737793
218 -16.70231056213379 -51.56752395629883
219 -16.817501068115234 -51.41170883178711
220 -17.075435638427734 -51.14802932739258
221 -17.475534439086914 -50.903602600097656
222 -17.70153045654297 -50.76360321044922
223 -18.208173751831055 -50.428932189941406
224 -18.433013916015625 -50.290061950683594
225 -18.57164192199707 -50.19678497314453
226 -58.57603454589844 -50.52486038208008
227 -58.88674545288086 -50.6096305847168
228 -59.11971664428711 -50.6768684387207
229 -59.42518615722656 -50.890113830566406
230 -59.827022552490234 -51.27265167236328
231 -60.007484436035156 -51.415645599365234
232 -60.125518798828125 -51.702613830566406
233 -60.13919448852539 -51.86791229248047
234 -60.08527374267578 -52.21648025512695
235 -60.02107238769531 -52.44691467285156
236 -59.959556579589844 -52.68057632446289
237 -59.68678665161133 -53.34940719604492
238 -59.54713821411133 -53.64109802246094
239 -59.3006591796875 -53.98233413696289
240 -59.100955963134766 -54.18840789794922
241 -58.812442779541016 -54.60130310058594
242 -58.595279693603516 -54.985107421875
243 -58.4786491394043 -55.211387634277344
244 -58.39608383178711 -55.568138122558594
245 -58.402469635009766 -56.01591110229492
246 -58.61875915527344 -56.435752868652344
247 -58.905372619628906 -56.78960418701172
248 -59.24864196777344 -57.1141242980957
249 -59.659873962402344 -57.501953125
250 -60.04527282714844 -57.88160705566406
251 -60.35665512084961 -58.19983673095703
252 -60.52322006225586 -58.341041564941406
253 -60.7133674621582 -58.47665023803711
254 -61.072330474853516 -58.62931823730469
255 -61.704437255859375 -58.76969909667969
256 -62.1009635925293 -58.783260345458984
257 -62.314449310302734 -58.758453369140625
258 -62.500770568847656 -58.71436309814453
259 -62.792198181152344 -58.635135650634766
260 -63.19429397583008 -58.50206756591797
261 -64.13043212890625 -58.15099334716797
262 -64.3460464477539 -58.08368682861328
263 -64.83903503417969 -57.91666030883789
264 -65.07335662841797 -57.83293533325195
265 -65.3847885131836 -57.76166915893555
266 -65.76295471191406 -57.736915588378906
267 -65.9346923828125 -57.88077926635742
268 -66.372802734375 -58.36759948730469
269 -66.62593841552734 -58.75790786743164
270 -66.76282501220703 -59.1200065612793
271 -66.8780517578125 -59.52825927734375
272 -66.92325592041016 -59.9345588684082
273 -66.91027069091797 -60.4300422668457
274 -66.89473724365234 -60.67914962768555
275 -66.86685943603516 -60.98038864135742
276 -66.85749816894531 -61.31591033935547
277 -66.84231567382812 -61.78211212158203
278 -66.80472564697266 -62.03195571899414
279 -66.72806549072266 -62.350467681884766
280 -66.67377471923828 -62.55527877807617
281 -66.59466552734375 -62.789459228515625
282 -66.44322204589844 -63.34485626220703
283 -66.42957305908203 -63.7669563293457
284 -66.41494750976562 -64.23280334472656
285 -66.43875122070312 -64.62671661376953
286 -66.47313690185547 -65.24594116210938
287 -66.50017547607422 -65.40380859375
288 -66.6316909790039 -65.85152435302734
289 -66.77330780029297 -66.255126953125
290 -66.92240142822266 -66.57015991210938
291 -67.0806655883789 -66.84573364257812
292 -67.3698959350586 -67.27084350585938
293 -67.50057220458984 -67.4782943725586
294 -67.73406219482422 -68.01185607910156
295 -67.89141845703125 -68.46977996826172
296 -67.8908462524414 -68.68220520019531
297 -67.72933197021484 -68.89552307128906
298 -67.50443267822266 -69.09674072265625
299 -66.86219787597656 -69.68930053710938
300 -66.5762710571289 -69.90095520019531
301 -66.27776336669922 -70.09172058105469
302 -65.88938903808594 -70.1642837524414
303 -65.49354553222656 -70.2230453491211
304 -65.03804779052734 -70.2729263305664
305 -64.72203063964844 -70.24951171875
306 -64.33497619628906 -70.1606674194336
307 -63.877464294433594 -70.07345581054688
308 -63.64844512939453 -70.00004577636719
309 -63.39581298828125 -69.85493469238281
310 -63.2310791015625 -69.6729965209961
311 -63.12739562988281 -69.40921783447266
312 -63.003726959228516 -69.03292846679688
313 -62.911685943603516 -68.68629455566406
314 -62.826072692871094 -68.29647064208984
315 -62.630184173583984 -67.36507415771484
316 -62.585609436035156 -67.05551147460938
317 -62.52362823486328 -66.7925033569336
318 -62.41926956176758 -66.534912109375
319 -62.41102981567383 -66.3011245727539
320 -62.5821533203125 -65.72734832763672
321 -62.6502685546875 -65.45843505859375
322 -62.54972457885742 -65.32366943359375
323 -62.208648681640625 -65.24082946777344
324 -61.66006851196289 -65.18820190429688
325 -61.156394958496094 -65.13822174072266
326 -60.88130187988281 -65.11157989501953
327 -60.79413986206055 -65.02619934082031
328 -60.66105270385742 -64.81423950195312
329 -60.466163635253906 -64.32542419433594
330 -60.33787155151367 -64.07234191894531
331 -60.182098388671875 -63.84738540649414
332 -59.9963493347168 -63.64665222167969
333 -59.78499984741211 -63.46543502807617
334 -59.57207489013672 -63.22318649291992
335 -59.410552978515625 -63.00800704956055
336 -59.14722442626953 -62.68919372558594
337 -58.84798812866211 -62.32884216308594
338 -58.60365295410156 -62.10560989379883
339 -58.447574615478516 -61.96623992919922
340 -58.26849365234375 -61.83478927612305
341 -25.399723052978516 -39.56378936767578
342 -25.468965530395508 -39.6796760559082
343 -25.60662078857422 -39.932701110839844
344 -25.96044921875 -40.569156646728516
345 -26.228700637817383 -40.961185455322266
346 -26.494495391845703 -41.28924560546875
347 -26.655466079711914 -41.55683135986328
348 -26.865978240966797 -41.814998626708984
349 -27.07792854309082 -41.97368240356445
350 -27.355798721313477 -42.051719665527344
351 -27.71742057800293 -42.04268264770508
352 -27.83033561706543 -41.977787017822266
353 -28.329423904418945 -41.80475997924805
354 -28.768638610839844 -41.680538177490234
355 -29.061241149902344 -41.542179107666016
356 -29.362356185913086 -41.3489990234375
357 -29.609352111816406 -41.15631103515625
358 -29.957916259765625 -40.88713455200195
359 -30.370826721191406 -40.656646728515625
360 -30.937522888183594 -40.471092224121094
361 -31.409690856933594 -40.41940689086914
362 -32.14614486694336 -40.383506774902344
363 -32.4742546081543 -40.439517974853516
364 -32.78008270263672 -40.52785873413086
365 -33.20795822143555 -40.593387603759766
366 -33.569580078125 -40.68520736694336
367 -34.00327682495117 -40.86316680908203
368 -34.16067886352539 -40.971343994140625
369 -34.275001525878906 -41.27609634399414
370 -34.372886657714844 -41.55144119262695
371 -34.445125579833984 -41.8365592956543
372 -34.62545394897461 -42.66139221191406
373 -34.65694808959961 -42.84665298461914
374 -34.636497497558594 -43.176700592041016
375 -34.56061935424805 -43.63382339477539
376 -34.348106384277344 -43.92295455932617
377 -34.20286178588867 -44.07950210571289
378 -33.91061782836914 -44.23809051513672
379 -33.62263107299805 -44.37397384643555
380 -33.13445281982422 -44.741634368896484
381 -33.08696746826172 -44.88863754272461
382 -33.21407699584961 -45.009952545166016
383 -33.676387786865234 -45.62055969238281
384 -33.75819396972656 -45.92103958129883
385 -33.87416076660156 -46.47880935668945
386 -33.937904357910156 -46.85451889038086
387 -33.951942443847656 -47.22397232055664
388 -33.85459899902344 -47.943660736083984
389 -33.79696273803711 -48.22395706176758
390 -33.65019226074219 -48.559844970703125
391 -33.45033264160156 -49.03485107421875
392 -33.367897033691406 -49.37705993652344
393 -33.322200775146484 -49.54212188720703
394 -33.285072326660156 -49.74739074707031
395 -33.31258773803711 -49.870513916015625
396 -46.43220138549805 -63.29408264160156
397 -46.646217346191406 -63.41612243652344
398 -46.82551956176758 -63.5412712097168
399 -47.19392395019531 -63.765811920166016
400 -47.53895568847656 -63.95713806152344
401 -47.67028045654297 -64.01528930664062
402 -47.817047119140625 -64.05557250976562
403 -48.30137252807617 -64.19678497314453
404 -48.72892761230469 -64.27729797363281
405 -49.154296875 -64.2694091796875
406 -49.44817352294922 -64.28257751464844
407 -49.78775405883789 -64.31660461425781
408 -50.274620056152344 -64.35482788085938
409 -50.81221389770508 -64.43595123291016
410 -51.321083068847656 -64.52436828613281
411 -51.780921936035156 -64.64356994628906
412 -52.06433868408203 -64.67306518554688
413 -52.576995849609375 -64.67371368408203
414 -52.83644485473633 -64.65009307861328
415 -53.337867736816406 -64.6705322265625
416 -53.7949333190918 -64.70829010009766
417 -54.215694427490234 -64.73974609375
418 -54.356204986572266 -64.83894348144531
419 -54.50605392456055 -65.04823303222656
420 -54.6412467956543 -65.32235717773438
421 -54.64034652709961 -65.63872528076172
422 -54.610050201416016 -66.00595092773438
423 -54.37742233276367 -66.57190704345703
424 -54.07496643066406 -67.1806640625
425 -53.88568115234375 -67.54007720947266
426 -53.722007751464844 -67.88255310058594
427 -53.5906867980957 -68.17168426513672
428 -53.289581298828125 -68.9562759399414
429 -53.17343521118164 -69.1937026977539
430 -53.06793212890625 -69.48931121826172
431 -52.904075622558594 -69.83015441894531
432 -52.679588317871094 -70.18668365478516
433 -52.504112243652344 -70.4369888305664
434 -52.29806900024414 -70.81336975097656
435 -52.17529296875 -71.09536743164062
436 -52.06571960449219 -71.4517593383789
437 -52.01545715332031 -71.87570190429688
438 -51.94434356689453 -72.42459106445312
439 -51.88331985473633 -72.74571990966797
440 -51.790470123291016 -73.15026092529297
441 -51.64118576049805 -73.71300506591797
442 -51.56498336791992 -74.0112075805664
443 -51.495826721191406 -74.32540893554688
444 -51.410884857177734 -74.75829315185547
445 -51.370277404785156 -75.06875610351562
446 -51.378211975097656 -75.43565368652344
447 -51.33411407470703 -75.61787414550781
448 -51.13107681274414 -75.9235610961914
449 -50.95600891113281 -76.07907104492188
450 -50.6146240234375 -76.20291137695312
451 -50.164676666259766 -76.37739562988281
452 -49.818626403808594 -76.3917465209961
453 -49.52366256713867 -76.37646484375
454 -48.93568420410156 -76.23538970947266
455 -48.62804412841797 -76.15384674072266
456 -48.33161926269531 -76.05603790283203
457 -48.06588363647461 -75.88016510009766
458 -47.74616241455078 -75.61920928955078
459 -47.54263687133789 -75.444580078125
460 -47.36177444458008 -75.22539520263672
461 -47.19550704956055 -74.96333312988281
462 -47.023372650146484 -74.56684875488281
463 -46.88328552246094 -74.32461547851562
464 -46.69868850708008 -74.07351684570312
465 -46.3299560546875 -73.90128326416016
466 -45.485877990722656 -73.74066925048828
467 -45.04729461669922 -73.72872161865234
468 -44.518489837646484 -73.7221450805664
469 -43.99444580078125 -73.65812683105469
470 -43.700164794921875 -73.58819580078125
471 -43.39937973022461 -73.4130859375
472 -43.003028869628906 -73.20236206054688
473 -42.829505920410156 -73.013671875
474 -42.71622848510742 -72.83983612060547
475 -42.70074462890625 -72.58917999267578
476 -42.722049713134766 -71.96390533447266
477 -42.73299789428711 -71.71268463134766
478 -42.68956756591797 -71.00210571289062
479 -42.66832733154297 -70.5162124633789
480 -42.60975646972656 -69.90986633300781
481 -42.54939651489258 -69.38670349121094
482 -42.50536346435547 -69.01201629638672
483 -42.479244232177734 -68.840087890625
484 -42.39861297607422 -68.36424255371094
485 -42.30702209472656 -67.84400939941406
486 -42.28007125854492 -67.29801940917969
487 -42.29326629638672 -66.64900207519531
488 -42.29824447631836 -66.37672424316406
489 -42.29051208496094 -66.05191040039062
490 -42.275447845458984 -65.58589172363281
491 -42.27155303955078 -65.3017578125
492 -42.26095962524414 -65.01998138427734
493 -42.21229934692383 -64.62683868408203
494 -42.2140007019043 -64.3951644897461
495 -42.17793655395508 -63.968162536621094
496 -42.13243865966797 -63.44902420043945
497 -42.086708068847656 -63.16862487792969
498 -42.07044982910156 -62.89578628540039
499 -42.16991424560547 -62.585960388183594
500 -42.319793701171875 -62.15267562866211
501 -42.41950225830078 -61.89519500732422
502 -42.47785186767578 -61.594207763671875
503 -42.32664489746094 -61.38146209716797
504 -41.96908187866211 -60.956817626953125
505 -41.55783462524414 -60.59986114501953
506 -41.35353088378906 -60.56597900390625
507 -41.00300216674805 -60.59043884277344
508 -40.4466667175293 -60.77925491333008
509 -40.279380798339844 -60.88392639160156
510 -40.016624450683594 -61.074127197265625
511 -39.784278869628906 -61.318634033203125
512 -39.496055603027344 -61.52788162231445
513 -39.0882568359375 -61.62685775756836
514 -38.793296813964844 -61.69563293457031
515 -38.50446319580078 -61.77247619628906
516 -38.32267761230469 -61.957427978515625
517 -38.15925979614258 -62.27065658569336
518 -38.11140441894531 -62.540504455566406
519 -37.98448944091797 -62.90869903564453
520 -37.94765090942383 -63.11515426635742
521 -38.067176818847656 -63.467491149902344
522 -38.35157012939453 -63.8217887878418
523 -38.505741119384766 -64.13908386230469
524 -38.71680450439453 -64.56273651123047
525 -38.79442596435547 -64.85599517822266
526 -38.802459716796875 -65.10031127929688
527 -38.82160949707031 -65.39612579345703
528 -39.99510192871094 -81.57252502441406
529 -39.91120529174805 -81.9808120727539
530 -39.84720993041992 -82.23439025878906
531 -39.778587341308594 -82.5369873046875
532 -39.69303894042969 -82.88533782958984
533 -39.623046875 -83.24608612060547
534 -39.585113525390625 -83.7270278930664
535 -39.59638977050781 -84.01717376708984
536 -39.71013259887695 -84.3482894897461
537 -39.8355598449707 -84.5677261352539
538 -39.96406936645508 -84.83186340332031
539 -39.9201774597168 -85.07189178466797
540 -39.85889434814453 -85.22190856933594
541 -39.673038482666016 -85.5549545288086
542 -39.520973205566406 -85.78043365478516
543 -39.27803421020508 -85.8014907836914
544 -38.92900085449219 -85.87266540527344
545 -38.655311584472656 -85.96054077148438
546 -38.34507369995117 -85.98135375976562
547 -38.14366149902344 -86.01939392089844
548 -37.87846374511719 -86.00971984863281
549 -37.76667404174805 -85.99214935302734
550 -37.25299835205078 -85.96000671386719
551 -36.81233596801758 -85.94799041748047
552 -36.48845291137695 -85.93893432617188
553 -36.01478958129883 -85.9151840209961
554 -35.680511474609375 -85.91340637207031
555 -34.948020935058594 -85.9127197265625
556 -34.54233932495117 -85.89982604980469
557 -34.287540435791016 -85.89038848876953
558 -33.98497772216797 -85.86866760253906
559 -33.70297622680664 -85.8426513671875
560 -33.32990646362305 -85.7676773071289
561 -32.985836029052734 -85.68336486816406
562 -32.7518424987793 -85.61229705810547
563 -32.398460388183594 -85.51497650146484
564 -32.20655059814453 -85.45455932617188
565 -31.9720458984375 -85.44924926757812
566 -31.644397735595703 -85.39981842041016
567 -31.163663864135742 -85.29440307617188
568 -30.866674423217773 -85.19501495361328
569 -30.659767150878906 -85.08097076416016
570 -30.531862258911133 -84.8597640991211
571 -30.39605140686035 -84.39503479003906
572 -30.21824073791504 -83.89777374267578
573 -30.081565856933594 -83.64817810058594
574 -29.809965133666992 -83.2337646484375
575 -29.585792541503906 -82.92042541503906
576 -29.45737648010254 -82.71896362304688
577 -29.312164306640625 -82.49008178710938
578 -29.19953727722168 -82.31890869140625
579 -29.15155792236328 -82.05060577392578
580 -29.063039779663086 -81.57603454589844
581 -28.879791259765625 -80.84100341796875
582 -28.836828231811523 -80.6279067993164
583 -28.751792907714844 -80.4151840209961
584 -28.661598205566406 -80.23521423339844
585 -28.53034210205078 -80.00487518310547
586 -28.447284698486328 -79.63993072509766
587 -28.45840072631836 -79.30194091796875
588 -28.516223907470703 -79.06999206542969
589 -28.60964584350586 -78.92192077636719
590 -28.937244415283203 -78.65156555175781
591 -29.291988372802734 -78.41731262207031
592 -29.645296096801758 -78.26812744140625
593 -30.131999969482422 -77.99156951904297
594 -30.525129318237305 -77.76445770263672
595 -30.89337730407715 -77.54232788085938
596 -31.1417236328125 -77.38526916503906
597 -31.50478172302246 -77.13603973388672
598 -31.758583068847656 -76.90126037597656
599 -32.01643753051758 -76.61343383789062
600 -32.17140579223633 -76.3999252319336
601 -32.473602294921875 -75.95399475097656
602 -32.70452117919922 -75.5877456665039
603 -32.972713470458984 -75.1426010131836
604 -33.1378288269043 -74.86944580078125
605 -33.375770568847656 -74.67854309082031
606 -33.73269271850586 -74.56851959228516
607 -34.1408576965332 -74.51544952392578
608 -34.436092376708984 -74.51048278808594
609 -34.834327697753906 -74.51364135742188
610 -35.15439224243164 -74.49610137939453
611 -35.72507858276367 -74.44661712646484
612 -36.07601547241211 -74.40388488769531
613 -36.367637634277344 -74.35993194580078
614 -47.979713439941406 -68.36958312988281
615 -47.9969482421875 -68.18400573730469
616 -47.98886489868164 -67.89922332763672
617 -47.88785934448242 -67.50019836425781
618 -47.72199630737305 -67.26966094970703
619 -47.38228988647461 -67.0953598022461
620 -47.00526428222656 -66.94027709960938
621 -46.67652893066406 -66.90876770019531
622 -46.272701263427734 -66.95867156982422
623 -46.00652313232422 -67.01622772216797
624 -45.76604461669922 -67.07508850097656
625 -39.2735595703125 -68.89947509765625
626 -38.97652816772461 -69.01673889160156
627 -38.593318939208984 -69.21944427490234
628 -38.362056732177734 -69.33445739746094
629 -38.06673812866211 -69.44307708740234
630 -37.455963134765625 -69.60929870605469
631 -37.079410552978516 -69.71368408203125
632 -36.73969650268555 -69.76793670654297
633 -36.48737716674805 -69.77397918701172
634 -36.31443786621094 -69.74099731445312
635 -35.93442153930664 -69.72992706298828
636 -35.64393997192383 -69.6951904296875
637 -35.346622467041016 -69.54548645019531
638 -35.10213851928711 -69.3840103149414
639 -34.87948226928711 -69.11315155029297
640 -34.66801452636719 -68.72775268554688
641 -34.489925384521484 -68.38066864013672
642 -34.37012481689453 -68.06855773925781
643 -34.25409698486328 -67.80475616455078
644 -34.13512420654297 -67.4683837890625
645 -34.076927185058594 -67.275146484375
646 -28.599580764770508 -56.10244369506836
647 -28.48296356201172 -56.0245246887207
648 -28.34218978881836 -55.8892822265625
649 -28.06989860534668 -55.35608673095703
650 -27.89828109741211 -54.96462631225586
651 -27.96894073486328 -54.7899284362793
652 -28.12561798095703 -54.416236877441406
653 -28.41191864013672 -54.01411437988281
654 -28.678874969482422 -53.60771560668945
655 -28.871198654174805 -53.43168640136719
656 -29.23325538635254 -53.33931350708008
657 -29.647077560424805 -53.299678802490234
658 -29.946691513061523 -53.32929992675781
659 -30.2951602935791 -53.46726989746094
660 -30.72551155090332 -53.62113571166992
661 -30.9925479888916 -53.81010055541992
662 -31.205209732055664 -54.078495025634766
663 -31.412921905517578 -54.25308609008789
664 -31.660900115966797 -54.39179611206055
665 -31.95794677734375 -54.46260070800781
666 -32.62738037109375 -54.484947204589844
667 -33.18022155761719 -54.33218002319336
668 -33.46380615234375 -54.194095611572266
669 -33.73968505859375 -54.10376739501953
670 -33.973121643066406 -54.015960693359375
671 -34.35531997680664 -53.89594650268555
672 -34.68499755859375 -53.712162017822266
673 -35.139034271240234 -53.28515625
674 -35.33155822753906 -53.112571716308594
675 -35.453102111816406 -53.09389877319336
676 -35.72985076904297 -53.20475387573242
677 -36.10749816894531 -53.40666580200195
678 -36.45560073852539 -53.647865295410156
679 -36.73438262939453 -53.822608947753906
680 -37.043968200683594 -54.05591583251953
681 -37.23904800415039 -54.38575744628906
682 -37.36149978637695 -54.71412658691406
683 -37.46821594238281 -55.003299713134766
684 -37.60659408569336 -55.339263916015625
685 -37.78520202636719 -55.60725021362305
686 -38.097145080566406 -55.9260368347168
687 -38.43576431274414 -56.05436325073242
688 -39.030887603759766 -56.2281379699707
689 -39.37348175048828 -56.254859924316406
690 -40.0003776550293 -56.27300262451172
691 -40.41039276123047 -56.276798248291016
692 -40.787567138671875 -56.250675201416016
693 -41.16737365722656 -56.2021484375
694 -41.599735260009766 -56.085853576660156
695 -42.00552749633789 -55.954307556152344
696 -42.28386306762695 -55.858543395996094
697 -42.94880676269531 -55.652774810791016
698 -43.34492874145508 -55.539878845214844
699 -43.82321548461914 -55.46186828613281
700 -44.36439514160156 -55.389225006103516
701 -44.716644287109375 -55.32524871826172
702 -45.064353942871094 -55.26008224487305
703 -45.42693328857422 -55.201560974121094
704 -45.980777740478516 -55.10573196411133
705 -46.707305908203125 -54.982051849365234
706 -47.19375228881836 -54.896202087402344
707 -47.49270248413086 -54.87318801879883
708 -48.14919662475586 -54.95457077026367
709 -48.57393264770508 -55.050750732421875
710 -48.80864334106445 -55.13351821899414
711 -49.06969451904297 -55.23460006713867
712 -49.459617614746094 -55.42155456542969
713 -49.7125244140625 -55.51760482788086
714 -50.02842712402344 -55.552459716796875
715 -50.58843231201172 -55.55256271362305
716 -50.843223571777344 -55.53086471557617
717 -51.0118293762207 -55.35682678222656
718 -51.248836517333984 -55.11638259887695
719 -51.65122604370117 -54.718223571777344
720 -52.024688720703125 -54.35868453979492
721 -52.25314712524414 -54.03961181640625
722 -52.36607360839844 -53.755428314208984
723 -52.515010833740234 -52.8182373046875
724 -52.53212356567383 -52.54719543457031
725 -52.57857894897461 -52.31248092651367
726 -52.68642044067383 -51.90754318237305
727 -52.7738151550293 -51.63418197631836
728 -52.89316177368164 -51.38896942138672
729 -53.21174621582031 -50.873321533203125
730 -53.37610626220703 -50.597023010253906
731 -53.61115264892578 -50.23064041137695
732 -53.90546417236328 -49.73616409301758
733 -54.17153549194336 -49.2816276550293
734 -54.281986236572266 -49.078495025634766
735 -54.4500846862793 -48.744163513183594
736 -54.68193435668945 -48.228240966796875
737 -54.93622589111328 -47.678550720214844
738 -55.03091812133789 -47.48949432373047
739 -55.19121170043945 -47.31625747680664
740 -55.40298080444336 -46.97806167602539
741 -55.602725982666016 -46.66176986694336
742 -55.733036041259766 -46.32999801635742
743 -55.82904052734375 -45.85846710205078
744 -55.870235443115234 -45.51268768310547
745 -55.887359619140625 -45.04702377319336
746 -55.836570739746094 -44.75860595703125
747 -55.65081787109375 -44.33803176879883
748 -55.60285568237305 -44.106834411621094
749 -55.566253662109375 -43.92570114135742
750 -55.4329719543457 -43.4219970703125
751 -55.412689208984375 -43.172821044921875
752 -55.41221618652344 -42.87130355834961
753 -55.36852264404297 -42.51111602783203
754 -55.30052185058594 -42.15455627441406
755 -55.1329231262207 -41.854732513427734
756 -54.96270751953125 -41.590965270996094
757 -54.65272903442383 -41.2601318359375
758 -54.39632034301758 -41.07021713256836
759 -54.17354202270508 -40.958011627197266
760 -53.84281921386719 -40.8511962890625
761 -53.58525085449219 -40.81217956542969
762 -53.27569580078125 -40.792724609375
763 -52.811946868896484 -40.867061614990234
764 -52.43904495239258 -40.9423828125
765 -52.161006927490234 -40.98491287231445
766 -51.78872299194336 -40.97234344482422
767 -51.379981994628906 -40.93152618408203
768 -51.08489227294922 -40.88170623779297
769 -50.83243942260742 -40.834590911865234
770 -50.53228759765625 -40.8476676940918
771 -42.3663215637207 -43.15318298339844
772 -42.036766052246094 -43.113670349121094
773 -41.73591613769531 -43.037261962890625
774 -41.33060836791992 -42.861568450927734
775 -40.99943923950195 -42.69583511352539
776 -40.85079574584961 -42.536495208740234
777 -40.70793533325195 -42.33109664916992
778 -40.27396774291992 -41.71315383911133
779 -40.11437225341797 -41.5152473449707
780 -39.86763381958008 -41.13826370239258
781 -39.4620475769043 -40.57218551635742
782 -39.16672134399414 -40.22341537475586
783 -39.00091552734375 -39.90761184692383
784 -38.90117263793945 -39.58818054199219
785 -38.863250732421875 -39.22150802612305
786 -38.954132080078125 -38.95191955566406
787 -39.13840866088867 -38.279212951660156
788 -39.25146484375 -37.980934143066406
789 -39.3695182800293 -37.82392120361328
790 -39.47932815551758 -37.70001983642578
791 -39.806095123291016 -37.39457702636719
792 -40.22683334350586 -37.030208587646484
793 -40.44264221191406 -36.802860260009766
794 -40.7587776184082 -36.36351013183594
795 -40.909400939941406 -36.09607696533203
796 -41.072139739990234 -35.63486862182617
797 -41.17185592651367 -35.23942565917969
798 -41.29127502441406 -34.80628204345703
799 -41.33269500732422 -34.52283477783203
800 -41.34334182739258 -34.249542236328125
801 -41.341949462890625 -33.89345932006836
802 -41.33820724487305 -33.69623565673828
803 -41.334320068359375 -33.392425537109375
804 -41.306495666503906 -33.00480270385742
805 -41.23333740234375 -32.53022766113281
806 -41.1458854675293 -32.023460388183594
807 -41.104759216308594 -31.713403701782227
808 -41.09435272216797 -31.366703033447266
809 -41.20907211303711 -30.965011596679688
810 -41.346649169921875 -30.79103660583496
811 -41.511592864990234 -30.620914459228516
812 -41.79952621459961 -30.440406799316406
813 -42.24567413330078 -30.216697692871094
814 -42.52680587768555 -30.10161018371582
815 -42.833763122558594 -29.984699249267578
816 -43.13054275512695 -29.893903732299805
817 -43.39275360107422 -29.926515579223633
818 -43.62379455566406 -29.952167510986328
819 -44.02098083496094 -29.994535446166992
820 -44.26711654663086 -29.972436904907227
821 -44.71860122680664 -29.933414459228516
822 -45.42498779296875 -29.8457088470459
823 -45.697265625 -29.804584503173828
824 -46.1636848449707 -29.713224411010742
825 -46.50297927856445 -29.703977584838867
826 -46.87046432495117 -29.707672119140625
827 -47.15902328491211 -29.763723373413086
828 -47.486209869384766 -29.90132713317871
829 -47.79811096191406 -30.182872772216797
830 -47.97462844848633 -30.441883087158203
831 -48.18829345703125 -30.862218856811523
832 -48.30982971191406 -31.056396484375
833 -48.52037811279297 -31.399343490600586
834 -48.68635940551758 -31.637548446655273
835 -49.02147674560547 -32.092185974121094
836 -49.25270462036133 -32.355560302734375
837 -49.401710510253906 -32.53889465332031
838 -49.67731857299805 -32.9179573059082
839 -49.919166564941406 -33.26295852661133
840 -50.134864807128906 -33.59534454345703
841 -50.281394958496094 -33.81997299194336
842 -50.599910736083984 -34.327022552490234
843 -50.79634475708008 -34.625579833984375
844 -50.91524887084961 -34.8279914855957
845 -51.083648681640625 -35.11253356933594
846 -51.22346496582031 -35.3310546875
847 -51.366127014160156 -35.6090087890625
848 -51.403114318847656 -35.83616638183594
849 -51.429752349853516 -36.09621047973633
850 -51.45506286621094 -36.29564666748047
851 -23.2686710357666 -61.21604919433594
852 -23.167936325073242 -61.28028869628906
853 -22.9984188079834 -61.41109085083008
854 -22.740741729736328 -61.60081100463867
855 -22.474517822265625 -61.74003601074219
856 -22.17421531677246 -61.83226013183594
857 -21.74097442626953 -61.947410583496094
858 -21.41229820251465 -62.04594802856445
859 -20.922636032104492 -62.15637969970703
860 -20.64178466796875 -62.208404541015625
861 -20.25332260131836 -62.34172058105469
862 -20.001876831054688 -62.47587203979492
863 -19.724864959716797 -62.64646911621094
864 -19.548553466796875 -62.94105529785156
865 -19.37276840209961 -63.32639694213867
866 -19.313352584838867 -63.67780303955078
867 -19.299484252929688 -63.93917465209961
868 -19.29876708984375 -64.17601776123047
869 -19.377592086791992 -64.76195526123047
870 -19.461498260498047 -65.2074966430664
871 -19.530044555664062 -65.3957290649414
872 -19.64487075805664 -65.72114562988281
873 -19.884796142578125 -66.42876434326172
874 -20.066320419311523 -66.64808654785156
875 -20.326562881469727 -66.9859619140625
876 -20.541227340698242 -67.32243347167969
877 -20.701887130737305 -67.60414123535156
878 -20.944490432739258 -68.00382232666016
879 -21.28333282470703 -68.41252136230469
880 -21.528575897216797 -68.57453918457031
881 -21.778074264526367 -68.68477630615234
882 -22.14632797241211 -68.79671478271484
883 -22.548118591308594 -68.88114929199219
884 -22.919597625732422 -68.9456787109375
885 -23.349567413330078 -69.03286743164062
886 -23.623455047607422 -69.11933898925781
887 -23.993335723876953 -69.35643005371094
888 -24.304676055908203 -69.58686828613281
889 -24.674095153808594 -69.8807144165039
890 -24.8442325592041 -69.97177124023438
891 -25.198152542114258 -70.09092712402344
892 -25.533445358276367 -70.17598724365234
893 -25.77627944946289 -70.25959014892578
894 -26.0701847076416 -70.47970581054688
895 -26.344560623168945 -70.85958862304688
896 -26.527223587036133 -71.17069244384766
897 -26.601625442504883 -71.37257385253906
898 -26.691349029541016 -71.77608489990234
899 -26.751760482788086 -72.0753173828125
900 -26.762861251831055 -72.5575180053711
901 -26.67767333984375 -73.0172348022461
902 -26.497390747070312 -73.39663696289062
903 -26.289648056030273 -73.75894927978516
904 -26.02634048461914 -73.97721862792969
905 -25.694318771362305 -74.15153503417969
906 -25.247634887695312 -74.20855712890625
907 -24.805164337158203 -74.28199005126953
908 -24.391544342041016 -74.339111328125
909 -23.683809280395508 -74.30561065673828
910 -23.315624237060547 -74.24751281738281
911 -23.076581954956055 -74.13021087646484
912 -22.691823959350586 -73.8539810180664
913 -22.393308639526367 -73.543212890625
914 -22.179378509521484 -73.23143005371094
915 -22.024267196655273 -72.85627746582031
916 -21.983543395996094 -72.60062408447266
917 -24.390962600708008 -66.2413330078125
918 -24.599990844726562 -65.92952728271484
919 -24.73151397705078 -65.78591918945312
920 -25.02372932434082 -65.57186126708984
921 -25.303991317749023 -65.41780090332031
922 -25.66400909423828 -65.31840515136719
923 -26.086986541748047 -65.31085205078125
924 -26.346691131591797 -65.3785171508789
925 -26.56297492980957 -65.52278137207031
926 -26.799219131469727 -65.73722076416016
927 -27.476327896118164 -66.36785888671875
928 -28.10008430480957 -67.01618957519531
929 -28.34674835205078 -67.24497985839844
930 -28.54342269897461 -67.2436294555664
931 -28.777111053466797 -67.14781951904297
932 -28.986312866210938 -66.98458862304688
933 -29.134140014648438 -66.74369049072266
934 -29.191530227661133 -66.47241973876953
935 -29.257173538208008 -66.01380157470703
936 -29.22008514404297 -65.56080627441406
937 -29.174829483032227 -65.31645965576172
938 -29.154645919799805 -65.13672637939453
939 -29.07231903076172 -64.80927276611328
940 -28.952756881713867 -64.54307556152344
941 -28.871217727661133 -64.1373291015625
942 -28.829769134521484 -63.823123931884766
943 -28.773279190063477 -63.57703399658203
944 -28.575334548950195 -63.154720306396484
945 -28.28109359741211 -62.74165344238281
946 -28.102113723754883 -62.49636459350586
947 -27.925561904907227 -62.296573638916016
948 -27.895524978637695 -61.95576095581055
949 -28.016712188720703 -61.603721618652344
950 -28.186506271362305 -61.32707214355469
951 -28.498289108276367 -61.152713775634766
952 -29.03976821899414 -60.944725036621094
953 -29.375776290893555 -60.97040557861328
954 -29.78833770751953 -61.13548278808594
955 -30.239524841308594 -61.427249908447266
956 -30.70234489440918 -61.742549896240234
957 -31.915355682373047 -62.715065002441406
958 -32.06055450439453 -62.85042953491211
959 -32.350399017333984 -63.0221061706543
960 -32.71878433227539 -63.15901565551758
961 -33.24516677856445 -63.20191955566406
962 -33.60654067993164 -63.23252487182617
963 -33.843509674072266 -63.2638053894043
964 -34.08003234863281 -63.15043640136719
965 -34.188053131103516 -62.915584564208984
966 -34.31175231933594 -62.507293701171875
967 -34.392539978027344 -62.2036247253418
968 -34.32796859741211 -61.94392776489258
969 -34.157535552978516 -61.6491813659668
970 -34.017662048339844 -61.325740814208984
971 -33.86737823486328 -60.960670471191406
972 -33.75228500366211 -60.58736038208008
973 -33.680885314941406 -60.221675872802734
974 -33.565879821777344 -59.819339752197266
975 -33.39656448364258 -59.28423309326172
976 -33.132205963134766 -58.83384704589844
977 -32.9135856628418 -58.64073181152344
978 -32.45698165893555 -58.543113708496094
979 -32.066410064697266 -58.47015380859375
980 -31.813913345336914 -58.41695785522461
981 -31.439010620117188 -58.36761474609375
982 -31.017488479614258 -58.282196044921875
983 -30.482288360595703 -58.24761199951172
984 -29.876060485839844 -58.36797332763672
985 -29.384037017822266 -58.51773452758789
986 -28.99577522277832 -58.60017013549805
987 -28.615224838256836 -58.6312370300293
988 -28.302230834960938 -58.64934158325195
989 -27.866628646850586 -58.566001892089844
990 -27.571029663085938 -58.478492736816406
991 -27.3353214263916 -58.481197357177734
992 -27.035871505737305 -58.4295654296875
993 -26.67947006225586 -58.35238265991211
994 -26.253887176513672 -58.440738677978516
995 -25.96878433227539 -58.47792434692383
996 -25.612422943115234 -58.518741607666016
997 -25.330358505249023 -58.540897369384766
998 -25.137874603271484 -58.5399284362793
999 -25.036924362182617 -58.542606353759766
