0 -27.75827407836914 -23.51109504699707
1 -27.82350730895996 -23.717252731323242
2 -28.048477172851562 -24.197010040283203
3 -28.134963989257812 -24.412158966064453
4 -28.29279136657715 -24.927459716796875
5 -28.484493255615234 -25.599512100219727
6 -28.60978126525879 -25.997217178344727
7 -28.579429626464844 -26.255247116088867
8 -28.53004264831543 -26.498001098632812
9 -28.36208724975586 -26.764598846435547
10 -28.021373748779297 -26.824186325073242
11 -27.51057243347168 -26.93256378173828
12 -27.214427947998047 -26.94961929321289
13 -27.071638107299805 -26.788982391357422
14 -26.898653030395508 -26.625688552856445
15 -26.781543731689453 -26.475168228149414
16 -26.60198402404785 -26.291990280151367
17 -26.04361343383789 -25.880863189697266
18 -25.994213104248047 -25.791778564453125
19 -25.674501419067383 -25.576745986938477
20 -25.375778198242188 -25.319793701171875
21 -25.157062530517578 -25.144723892211914
22 -24.930665969848633 -25.02273941040039
23 -24.66849708557129 -24.992694854736328
24 -24.211578369140625 -25.075597763061523
25 -23.984132766723633 -25.11918830871582
26 -23.2442569732666 -25.495912551879883
27 -22.885643005371094 -25.63593101501465
28 -22.390050888061523 -25.772937774658203
29 -21.665611267089844 -25.95212173461914
30 -21.301969528198242 -25.961511611938477
31 -20.89783477783203 -25.9680233001709
32 -20.25443458557129 -26.0035400390625
33 -20.02640724182129 -26.035369873046875
34 -19.691051483154297 -26.052648544311523
35 -19.099388122558594 -26.16651153564453
36 -18.80307388305664 -26.205806732177734
37 -18.49589729309082 -26.1677303314209
38 -18.056772232055664 -26.102996826171875
39 -17.529438018798828 -26.00664710998535
40 -17.244953155517578 -25.99607276916504
41 -16.959108352661133 -26.040796279907227
42 -16.53714942932129 -26.092979431152344
43 -15.91313362121582 -26.05967140197754
44 -15.64244556427002 -26.036909103393555
45 -15.345094680786133 -26.089000701904297
46 -15.050838470458984 -26.160924911499023
47 -14.616809844970703 -26.234636306762695
48 -14.260942459106445 -26.15256690979004
49 -13.878311157226562 -26.0535888671875
50 -13.526745796203613 -25.91973876953125
51 -6.940223217010498 -19.84055519104004
52 -6.928774833679199 -19.636728286743164
53 -6.921551704406738 -19.312061309814453
54 -6.971156597137451 -18.997669219970703
55 -7.112387657165527 -18.51035499572754
56 -7.291653633117676 -18.185800552368164
57 -7.422497749328613 -17.877399444580078
58 -7.358508586883545 -17.659709930419922
59 -7.233090400695801 -17.332456588745117
60 -7.090385437011719 -16.829124450683594
61 -7.00556755065918 -16.55689811706543
62 -6.884705543518066 -16.191940307617188
63 -6.865516662597656 -15.898475646972656
64 -6.835749626159668 -15.571990966796875
65 -6.777890205383301 -15.297133445739746
66 -6.697805881500244 -14.911121368408203
67 -6.627692699432373 -14.614093780517578
68 -6.285182952880859 -14.011497497558594
69 -6.092708110809326 -13.77418041229248
70 -5.538410663604736 -13.306875228881836
71 -5.279544830322266 -13.359310150146484
72 -5.106560707092285 -13.473698616027832
73 -4.477705478668213 -14.069324493408203
74 -4.353087902069092 -14.336920738220215
75 -4.2215681076049805 -15.055170059204102
76 -4.096574306488037 -15.311945915222168
77 -3.882701873779297 -15.599207878112793
78 -3.564568281173706 -15.91726016998291
79 -3.1902456283569336 -16.22563934326172
80 -2.9534010887145996 -16.370136260986328
81 -2.321415901184082 -16.791414260864258
82 -2.1950154304504395 -16.85313606262207
83 -2.0604302883148193 -17.0023250579834
84 -1.8941084146499634 -17.336097717285156
85 -1.923019528388977 -17.658750534057617
86 -2.1431984901428223 -18.079572677612305
87 -2.3444995880126953 -18.46668243408203
88 -2.636861801147461 -18.839618682861328
89 -2.9017176628112793 -19.15321159362793
90 -3.0663461685180664 -19.403892517089844
91 -3.091496467590332 -19.545433044433594
92 -3.0540521144866943 -19.804258346557617
93 -2.93937087059021 -20.201217651367188
94 -2.944763422012329 -20.496238708496094
95 -3.0565950870513916 -20.756406784057617
96 -3.3721606731414795 -21.232955932617188
97 -3.457451581954956 -21.35661506652832
98 -3.6600635051727295 -21.61643409729004
99 -3.9480085372924805 -22.009857177734375
100 -4.240365028381348 -22.38437271118164
101 -4.508636951446533 -22.630611419677734
102 -5.13240909576416 -22.908206939697266
103 -5.401679039001465 -23.04750633239746
104 -5.471769332885742 -23.103179931640625
105 -5.255096435546875 -23.517196655273438
106 -5.133833885192871 -23.916099548339844
107 -4.948710918426514 -24.494646072387695
108 -4.801060676574707 -24.711589813232422
109 -4.563620090484619 -24.729351043701172
110 -4.3384222984313965 -24.754484176635742
111 -4.131431579589844 -24.627511978149414
112 -3.602552890777588 -24.456253051757812
113 -3.1982474327087402 -24.355382919311523
114 -2.584115982055664 -24.02412986755371
115 -1.781668782234192 -23.568592071533203
116 -1.3862783908843994 -23.26622772216797
117 -1.0648760795593262 -23.162824630737305
118 -0.6145075559616089 -23.033283233642578
119 -0.4177739918231964 -23.1824951171875
120 -0.1535361111164093 -23.66386604309082
121 -0.158616304397583 -23.874526977539062
122 -0.5858511924743652 -24.62601661682129
123 -0.8993657231330872 -25.324743270874023
124 -1.0105953216552734 -25.78938102722168
125 -1.1079695224761963 -25.959012985229492
126 -1.316919207572937 -26.489479064941406
127 -1.406424880027771 -26.86301040649414
128 -1.457405686378479 -27.313697814941406
129 -1.5653660297393799 -27.652362823486328
130 -1.7181682586669922 -27.885662078857422
131 -1.9840480089187622 -27.93222427368164
132 -2.6559102535247803 -27.651714324951172
133 -3.0254085063934326 -27.46558380126953
134 -3.296909809112549 -27.34767723083496
135 -3.811903476715088 -27.187294006347656
136 -4.49879789352417 -27.104793548583984
137 -4.6982197761535645 -27.07146644592285
138 -5.3815412521362305 -27.1005916595459
139 -6.203899383544922 -27.12761878967285
140 -6.57778787612915 -27.19249725341797
141 -6.8774943351745605 -27.267566680908203
142 -7.076780796051025 -27.31259536743164
143 -7.329766273498535 -27.39369010925293
144 -7.623592853546143 -27.6375675201416
145 -7.962551593780518 -28.012699127197266
146 -8.475103378295898 -28.369619369506836
147 -8.925576210021973 -28.660497665405273
148 -9.247478485107422 -28.82506561279297
149 -9.528938293457031 -28.974580764770508
150 -9.583799362182617 -29.128631591796875
151 -9.5587797164917 -29.508962631225586
152 -9.525835037231445 -29.79522705078125
153 -9.627328872680664 -30.21575927734375
154 -9.678887367248535 -30.550094604492188
155 -9.607614517211914 -30.932138442993164
156 -9.453878402709961 -31.325580596923828
157 -9.240376472473145 -31.63863754272461
158 -9.069130897521973 -31.892501831054688
159 -8.92462158203125 -32.01655578613281
160 -2.6459784507751465 -30.254104614257812
161 -2.4438934326171875 -30.317222595214844
162 -2.412376880645752 -30.458797454833984
163 -2.5527803897857666 -30.894569396972656
164 -2.721648931503296 -31.25934600830078
165 -2.9373536109924316 -31.535423278808594
166 -3.168938398361206 -31.700998306274414
167 -3.436312198638916 -31.80014991760254
168 -4.0790557861328125 -32.02280044555664
169 -4.39764928817749 -32.08623123168945
170 -4.721990585327148 -32.149234771728516
171 -5.529227256774902 -32.3720588684082
172 -5.871433734893799 -32.2939338684082
173 -6.165483474731445 -32.08646011352539
174 -6.441926002502441 -31.88239860534668
175 -6.746626377105713 -31.58466911315918
176 -6.8332200050354 -31.520000457763672
177 -6.8442702293396 -31.362445831298828
178 -6.7997002601623535 -30.950843811035156
179 -6.704999923706055 -30.643718719482422
180 -6.259476184844971 -29.70765495300293
181 -6.114999294281006 -29.572275161743164
182 -5.922403335571289 -29.332612991333008
183 -5.650028228759766 -29.170597076416016
184 -5.407038688659668 -28.972705841064453
185 -5.2077484130859375 -28.959928512573242
186 -4.983954906463623 -29.099842071533203
187 -4.7725677490234375 -29.42860984802246
188 -4.652029991149902 -29.708314895629883
189 -4.670420169830322 -30.120616912841797
190 -4.67755651473999 -30.417383193969727
191 -4.714025497436523 -33.99540710449219
192 -4.789559364318848 -34.73088073730469
193 -4.847683429718018 -35.113311767578125
194 -4.963838577270508 -35.541534423828125
195 -5.253035068511963 -36.148197174072266
196 -5.446310997009277 -36.36703109741211
197 -5.724285125732422 -36.4985466003418
198 -5.994906902313232 -36.45867919921875
199 -6.424961566925049 -36.3124885559082
200 -7.028529167175293 -36.1223030090332
201 -7.2701311111450195 -36.018733978271484
202 -7.451354503631592 -35.95925521850586
203 -7.864025592803955 -35.72963333129883
204 -8.059107780456543 -35.58632278442383
205 -8.524735450744629 -24.528114318847656
206 -8.518645286560059 -24.342626571655273
207 -8.566475868225098 -23.900062561035156
208 -8.642659187316895 -23.706806182861328
209 -8.893860816955566 -23.385591506958008
210 -9.113451957702637 -23.068523406982422
211 -9.17159652709961 -22.79746437072754
212 -9.232316017150879 -22.17752456665039
213 -9.34398078918457 -21.768369674682617
214 -9.410758018493652 -21.51853370666504
215 -9.582775115966797 -21.23164939880371
216 -9.847545623779297 -20.966588973999023
217 -10.177167892456055 -20.677492141723633
218 -10.324936866760254 -20.536237716674805
219 -10.646296501159668 -20.61264991760254
220 -10.981831550598145 -20.760074615478516
221 -11.1387357711792 -20.941301345825195
222 -11.372206687927246 -21.140928268432617
223 -11.728582382202148 -21.28427505493164
224 -12.298548698425293 -21.496337890625
225 -12.648693084716797 -21.64853286743164
226 -13.396130561828613 -21.939233779907227
227 -13.575304985046387 -22.0333251953125
228 -13.894421577453613 -22.09687042236328
229 -14.34744644165039 -22.213184356689453
230 -14.63958740234375 -22.150726318359375
231 -14.929831504821777 -22.14572525024414
232 -15.13017463684082 -21.961894989013672
233 -15.244566917419434 -21.74015235900879
234 -15.512160301208496 -21.2574520111084
235 -15.808267593383789 -20.72960662841797
236 -15.822854042053223 -20.45857810974121
237 -15.546140670776367 -20.115266799926758
238 -14.840757369995117 -19.5898380279541
239 -14.118794441223145 -19.259464263916016
240 -13.716858863830566 -19.083009719848633
241 -13.418686866760254 -18.952407836914062
242 -12.851288795471191 -18.698278427124023
243 -12.656527519226074 -18.562694549560547
244 -12.502041816711426 -18.19590950012207
245 -12.427560806274414 -17.662633895874023
246 -12.452608108520508 -17.20179557800293
247 -12.523066520690918 -16.884990692138672
248 -12.918364524841309 -16.424970626831055
249 -13.350181579589844 -16.080801010131836
250 -13.595486640930176 -16.023229598999023
251 -14.750645637512207 -16.26408576965332
252 -15.217000007629395 -16.477651596069336
253 -16.240819931030273 -17.057777404785156
254 -16.611766815185547 -17.32176399230957
255 -16.942895889282227 -17.540889739990234
256 -17.301118850708008 -17.726123809814453
257 -17.563066482543945 -17.823705673217773
258 -17.866086959838867 -17.873676300048828
259 -18.53860092163086 -18.288843154907227
260 -18.824081420898438 -18.40260887145996
261 -19.133821487426758 -18.429580688476562
262 -20.047529220581055 -18.509435653686523
263 -20.419776916503906 -18.63223648071289
264 -20.73615074157715 -18.90546226501465
265 -20.7480411529541 -19.333805084228516
266 -20.63789176940918 -19.581340789794922
267 -20.465641021728516 -19.874568939208984
268 -20.378952026367188 -20.01740837097168
269 -20.11056900024414 -20.70701789855957
270 -20.014554977416992 -21.113685607910156
271 -19.974384307861328 -21.739673614501953
272 -20.008432388305664 -21.970468521118164
273 -20.312532424926758 -22.408275604248047
274 -20.660865783691406 -22.570884704589844
275 -21.34027099609375 -22.470626831054688
276 -21.681135177612305 -22.365766525268555
277 -22.040855407714844 -22.15802574157715
278 -22.953554153442383 -21.73577308654785
279 -23.300270080566406 -21.606182098388672
280 -23.676820755004883 -21.513874053955078
281 -24.073511123657227 -21.39154624938965
282 -24.64687728881836 -21.216114044189453
283 -25.245851516723633 -21.076181411743164
284 -25.78148651123047 -20.890676498413086
285 -26.336593627929688 -20.71180534362793
286 -26.71209144592285 -20.613603591918945
287 -27.225387573242188 -20.55259132385254
288 -28.186683654785156 -20.117855072021484
289 -28.473764419555664 -19.858304977416992
290 -28.596078872680664 -19.56906509399414
291 -28.837331771850586 -18.64202308654785
292 -28.90329360961914 -18.273422241210938
293 -28.977453231811523 -17.85396385192871
294 -29.072078704833984 -17.42087745666504
295 -29.203811645507812 -17.019495010375977
296 -29.282676696777344 -16.77146339416504
297 -29.379945755004883 -16.598114013671875
298 -29.978689193725586 -16.136953353881836
299 -30.364198684692383 -15.892763137817383
300 -30.646848678588867 -15.769697189331055
301 -30.9984188079834 -15.641902923583984
302 -31.449647903442383 -15.362751960754395
303 -31.595096588134766 -15.102151870727539
304 -31.560142517089844 -14.744246482849121
305 -31.511550903320312 -14.420063018798828
306 -31.501859664916992 -14.221997261047363
307 -31.330961227416992 -13.953373908996582
308 -30.955556869506836 -13.631958961486816
309 -30.72540855407715 -13.425675392150879
310 -30.542953491210938 -13.238006591796875
311 -30.1987361907959 -12.852348327636719
312 -29.95718002319336 -12.559370040893555
313 -29.619977951049805 -12.304181098937988
314 -29.288820266723633 -12.206533432006836
315 -28.996828079223633 -12.193411827087402
316 -28.769437789916992 -12.123383522033691
317 -28.27241325378418 -11.880219459533691
318 -27.577394485473633 -11.659887313842773
319 -27.155847549438477 -11.586501121520996
320 -26.80864143371582 -11.596240997314453
321 -26.56720733642578 -11.65621280670166
322 -26.48078727722168 -11.938889503479004
323 -26.4243221282959 -12.193622589111328
324 -26.40389060974121 -12.620000839233398
325 -26.335844039916992 -13.052706718444824
326 -26.306900024414062 -13.400074005126953
327 -26.079429626464844 -14.291765213012695
328 -25.98578453063965 -14.597258567810059
329 -25.962953567504883 -14.802297592163086
330 -25.999011993408203 -14.987289428710938
331 -26.13629722595215 -15.651623725891113
332 -26.218494415283203 -15.996583938598633
333 -26.24123764038086 -16.89504051208496
334 -26.14419174194336 -17.22174835205078
335 -25.85712432861328 -17.550750732421875
336 -25.289777755737305 -17.95354652404785
337 -25.227563858032227 -17.966907501220703
338 -25.005977630615234 -18.006488800048828
339 -22.177078247070312 1.275392770767212
340 -22.147066116333008 1.4649935960769653
341 -22.059673309326172 1.7662122249603271
342 -21.92709732055664 2.1136884689331055
343 -21.80353355407715 2.420246124267578
344 -21.725290298461914 2.6919479370117188
345 -21.65021514892578 2.7997794151306152
346 -21.336830139160156 3.3189945220947266
347 -21.213842391967773 3.3665072917938232
348 -20.794567108154297 3.4614739418029785
349 -20.229385375976562 3.6595633029937744
350 -19.62229347229004 3.822512149810791
351 -19.26485824584961 3.77340030670166
352 -19.012649536132812 3.500997543334961
353 -18.86048698425293 3.2751758098602295
354 -18.86726188659668 3.0059001445770264
355 -19.189647674560547 1.938829779624939
356 -19.23003578186035 1.632879614830017
357 -19.314645767211914 1.2532390356063843
358 -23.4242000579834 -12.580161094665527
359 -23.364730834960938 -12.778165817260742
360 -23.137950897216797 -13.165918350219727
361 -22.87325668334961 -13.579056739807129
362 -22.710186004638672 -13.732012748718262
363 -22.554311752319336 -13.869236946105957
364 -22.367950439453125 -14.174027442932129
365 -22.316341400146484 -14.48047924041748
366 -22.366474151611328 -14.907309532165527
367 -22.383108139038086 -15.33425521850586
368 -22.281551361083984 -15.758637428283691
369 -21.971435546875 -16.255081176757812
370 -21.749303817749023 -16.455575942993164
371 -21.470991134643555 -16.449493408203125
372 -21.28666114807129 -16.32292938232422
373 -20.803850173950195 -15.899896621704102
374 -20.49387550354004 -15.557103157043457
375 -20.163429260253906 -15.31983757019043
376 -19.785696029663086 -15.226088523864746
377 -19.14674949645996 -15.094986915588379
378 -18.851224899291992 -14.946233749389648
379 -18.756580352783203 -14.674040794372559
380 -18.781660079956055 -14.140144348144531
381 -18.867969512939453 -13.68544864654541
382 -19.211353302001953 -13.077521324157715
383 -19.406997680664062 -12.843114852905273
384 -19.61647605895996 -12.686446189880371
385 -19.831451416015625 -12.552021980285645
386 -20.118213653564453 -12.38796329498291
387 -20.6396484375 -12.132213592529297
388 -21.205829620361328 -11.919805526733398
389 -21.484909057617188 -11.810013771057129
390 -21.803646087646484 -11.670486450195312
391 -22.278623580932617 -11.317007064819336
392 -22.777908325195312 -10.94880199432373
393 -23.098325729370117 -10.66440200805664
394 -23.285682678222656 -10.33646297454834
395 -23.3446102142334 -10.118640899658203
396 -23.273317337036133 -9.873156547546387
397 -23.178081512451172 -9.467421531677246
398 -22.91769790649414 -9.275273323059082
399 -22.39897346496582 -9.035236358642578
400 -22.043752670288086 -8.811676979064941
401 -21.890907287597656 -8.764965057373047
402 -21.539989471435547 -8.743558883666992
403 -21.044042587280273 -8.759299278259277
404 -20.601137161254883 -8.796706199645996
405 -20.218355178833008 -8.869802474975586
406 -19.77190399169922 -9.035176277160645
407 -19.53839874267578 -9.116377830505371
408 -19.397886276245117 -9.264264106750488
409 -19.146541595458984 -9.654786109924316
410 -18.85312843322754 -10.017085075378418
411 -18.60649871826172 -10.218052864074707
412 -18.16014862060547 -10.396215438842773
413 -18.010717391967773 -10.390251159667969
414 -17.7509765625 -10.328341484069824
415 -17.431962966918945 -10.197381019592285
416 -17.27298927307129 -9.982669830322266
417 -17.032272338867188 -9.542947769165039
418 -16.949861526489258 -9.286994934082031
419 -16.884933471679688 -8.552094459533691
420 -16.931652069091797 -8.136590957641602
421 -17.181610107421875 -7.468713760375977
422 -17.270771026611328 -7.273754596710205
423 -17.370155334472656 -6.960131645202637
424 -17.450531005859375 -6.704801559448242
425 -17.624574661254883 -6.16871452331543
426 -17.72779083251953 -5.831766128540039
427 -17.656951904296875 -5.66432523727417
428 -17.27318000793457 -5.258676052093506
429 -17.078401565551758 -4.9963226318359375
430 -16.89103126525879 -4.759215831756592
431 -16.522279739379883 -4.646847248077393
432 -16.193904876708984 -4.641669273376465
433 -15.983610153198242 -4.664144039154053
434 -15.749229431152344 -4.859877109527588
435 -15.149727821350098 -5.323041915893555
436 -14.974807739257812 -5.509372711181641
437 -14.886730194091797 -5.713921070098877
438 -14.667901992797852 -5.964593410491943
439 -14.319953918457031 -6.184910774230957
440 -14.132784843444824 -6.218000411987305
441 -13.55130386352539 -6.304134845733643
442 -12.99285888671875 -6.4676513671875
443 -12.671749114990234 -6.633453369140625
444 -12.365152359008789 -6.915197372436523
445 -12.263483047485352 -7.185168266296387
446 -12.266457557678223 -7.4192891120910645
447 -12.088350296020508 -8.012042999267578
448 -11.873695373535156 -8.290575981140137
449 -11.650105476379395 -8.558289527893066
450 -11.478055000305176 -8.614007949829102
451 -11.0734224319458 -8.770763397216797
452 -10.640872955322266 -8.953434944152832
453 -10.33996868133545 -9.10579776763916
454 -10.079641342163086 -9.240510940551758
455 -9.608626365661621 -9.371500968933105
456 -9.213037490844727 -9.583529472351074
457 -9.031766891479492 -9.874601364135742
458 -9.124982833862305 -10.269587516784668
459 -9.551290512084961 -10.627727508544922
460 -9.77350902557373 -10.76978588104248
461 -9.931108474731445 -10.866243362426758
462 -10.185500144958496 -11.097947120666504
463 -10.497664451599121 -11.237679481506348
464 -10.785245895385742 -11.394828796386719
465 -11.032959938049316 -11.432608604431152
466 -11.5896577835083 -11.521188735961914
467 -11.731945037841797 -11.619710922241211
468 -11.78930377960205 -11.711130142211914
469 -12.038006782531738 -11.881973266601562
470 -12.45931339263916 -12.183585166931152
471 -12.83320140838623 -12.399487495422363
472 -13.240318298339844 -12.742554664611816
473 -13.50076675415039 -12.79398250579834
474 -13.95366382598877 -12.770463943481445
475 -14.292415618896484 -12.585264205932617
476 -14.622360229492188 -12.32504653930664
477 -14.72815990447998 -12.174816131591797
478 -14.83741569519043 -11.633234024047852
479 -14.904898643493652 -11.231698036193848
480 -14.913300514221191 -10.819429397583008
481 -14.781956672668457 -10.524031639099121
482 -14.532578468322754 -10.157122611999512
483 -14.22616195678711 -9.826918601989746
484 -13.956645011901855 -9.606539726257324
485 -13.748053550720215 -9.445538520812988
486 -13.498804092407227 -9.251952171325684
487 -9.574933052062988 -6.815004825592041
488 -9.285139083862305 -6.655937671661377
489 -8.933467864990234 -6.447569370269775
490 -8.762430191040039 -6.3300909996032715
491 -8.71438980102539 -6.086490631103516
492 -8.670286178588867 -5.678574562072754
493 -8.675206184387207 -5.181997776031494
494 -8.776164054870605 -4.887156009674072
495 -8.942872047424316 -4.587192535400391
496 -9.076451301574707 -4.333152770996094
497 -9.18054485321045 -4.126707077026367
498 -9.448128700256348 -3.5985639095306396
499 -9.724405288696289 -3.231689214706421
500 -10.072361946105957 -2.8990445137023926
501 -10.334364891052246 -2.6029887199401855
502 -10.540570259094238 -2.3653359413146973
503 -10.73486042022705 -2.1767823696136475
504 -10.940463066101074 -2.1473662853240967
505 -11.321497917175293 -2.101071357727051
506 -11.629342079162598 -2.1009035110473633
507 -12.06831169128418 -2.2315011024475098
508 -12.386991500854492 -2.328403949737549
509 -12.618206024169922 -2.3749306201934814
510 -12.966595649719238 -2.279142379760742
511 -13.363493919372559 -1.9526740312576294
512 -13.47787857055664 -1.6784369945526123
513 -13.425890922546387 -1.051101565361023
514 -13.26795482635498 -0.6625341773033142
515 -13.026680946350098 -0.2757738530635834
516 -12.873663902282715 -0.034058064222335815
517 -12.677412033081055 0.5198200941085815
518 -12.650752067565918 0.753334105014801
519 -12.684257507324219 1.0254632234573364
520 -12.961743354797363 1.4482126235961914
521 -13.373931884765625 1.7889410257339478
522 -13.588547706604004 1.934782862663269
523 -13.727924346923828 1.9982800483703613
524 -14.037903785705566 2.032761335372925
525 -14.607004165649414 2.009385347366333
526 -15.092737197875977 1.907103180885315
527 -15.3784761428833 1.7029473781585693
528 -15.609485626220703 1.5250588655471802
529 -15.796895980834961 1.2272707223892212
530 -15.968934059143066 0.9679073691368103
531 -16.159591674804688 0.6896312236785889
532 -16.414901733398438 0.3705052435398102
533 -16.831628799438477 -0.026657843962311745
534 -17.39429473876953 -0.47369036078453064
535 -17.844573974609375 -0.8347494006156921
536 -18.243396759033203 -1.1537456512451172
537 -18.486000061035156 -1.250252604484558
538 -18.899246215820312 -1.4251996278762817
539 -19.59562110900879 -1.8629355430603027
540 -20.024826049804688 -2.0934407711029053
541 -20.38633155822754 -2.1533849239349365
542 -20.580455780029297 -2.123779535293579
543 -20.987516403198242 -1.9990234375
544 -21.199003219604492 -1.935499906539917
545 -21.399261474609375 -1.8838069438934326
546 -21.95170021057129 -1.7507191896438599
547 -22.40475845336914 -1.7041361331939697
548 -22.632097244262695 -1.803653597831726
549 -22.99869155883789 -2.0869555473327637
550 -23.358762741088867 -2.4533746242523193
551 -23.847341537475586 -2.87632155418396
552 -23.802867889404297 -3.022615432739258
553 -23.3828067779541 -3.2519476413726807
554 -23.104339599609375 -3.4313273429870605
555 -22.51700782775879 -3.729595184326172
556 -22.154773712158203 -3.9801437854766846
557 -22.206396102905273 -4.098216533660889
558 -22.911022186279297 -5.035462379455566
559 -23.293594360351562 -5.295923233032227
560 -23.382978439331055 -5.335103988647461
561 -23.580289840698242 -5.511728286743164
562 -23.819242477416992 -5.743186950683594
563 -24.169771194458008 -5.904764652252197
564 -24.60467529296875 -5.952116966247559
565 -24.825870513916016 -6.062485218048096
566 -25.067564010620117 -6.187777042388916
567 -25.355247497558594 -6.267359733581543
568 -25.588613510131836 -6.239864826202393
569 -25.963298797607422 -6.161592483520508
570 -26.21249008178711 -6.13028621673584
571 -26.42531967163086 -6.1373515129089355
572 -26.82663917541504 -6.304018020629883
573 -27.057815551757812 -6.3111772537231445
574 -27.280550003051758 -6.134779453277588
575 -27.45867919921875 -5.855836391448975
576 -27.64984893798828 -5.403141021728516
577 -27.842832565307617 -5.24307918548584
578 -28.103443145751953 -5.121217727661133
579 -28.398088455200195 -5.07780122756958
580 -28.859209060668945 -5.0947265625
581 -29.11464500427246 -5.117106914520264
582 -29.526968002319336 -5.214911460876465
583 -29.79866600036621 -5.2438788414001465
584 -30.115833282470703 -5.2607421875
585 -30.557689666748047 -5.164900779724121
586 -30.9074649810791 -5.07259464263916
587 -31.081613540649414 -5.025753498077393
588 -31.57550811767578 -4.867510795593262
589 -31.928232192993164 -4.781368732452393
590 -32.20771789550781 -4.833127975463867
591 -32.73064422607422 -5.0461812019348145
592 -33.12840270996094 -5.257378578186035
593 -33.36297607421875 -5.3921403884887695
594 -33.65687561035156 -5.578193187713623
595 -33.90934753417969 -5.738154411315918
596 -34.10275650024414 -5.79469633102417
597 -34.923885345458984 -5.780099868774414
598 -35.14589309692383 -5.773698806762695
599 -35.38276672363281 -5.738680839538574
600 -35.82207107543945 -5.572120189666748
601 -36.2785758972168 -5.368211269378662
602 -36.53755187988281 -5.241355895996094
603 -36.94982147216797 -5.081359386444092
604 -37.56012725830078 -4.896817207336426
605 -37.878421783447266 -4.829845905303955
606 -38.21464920043945 -4.798418998718262
607 -38.67097091674805 -4.8045735359191895
608 -38.88752365112305 -4.856424808502197
609 -39.172218322753906 -4.906236171722412
610 -39.56816101074219 -5.092508316040039
611 -39.817806243896484 -5.236251354217529
612 -40.17530059814453 -5.519822597503662
613 -40.53699493408203 -5.7372941970825195
614 -40.77582550048828 -5.777897834777832
615 -41.333763122558594 -5.857082843780518
616 -41.90258026123047 -5.927922248840332
617 -42.199153900146484 -6.010941982269287
618 -42.401947021484375 -6.119396209716797
619 -42.76963424682617 -6.342177867889404
620 -42.933555603027344 -6.538205623626709
621 -43.210182189941406 -6.912888526916504
622 -43.37142562866211 -7.229316711425781
623 -43.50902557373047 -7.546886920928955
624 -43.622825622558594 -7.888239860534668
625 -43.705970764160156 -8.594042778015137
626 -43.71515655517578 -8.86481761932373
627 -43.729915618896484 -9.110381126403809
628 -43.69041442871094 -9.29513168334961
629 -43.64404296875 -9.728933334350586
630 -43.62178039550781 -10.064919471740723
631 -43.602508544921875 -10.265891075134277
632 -43.497779846191406 -10.654417037963867
633 -43.4195442199707 -10.929608345031738
634 -43.35673141479492 -11.223199844360352
635 -43.269161224365234 -11.652544021606445
636 -43.208282470703125 -11.988306999206543
637 -43.143714904785156 -12.277782440185547
638 -43.037353515625 -12.691161155700684
639 -42.98240661621094 -13.03408432006836
640 -42.83504104614258 -13.630064964294434
641 -42.79459762573242 -13.844833374023438
642 -42.74714279174805 -14.066650390625
643 -42.677223205566406 -14.26015567779541
644 -42.570159912109375 -14.727192878723145
645 -42.402645111083984 -15.207901954650879
646 -42.061946868896484 -16.009578704833984
647 -41.92841339111328 -16.253881454467773
648 -41.724761962890625 -16.477375030517578
649 -41.44864273071289 -16.681926727294922
650 -41.089210510253906 -16.859636306762695
651 -40.59804153442383 -17.03834342956543
652 -39.538143157958984 -17.362768173217773
653 -39.04596710205078 -17.534584045410156
654 -38.62886428833008 -17.662572860717773
655 -38.048980712890625 -17.815214157104492
656 -37.86528015136719 -17.873811721801758
657 -37.65290832519531 -17.82356834411621
658 -37.07229995727539 -17.728801727294922
659 -36.87797546386719 -17.703371047973633
660 -36.505897521972656 -17.651912689208984
661 -36.1749267578125 -17.60215950012207
662 -35.72714614868164 -17.531824111938477
663 -35.45199966430664 -17.481571197509766
664 -35.203006744384766 -17.39251136779785
665 -34.99604797363281 -17.293569564819336
666 -34.714256286621094 -17.0451717376709
667 -34.57063674926758 -16.848833084106445
668 -34.23606491088867 -2.8729960918426514
669 -34.15506362915039 -2.675614833831787
670 -34.05694580078125 -2.353576183319092
671 -34.03376007080078 -1.867108941078186
672 -34.01217269897461 -1.6185673475265503
673 -33.91361999511719 -1.1432130336761475
674 -33.79020309448242 -0.6547601222991943
675 -33.79048538208008 -0.2859764099121094
676 -34.135536193847656 0.2538251578807831
677 -34.5735969543457 0.8004034757614136
678 -34.82685089111328 1.0298398733139038
679 -35.020538330078125 1.191490650177002
680 -35.312068939208984 1.305106282234192
681 -35.57083511352539 1.211830735206604
682 -35.81262969970703 0.9747352600097656
683 -35.99850845336914 0.6601096987724304
684 -36.27569580078125 0.049948398023843765
685 -36.46035385131836 -0.5658431649208069
686 -36.469547271728516 -0.7590370774269104
687 -36.264190673828125 -0.9565561413764954
688 -35.975608825683594 -1.1153641939163208
689 -35.434654235839844 -1.2189431190490723
690 -32.4572639465332 -1.2688301801681519
691 -32.2338981628418 -1.2962998151779175
692 -32.07337951660156 -1.439705729484558
693 -31.439252853393555 -1.8176692724227905
694 -31.162328720092773 -1.9965636730194092
695 -30.91347312927246 -2.0020456314086914
696 -30.706071853637695 -1.9519754648208618
697 -30.453214645385742 -1.9455819129943848
698 -30.221948623657227 -1.8051291704177856
699 -30.000856399536133 -1.3355053663253784
700 -29.94034767150879 -0.906072735786438
701 -30.02541160583496 -0.7132301926612854
702 -30.23952293395996 -0.42309296131134033
703 -30.448850631713867 -0.21841304004192352
704 -30.716461181640625 0.047903019934892654
705 -31.06688117980957 0.28624048829078674
706 -31.288732528686523 0.4166131019592285
707 -31.610130310058594 0.5275905132293701
708 -32.08341979980469 0.8144989609718323
709 -32.37025833129883 1.0570156574249268
710 -32.50653076171875 1.2389748096466064
711 -32.40865707397461 1.5400174856185913
712 -32.276939392089844 1.8305250406265259
713 -32.007469177246094 2.209881544113159
714 -31.72314453125 2.4038779735565186
715 -31.383209228515625 2.540011405944824
716 -31.02894401550293 2.522838592529297
717 -30.640718460083008 2.4438085556030273
718 -30.345579147338867 2.3824973106384277
719 -30.080059051513672 2.2940192222595215
720 -29.654600143432617 2.100111961364746
721 -29.269319534301758 1.8473190069198608
722 -29.03270149230957 1.6597305536270142
723 -28.78154182434082 1.4440041780471802
724 -28.5993709564209 1.274593710899353
725 -28.325109481811523 1.1329357624053955
726 -27.969369888305664 1.0563322305679321
727 -27.73464012145996 1.123172640800476
728 -27.488386154174805 1.2778255939483643
729 -21.208019256591797 7.385646343231201
730 -20.990917205810547 7.484828472137451
731 -20.758943557739258 7.595865249633789
732 -20.267133712768555 7.753283977508545
733 -19.875001907348633 7.835677623748779
734 -19.44710922241211 7.87321662902832
735 -18.85131072998047 7.831467628479004
736 -18.366289138793945 7.754604816436768
737 -17.949260711669922 7.628233432769775
738 -17.49856948852539 7.475407600402832
739 -17.226417541503906 7.154489994049072
740 -16.984535217285156 6.719879150390625
741 -16.98053550720215 6.258217811584473
742 -17.046588897705078 5.965843200683594
743 -17.283308029174805 5.7654571533203125
744 -17.491443634033203 5.56766414642334
745 -17.60834312438965 5.505462646484375
746 -25.293907165527344 0.6195527911186218
747 -25.431245803833008 0.4851458668708801
748 -25.486774444580078 0.36191821098327637
749 -25.643281936645508 0.15584711730480194
750 -25.891630172729492 -0.18943102657794952
751 -26.19395637512207 -0.6224803328514099
752 -26.40939712524414 -0.9507033824920654
753 -26.7906551361084 -1.3094120025634766
754 -27.045150756835938 -1.512711524963379
755 -27.44513702392578 -1.7657279968261719
756 -27.799272537231445 -1.9613105058670044
757 -28.037673950195312 -2.0571837425231934
758 -28.2181396484375 -2.1163315773010254
759 -31.271291732788086 8.539863586425781
760 -31.507524490356445 8.655588150024414
761 -31.665979385375977 8.584953308105469
762 -32.10054016113281 8.024430274963379
763 -32.426963806152344 7.461421966552734
764 -32.619510650634766 7.148488521575928
765 -32.791358947753906 6.843591213226318
766 -32.91788101196289 6.644351959228516
767 -33.12051773071289 6.263205528259277
768 -33.208621978759766 6.069756031036377
769 -33.40782928466797 5.334071159362793
770 -33.3985595703125 4.855184555053711
771 -33.27128601074219 4.634506702423096
772 -33.098670959472656 4.580852508544922
773 -32.306060791015625 4.51657772064209
774 -31.85294532775879 4.6078267097473145
775 -31.412099838256836 4.747542858123779
776 -31.121274948120117 4.810222625732422
777 -30.824996948242188 4.806024074554443
778 -30.528303146362305 4.7767815589904785
779 -30.0336971282959 4.620521545410156
780 -29.664419174194336 4.4386186599731445
781 -29.31279182434082 4.203044414520264
782 -29.040937423706055 4.069056034088135
783 -28.796958923339844 3.9506118297576904
784 -28.477581024169922 3.856947183609009
785 -27.894268035888672 3.667069673538208
786 -27.5679988861084 3.5020182132720947
787 -27.278579711914062 3.344287395477295
788 -27.078880310058594 3.2865641117095947
789 -26.635879516601562 3.284268617630005
790 -26.15281105041504 3.3779265880584717
791 -25.709148406982422 3.5332067012786865
792 -25.49547004699707 3.6214652061462402
793 -25.133420944213867 3.899550676345825
794 -24.981441497802734 4.148026943206787
795 -24.82625961303711 4.572500705718994
796 -24.666147232055664 4.860785961151123
797 -24.6374454498291 5.087560653686523
798 -24.71603012084961 5.596076965332031
799 -24.81614875793457 5.8853888511657715
800 -25.17397689819336 6.1700849533081055
801 -25.52794647216797 6.288674354553223
802 -25.959062576293945 6.299472332000732
803 -26.497207641601562 6.345243453979492
804 -26.810523986816406 6.382562637329102
805 -27.195880889892578 6.44589900970459
806 -27.587383270263672 6.571123123168945
807 -28.03233528137207 6.695708751678467
808 -28.221576690673828 6.759174823760986
809 -28.597286224365234 6.990108489990234
810 -28.969104766845703 7.558989524841309
811 -29.023338317871094 7.873213768005371
812 -28.839839935302734 8.834113121032715
813 -28.70589256286621 9.502922058105469
814 -28.66126251220703 9.966147422790527
815 -28.749454498291016 10.31581974029541
816 -28.921405792236328 10.535606384277344
817 -29.465091705322266 10.883831024169922
818 -29.79491424560547 11.048396110534668
819 -30.021053314208984 11.334224700927734
820 -30.082077026367188 11.57726001739502
821 -30.083648681640625 11.966635704040527
822 -30.146461486816406 12.34289264678955
823 -30.27313804626465 12.897088050842285
824 -30.45337677001953 13.346389770507812
825 -30.881349563598633 13.993181228637695
826 -30.93743896484375 14.137677192687988
827 -30.97838592529297 14.498076438903809
828 -31.024433135986328 14.963702201843262
829 -31.063318252563477 15.249568939208984
830 -31.096431732177734 15.564393997192383
831 -31.114933013916016 15.913372039794922
832 -31.145124435424805 16.319456100463867
833 -31.135324478149414 16.78925132751465
834 -31.09977912902832 17.134220123291016
835 -31.009885787963867 17.315114974975586
836 -30.766794204711914 17.59343719482422
837 -30.499553680419922 17.818796157836914
838 -30.213275909423828 18.082599639892578
839 -29.93738555908203 18.300151824951172
840 -29.61880111694336 18.493127822875977
841 -29.335037231445312 18.658782958984375
842 -28.911361694335938 18.845842361450195
843 -28.576553344726562 19.015483856201172
844 -28.110219955444336 19.106399536132812
845 -27.706514358520508 19.12071990966797
846 -27.271364212036133 19.073604583740234
847 -26.974239349365234 19.04875373840332
848 -26.507869720458984 18.917619705200195
849 -26.14723014831543 18.764894485473633
850 -25.954566955566406 18.585546493530273
851 -25.58757209777832 18.188758850097656
852 -25.265588760375977 17.674488067626953
853 -25.127016067504883 17.437349319458008
854 -24.771146774291992 16.733230590820312
855 -24.67241096496582 16.466981887817383
856 -24.538599014282227 16.057287216186523
857 -24.358421325683594 15.598313331604004
858 -24.193729400634766 15.329934120178223
859 -23.97709846496582 15.018034934997559
860 -23.82294273376465 14.781757354736328
861 -23.591476440429688 14.473689079284668
862 -23.44116973876953 14.284567832946777
863 -23.23333740234375 14.039788246154785
864 -23.075927734375 13.85826301574707
865 -22.797744750976562 13.55191421508789
866 -22.383792877197266 13.130911827087402
867 -22.143375396728516 12.888812065124512
868 -22.0321102142334 12.753229141235352
869 -21.792404174804688 12.438538551330566
870 -21.70174789428711 12.242630958557129
871 -21.604045867919922 11.994882583618164
872 -21.634328842163086 11.748490333557129
873 -21.72083854675293 11.543858528137207
874 -38.55390930175781 0.3318761885166168
875 -38.659629821777344 0.26841849088668823
876 -38.86500930786133 0.17630727589130402
877 -39.355316162109375 -0.014712485484778881
878 -39.77701950073242 -0.2254483997821808
879 -39.92097854614258 -0.3296010494232178
880 -40.2591552734375 -0.4415287375450134
881 -41.029842376708984 -0.513209879398346
882 -41.438907623291016 -0.49014049768447876
883 -41.616580963134766 -0.4105106592178345
884 -41.8298225402832 -0.3275436758995056
885 -42.03789520263672 -0.16541627049446106
886 -42.311641693115234 0.09834563732147217
887 -42.59770202636719 0.32051077485084534
888 -42.73606491088867 0.7176424860954285
889 -42.68600845336914 1.1156774759292603
890 -42.503570556640625 1.492226243019104
891 -42.37027359008789 1.7755104303359985
892 -42.141502380371094 2.178407669067383
893 -41.904296875 2.4150218963623047
894 -41.46221160888672 2.7335026264190674
895 -41.13253402709961 2.9039206504821777
896 -40.1368408203125 3.278289794921875
897 -39.789791107177734 3.393704414367676
898 -39.441410064697266 3.4631054401397705
899 -39.289737701416016 3.496844530105591
900 -39.0108642578125 3.5799050331115723
901 -38.36470413208008 3.721466541290283
902 -38.120609283447266 3.803675413131714
903 -37.741031646728516 3.970059394836426
904 -37.28092956542969 4.208385944366455
905 -37.08746337890625 4.378275394439697
906 -36.91232681274414 4.672430515289307
907 -36.87415313720703 5.15546989440918
908 -36.890342712402344 5.673852443695068
909 -36.95877456665039 5.953721523284912
910 -37.28183364868164 6.446433067321777
911 -37.48889923095703 6.73940372467041
912 -37.84119415283203 7.262664318084717
913 -38.08221435546875 7.647622108459473
914 -38.18348693847656 8.026069641113281
915 -38.18446350097656 8.269224166870117
916 -38.06084442138672 8.524736404418945
917 -37.923946380615234 8.72420883178711
918 -37.61886215209961 8.905427932739258
919 -37.189022064208984 9.075346946716309
920 -36.74321365356445 9.250907897949219
921 -36.31978225708008 9.299985885620117
922 -35.920345306396484 9.285248756408691
923 -35.82817459106445 9.384967803955078
924 -35.86241912841797 9.923121452331543
925 -35.938262939453125 10.283671379089355
926 -35.93816375732422 10.481826782226562
927 -35.72956848144531 11.022032737731934
928 -35.555824279785156 11.362117767333984
929 -35.22257614135742 11.550800323486328
930 -34.891639709472656 11.608654975891113
931 -34.71207046508789 11.637430191040039
932 -34.61897659301758 11.613534927368164
933 -38.11175537109375 -8.071216583251953
934 -38.171897888183594 -8.31664752960205
935 -38.321224212646484 -8.628266334533691
936 -38.62299346923828 -9.015190124511719
937 -38.78828048706055 -9.28686809539795
938 -38.95051193237305 -9.65660572052002
939 -39.00141525268555 -10.007421493530273
940 -38.99473190307617 -10.3671236038208
941 -39.12167739868164 -10.663750648498535
942 -39.01741409301758 -10.775651931762695
943 -38.32734298706055 -11.366533279418945
944 -38.0350456237793 -11.681846618652344
945 -37.788818359375 -11.996261596679688
946 -37.54404067993164 -12.291670799255371
947 -37.26247787475586 -12.617409706115723
948 -37.023380279541016 -12.939556121826172
949 -36.8226318359375 -13.224843978881836
950 -36.448463439941406 -13.47935962677002
951 -36.251991271972656 -13.598753929138184
952 -35.899147033691406 -13.682929992675781
953 -35.44589614868164 -13.725767135620117
954 -35.33095932006836 -13.650492668151855
955 -35.05513000488281 -12.994176864624023
956 -34.9130744934082 -12.65478515625
957 -34.7736701965332 -12.30783748626709
958 -34.8003044128418 -12.045912742614746
959 -34.868289947509766 -11.516569137573242
960 -34.88814926147461 -11.21692180633545
961 -34.70741271972656 -11.028298377990723
962 -34.5196647644043 -10.837270736694336
963 -34.18306350708008 -10.532015800476074
964 -33.87057113647461 -10.216105461120605
965 -33.736331939697266 -10.037346839904785
966 -33.60519027709961 -9.8290376663208
967 -33.40901184082031 -9.506448745727539
968 -33.12453842163086 -9.035146713256836
969 -32.943817138671875 -8.723397254943848
970 -32.84684753417969 -8.64340591430664
971 -32.69163131713867 -8.656811714172363
972 -32.42136001586914 -8.574531555175781
973 -31.856353759765625 -8.312385559082031
974 -31.510507583618164 -8.195416450500488
975 -30.525115966796875 -7.94743013381958
976 -30.191062927246094 -7.925068378448486
977 -29.83050537109375 -8.120915412902832
978 -29.519319534301758 -8.439752578735352
979 -29.364397048950195 -8.744943618774414
980 -29.28840446472168 -8.986207008361816
981 -33.92131423950195 -20.513629913330078
982 -34.039085388183594 -20.71849250793457
983 -34.1925163269043 -20.991132736206055
984 -34.833431243896484 -21.85981559753418
985 -35.357479095458984 -22.491024017333984
986 -35.531044006347656 -22.673242568969727
987 -35.70191192626953 -22.915285110473633
988 -35.83857727050781 -23.135845184326172
989 -35.929420471191406 -23.299388885498047
990 -36.235572814941406 -23.801015853881836
991 -36.40147399902344 -24.08213233947754
992 -36.631492614746094 -24.47601318359375
993 -36.80218505859375 -24.76848030090332
994 -36.87837219238281 -24.923173904418945
995 -37.1123161315918 -25.41669273376465
996 -37.262882232666016 -25.71928596496582
997 -37.39634323120117 -25.972801208496094
998 -37.495994567871094 -26.155851364135742
999 -37.538997650146484 -26.23227882385254
