0 -24.436119079589844 31.684906005859375
1 -24.467945098876953 31.682809829711914
2 -41.62245178222656 41.96417236328125
3 -41.63688659667969 42.12221908569336
4 -41.71736145019531 42.44973373413086
5 -41.73384094238281 42.64741897583008
6 -41.67471694946289 42.76713562011719
7 -41.623435974121094 42.88105392456055
8 -41.494659423828125 42.98029708862305
9 -41.38310623168945 43.12033462524414
10 -41.41941833496094 43.24112319946289
11 -41.49080276489258 43.369712829589844
12 -47.87752914428711 46.99227523803711
13 -48.05735778808594 47.29599380493164
14 -48.00395965576172 47.48758316040039
15 -47.97943878173828 47.653778076171875
16 -47.851566314697266 47.86224365234375
17 -47.783512115478516 47.99266815185547
18 -47.70030975341797 48.06090545654297
19 -47.50590896606445 48.06475067138672
20 -47.28962326049805 48.03181076049805
21 -46.956634521484375 47.976932525634766
22 -46.66144943237305 47.77457046508789
23 -46.34819793701172 47.559757232666016
24 -46.12925338745117 47.391746520996094
25 -45.99687957763672 47.24605178833008
26 -45.832698822021484 47.016143798828125
27 -45.71681594848633 46.79399490356445
28 -45.63045883178711 46.648250579833984
29 -45.50944519042969 46.46183395385742
30 -45.367523193359375 46.42694854736328
31 -45.137760162353516 46.51951217651367
32 -44.81130599975586 46.704830169677734
33 -44.451908111572266 46.93988800048828
34 -44.22224807739258 47.01738739013672
35 -43.93571472167969 47.05807876586914
36 -43.748233795166016 46.971351623535156
37 -43.504371643066406 46.827762603759766
38 -43.29009246826172 46.52001953125
39 -43.200862884521484 46.345638275146484
40 -43.236183166503906 46.2298583984375
41 -43.40449905395508 46.04804992675781
42 -43.523380279541016 45.90968704223633
43 -43.621219635009766 45.799560546875
44 -43.607421875 45.595008850097656
45 -43.6563720703125 45.345767974853516
46 -43.65685272216797 45.106170654296875
47 -43.63179016113281 44.76443099975586
48 -43.60311508178711 44.32659149169922
49 -43.51620101928711 43.995704650878906
50 -43.52163314819336 43.645172119140625
51 -43.5193977355957 43.45943069458008
52 -43.65241622924805 43.39912414550781
53 -43.910980224609375 43.408634185791016
54 -44.4014892578125 43.32666778564453
55 -44.5697135925293 43.29471969604492
56 -44.81061553955078 43.34267044067383
57 -45.23066711425781 43.470619201660156
58 -45.46295928955078 43.55549240112305
59 -45.629337310791016 43.61161804199219
60 -45.76148986816406 43.695369720458984
61 -45.87001419067383 43.767181396484375
62 -45.985389709472656 43.83969497680664
63 -46.26709747314453 43.92082595825195
64 -46.57368850708008 43.92988967895508
65 -46.885311126708984 43.80916213989258
66 -47.20423889160156 43.640472412109375
67 -47.47438049316406 43.48538589477539
68 -47.653079986572266 43.40023422241211
69 -47.78279495239258 43.321685791015625
70 -47.93935012817383 43.20158004760742
71 -48.105224609375 43.11940002441406
72 -48.28997802734375 42.982608795166016
73 -48.553741455078125 42.98251724243164
74 -48.583011627197266 42.72343444824219
75 -48.94868850708008 42.49302291870117
76 -49.06755447387695 42.34934997558594
77 -48.94832992553711 42.15211486816406
78 -48.8714599609375 41.933834075927734
79 -48.58881378173828 41.731510162353516
80 -48.42764663696289 41.561336517333984
81 -48.293663024902344 41.425559997558594
82 -48.03312301635742 41.35371398925781
83 -47.60789108276367 41.131065368652344
84 -47.25704574584961 40.98322296142578
85 -46.98542404174805 40.927696228027344
86 -46.84801483154297 40.90525817871094
87 -46.497352600097656 40.95012664794922
88 -45.963077545166016 40.96400451660156
89 -45.66117477416992 40.84235382080078
90 -45.527198791503906 40.78590393066406
91 -45.384849548339844 40.78312301635742
92 -45.071903228759766 40.744930267333984
93 -44.679447174072266 40.67324447631836
94 -44.467647552490234 40.589683532714844
95 -44.26786422729492 40.50908279418945
96 -44.088504791259766 40.451168060302734
97 -43.909122467041016 40.32255172729492
98 -43.495418548583984 40.06513595581055
99 -43.314388275146484 39.92221450805664
100 -43.176918029785156 39.549171447753906
101 -43.110206604003906 39.405677795410156
102 -42.981666564941406 39.057804107666016
103 -42.964473724365234 38.653507232666016
104 -43.010589599609375 38.25398635864258
105 -43.236549377441406 38.06360626220703
106 -43.70170211791992 37.751014709472656
107 -43.87069320678711 37.64729690551758
108 -44.192596435546875 37.50053024291992
109 -44.49931335449219 37.366455078125
110 -44.87925338745117 37.230247497558594
111 -45.04212188720703 37.136898040771484
112 -45.39393997192383 37.09115219116211
113 -45.71013259887695 37.030521392822266
114 -45.99606704711914 37.03134536743164
115 -46.316768646240234 37.17216491699219
116 -46.594234466552734 37.29228591918945
117 -46.950164794921875 37.279151916503906
118 -47.31169128417969 37.272090911865234
119 -47.81356430053711 37.3052864074707
120 -48.52687454223633 37.28635025024414
121 -48.639076232910156 37.33583450317383
122 -48.658687591552734 37.417964935302734
123 -48.41796112060547 37.68753433227539
124 -47.825714111328125 38.168331146240234
125 -47.72208023071289 38.30046463012695
126 -47.68864440917969 38.397674560546875
127 -47.611244201660156 38.56194305419922
128 -47.40555953979492 38.85643768310547
129 -47.20517349243164 39.00764083862305
130 -47.06770324707031 39.04505157470703
131 -46.859962463378906 39.141876220703125
132 -46.66395950317383 39.13046646118164
133 -46.160526275634766 39.0446662902832
134 -45.61886215209961 38.9390754699707
135 -45.36362075805664 38.862945556640625
136 -45.23141098022461 38.82041931152344
137 -29.385164260864258 33.00792694091797
138 -29.251741409301758 32.92650604248047
139 -29.107776641845703 32.84244155883789
140 -28.948348999023438 32.761165618896484
141 -28.794086456298828 32.63727569580078
142 -28.679807662963867 32.547508239746094
143 -28.60903549194336 32.46015548706055
144 -28.35183334350586 32.222572326660156
145 -28.176612854003906 32.03208923339844
146 -28.088214874267578 31.94182014465332
147 -27.79361343383789 31.69137954711914
148 -27.625415802001953 31.55390739440918
149 -27.529712677001953 31.57855224609375
150 -27.477418899536133 31.642465591430664
151 -27.294540405273438 31.532451629638672
152 -26.903108596801758 31.247182846069336
153 -26.71095085144043 31.103038787841797
154 -26.568466186523438 30.97882843017578
155 -22.887868881225586 26.897640228271484
156 -22.65140151977539 26.65802001953125
157 -22.55608367919922 26.513580322265625
158 -22.44631576538086 26.297338485717773
159 -22.402149200439453 26.11949348449707
160 -22.406272888183594 26.011568069458008
161 -22.510581970214844 25.892547607421875
162 -22.91884422302246 25.506608963012695
163 -23.02651596069336 25.22174644470215
164 -23.100887298583984 24.698246002197266
165 -23.22584342956543 24.356307983398438
166 -23.326976776123047 24.262834548950195
167 -23.395435333251953 24.21463394165039
168 -23.564754486083984 24.28402328491211
169 -23.7093563079834 24.31209373474121
170 -24.038328170776367 24.479347229003906
171 -24.293888092041016 24.58510971069336
172 -24.62444305419922 24.7905216217041
173 -24.876466751098633 24.994890213012695
174 -25.034896850585938 25.133697509765625
175 -25.227399826049805 25.287919998168945
176 -25.345909118652344 25.368213653564453
177 -25.54783821105957 25.481138229370117
178 -25.79729461669922 25.60501480102539
179 -26.032197952270508 25.71769905090332
180 -26.42383575439453 25.835607528686523
181 -26.822208404541016 25.93876838684082
182 -27.218957901000977 26.06739616394043
183 -27.38792610168457 26.255970001220703
184 -27.471025466918945 26.52077865600586
185 -27.464492797851562 26.833467483520508
186 -27.51212501525879 27.32817268371582
187 -27.52224349975586 27.654630661010742
188 -27.529489517211914 27.86087417602539
189 -27.482044219970703 28.32583999633789
190 -27.302457809448242 28.653297424316406
191 -27.074674606323242 28.923789978027344
192 -26.65024185180664 29.071758270263672
193 -26.065616607666016 28.987957000732422
194 -25.744930267333984 28.91350746154785
195 -25.508317947387695 28.812679290771484
196 -25.34880256652832 28.844297409057617
197 -25.139747619628906 28.938655853271484
198 -24.98605728149414 29.10148048400879
199 -24.613801956176758 29.6345272064209
200 -24.406354904174805 29.76889991760254
201 -24.205713272094727 29.857576370239258
202 -23.98368263244629 29.80937385559082
203 -23.6660099029541 29.665708541870117
204 -23.3306827545166 29.577035903930664
205 -22.997966766357422 29.5333194732666
206 -22.594026565551758 29.522127151489258
207 -22.463973999023438 29.5640811920166
208 -22.39594078063965 29.67348861694336
209 -22.20171546936035 29.76213836669922
210 -21.84151268005371 29.9515323638916
211 -21.48863983154297 30.091588973999023
212 -21.314050674438477 30.19721794128418
213 -21.238794326782227 30.257766723632812
214 -20.989160537719727 30.365657806396484
215 -20.800214767456055 30.398643493652344
216 -20.654457092285156 30.40212059020996
217 -20.570714950561523 30.592426300048828
218 -20.340112686157227 31.085702896118164
219 -20.324386596679688 31.373201370239258
220 -20.54230308532715 31.696155548095703
221 -20.734750747680664 32.039642333984375
222 -20.780580520629883 32.16539001464844
223 -20.920848846435547 32.276153564453125
224 -21.204845428466797 32.37285614013672
225 -21.733341217041016 32.58574676513672
226 -22.006975173950195 32.703758239746094
227 -22.134414672851562 32.6777458190918
228 -22.457630157470703 32.78301239013672
229 -22.703189849853516 32.90288162231445
230 -22.9007568359375 33.10083770751953
231 -26.39920425415039 38.02090835571289
232 -26.44096565246582 38.139610290527344
233 -26.55925178527832 38.40024948120117
234 -26.703407287597656 38.67953109741211
235 -26.838544845581055 38.774444580078125
236 -27.20429229736328 38.747779846191406
237 -27.407573699951172 38.7570915222168
238 -27.570701599121094 38.74202346801758
239 -27.79981231689453 38.60125732421875
240 -27.94036293029785 38.49385070800781
241 -28.191884994506836 38.390357971191406
242 -28.48380470275879 38.35372543334961
243 -28.668899536132812 38.43077087402344
244 -28.711210250854492 38.52809143066406
245 -28.890422821044922 38.740150451660156
246 -28.98957061767578 39.10316848754883
247 -28.995603561401367 39.30500030517578
248 -28.91728973388672 39.57133102416992
249 -28.77849006652832 39.73529052734375
250 -28.61463165283203 39.88753890991211
251 -28.43695068359375 40.147926330566406
252 -28.31939125061035 40.405025482177734
253 -28.242908477783203 40.637481689453125
254 -28.269521713256836 40.72658157348633
255 -28.280977249145508 40.80699157714844
256 -29.32548713684082 48.46729278564453
257 -29.13955307006836 48.64942932128906
258 -28.900575637817383 48.751556396484375
259 -28.668424606323242 48.77772903442383
260 -28.453636169433594 48.76492691040039
261 -28.10439109802246 48.7154426574707
262 -27.799970626831055 48.631431579589844
263 -27.618356704711914 48.61993408203125
264 -27.40415382385254 48.60386276245117
265 -27.152099609375 48.702938079833984
266 -26.593355178833008 48.84334945678711
267 -26.39417266845703 48.90074157714844
268 -26.263568878173828 49.01913070678711
269 -26.214366912841797 49.107421875
270 -26.167932510375977 49.52437973022461
271 -26.088281631469727 50.011112213134766
272 -26.06120491027832 50.26945877075195
273 -25.996429443359375 50.56909942626953
274 -25.908226013183594 50.78082275390625
275 -26.094066619873047 50.84254837036133
276 -26.360485076904297 50.871150970458984
277 -26.53081703186035 50.877052307128906
278 -26.764522552490234 50.86357879638672
279 -27.184776306152344 50.642452239990234
280 -27.45581817626953 50.49636459350586
281 -27.587291717529297 50.42213821411133
282 -27.716310501098633 50.51554870605469
283 -27.868181228637695 50.64105987548828
284 -28.074058532714844 50.93706512451172
285 -28.44215202331543 51.1459846496582
286 -28.497587203979492 51.237056732177734
287 -28.47572135925293 51.5020751953125
288 -28.428184509277344 51.72010803222656
289 -28.33650779724121 52.3343620300293
290 -28.283231735229492 52.46894836425781
291 -28.224271774291992 52.63143539428711
292 -28.20742416381836 52.718421936035156
293 -28.142074584960938 52.846981048583984
294 -28.09493064880371 53.08577346801758
295 -28.104005813598633 53.45928955078125
296 -28.049467086791992 53.65350341796875
297 -27.969358444213867 53.83067321777344
298 -27.687219619750977 54.239139556884766
299 -27.66963005065918 54.449710845947266
300 -27.75688934326172 54.565853118896484
301 -27.87609100341797 54.71630859375
302 -28.116790771484375 54.916770935058594
303 -28.412912368774414 55.02023696899414
304 -28.695825576782227 55.04229736328125
305 -28.987871170043945 55.01467514038086
306 -29.341394424438477 54.883087158203125
307 -29.525310516357422 54.63066864013672
308 -29.631568908691406 54.544837951660156
309 -29.71971893310547 54.41149139404297
310 -29.849184036254883 54.19424057006836
311 -29.932464599609375 53.92997360229492
312 -30.02684783935547 53.671993255615234
313 -30.114431381225586 53.49202346801758
314 -30.186927795410156 53.44564437866211
315 -30.261838912963867 53.189815521240234
316 -30.373241424560547 52.939422607421875
317 -30.539913177490234 52.522308349609375
318 -30.67180633544922 52.20833969116211
319 -30.759248733520508 52.057125091552734
320 -30.892681121826172 51.807979583740234
321 -31.222761154174805 50.99204635620117
322 -31.25225067138672 50.89702606201172
323 -31.292482376098633 50.7666015625
324 -31.395259857177734 50.4666633605957
325 -31.480728149414062 50.27424240112305
326 -31.55507469177246 50.12070083618164
327 -31.822525024414062 49.76966857910156
328 -32.10009765625 49.506736755371094
329 -32.39885711669922 49.28158187866211
330 -32.682167053222656 49.11520767211914
331 -33.16069030761719 48.91037368774414
332 -33.28715896606445 48.910736083984375
333 -33.457855224609375 48.87709426879883
334 -33.64558410644531 48.873634338378906
335 -34.11977767944336 48.82465744018555
336 -34.45785140991211 48.74675369262695
337 -34.69232177734375 48.72782897949219
338 -34.916778564453125 48.61400604248047
339 -35.79751205444336 47.529239654541016
340 -35.86979675292969 47.41526794433594
341 -35.85874557495117 47.54195022583008
342 -35.926700592041016 47.775543212890625
343 -36.030391693115234 48.090965270996094
344 -36.089542388916016 48.158973693847656
345 -36.15796661376953 48.41194152832031
346 -36.34898376464844 48.8032112121582
347 -36.3902587890625 48.958412170410156
348 -36.34599685668945 49.12146759033203
349 -36.19746780395508 49.395668029785156
350 -36.10438919067383 49.63235855102539
351 -36.10542678833008 49.809837341308594
352 -36.124698638916016 49.97634506225586
353 -36.26235580444336 50.16508483886719
354 -36.4765625 50.367427825927734
355 -36.636878967285156 50.51026916503906
356 -36.7554817199707 50.759674072265625
357 -36.8572998046875 50.85520935058594
358 -37.00278854370117 50.92790985107422
359 -37.19606018066406 50.95315933227539
360 -37.389644622802734 50.974361419677734
361 -37.53804016113281 50.96697998046875
362 -41.553932189941406 51.5262336730957
363 -41.9127311706543 51.57613754272461
364 -42.10991668701172 51.55575180053711
365 -42.432491302490234 51.292991638183594
366 -42.64307403564453 51.15157699584961
367 -42.715938568115234 51.0631217956543
368 -42.842044830322266 50.89980697631836
369 -43.09611511230469 50.608856201171875
370 -43.169376373291016 50.32729721069336
371 -43.28235626220703 50.228450775146484
372 -43.3114128112793 50.013275146484375
373 -43.2929801940918 49.84284591674805
374 -43.053062438964844 49.399654388427734
375 -42.966346740722656 49.248680114746094
376 -42.87130355834961 49.16242599487305
377 -42.585418701171875 48.962646484375
378 -42.32475280761719 48.74228286743164
379 -42.263668060302734 48.64928436279297
380 -42.161659240722656 48.56820297241211
381 -41.96866226196289 48.42960739135742
382 -41.735504150390625 48.32419204711914
383 -41.48371505737305 48.179195404052734
384 -41.25223922729492 47.946876525878906
385 -41.08390426635742 47.656707763671875
386 -41.02716827392578 47.25130081176758
387 -41.065345764160156 47.08960723876953
388 -41.154991149902344 46.980628967285156
389 -41.17311477661133 46.796058654785156
390 -41.12819290161133 46.6248893737793
391 -41.096866607666016 46.18394470214844
392 -41.0476188659668 45.91624069213867
393 -40.97272872924805 45.6884651184082
394 -40.84762191772461 45.661216735839844
395 -37.36342239379883 45.77872848510742
396 -37.172950744628906 45.77691650390625
397 -36.9654655456543 45.79450607299805
398 -36.788063049316406 45.83354187011719
399 -31.443737030029297 47.44541549682617
400 -31.211563110351562 47.49857711791992
401 -31.12609100341797 47.51823806762695
402 -31.05292320251465 47.52541732788086
403 -16.145658493041992 35.5328369140625
404 -15.926435470581055 35.3773193359375
405 -15.881465911865234 35.228572845458984
406 -15.885289192199707 35.099369049072266
407 -15.951047897338867 34.886566162109375
408 -15.971887588500977 34.829833984375
409 -16.119535446166992 34.71879196166992
410 -16.537887573242188 34.46857833862305
411 -17.009572982788086 34.0715217590332
412 -17.134765625 33.96860122680664
413 -17.183149337768555 33.892578125
414 -17.35479164123535 33.731021881103516
415 -17.513959884643555 33.49214172363281
416 -17.577667236328125 33.27584457397461
417 -17.807188034057617 33.43349075317383
418 -18.03122901916504 33.629215240478516
419 -18.182708740234375 33.6964225769043
420 -18.384103775024414 33.767677307128906
421 -18.68938636779785 33.87652587890625
422 -18.82858657836914 34.02324676513672
423 -18.95106315612793 34.195213317871094
424 -19.052043914794922 34.61631774902344
425 -19.146774291992188 35.070159912109375
426 -26.57259750366211 44.1092529296875
427 -26.764137268066406 44.10042190551758
428 -26.91022491455078 44.07417297363281
429 -27.055770874023438 44.021995544433594
430 -27.364336013793945 43.77295684814453
431 -27.708633422851562 43.355037689208984
432 -27.898954391479492 43.096500396728516
433 -27.991464614868164 42.9202766418457
434 -28.056177139282227 42.89567565917969
435 -28.082033157348633 43.093101501464844
436 -28.166584014892578 43.839962005615234
437 -28.220212936401367 44.159996032714844
438 -28.277355194091797 44.38700485229492
439 -28.286121368408203 44.610145568847656
440 -28.201522827148438 44.758262634277344
441 -27.79772186279297 45.26515197753906
442 -27.625165939331055 45.49843215942383
443 -27.554094314575195 45.70355987548828
444 -27.655742645263672 45.762725830078125
445 -27.765539169311523 45.95963668823242
446 -28.083993911743164 46.3436279296875
447 -28.24108123779297 46.52804183959961
448 -28.436115264892578 46.672672271728516
449 -28.716171264648438 46.78007888793945
450 -28.947338104248047 46.75996398925781
451 -29.43614387512207 46.542274475097656
452 -29.61251449584961 46.48768615722656
453 -29.64963722229004 46.40635681152344
454 -29.709260940551758 46.2762565612793
455 -29.775758743286133 46.03115463256836
456 -29.79180145263672 45.8457145690918
457 -29.867481231689453 45.55282211303711
458 -29.92093849182129 45.364593505859375
459 -29.975292205810547 45.17082595825195
460 -29.972373962402344 45.00611114501953
461 -29.969995498657227 44.76792907714844
462 -29.95189666748047 44.44330596923828
463 -29.92082405090332 44.101463317871094
464 -29.878686904907227 43.92459487915039
465 -29.84418487548828 43.729591369628906
466 -29.870389938354492 43.5881462097168
467 -29.840164184570312 43.41465377807617
468 -29.85101318359375 43.29030990600586
469 -29.774742126464844 42.82905578613281
470 -29.699934005737305 42.45206069946289
471 -29.678014755249023 42.11305618286133
472 -29.756519317626953 41.839847564697266
473 -29.859220504760742 41.63206481933594
474 -30.068241119384766 41.427452087402344
475 -30.261472702026367 41.170310974121094
476 -30.35250473022461 41.037567138671875
477 -30.45283317565918 40.89284133911133
478 -30.62049674987793 40.80345153808594
479 -30.778987884521484 40.823543548583984
480 -30.9406795501709 40.849525451660156
481 -38.153133392333984 43.70661544799805
482 -38.49394989013672 43.726261138916016
483 -38.6733512878418 43.839725494384766
484 -38.75460433959961 43.930999755859375
485 -38.76415252685547 43.95563507080078
486 -38.96316909790039 44.1606559753418
487 -39.191932678222656 44.52345275878906
488 -39.297515869140625 44.90717697143555
489 -39.318321228027344 45.15869140625
490 -39.1894645690918 45.499996185302734
491 -39.05442810058594 45.84789276123047
492 -39.00006103515625 45.99012756347656
493 -38.943668365478516 46.17805862426758
494 -38.95405960083008 46.41117858886719
495 -38.98530960083008 46.64585876464844
496 -38.99884033203125 46.809486389160156
497 -38.98213577270508 47.059967041015625
498 -39.00664138793945 47.285865783691406
499 -39.045772552490234 47.473915100097656
500 -39.11912155151367 47.571678161621094
501 -39.18934631347656 47.69086456298828
502 -39.13896560668945 48.01570510864258
503 -39.15277862548828 48.19944763183594
504 -39.0673713684082 48.430110931396484
505 -38.99521255493164 48.73237609863281
506 -39.045658111572266 49.00923156738281
507 -39.04672622680664 49.27590560913086
508 -39.13622283935547 49.475677490234375
509 -39.19470977783203 49.66392135620117
510 -39.24974822998047 49.94289016723633
511 -39.35606384277344 50.283416748046875
512 -39.4244499206543 50.50895309448242
513 -39.46527862548828 50.63749313354492
514 -39.50316619873047 50.83491516113281
515 -39.45756149291992 51.169795989990234
516 -39.37512969970703 51.695518493652344
517 -39.36695098876953 52.023231506347656
518 -39.416709899902344 52.44247055053711
519 -39.4011344909668 52.682273864746094
520 -39.38642501831055 52.77356719970703
521 -39.32088851928711 52.94319152832031
522 -39.264408111572266 53.049373626708984
523 -39.05883026123047 53.246826171875
524 -38.79310607910156 53.616798400878906
525 -38.711692810058594 53.86795425415039
526 -38.59951400756836 54.32332992553711
527 -38.531005859375 54.7249755859375
528 -38.468109130859375 54.89373016357422
529 -38.4057731628418 55.097755432128906
530 -38.348976135253906 55.31254577636719
531 -38.29420471191406 55.489532470703125
532 -38.17185974121094 55.71411895751953
533 -38.00202178955078 55.90315628051758
534 -37.81233215332031 55.88392639160156
535 -37.72087860107422 55.89496994018555
536 -37.46410369873047 55.89746856689453
537 -37.171356201171875 55.89778137207031
538 -36.93212127685547 56.026485443115234
539 -36.632118225097656 56.14173889160156
540 -36.39944839477539 56.15986633300781
541 -36.141517639160156 56.178688049316406
542 -35.88386917114258 56.22719192504883
543 -35.50556182861328 56.327362060546875
544 -35.38713073730469 56.346893310546875
545 -35.3403434753418 56.19813919067383
546 -35.4017333984375 55.58845901489258
547 -35.35053253173828 55.26426315307617
548 -35.303367614746094 54.97214889526367
549 -35.27081298828125 54.78227615356445
550 -35.303131103515625 54.64603805541992
551 -35.33805847167969 54.51805114746094
552 -35.50077438354492 54.22549819946289
553 -35.656734466552734 53.868568420410156
554 -35.708763122558594 53.574989318847656
555 -35.623435974121094 53.40757369995117
556 -35.43616485595703 53.356727600097656
557 -35.031124114990234 53.303096771240234
558 -34.694332122802734 53.222633361816406
559 -34.35422134399414 53.32579040527344
560 -34.30194091796875 53.30659103393555
561 -34.27174758911133 53.279884338378906
562 -34.09874725341797 53.16782760620117
563 -33.81584167480469 52.69279861450195
564 -33.654354095458984 52.498268127441406
565 -33.44377899169922 52.07745361328125
566 -33.4552001953125 51.915184020996094
567 -33.61704635620117 51.78279495239258
568 -33.97552490234375 51.7313232421875
569 -34.22240447998047 51.58147430419922
570 -34.36281967163086 51.38336944580078
571 -34.362369537353516 51.27301025390625
572 -34.32157516479492 51.17623519897461
573 -34.32646560668945 50.91450881958008
574 -35.59410095214844 45.02290725708008
575 -35.65670394897461 44.7486686706543
576 -35.7651481628418 44.55010223388672
577 -35.86244583129883 44.15629577636719
578 -35.76934814453125 43.907493591308594
579 -35.61466979980469 43.678524017333984
580 -35.464141845703125 43.631500244140625
581 -35.25519943237305 43.63392639160156
582 -34.9429817199707 43.63301467895508
583 -34.62469482421875 43.67149353027344
584 -34.42107009887695 43.64959716796875
585 -34.35099792480469 43.73115539550781
586 -34.18383026123047 44.04545593261719
587 -34.13795471191406 44.33698272705078
588 -34.1348762512207 44.43119812011719
589 -34.169586181640625 44.6559944152832
590 -34.22565841674805 45.130615234375
591 -34.274234771728516 45.50655746459961
592 -34.292110443115234 45.73126220703125
593 -34.1397590637207 45.8993034362793
594 -33.97355651855469 46.110435485839844
595 -33.724082946777344 46.34815216064453
596 -33.52711486816406 46.52933883666992
597 -33.32461929321289 46.527565002441406
598 -32.998600006103516 46.45426940917969
599 -32.72612380981445 46.219383239746094
600 -32.56370162963867 46.06304168701172
601 -32.443233489990234 45.86933898925781
602 -32.341087341308594 45.70774841308594
603 -32.26384353637695 45.52289581298828
604 -32.2645263671875 45.34303665161133
605 -32.271827697753906 45.13098907470703
606 -32.2120361328125 44.91212844848633
607 -32.13264083862305 44.748313903808594
608 -32.101173400878906 44.616737365722656
609 -32.118648529052734 44.193199157714844
610 -32.22837829589844 43.90153503417969
611 -32.17948913574219 43.73823547363281
612 -31.97312355041504 43.62943649291992
613 -31.79345703125 43.553707122802734
614 -31.631505966186523 43.328121185302734
615 -31.604188919067383 43.1258544921875
616 -31.572315216064453 42.86027145385742
617 -31.551294326782227 42.55961608886719
618 -31.568082809448242 42.40782928466797
619 -31.537546157836914 42.21293640136719
620 -31.450855255126953 39.97755813598633
621 -31.516653060913086 39.525909423828125
622 -31.41360855102539 39.16046142578125
623 -31.336727142333984 38.916748046875
624 -31.2958984375 38.705196380615234
625 -31.267793655395508 38.44524002075195
626 -31.36387825012207 38.22472381591797
627 -31.71405601501465 37.87443923950195
628 -31.89725685119629 37.73046875
629 -32.00320816040039 37.72920608520508
630 -32.176544189453125 37.70513153076172
631 -32.35982131958008 37.657325744628906
632 -32.68182373046875 37.67375183105469
633 -33.07668685913086 37.740264892578125
634 -33.24376678466797 37.6395149230957
635 -33.302371978759766 37.421939849853516
636 -33.28015899658203 37.0843620300293
637 -33.19169235229492 36.75
638 -33.09779357910156 36.49269104003906
639 -32.98504638671875 36.385250091552734
640 -32.62193298339844 36.03950500488281
641 -32.24969482421875 35.6636848449707
642 -32.068878173828125 35.56122970581055
643 -31.856897354125977 35.51885986328125
644 -31.63799476623535 35.4139289855957
645 -31.4488582611084 35.30704879760742
646 -31.356781005859375 35.247379302978516
647 -31.2891902923584 35.147796630859375
648 -31.128646850585938 35.07109832763672
649 -30.7368221282959 34.91657638549805
650 -30.369550704956055 34.90862274169922
651 -30.258743286132812 35.01984786987305
652 -30.11025619506836 35.36370849609375
653 -29.672321319580078 35.84769821166992
654 -29.450342178344727 36.048095703125
655 -29.31117820739746 36.0799446105957
656 -29.10258674621582 36.000816345214844
657 -28.95216178894043 35.873016357421875
658 -28.771116256713867 35.74368667602539
659 -28.471731185913086 35.63077163696289
660 -28.08201789855957 35.60293960571289
661 -27.84766387939453 35.68510437011719
662 -27.72076416015625 35.73341369628906
663 -27.61780548095703 35.872642517089844
664 -27.425601959228516 36.07207489013672
665 -27.244916915893555 36.19574737548828
666 -27.05542755126953 36.17707061767578
667 -26.882301330566406 36.06111145019531
668 -26.737960815429688 35.86871337890625
669 -26.47401237487793 35.34127426147461
670 -26.3763484954834 35.1694221496582
671 -26.2598934173584 34.87478256225586
672 -26.108980178833008 34.58507537841797
673 -25.92896270751953 34.457733154296875
674 -25.7119197845459 34.40777587890625
675 -25.340227127075195 34.43010330200195
676 -25.193538665771484 34.4201545715332
677 -25.020156860351562 34.41544723510742
678 -24.89729118347168 34.58235549926758
679 -24.696971893310547 34.75271987915039
680 -24.63165855407715 34.87169647216797
681 -24.708290100097656 35.19203567504883
682 -24.89655113220215 35.73176193237305
683 -24.927867889404297 36.24640655517578
684 -24.831558227539062 36.56391143798828
685 -24.809295654296875 36.719051361083984
686 -24.75632667541504 36.727848052978516
687 -24.61358070373535 36.74565505981445
688 -24.37849235534668 36.54951095581055
689 -24.15408706665039 36.43294143676758
690 -23.834880828857422 36.12958526611328
691 -23.591064453125 36.000083923339844
692 -23.471845626831055 35.982181549072266
693 -23.309789657592773 36.03715133666992
694 -23.038227081298828 36.146244049072266
695 -22.71611785888672 36.14572525024414
696 -22.421918869018555 36.24678421020508
697 -22.223344802856445 36.383766174316406
698 -21.98103904724121 36.464900970458984
699 -21.73434829711914 36.64802551269531
700 -21.61170196533203 36.814449310302734
701 -21.439353942871094 36.91196823120117
702 -21.154115676879883 36.98432922363281
703 -21.018247604370117 36.99259567260742
704 -20.855937957763672 37.03041458129883
705 -20.713655471801758 37.05197525024414
706 -20.475448608398438 37.15396499633789
707 -20.091949462890625 37.2107048034668
708 -19.810932159423828 37.23945999145508
709 -19.79222297668457 37.37381362915039
710 -19.84209442138672 37.63589859008789
711 -19.83609962463379 37.871849060058594
712 -19.941078186035156 38.04302978515625
713 -20.126846313476562 38.37980270385742
714 -20.382585525512695 38.55177688598633
715 -20.735624313354492 38.64299774169922
716 -20.979660034179688 38.71000671386719
717 -21.313678741455078 38.861778259277344
718 -21.545658111572266 38.922054290771484
719 -21.7603702545166 38.99920654296875
720 -21.83662986755371 38.9930534362793
721 -21.881145477294922 38.869930267333984
722 -22.08099365234375 38.76597213745117
723 -22.449464797973633 38.70758056640625
724 -22.64468002319336 38.71656799316406
725 -22.732086181640625 38.681304931640625
726 -22.79055404663086 38.67625427246094
727 -23.175397872924805 38.68492889404297
728 -23.6682071685791 38.66828536987305
729 -23.840774536132812 38.663814544677734
730 -24.05994415283203 38.762752532958984
731 -24.214218139648438 38.83031463623047
732 -24.431636810302734 38.89419174194336
733 -24.553020477294922 39.061676025390625
734 -24.817293167114258 39.321800231933594
735 -24.79680061340332 39.54783248901367
736 -24.78228187561035 39.69842529296875
737 -24.595380783081055 39.88878631591797
738 -24.27642059326172 40.04198455810547
739 -23.940128326416016 40.251373291015625
740 -23.703737258911133 40.35567092895508
741 -23.540363311767578 40.410858154296875
742 -23.270618438720703 40.56610107421875
743 -23.053417205810547 40.69953918457031
744 -22.967689514160156 40.84489440917969
745 -22.925151824951172 40.92826461791992
746 -22.664478302001953 41.02354431152344
747 -22.457998275756836 41.05461883544922
748 -22.22694969177246 40.99275588989258
749 -21.924318313598633 40.953460693359375
750 -21.755836486816406 40.91544723510742
751 -21.448699951171875 40.90562057495117
752 -20.91338348388672 40.881736755371094
753 -20.452953338623047 40.846317291259766
754 -20.151784896850586 40.859588623046875
755 -19.895469665527344 40.78723907470703
756 -19.517166137695312 40.38274383544922
757 -19.388824462890625 40.24959182739258
758 -19.046175003051758 40.021461486816406
759 -18.8450984954834 39.980167388916016
760 -18.713911056518555 39.930931091308594
761 -18.600679397583008 40.07158279418945
762 -18.220247268676758 40.43829345703125
763 -18.00067901611328 40.60171890258789
764 -17.70240020751953 40.6282844543457
765 -17.281465530395508 40.56853485107422
766 -16.75057029724121 40.51839828491211
767 -16.46192169189453 40.60164260864258
768 -16.3292293548584 40.91043472290039
769 -16.26775360107422 41.0855598449707
770 -16.319103240966797 41.24998092651367
771 -16.60341453552246 41.63999938964844
772 -17.003965377807617 42.04320526123047
773 -17.093433380126953 42.13119125366211
774 -17.257341384887695 42.25969696044922
775 -17.417451858520508 42.622928619384766
776 -17.427846908569336 42.98444747924805
777 -17.539546966552734 43.314796447753906
778 -17.564632415771484 43.39710235595703
779 -17.709054946899414 43.38734817504883
780 -17.968584060668945 43.27570343017578
781 -18.402099609375 43.03406524658203
782 -18.758377075195312 42.97873306274414
783 -18.909744262695312 43.02239990234375
784 -19.03899383544922 43.0577392578125
785 -19.334735870361328 43.127567291259766
786 -19.63108253479004 43.328243255615234
787 -19.749000549316406 43.3349609375
788 -19.931644439697266 43.27686309814453
789 -20.31763458251953 43.101741790771484
790 -20.719911575317383 42.966434478759766
791 -20.924741744995117 42.95225143432617
792 -21.07763671875 42.95722961425781
793 -21.1470947265625 42.97981643676758
794 -21.375202178955078 43.03649139404297
795 -21.600597381591797 43.111324310302734
796 -21.778356552124023 43.284854888916016
797 -21.937501907348633 43.510929107666016
798 -22.0687198638916 43.823116302490234
799 -22.132808685302734 43.92295455932617
800 -22.310758590698242 43.86174774169922
801 -22.573711395263672 43.746337890625
802 -22.862892150878906 43.629798889160156
803 -22.982131958007812 43.56076431274414
804 -23.279993057250977 43.636199951171875
805 -23.599855422973633 43.72554016113281
806 -23.865880966186523 43.92229080200195
807 -24.030372619628906 44.1566276550293
808 -24.101539611816406 44.346580505371094
809 -24.200618743896484 44.504180908203125
810 -24.404464721679688 44.63338851928711
811 -24.675289154052734 44.75893783569336
812 -24.890893936157227 44.84251022338867
813 -25.087587356567383 45.03575134277344
814 -25.30633544921875 45.318626403808594
815 -25.332454681396484 45.40414047241211
816 -25.268592834472656 45.756290435791016
817 -25.199888229370117 46.040260314941406
818 -25.083126068115234 46.152252197265625
819 -24.89794921875 46.23418426513672
820 -24.618711471557617 46.281036376953125
821 -24.43131446838379 46.30568313598633
822 -24.208234786987305 46.3739128112793
823 -23.964262008666992 46.49611282348633
824 -23.75645637512207 46.66765213012695
825 -23.5191593170166 46.924259185791016
826 -23.373693466186523 47.123233795166016
827 -23.277830123901367 47.34403610229492
828 -23.109636306762695 47.667476654052734
829 -22.984941482543945 47.886390686035156
830 -22.878883361816406 48.187007904052734
831 -22.829145431518555 48.405174255371094
832 -22.80033302307129 48.63974380493164
833 -22.76247787475586 48.95854187011719
834 -22.782276153564453 49.19068145751953
835 -22.823261260986328 49.522274017333984
836 -22.875362396240234 49.82522201538086
837 -22.87580680847168 50.10140609741211
838 -22.834840774536133 50.308048248291016
839 -22.791772842407227 50.60074996948242
840 -22.751678466796875 51.00050735473633
841 -22.7383975982666 51.27644729614258
842 -22.71017837524414 51.396453857421875
843 -22.625333786010742 51.494300842285156
844 -22.417709350585938 51.512596130371094
845 -22.01141357421875 51.634498596191406
846 -21.730545043945312 51.77482223510742
847 -21.535802841186523 51.8141975402832
848 -21.237201690673828 51.80875778198242
849 -20.973169326782227 51.74367904663086
850 -20.81039810180664 51.61927795410156
851 -20.673263549804688 51.56459045410156
852 -20.365278244018555 51.226470947265625
853 -20.223526000976562 50.99504852294922
854 -20.15416145324707 50.82648468017578
855 -20.116376876831055 50.56547927856445
856 -20.14413833618164 50.423213958740234
857 -20.06449317932129 50.114418029785156
858 -19.99419593811035 49.80471420288086
859 -20.006752014160156 49.46022033691406
860 -19.96358299255371 49.07633590698242
861 -19.87771987915039 48.8270149230957
862 -19.659223556518555 48.50178909301758
863 -19.482738494873047 48.43476486206055
864 -19.137901306152344 48.404781341552734
865 -18.62035369873047 48.34329605102539
866 -18.46450424194336 48.182159423828125
867 -18.364652633666992 47.9063606262207
868 -18.2810115814209 47.68796920776367
869 -18.20180320739746 47.43532180786133
870 -18.17325210571289 47.18755340576172
871 -18.149845123291016 46.8718376159668
872 -18.2098331451416 46.229347229003906
873 -18.25308609008789 46.09801483154297
874 -18.360515594482422 46.05595016479492
875 -18.64900016784668 46.03926086425781
876 -19.269540786743164 46.108680725097656
877 -19.905113220214844 46.09054183959961
878 -20.150663375854492 46.00391387939453
879 -20.3775577545166 45.90689468383789
880 -20.538400650024414 45.8012809753418
881 -20.642539978027344 45.78937911987305
882 -20.834144592285156 45.848609924316406
883 -21.070926666259766 45.89712142944336
884 -21.4414005279541 45.8980827331543
885 -21.631887435913086 45.846031188964844
886 -21.718284606933594 45.789913177490234
887 -21.85587501525879 45.678436279296875
888 -22.033754348754883 45.49329376220703
889 -24.97572135925293 42.66621017456055
890 -24.951196670532227 42.571529388427734
891 -24.915803909301758 42.53848648071289
892 -25.02754783630371 42.45809555053711
893 -25.223604202270508 42.366912841796875
894 -25.376497268676758 42.25028610229492
895 -25.773265838623047 41.9273567199707
896 -25.935976028442383 41.78988265991211
897 -26.0709228515625 41.734981536865234
898 -26.420652389526367 41.7008056640625
899 -26.620437622070312 41.65961456298828
900 -26.751794815063477 41.66059875488281
901 -26.9333553314209 41.64525604248047
902 -27.080347061157227 41.60892105102539
903 -32.25677490234375 41.18500518798828
904 -32.54141616821289 41.07194900512695
905 -32.70968246459961 40.843624114990234
906 -32.83974838256836 40.6807861328125
907 -33.06748962402344 40.61776351928711
908 -33.315673828125 40.63327407836914
909 -33.54267120361328 40.517494201660156
910 -33.68329620361328 40.49186706542969
911 -33.73420333862305 40.7247314453125
912 -33.8251953125 41.22434997558594
913 -33.8709831237793 41.48651123046875
914 -33.81672668457031 41.65818405151367
915 -33.95389938354492 41.78584671020508
916 -34.29395294189453 41.71413040161133
917 -34.70551681518555 41.62363815307617
918 -34.95271301269531 41.59606170654297
919 -35.097633361816406 41.59442901611328
920 -35.281307220458984 41.60934066772461
921 -35.54744338989258 41.69042205810547
922 -35.86676025390625 41.712257385253906
923 -36.04633712768555 41.77248001098633
924 -36.395652770996094 41.94367599487305
925 -36.63002014160156 42.07208251953125
926 -36.871788024902344 42.21944808959961
927 -37.38911437988281 42.45646286010742
928 -37.67523193359375 42.47602462768555
929 -37.77159118652344 42.3907356262207
930 -37.85419464111328 42.22248077392578
931 -38.03423309326172 41.8795051574707
932 -38.4555778503418 41.17472457885742
933 -38.63617706298828 40.99753189086914
934 -38.876651763916016 40.784690856933594
935 -39.06940841674805 40.584678649902344
936 -39.22921371459961 40.46648025512695
937 -39.330108642578125 40.33818817138672
938 -39.39775848388672 40.27544021606445
939 -39.525611877441406 40.251121520996094
940 -39.695777893066406 40.0430793762207
941 -39.889549255371094 39.875797271728516
942 -39.976444244384766 39.607421875
943 -39.971893310546875 39.26980209350586
944 -39.89451217651367 39.09498977661133
945 -39.836849212646484 38.94718933105469
946 -39.821292877197266 38.856048583984375
947 -39.91461181640625 38.521690368652344
948 -39.9354133605957 38.38379669189453
949 -39.95429992675781 37.9675178527832
950 -39.97672653198242 37.698177337646484
951 -40.05658721923828 37.321044921875
952 -40.14727020263672 37.09667205810547
953 -40.19192123413086 36.87025451660156
954 -40.238128662109375 36.499046325683594
955 -40.25685501098633 36.21315002441406
956 -40.22390365600586 36.131744384765625
957 -40.137229919433594 36.06258773803711
958 -39.960792541503906 36.09000778198242
959 -39.67081069946289 36.186126708984375
960 -39.24813461303711 36.16108703613281
961 -38.85013198852539 36.48722839355469
962 -38.440879821777344 36.87317657470703
963 -38.33600997924805 36.91008758544922
964 -38.285221099853516 36.958274841308594
965 -38.119911193847656 37.107147216796875
966 -37.932769775390625 37.226219177246094
967 -37.759944915771484 37.33852767944336
968 -37.517738342285156 37.46062469482422
969 -37.47106170654297 37.33732986450195
970 -37.20009994506836 37.29439926147461
971 -37.08324432373047 37.2639045715332
972 -36.979248046875 37.070960998535156
973 -36.75753402709961 37.19048309326172
974 -36.353240966796875 37.470333099365234
975 -35.894935607910156 37.65461349487305
976 -35.78046417236328 37.67441177368164
977 -35.727134704589844 37.6347770690918
978 -35.52371597290039 37.639015197753906
979 -35.40155792236328 37.771484375
980 -35.29256057739258 37.8376579284668
981 -35.30034255981445 37.978355407714844
982 -35.26011276245117 38.254329681396484
983 -35.13697052001953 38.604854583740234
984 -35.13702392578125 39.05105209350586
985 -35.281890869140625 39.27814865112305
986 -35.62349319458008 39.47866439819336
987 -35.91472244262695 39.556785583496094
988 -36.117210388183594 39.444725036621094
989 -36.23451614379883 39.391563415527344
990 -36.33393859863281 39.38836669921875
991 -36.5301513671875 39.31006622314453
992 -36.706092834472656 39.20425796508789
993 -36.85383605957031 39.24665832519531
994 -36.991268157958984 39.31438446044922
995 -37.246334075927734 39.37127685546875
996 -37.38058090209961 39.36687469482422
997 -37.51544189453125 39.44247055053711
998 -37.57364273071289 39.453521728515625
999 -37.605262756347656 39.463172912597656
