0 40.85139846801758 61.150081634521484
1 41.07539367675781 61.15232467651367
2 41.665279388427734 61.250274658203125
3 42.09907531738281 61.415225982666016
4 42.47413635253906 61.62343215942383
5 42.709171295166016 61.828453063964844
6 42.92595291137695 62.03694534301758
7 43.6536750793457 62.41843795776367
8 43.868309020996094 62.49658203125
9 44.326904296875 62.391883850097656
10 44.82114791870117 62.18553924560547
11 45.047584533691406 61.892086029052734
12 45.11618423461914 61.42676544189453
13 45.03044128417969 60.85749435424805
14 44.79059600830078 60.149681091308594
15 44.59482192993164 59.67204666137695
16 44.56201934814453 59.44729995727539
17 46.41755676269531 48.541709899902344
18 46.41767883300781 48.17042922973633
19 46.47004699707031 47.83304977416992
20 46.46916198730469 47.55913162231445
21 46.354217529296875 46.99068069458008
22 46.277217864990234 46.65804672241211
23 45.902992248535156 46.04286575317383
24 45.686275482177734 45.889991760253906
25 45.31853485107422 45.92497634887695
26 44.62260818481445 46.107723236083984
27 44.250423431396484 46.31892395019531
28 44.1521110534668 46.392974853515625
29 43.29909896850586 46.81996154785156
30 42.99843978881836 46.8703498840332
31 42.70351028442383 46.76169204711914
32 42.479637145996094 46.64366149902344
33 42.419273376464844 46.418540954589844
34 42.39772415161133 45.59462356567383
35 42.286659240722656 45.09000778198242
36 42.283912658691406 44.87315368652344
37 42.00621795654297 44.12227249145508
38 41.83787536621094 43.96799850463867
39 41.454769134521484 43.79556655883789
40 41.256980895996094 43.79045104980469
41 40.641502380371094 43.72967529296875
42 40.388946533203125 43.74977111816406
43 40.06826400756836 44.11201095581055
44 39.679473876953125 44.416011810302734
45 39.10523223876953 44.92902374267578
46 39.02091979980469 45.004539489746094
47 38.729225158691406 45.021087646484375
48 38.39485168457031 45.01544189453125
49 37.79032516479492 45.034725189208984
50 37.2508430480957 44.98519515991211
51 36.965877532958984 44.91954803466797
52 36.49309158325195 44.78571319580078
53 36.11020278930664 44.55358123779297
54 35.561336517333984 43.88786697387695
55 35.19624710083008 43.5190544128418
56 34.92604064941406 43.19809341430664
57 34.744510650634766 42.86638641357422
58 34.63264083862305 42.556427001953125
59 34.580162048339844 42.337921142578125
60 34.581790924072266 41.63090896606445
61 34.678009033203125 41.23484802246094
62 34.776649475097656 40.94697189331055
63 34.9126091003418 40.68031311035156
64 35.101478576660156 40.37837219238281
65 35.47043991088867 39.8194465637207
66 35.67302703857422 39.52419662475586
67 35.90592956542969 39.25562286376953
68 36.248897552490234 38.910797119140625
69 36.406761169433594 38.746368408203125
70 36.748191833496094 38.42547607421875
71 36.83976745605469 38.3171272277832
72 37.73208236694336 36.95575714111328
73 37.82855987548828 36.9139289855957
74 38.08872604370117 36.82540512084961
75 38.35271072387695 36.79867172241211
76 38.926605224609375 36.75999450683594
77 39.064842224121094 36.79241180419922
78 39.770572662353516 37.265113830566406
79 40.0217399597168 37.429931640625
80 40.19355392456055 37.51182174682617
81 40.61052322387695 37.690067291259766
82 40.98566436767578 37.80088806152344
83 41.50212478637695 37.921607971191406
84 41.96091079711914 37.97865295410156
85 42.202980041503906 37.97713088989258
86 42.789710998535156 37.87316131591797
87 43.12369918823242 37.82569122314453
88 43.905548095703125 37.802833557128906
89 44.05290985107422 37.88193893432617
90 44.213321685791016 38.15399169921875
91 44.33028030395508 38.359619140625
92 44.71114730834961 38.77931594848633
93 45.02239227294922 39.027706146240234
94 45.2241325378418 39.24323654174805
95 45.37931442260742 39.56572723388672
96 45.34720993041992 39.86360549926758
97 45.026512145996094 40.43539047241211
98 44.96553421020508 40.866722106933594
99 45.08965301513672 41.29827117919922
100 45.30085754394531 41.586891174316406
101 45.70726776123047 42.09206771850586
102 45.948482513427734 42.11056900024414
103 46.2996711730957 42.080101013183594
104 46.64747619628906 41.91546630859375
105 46.82337188720703 41.661598205566406
106 47.11747741699219 41.27427291870117
107 47.573062896728516 40.712547302246094
108 47.72758483886719 40.544654846191406
109 47.95927429199219 40.358970642089844
110 48.36505889892578 40.18321228027344
111 48.74007797241211 40.10432815551758
112 49.2198486328125 40.12666702270508
113 49.321800231933594 40.36014938354492
114 49.37958908081055 40.77949142456055
115 49.517608642578125 41.200294494628906
116 49.634361267089844 41.670326232910156
117 49.61018371582031 41.943843841552734
118 49.66495895385742 42.77554702758789
119 49.76007080078125 43.41632843017578
120 49.81969451904297 43.68073654174805
121 50.02268981933594 44.42335891723633
122 50.096187591552734 44.78304672241211
123 50.12571334838867 44.95786666870117
124 50.23773193359375 45.76864242553711
125 50.23276901245117 45.977149963378906
126 41.74494171142578 57.87001419067383
127 41.4392204284668 57.95215606689453
128 41.062416076660156 57.81951141357422
129 40.78549575805664 57.619873046875
130 40.34867477416992 57.36953353881836
131 40.30123519897461 57.229942321777344
132 40.293582916259766 56.94180679321289
133 40.436683654785156 56.63286209106445
134 40.73160934448242 56.17909240722656
135 41.06048583984375 55.557037353515625
136 41.38899230957031 55.03144454956055
137 41.63387680053711 54.68754959106445
138 41.921714782714844 54.45603561401367
139 42.34659957885742 54.333675384521484
140 42.47622299194336 54.333824157714844
141 42.70390701293945 54.28285217285156
142 43.078853607177734 54.18545150756836
143 43.355133056640625 54.023345947265625
144 43.67350769042969 53.788822174072266
145 44.19696807861328 53.169681549072266
146 44.32041931152344 52.823448181152344
147 44.373130798339844 52.13246536254883
148 44.34114456176758 51.52602767944336
149 44.27509689331055 51.19260025024414
150 44.076011657714844 50.947628021240234
151 43.71156311035156 50.949581146240234
152 43.17061996459961 51.04122543334961
153 42.63151168823242 51.03881072998047
154 42.34258270263672 50.9503059387207
155 41.82814025878906 50.59796905517578
156 41.52702713012695 50.30699157714844
157 41.19649124145508 49.86702346801758
158 40.94314193725586 49.66388702392578
159 40.55619430541992 49.548194885253906
160 40.299537658691406 49.48948669433594
161 40.00181198120117 49.36812210083008
162 39.52074432373047 49.1807975769043
163 39.254554748535156 49.018150329589844
164 38.94123840332031 48.907039642333984
165 38.6138801574707 48.831058502197266
166 37.95505142211914 48.62764358520508
167 37.548675537109375 48.49125289916992
168 37.17494201660156 48.38536834716797
169 36.91083526611328 48.32893371582031
170 35.6559944152832 47.88835144042969
171 35.45945358276367 47.758705139160156
172 34.46862030029297 47.35297775268555
173 34.1910514831543 47.25178146362305
174 33.79310989379883 47.1495475769043
175 33.288639068603516 47.062782287597656
176 32.72351837158203 47.08930206298828
177 32.51614761352539 47.214271545410156
178 32.52848434448242 47.42195510864258
179 32.60519027709961 47.7396354675293
180 32.659244537353516 48.17473220825195
181 33.12116241455078 49.053951263427734
182 33.29753112792969 49.243408203125
183 33.541194915771484 49.6053466796875
184 33.64686584472656 49.902488708496094
185 33.78219985961914 50.23596954345703
186 33.893836975097656 50.5167350769043
187 34.14584732055664 50.91111373901367
188 34.353553771972656 51.04351806640625
189 35.22837448120117 51.14577865600586
190 35.449195861816406 51.168296813964844
191 35.65815353393555 51.26632308959961
192 36.224464416503906 51.56639099121094
193 36.53216552734375 51.7698974609375
194 36.678627014160156 51.94529724121094
195 36.84636306762695 52.15056228637695
196 37.22732162475586 52.702396392822266
197 37.3111686706543 53.103668212890625
198 37.42301940917969 53.54014205932617
199 37.51238250732422 54.013004302978516
200 37.57524490356445 54.548194885253906
201 37.6140251159668 55.23698425292969
202 37.57358932495117 55.63746643066406
203 37.55411911010742 55.695133209228516
204 35.90115737915039 54.591854095458984
205 35.72665786743164 54.50309371948242
206 35.20564651489258 54.35261917114258
207 34.36800765991211 54.14912414550781
208 34.047637939453125 54.190757751464844
209 33.696815490722656 54.347530364990234
210 33.51377487182617 54.442230224609375
211 33.0843505859375 54.8532829284668
212 32.879798889160156 55.26600646972656
213 32.94546890258789 55.58081817626953
214 32.98369598388672 55.800819396972656
215 33.278831481933594 56.53193283081055
216 33.477073669433594 56.77602005004883
217 33.64591598510742 56.94896697998047
218 34.34097671508789 57.24390411376953
219 34.70215606689453 57.563751220703125
220 35.12137222290039 57.9163818359375
221 35.56341552734375 58.24708557128906
222 36.102352142333984 58.63355255126953
223 36.63468933105469 59.045387268066406
224 36.820396423339844 59.25217819213867
225 37.41623306274414 60.174537658691406
226 37.602237701416016 60.51852798461914
227 37.88380813598633 61.155853271484375
228 37.991310119628906 61.673763275146484
229 38.03742980957031 62.15020751953125
230 38.085289001464844 62.528297424316406
231 38.133087158203125 63.046722412109375
232 38.16965103149414 63.35425567626953
233 38.201263427734375 63.800235748291016
234 38.25833511352539 64.25559997558594
235 38.32103729248047 64.52667236328125
236 38.45820999145508 65.04811096191406
237 38.51902389526367 65.28579711914062
238 38.56123352050781 65.66971588134766
239 38.5081672668457 66.20732879638672
240 38.56917190551758 66.4288330078125
241 38.83491134643555 66.67633819580078
242 39.07952117919922 66.84349060058594
243 39.716243743896484 67.11690521240234
244 40.042545318603516 67.19488525390625
245 40.54804229736328 67.36454772949219
246 40.82645797729492 67.4188232421875
247 41.00782775878906 67.3708267211914
248 41.26942825317383 67.17972564697266
249 41.825408935546875 66.58366394042969
250 42.26873779296875 66.20883178710938
251 42.4056282043457 66.25398254394531
252 42.65992736816406 66.63190460205078
253 42.80995178222656 66.81693267822266
254 43.23899841308594 67.23368835449219
255 43.8051643371582 67.27596282958984
256 44.16607666015625 67.19124603271484
257 44.35930633544922 67.07203674316406
258 44.51618957519531 66.98226165771484
259 45.145896911621094 66.868408203125
260 45.82046890258789 66.88549041748047
261 46.098426818847656 66.96580505371094
262 46.49545669555664 67.28160095214844
263 46.64627456665039 67.48006439208984
264 46.926753997802734 67.75825500488281
265 47.12377166748047 68.84040832519531
266 47.034358978271484 68.96146392822266
267 46.797119140625 69.02381896972656
268 46.520660400390625 69.1546630859375
269 46.38037109375 69.31781005859375
270 46.48228073120117 70.62832641601562
271 46.432952880859375 71.25568389892578
272 46.43904113769531 71.4795150756836
273 46.23971176147461 71.63117218017578
274 46.05093002319336 71.76036071777344
275 45.74183654785156 72.03207397460938
276 45.34585952758789 72.10428619384766
277 44.89236831665039 72.1454849243164
278 44.618831634521484 72.16339111328125
279 43.88081741333008 72.15705871582031
280 43.55281448364258 72.13639831542969
281 43.33136749267578 72.0748291015625
282 42.651432037353516 71.75841522216797
283 42.16373062133789 71.5802001953125
284 41.83090591430664 71.46407318115234
285 41.02267837524414 71.24950408935547
286 40.512840270996094 71.21432495117188
287 40.33385467529297 71.357421875
288 40.00709533691406 72.07244873046875
289 39.79536437988281 72.79891967773438
290 39.50639343261719 73.73664855957031
291 39.438377380371094 73.95774841308594
292 39.433624267578125 74.23871612548828
293 39.42610549926758 74.93910217285156
294 39.45161056518555 75.38650512695312
295 39.480804443359375 75.51616668701172
296 39.54904556274414 75.76559448242188
297 39.71538543701172 76.26850128173828
298 39.88343811035156 76.7018814086914
299 40.283843994140625 77.3682861328125
300 40.528194427490234 77.61901092529297
301 41.17220687866211 77.9898681640625
302 41.3609504699707 78.08689880371094
303 41.77907180786133 78.2803955078125
304 42.03406524658203 78.3810043334961
305 42.36203384399414 78.49407958984375
306 43.12784194946289 78.6619873046875
307 43.57341384887695 78.74481964111328
308 44.279876708984375 78.86412811279297
309 44.640892028808594 78.92583465576172
310 45.10353088378906 79.02561950683594
311 45.661678314208984 79.09020233154297
312 45.94481658935547 79.13758087158203
313 46.4334716796875 79.30594635009766
314 46.840797424316406 79.37207794189453
315 47.1740608215332 79.33837127685547
316 47.48187255859375 79.03602600097656
317 47.746578216552734 78.66766357421875
318 48.030643463134766 78.25352478027344
319 48.207427978515625 77.91967010498047
320 48.28487014770508 77.71356201171875
321 48.49283218383789 77.30522918701172
322 48.7816162109375 76.82561492919922
323 49.08133316040039 76.37274169921875
324 49.19078063964844 76.1977767944336
325 49.28292465209961 76.1219482421875
326 49.763671875 75.89887237548828
327 50.12013244628906 75.77139282226562
328 50.361053466796875 75.76708984375
329 50.846397399902344 75.91541290283203
330 51.05877685546875 75.85284423828125
331 51.38780212402344 75.6640625
332 51.811248779296875 75.31169891357422
333 52.366764068603516 74.77961730957031
334 52.49623489379883 74.57439422607422
335 52.61619567871094 74.16641235351562
336 52.70382308959961 73.69945526123047
337 52.707969665527344 73.47260284423828
338 52.46803283691406 73.19461822509766
339 52.13854217529297 72.84636688232422
340 51.94937515258789 72.63351440429688
341 51.831809997558594 72.47392272949219
342 30.709983825683594 58.101524353027344
343 30.554698944091797 57.92148971557617
344 30.411083221435547 57.82648468017578
345 30.32050132751465 57.633296966552734
346 30.068967819213867 57.26991271972656
347 29.506223678588867 56.776798248291016
348 29.250625610351562 56.56997299194336
349 28.806827545166016 56.2894287109375
350 28.63277816772461 56.210777282714844
351 28.340621948242188 56.16427230834961
352 27.95940589904785 56.248382568359375
353 27.446857452392578 56.35817337036133
354 27.164648056030273 56.45768737792969
355 26.74626922607422 56.64387512207031
356 26.245847702026367 56.9494514465332
357 26.02742576599121 57.12615966796875
358 25.67616844177246 57.433021545410156
359 25.319738388061523 57.77560043334961
360 25.12994956970215 57.976680755615234
361 10.75477409362793 79.21407318115234
362 11.057408332824707 79.24519348144531
363 11.304011344909668 79.26515197753906
364 11.502883911132812 79.2718276977539
365 12.192131996154785 79.0001449584961
366 12.436466217041016 79.0078353881836
367 12.85959529876709 79.20352935791016
368 13.110411643981934 79.37339782714844
369 13.701571464538574 79.72157287597656
370 13.92961311340332 79.96857452392578
371 14.339662551879883 80.37422180175781
372 14.567033767700195 80.57746124267578
373 14.728038787841797 80.85647583007812
374 14.837276458740234 81.26683807373047
375 14.820106506347656 81.92585754394531
376 14.508402824401855 82.70926666259766
377 14.152780532836914 82.91899871826172
378 13.804620742797852 83.11093139648438
379 13.291545867919922 83.25477600097656
380 13.126436233520508 83.14361572265625
381 12.732373237609863 82.7027587890625
382 12.576839447021484 82.40587615966797
383 12.360739707946777 82.09991455078125
384 11.99737548828125 81.74475860595703
385 11.685030937194824 81.6103286743164
386 11.429251670837402 81.6654281616211
387 11.11146354675293 81.80390167236328
388 9.201483726501465 83.3880386352539
389 9.158902168273926 83.455322265625
390 9.308991432189941 83.59666442871094
391 10.050653457641602 84.14318084716797
392 10.186980247497559 84.30825805664062
393 10.506549835205078 84.70750427246094
394 10.71151065826416 85.10025787353516
395 10.864251136779785 85.40091705322266
396 10.932355880737305 85.48998260498047
397 11.112256050109863 86.19970703125
398 11.2269287109375 86.52680206298828
399 11.304176330566406 86.7420654296875
400 11.328922271728516 86.79995727539062
401 11.54030990600586 87.61727142333984
402 11.749996185302734 88.39881896972656
403 11.812284469604492 88.63350677490234
404 11.895431518554688 88.9222412109375
405 11.946671485900879 89.32831573486328
406 11.917133331298828 89.76535034179688
407 11.948348045349121 90.11457061767578
408 12.049421310424805 90.2622299194336
409 12.273321151733398 90.56717681884766
410 12.628384590148926 90.88480377197266
411 12.875689506530762 91.03427124023438
412 13.339780807495117 91.1690902709961
413 13.560151100158691 91.29155731201172
414 13.73813247680664 91.52638244628906
415 13.694039344787598 91.84538269042969
416 13.566930770874023 92.20614624023438
417 13.565531730651855 92.50823211669922
418 13.954140663146973 93.2427978515625
419 14.078418731689453 93.47346496582031
420 14.103679656982422 93.62297058105469
421 13.862095832824707 93.67475128173828
422 12.420819282531738 93.6240005493164
423 12.131131172180176 93.59994506835938
424 11.63375473022461 93.61288452148438
425 11.319177627563477 93.6309585571289
426 10.7681303024292 93.46368408203125
427 10.66382122039795 93.4225082397461
428 10.336651802062988 93.26753997802734
429 9.708439826965332 92.89225006103516
430 9.465492248535156 92.77305603027344
431 9.039159774780273 92.51615142822266
432 8.843832969665527 92.3960189819336
433 8.610214233398438 92.17449188232422
434 8.265233993530273 91.627685546875
435 8.073674201965332 91.4866943359375
436 7.7309699058532715 91.3676986694336
437 7.2817583084106445 91.26477813720703
438 7.09047269821167 91.24652862548828
439 6.762690544128418 91.2037353515625
440 6.205312728881836 91.31077575683594
441 5.537064075469971 91.43281555175781
442 5.390070915222168 91.46290588378906
443 3.238534688949585 92.69429779052734
444 3.021371603012085 92.87641143798828
445 2.6384358406066895 93.22374725341797
446 2.375288486480713 93.50421905517578
447 2.10916805267334 93.81697082519531
448 1.8948278427124023 94.04735565185547
449 1.772498607635498 94.1684341430664
450 1.6462393999099731 94.53620147705078
451 1.5722681283950806 94.79866790771484
452 1.4789936542510986 95.03107452392578
453 1.322715401649475 95.33448028564453
454 0.9455838203430176 96.04391479492188
455 0.7718570232391357 96.26606750488281
456 0.2169739156961441 96.3191909790039
457 -0.44145992398262024 96.22154235839844
458 -0.617804765701294 96.19154357910156
459 -0.8629739880561829 96.3148193359375
460 -1.095276951789856 96.40082550048828
461 -1.6736315488815308 96.5801773071289
462 -1.9102357625961304 96.72781372070312
463 -2.280060291290283 97.00439453125
464 -2.44895339012146 97.3726806640625
465 -2.4227547645568848 97.77727508544922
466 -2.007200002670288 98.39987182617188
467 -1.7355300188064575 98.62783813476562
468 -1.5793251991271973 98.7271957397461
469 -1.4097168445587158 98.84912872314453
470 -1.1671814918518066 98.98779296875
471 -0.7888028621673584 99.1513442993164
472 -0.25561922788619995 99.57872009277344
473 -0.09576041251420975 99.76097106933594
474 0.08755948394536972 100.12200927734375
475 0.07268082350492477 100.32457733154297
476 -0.1512959599494934 100.72956848144531
477 -0.5774189233779907 101.27429962158203
478 -0.8638002276420593 101.55633544921875
479 -0.9406548738479614 101.74980926513672
480 -0.9160028696060181 101.95632934570312
481 -0.6437488198280334 102.39542388916016
482 -0.3968810439109802 102.74432373046875
483 -0.18251726031303406 103.08110046386719
484 -0.0670759379863739 103.51885223388672
485 0.06209966540336609 104.18988037109375
486 0.07238554954528809 104.40478515625
487 0.1595560610294342 104.774169921875
488 0.29641255736351013 105.04293823242188
489 0.5863312482833862 105.33898162841797
490 1.1273235082626343 105.55069732666016
491 1.4333550930023193 105.6998291015625
492 1.6999289989471436 105.85818481445312
493 1.9690648317337036 105.92447662353516
494 2.2887492179870605 105.91081237792969
495 2.8799548149108887 105.87637329101562
496 3.3776354789733887 105.79203796386719
497 3.5362346172332764 105.60087585449219
498 4.092602729797363 104.64604949951172
499 4.171420574188232 104.48928833007812
500 4.20432186126709 104.38568115234375
501 4.438724994659424 102.41449737548828
502 4.538860321044922 102.3053970336914
503 4.731614112854004 102.12435150146484
504 5.066362380981445 102.02812194824219
505 5.666491985321045 101.93772888183594
506 6.056700229644775 101.9362564086914
507 6.2982892990112305 102.06675720214844
508 6.478158473968506 102.4443359375
509 6.625321388244629 102.84284210205078
510 6.808220386505127 103.38309478759766
511 6.985055446624756 103.74095153808594
512 7.364811897277832 104.08403015136719
513 7.647031784057617 104.32861328125
514 8.049676895141602 104.50474548339844
515 8.476401329040527 104.63593292236328
516 8.824813842773438 104.70370483398438
517 10.140233039855957 105.01239776611328
518 10.37300968170166 105.10031127929688
519 10.839722633361816 105.17594909667969
520 11.326498985290527 105.21310424804688
521 11.546648979187012 105.23030090332031
522 11.90909194946289 105.24604797363281
523 12.328364372253418 105.09902954101562
524 12.564582824707031 104.84495544433594
525 12.75612735748291 104.4798583984375
526 12.867525100708008 103.67771911621094
527 12.865348815917969 103.3602523803711
528 12.791814804077148 103.0904769897461
529 12.47204303741455 102.66588592529297
530 12.101348876953125 102.36009216308594
531 11.577034950256348 102.01875305175781
532 10.754180908203125 101.50447845458984
533 10.383556365966797 101.21575927734375
534 10.288603782653809 101.12287902832031
535 10.09908676147461 100.86251831054688
536 9.975191116333008 100.62732696533203
537 10.004008293151855 100.27200317382812
538 10.094666481018066 99.90677642822266
539 10.162933349609375 99.74048614501953
540 10.773637771606445 99.60914611816406
541 11.071846008300781 99.60089111328125
542 11.838809967041016 99.78829956054688
543 12.086264610290527 99.8462142944336
544 12.618632316589355 99.95394134521484
545 12.825639724731445 99.9179458618164
546 12.878605842590332 99.78923034667969
547 12.762070655822754 98.72168731689453
548 12.833749771118164 98.44189453125
549 12.979507446289062 98.31150817871094
550 13.815162658691406 98.18651580810547
551 14.319812774658203 98.19257354736328
552 15.00733470916748 98.22962951660156
553 15.421598434448242 98.41796112060547
554 15.57236099243164 98.7026138305664
555 15.653016090393066 98.99813842773438
556 15.635529518127441 99.51032257080078
557 15.629149436950684 99.7973861694336
558 15.55682373046875 100.24276733398438
559 15.528376579284668 100.53419494628906
560 15.565896034240723 101.14568328857422
561 15.652105331420898 101.39293670654297
562 15.785140037536621 101.82723999023438
563 15.98562240600586 102.1841812133789
564 16.462560653686523 102.66783142089844
565 16.74117088317871 102.84672546386719
566 17.094024658203125 102.94711303710938
567 17.553586959838867 102.9824447631836
568 18.56310272216797 103.0117416381836
569 19.067975997924805 103.02540588378906
570 19.459632873535156 102.9974594116211
571 19.773042678833008 102.91840362548828
572 20.127117156982422 102.79031372070312
573 20.443605422973633 102.70378875732422
574 20.63916015625 102.61320495605469
575 21.175691604614258 102.2625961303711
576 21.621524810791016 101.94975280761719
577 21.91033363342285 101.73858642578125
578 22.218339920043945 101.44424438476562
579 22.308435440063477 101.26883697509766
580 22.41238784790039 100.9285888671875
581 22.4560604095459 100.6505126953125
582 22.53046989440918 99.85647583007812
583 22.52603530883789 99.61673736572266
584 22.408422470092773 99.05380249023438
585 22.354389190673828 98.7591781616211
586 22.299230575561523 98.30087280273438
587 22.31551742553711 97.96636199951172
588 22.337034225463867 97.61096954345703
589 22.45305824279785 96.6881332397461
590 22.473798751831055 96.225341796875
591 22.373193740844727 95.8309326171875
592 22.193592071533203 95.57079315185547
593 21.571670532226562 95.03427124023438
594 21.241405487060547 94.74586486816406
595 20.644615173339844 94.1831283569336
596 20.41543960571289 94.00848388671875
597 20.12871551513672 93.787353515625
598 19.76755142211914 93.61054992675781
599 19.46880340576172 93.51901245117188
600 19.018720626831055 93.42047119140625
601 18.718122482299805 93.09538269042969
602 18.648279190063477 92.87720489501953
603 18.5594539642334 92.37515258789062
604 18.49907112121582 92.0202865600586
605 18.43049430847168 91.43751525878906
606 18.572866439819336 91.2558364868164
607 18.97150230407715 91.11791229248047
608 19.183732986450195 91.01641082763672
609 19.549840927124023 90.86399841308594
610 19.81116485595703 90.7753677368164
611 20.802860260009766 90.484619140625
612 20.956844329833984 90.45592498779297
613 21.3082218170166 90.51522827148438
614 21.705142974853516 90.58150482177734
615 22.019006729125977 90.61618041992188
616 22.607982635498047 90.63939666748047
617 22.83063316345215 90.5920181274414
618 23.25933837890625 90.30955505371094
619 23.40923309326172 90.22805786132812
620 24.404296875 90.0892105102539
621 24.654083251953125 90.07109832763672
622 24.72757339477539 90.13627624511719
623 25.17660140991211 91.5008544921875
624 25.437591552734375 91.57547760009766
625 26.0174560546875 91.51287841796875
626 26.29250144958496 91.54339599609375
627 26.700942993164062 91.60613250732422
628 26.97765350341797 91.66130828857422
629 27.348979949951172 91.84749603271484
630 27.616357803344727 91.98843383789062
631 27.771827697753906 92.16936492919922
632 28.05449104309082 92.6991195678711
633 28.109182357788086 93.126220703125
634 27.987327575683594 93.49797821044922
635 27.61266326904297 94.20669555664062
636 27.462587356567383 94.49470520019531
637 27.480857849121094 94.70138549804688
638 27.59366798400879 95.13348388671875
639 27.69753074645996 95.46825408935547
640 27.716644287109375 95.57262420654297
641 27.900381088256836 96.21302795410156
642 28.149551391601562 96.49462890625
643 28.54410743713379 96.65388488769531
644 28.97598648071289 96.63441467285156
645 29.28559684753418 96.56990814208984
646 29.70871925354004 96.40093231201172
647 30.571765899658203 95.8973159790039
648 30.900287628173828 95.8114242553711
649 31.606849670410156 95.81015014648438
650 32.1944694519043 95.88304138183594
651 32.39057540893555 95.94334411621094
652 32.63341522216797 96.05025482177734
653 33.19043731689453 96.48323822021484
654 33.46510314941406 96.72270965576172
655 33.69064712524414 96.90128326416016
656 34.13605499267578 97.25804901123047
657 34.35784149169922 97.4985122680664
658 34.62611770629883 97.79997253417969
659 34.79804229736328 97.80933380126953
660 35.48732376098633 97.72434997558594
661 35.736698150634766 97.66944885253906
662 36.11052322387695 97.50043487548828
663 36.437904357910156 97.06714630126953
664 36.603179931640625 96.77103424072266
665 37.016197204589844 96.02408599853516
666 37.313907623291016 95.56402587890625
667 37.459014892578125 95.47929382324219
668 37.84169387817383 95.24899291992188
669 38.352455139160156 95.02082824707031
670 38.53874969482422 94.8751220703125
671 38.8697509765625 94.53091430664062
672 39.31606674194336 94.0780258178711
673 39.54523849487305 93.72509765625
674 39.58481216430664 93.49226379394531
675 39.398067474365234 93.27141571044922
676 39.065147399902344 92.97212219238281
677 38.8161506652832 92.78752899169922
678 38.3243408203125 92.5143051147461
679 38.08370590209961 92.29307556152344
680 37.532745361328125 91.76171875
681 37.203033447265625 91.510498046875
682 36.58298110961914 91.11126708984375
683 36.34798812866211 90.84673309326172
684 36.26096725463867 90.56684875488281
685 36.304447174072266 90.29483795166016
686 36.533687591552734 89.93598937988281
687 37.311317443847656 88.90503692626953
688 37.472225189208984 88.6702651977539
689 37.625885009765625 88.6172866821289
690 38.29593276977539 88.79832458496094
691 38.59955596923828 88.94953918457031
692 39.11798858642578 89.18651580810547
693 39.595211029052734 89.38943481445312
694 39.87118911743164 89.49327087402344
695 40.23771667480469 89.58116912841797
696 40.694496154785156 89.69340515136719
697 41.00132751464844 89.71119689941406
698 41.55426788330078 89.6685562133789
699 42.058719635009766 89.5432357788086
700 42.31521224975586 89.33289337158203
701 42.703678131103516 88.93071746826172
702 42.872642517089844 88.77135467529297
703 42.99986267089844 88.552734375
704 43.1817626953125 88.1722640991211
705 43.375606536865234 87.62200164794922
706 43.28192901611328 87.19078063964844
707 42.96323013305664 86.69075775146484
708 42.713897705078125 86.52033996582031
709 41.54384994506836 86.09207153320312
710 41.22386169433594 85.93907928466797
711 41.156593322753906 85.76136779785156
712 41.077415466308594 85.07683563232422
713 41.100189208984375 84.77407836914062
714 41.09543228149414 84.3976821899414
715 41.09618377685547 84.10209655761719
716 40.886192321777344 83.90180206298828
717 40.557743072509766 83.61488342285156
718 40.34334182739258 83.45636749267578
719 40.14167022705078 83.3430404663086
720 39.68653106689453 83.14645385742188
721 39.25055694580078 82.92151641845703
722 38.799747467041016 82.79601287841797
723 38.309814453125 82.7859115600586
724 37.95405197143555 82.6985855102539
725 37.889320373535156 82.84388732910156
726 37.75770568847656 83.49744415283203
727 37.66740417480469 83.83140563964844
728 37.4140625 84.3661117553711
729 37.1175422668457 84.64337158203125
730 36.73939895629883 84.8416519165039
731 36.542579650878906 84.89927673339844
732 36.3001708984375 84.90282440185547
733 34.982669830322266 84.60761260986328
734 34.7518310546875 84.6393051147461
735 34.387115478515625 84.80376434326172
736 34.25373458862305 85.01824188232422
737 34.13187026977539 85.56655883789062
738 34.12385940551758 85.81721496582031
739 34.03667449951172 86.72853088378906
740 33.90658187866211 86.8758316040039
741 33.40327453613281 87.09722137451172
742 33.11577606201172 87.17420959472656
743 32.576866149902344 87.22159576416016
744 31.894922256469727 87.3784408569336
745 31.65467071533203 87.33743286132812
746 31.49561882019043 87.17559051513672
747 31.22180938720703 86.78118896484375
748 31.04520034790039 86.43697357177734
749 30.965484619140625 86.3212661743164
750 30.706462860107422 86.0960922241211
751 29.99777603149414 85.38864135742188
752 29.758634567260742 85.1506576538086
753 29.550363540649414 84.92889404296875
754 29.37703514099121 84.75054168701172
755 29.00597381591797 84.41426086425781
756 28.7653865814209 84.188232421875
757 28.561315536499023 83.95093536376953
758 28.1781005859375 83.58952331542969
759 27.84788703918457 83.4204330444336
760 27.673973083496094 83.3936996459961
761 27.285362243652344 83.31730651855469
762 26.929502487182617 83.71022033691406
763 26.835817337036133 83.92644500732422
764 26.7058048248291 84.4292221069336
765 26.53818130493164 84.76813507080078
766 26.168970108032227 85.05046081542969
767 25.40019416809082 85.52071380615234
768 25.159875869750977 85.6149673461914
769 24.614973068237305 85.72779846191406
770 24.25794219970703 85.7174301147461
771 23.737728118896484 85.62993621826172
772 23.153165817260742 85.53855895996094
773 22.87721824645996 85.43678283691406
774 22.611642837524414 85.3193130493164
775 22.38274574279785 85.13185119628906
776 22.04499626159668 84.84487915039062
777 21.85369873046875 84.62783813476562
778 21.681488037109375 84.3924331665039
779 21.676694869995117 83.93550872802734
780 21.686735153198242 83.62992858886719
781 21.716501235961914 83.08279418945312
782 21.774742126464844 82.80115509033203
783 21.849416732788086 82.197265625
784 21.864097595214844 82.02429962158203
785 21.731258392333984 80.99775695800781
786 21.64991569519043 80.66950225830078
787 21.544958114624023 80.23538970947266
788 21.459733963012695 79.89691925048828
789 21.34758949279785 79.37474060058594
790 21.275131225585938 79.13675689697266
791 20.914941787719727 78.23552703857422
792 20.77544403076172 77.97116088867188
793 20.678144454956055 77.8165512084961
794 20.30173110961914 77.20775604248047
795 20.069355010986328 76.76892852783203
796 19.920228958129883 76.4700698852539
797 19.72907829284668 75.97974395751953
798 19.49889373779297 75.2320785522461
799 19.420434951782227 75.00148010253906
800 19.318906784057617 74.84249114990234
801 19.293148040771484 74.65940856933594
802 19.406938552856445 73.82554626464844
803 19.433090209960938 73.54747772216797
804 19.520952224731445 73.12152099609375
805 19.606216430664062 72.79135131835938
806 19.705244064331055 72.29256439208984
807 19.70302963256836 71.7854232788086
808 19.559396743774414 71.4887466430664
809 19.211212158203125 70.98383331298828
810 18.990520477294922 70.61756134033203
811 18.904497146606445 70.39672088623047
812 18.722862243652344 70.06317138671875
813 18.458343505859375 69.65320587158203
814 18.127574920654297 69.34101867675781
815 17.81795883178711 69.1210708618164
816 17.530973434448242 68.86286163330078
817 17.295713424682617 68.5492935180664
818 17.125715255737305 68.26215362548828
819 16.727115631103516 67.71263885498047
820 16.487180709838867 67.3797378540039
821 16.33390235900879 67.12077331542969
822 16.260007858276367 66.86250305175781
823 16.212244033813477 66.46556091308594
824 16.383270263671875 66.26200103759766
825 16.76241683959961 65.87088012695312
826 17.11001968383789 65.55719757080078
827 17.249086380004883 65.26126098632812
828 17.235227584838867 64.78239440917969
829 17.18425178527832 64.22587585449219
830 17.13047218322754 63.69649124145508
831 17.222110748291016 63.463348388671875
832 17.462230682373047 63.12839126586914
833 17.67413902282715 62.937530517578125
834 17.85089874267578 62.78083801269531
835 18.428497314453125 62.284732818603516
836 18.674407958984375 62.127342224121094
837 18.954994201660156 62.06991195678711
838 19.360015869140625 62.108638763427734
839 19.591646194458008 62.165706634521484
840 19.73732566833496 62.24396514892578
841 20.48704719543457 63.10306167602539
842 20.592065811157227 63.371002197265625
843 20.64945411682129 63.96403121948242
844 20.58090591430664 64.31065368652344
845 20.464847564697266 64.73178100585938
846 20.367544174194336 64.89690399169922
847 20.090316772460938 65.26200103759766
848 19.969980239868164 65.48823547363281
849 19.891752243041992 65.98413848876953
850 19.904844284057617 66.18592834472656
851 20.12540054321289 66.53207397460938
852 20.364473342895508 66.77560424804688
853 20.571523666381836 66.9332046508789
854 21.725706100463867 67.35502624511719
855 22.072277069091797 67.49891662597656
856 22.627450942993164 67.75330352783203
857 23.140562057495117 68.00004577636719
858 23.39085578918457 68.12161254882812
859 24.066621780395508 68.4542007446289
860 24.35475730895996 68.5986328125
861 25.42824363708496 68.86567687988281
862 25.60265350341797 68.90851593017578
863 26.0509033203125 69.0272445678711
864 26.4814453125 69.04973602294922
865 26.830123901367188 69.09428405761719
866 27.294898986816406 69.41018676757812
867 27.512561798095703 69.70072937011719
868 27.555566787719727 69.90001678466797
869 27.486236572265625 70.36284637451172
870 27.219615936279297 71.09029388427734
871 27.056480407714844 71.3760757446289
872 26.88841438293457 71.55997467041016
873 26.51515769958496 71.72271728515625
874 25.990320205688477 71.87686157226562
875 25.625383377075195 72.07559967041016
876 25.35474395751953 72.2680892944336
877 24.92113494873047 72.70304870605469
878 24.771764755249023 72.9184341430664
879 24.585880279541016 73.46759033203125
880 24.565731048583984 73.68618774414062
881 24.58522605895996 73.98380279541016
882 24.761428833007812 74.6099853515625
883 24.85533905029297 74.80281829833984
884 26.504724502563477 75.62816619873047
885 26.69802474975586 75.73188018798828
886 27.100666046142578 75.87078094482422
887 27.6300106048584 76.00858306884766
888 27.874038696289062 75.87522888183594
889 28.224689483642578 75.4529037475586
890 28.405094146728516 75.24655151367188
891 28.804519653320312 75.0628890991211
892 29.276391983032227 75.0194320678711
893 29.525239944458008 75.08175659179688
894 29.775859832763672 75.425048828125
895 29.976764678955078 75.8521957397461
896 30.145597457885742 76.68999481201172
897 30.171642303466797 76.91287994384766
898 30.55031394958496 77.30064392089844
899 30.752784729003906 77.4031753540039
900 30.95245933532715 77.44181060791016
901 31.374208450317383 77.30390930175781
902 31.554750442504883 77.2005615234375
903 31.589569091796875 77.08900451660156
904 32.6349983215332 75.60639953613281
905 32.758140563964844 75.42461395263672
906 32.82014465332031 75.23710632324219
907 32.89521026611328 74.92996215820312
908 33.02150344848633 74.4188232421875
909 33.09149932861328 74.1396255493164
910 33.37337875366211 73.35325622558594
911 33.5957145690918 72.71054077148438
912 33.723968505859375 72.26285552978516
913 33.895355224609375 71.40965270996094
914 33.9279899597168 71.23511505126953
915 34.106468200683594 70.73242950439453
916 34.30283737182617 70.25047302246094
917 34.44789505004883 69.98892974853516
918 34.86042785644531 69.50933837890625
919 35.28474807739258 68.98082733154297
920 35.3818473815918 68.7634506225586
921 35.46762466430664 68.21656036376953
922 35.5008544921875 68.0860824584961
923 35.33681106567383 67.8346939086914
924 34.67732620239258 67.15388488769531
925 34.46720504760742 66.96973419189453
926 34.227745056152344 66.94068908691406
927 33.825008392333984 66.9819564819336
928 32.9304313659668 67.14302825927734
929 32.75148391723633 67.07640838623047
930 32.32685852050781 66.92530822753906
931 32.02303695678711 66.77081298828125
932 31.721271514892578 66.46131134033203
933 31.668914794921875 66.06571197509766
934 31.525909423828125 65.525390625
935 31.539535522460938 65.35250854492188
936 31.943286895751953 64.76913452148438
937 32.02280807495117 64.61485290527344
938 32.32838821411133 64.4384994506836
939 32.450225830078125 64.3298110961914
940 32.75475311279297 64.0572280883789
941 33.00638961791992 63.847877502441406
942 33.35668182373047 63.452476501464844
943 33.449974060058594 63.09144592285156
944 33.43177795410156 62.38760757446289
945 33.35371017456055 61.98712921142578
946 33.265106201171875 61.706905364990234
947 33.250579833984375 61.58128356933594
948 52.914852142333984 57.5844841003418
949 52.95064163208008 57.364662170410156
950 53.03985595703125 57.14805221557617
951 53.19218063354492 56.78770065307617
952 53.638099670410156 55.69634246826172
953 53.75077438354492 55.48951721191406
954 53.94636535644531 54.98073196411133
955 54.037113189697266 54.657737731933594
956 54.283390045166016 53.895477294921875
957 54.3128776550293 53.633766174316406
958 54.33121871948242 53.156951904296875
959 54.18150329589844 52.6774787902832
960 54.0043830871582 52.430580139160156
961 53.72905349731445 52.10449981689453
962 53.342987060546875 51.87851333618164
963 52.9371223449707 51.68976974487305
964 52.72087478637695 51.62153244018555
965 51.975711822509766 51.505943298339844
966 51.55175018310547 51.43111801147461
967 51.176692962646484 51.36057662963867
968 50.81711196899414 51.174713134765625
969 50.578697204589844 51.177371978759766
970 50.175498962402344 51.299198150634766
971 49.639060974121094 51.400238037109375
972 49.24728775024414 51.46418380737305
973 48.88483428955078 51.619529724121094
974 48.785919189453125 51.808837890625
975 48.64097213745117 52.31856918334961
976 48.685691833496094 52.77274703979492
977 48.818634033203125 53.06501007080078
978 48.98373794555664 53.778507232666016
979 49.005611419677734 53.956199645996094
980 48.551177978515625 54.1597785949707
981 47.67464828491211 54.41363525390625
982 47.6297492980957 54.49679946899414
983 47.575138092041016 54.61896896362305
984 47.55693817138672 55.33466720581055
985 47.65332794189453 55.55972671508789
986 47.948585510253906 55.83822250366211
987 48.62873840332031 56.325416564941406
988 48.85503387451172 56.524532318115234
989 49.18135452270508 56.86655807495117
990 49.42911911010742 57.11516189575195
991 49.65644073486328 57.33991241455078
992 49.82093048095703 57.4998664855957
993 49.90142822265625 57.84346008300781
994 49.98107147216797 58.28056335449219
995 49.9118537902832 58.444496154785156
996 49.77533721923828 58.9157600402832
997 49.682308197021484 59.4751091003418
998 49.636390686035156 59.8004264831543
999 49.61140441894531 59.97929000854492
