0 56.46112823486328 41.278438568115234
1 56.529335021972656 41.41041564941406
2 56.59217834472656 41.691715240478516
3 56.66539764404297 41.9216194152832
4 56.704002380371094 42.176353454589844
5 56.76348876953125 42.89052963256836
6 56.80098342895508 43.091453552246094
7 56.890296936035156 43.50135803222656
8 57.02174377441406 44.14059829711914
9 57.24794387817383 44.4372673034668
10 57.739166259765625 44.575435638427734
11 58.48636245727539 44.43788528442383
12 58.834007263183594 44.29682540893555
13 59.25380325317383 43.94408416748047
14 59.52497100830078 43.696571350097656
15 59.753074645996094 43.45791244506836
16 59.869140625 43.36008071899414
17 60.87710189819336 43.02458953857422
18 61.07835388183594 43.000755310058594
19 61.30051040649414 43.02318572998047
20 62.60299301147461 43.20095443725586
21 62.839744567871094 43.21432876586914
22 62.87746047973633 43.21213150024414
23 62.08122253417969 19.803409576416016
24 62.306034088134766 19.8382568359375
25 62.59988021850586 19.85385513305664
26 63.0916748046875 19.622955322265625
27 63.58827590942383 19.367652893066406
28 63.67400360107422 19.443077087402344
29 63.90448760986328 19.611370086669922
30 63.93814468383789 19.854557037353516
31 63.67647171020508 20.447607040405273
32 63.602561950683594 20.627254486083984
33 63.68206787109375 20.65095329284668
34 66.46410369873047 21.904767990112305
35 66.78003692626953 21.72246551513672
36 67.1800765991211 21.339136123657227
37 67.32721710205078 21.303049087524414
38 67.46651458740234 21.441587448120117
39 68.71537780761719 22.621854782104492
40 68.8353271484375 22.473726272583008
41 68.95325469970703 22.140871047973633
42 68.90750122070312 21.746301651000977
43 68.71497344970703 21.171607971191406
44 68.51752471923828 20.657115936279297
45 68.43828582763672 20.316551208496094
46 68.31982421875 19.81946563720703
47 68.15808868408203 19.427534103393555
48 67.84174346923828 19.29934310913086
49 67.36769104003906 19.226879119873047
50 67.05426788330078 19.25872039794922
51 66.64485931396484 19.493202209472656
52 65.99107360839844 19.86590003967285
53 65.79314422607422 20.03230094909668
54 65.5703125 20.307174682617188
55 65.27286529541016 20.697128295898438
56 65.08341979980469 20.989336013793945
57 64.98072814941406 21.21095848083496
58 64.77915954589844 21.938663482666016
59 64.78836059570312 22.242727279663086
60 64.774658203125 22.38307762145996
61 64.8731689453125 25.374250411987305
62 65.13088989257812 25.849477767944336
63 65.26063537597656 25.994361877441406
64 65.59599304199219 26.051551818847656
65 65.92273712158203 26.055744171142578
66 66.43965911865234 26.02031707763672
67 66.7597885131836 26.03200340270996
68 67.2263412475586 25.967496871948242
69 67.47235870361328 25.797515869140625
70 67.83946228027344 25.470415115356445
71 67.98600769042969 25.235891342163086
72 71.15631103515625 21.228120803833008
73 71.02423858642578 21.077823638916016
74 70.72508239746094 20.697002410888672
75 70.40380859375 20.26051902770996
76 70.23297119140625 20.032487869262695
77 70.16416931152344 19.92116355895996
78 69.09425354003906 18.1543025970459
79 68.94696044921875 17.984865188598633
80 68.71951293945312 17.87848472595215
81 68.50657653808594 17.888744354248047
82 61.66495895385742 18.415668487548828
83 61.520225524902344 18.382667541503906
84 61.505550384521484 18.324634552001953
85 61.70027160644531 17.0662841796875
86 61.659217834472656 16.873937606811523
87 61.53676986694336 16.721481323242188
88 61.29918670654297 16.455230712890625
89 63.793243408203125 11.941685676574707
90 63.97431564331055 11.789083480834961
91 64.40935516357422 11.758231163024902
92 65.00894165039062 11.842020034790039
93 65.30697631835938 11.94152545928955
94 65.38188171386719 12.021971702575684
95 65.4029769897461 12.12978458404541
96 58.535118103027344 13.509095191955566
97 58.13578796386719 13.31836223602295
98 57.969947814941406 13.258112907409668
99 57.918212890625 13.285719871520996
100 70.77679443359375 23.359880447387695
101 70.88423919677734 23.47280502319336
102 71.7048568725586 24.205432891845703
103 71.79232025146484 24.301719665527344
104 71.94374084472656 24.241090774536133
105 72.10418701171875 24.103578567504883
106 72.915283203125 23.159223556518555
107 73.1384048461914 22.992305755615234
108 73.4177017211914 22.867706298828125
109 74.07621765136719 21.985374450683594
110 74.18975830078125 21.671175003051758
111 74.37721252441406 20.86309242248535
112 74.60427856445312 20.648414611816406
113 74.8886947631836 20.462610244750977
114 75.13906860351562 20.43760108947754
115 75.6800537109375 20.643552780151367
116 75.86043548583984 20.767244338989258
117 76.20063781738281 21.028759002685547
118 78.00031280517578 22.28665542602539
119 78.06356048583984 22.341083526611328
120 78.20542907714844 22.681520462036133
121 78.38771057128906 23.168333053588867
122 78.52925109863281 23.65792465209961
123 78.5755615234375 24.010366439819336
124 78.54558563232422 24.59991455078125
125 78.3922119140625 25.191587448120117
126 78.22782897949219 25.501911163330078
127 77.7557373046875 25.849151611328125
128 77.49711608886719 25.917585372924805
129 77.06137084960938 25.8559513092041
130 76.66382598876953 25.701616287231445
131 76.39331817626953 25.530122756958008
132 75.96514892578125 25.204763412475586
133 75.68791961669922 25.04020881652832
134 75.20956420898438 24.861574172973633
135 74.93621063232422 24.81038475036621
136 74.04532623291016 25.05347442626953
137 73.96389770507812 25.18928337097168
138 73.83072662353516 25.469921112060547
139 72.88278198242188 26.36639404296875
140 72.68732452392578 26.63859748840332
141 72.36785125732422 27.17682456970215
142 72.33168029785156 27.451231002807617
143 72.41404724121094 27.985679626464844
144 72.5132064819336 28.193437576293945
145 73.2755355834961 29.243309020996094
146 73.54694366455078 29.31731605529785
147 73.96240234375 29.308740615844727
148 74.37583923339844 29.075532913208008
149 74.56681823730469 28.853527069091797
150 74.6589126586914 28.114131927490234
151 74.54788970947266 27.748641967773438
152 67.34442138671875 17.182720184326172
153 67.24071502685547 17.03810691833496
154 66.95366668701172 16.77191925048828
155 66.54402923583984 16.42269515991211
156 66.24393463134766 16.146398544311523
157 65.841064453125 15.923450469970703
158 65.52267456054688 15.769998550415039
159 60.45059585571289 14.8665189743042
160 60.35663986206055 14.79388427734375
161 60.11472702026367 14.67110824584961
162 60.0996208190918 14.504644393920898
163 60.18678665161133 14.340571403503418
164 61.1202392578125 3.786670684814453
165 60.938446044921875 3.286956310272217
166 60.63911819458008 2.8056960105895996
167 60.42729949951172 2.5874412059783936
168 60.152774810791016 2.5092990398406982
169 59.680824279785156 2.5406999588012695
170 59.35636901855469 2.6243112087249756
171 59.75770950317383 12.158411979675293
172 59.79490661621094 12.299371719360352
173 59.74930953979492 12.440176963806152
174 63.07097244262695 22.65712547302246
175 63.10234069824219 22.8512020111084
176 63.12421417236328 23.409587860107422
177 63.11325454711914 23.556610107421875
178 62.97926712036133 23.573333740234375
179 61.71220016479492 23.31995964050293
180 61.580482482910156 23.333560943603516
181 61.43703842163086 23.423429489135742
182 61.26956558227539 23.527254104614258
183 60.90150833129883 23.602914810180664
184 60.176265716552734 23.482177734375
185 59.84308624267578 23.384965896606445
186 59.55276870727539 23.24738311767578
187 59.11735534667969 23.1527042388916
188 58.97309875488281 23.117576599121094
189 58.57810974121094 23.11488151550293
190 58.30855178833008 23.136999130249023
191 57.69425582885742 23.116472244262695
192 57.53232955932617 22.960901260375977
193 57.269508361816406 22.520246505737305
194 57.14427947998047 22.43585968017578
195 56.6715202331543 22.322206497192383
196 56.478519439697266 22.364593505859375
197 55.829105377197266 22.793659210205078
198 55.7757453918457 23.197967529296875
199 55.863037109375 23.585004806518555
200 56.01261520385742 24.359416961669922
201 56.11097717285156 24.604145050048828
202 56.47386932373047 25.003347396850586
203 56.6180419921875 25.104005813598633
204 57.60636901855469 25.451025009155273
205 57.98612976074219 25.50617218017578
206 58.198570251464844 25.52004051208496
207 59.418914794921875 25.454792022705078
208 59.68457794189453 25.457279205322266
209 60.12718200683594 25.449426651000977
210 60.33146286010742 25.467906951904297
211 65.35681915283203 36.46123123168945
212 65.29733276367188 36.313804626464844
213 65.06745910644531 36.12691879272461
214 63.50728225708008 26.90764617919922
215 63.3272590637207 26.62595558166504
216 63.08961868286133 26.22831153869629
217 62.79865646362305 25.929615020751953
218 62.563201904296875 25.653003692626953
219 62.48447799682617 25.335214614868164
220 62.417049407958984 25.15276527404785
221 62.245304107666016 24.700353622436523
222 61.90250015258789 21.86615562438965
223 61.95981979370117 21.741024017333984
224 68.405517578125 36.18291473388672
225 68.56990814208984 36.120914459228516
226 68.88835906982422 35.88125991821289
227 69.49610900878906 35.17323684692383
228 69.72064208984375 35.0189323425293
229 69.8878402709961 34.658199310302734
230 70.08172607421875 34.4421501159668
231 71.41902160644531 33.32426834106445
232 71.6842041015625 33.286659240722656
233 72.02799987792969 33.51846694946289
234 72.20623779296875 33.820404052734375
235 72.29905700683594 34.4331169128418
236 72.27835845947266 35.41044998168945
237 72.2978286743164 35.801918029785156
238 72.2431869506836 35.9802131652832
239 71.81224060058594 36.21074295043945
240 71.51976776123047 36.48661422729492
241 71.22512817382812 36.713653564453125
242 70.66600036621094 37.02293014526367
243 70.55265808105469 37.029117584228516
244 63.79417037963867 28.461374282836914
245 63.704010009765625 28.515169143676758
246 63.42246627807617 28.8389835357666
247 63.14406204223633 28.922056198120117
248 62.74301528930664 28.994779586791992
249 62.25389099121094 28.964040756225586
250 61.99736404418945 29.058340072631836
251 61.65776443481445 29.394123077392578
252 61.44012451171875 29.718204498291016
253 61.221435546875 29.9415225982666
254 61.19340515136719 34.94276809692383
255 61.23811340332031 35.09138870239258
256 61.451133728027344 35.517757415771484
257 61.6451530456543 35.724605560302734
258 61.8409423828125 35.92646026611328
259 62.16083526611328 35.96479797363281
260 62.524600982666016 35.903358459472656
261 63.05908203125 36.0399169921875
262 63.364646911621094 36.18431091308594
263 63.49319076538086 36.2982177734375
264 63.66849899291992 37.44721984863281
265 63.78083801269531 38.042724609375
266 63.854610443115234 38.27992630004883
267 63.89556121826172 38.35927963256836
268 64.83685302734375 32.70989227294922
269 64.82673645019531 32.643402099609375
270 64.78890228271484 32.584136962890625
271 56.420448303222656 30.1489200592041
272 56.42449188232422 30.154415130615234
273 56.81806945800781 30.26697540283203
274 57.227176666259766 30.301361083984375
275 57.63948440551758 30.352386474609375
276 59.56037139892578 30.499380111694336
277 59.9916877746582 30.66109848022461
278 60.733680725097656 31.218425750732422
279 60.86808395385742 31.390901565551758
280 61.419837951660156 31.421377182006836
281 61.567718505859375 31.453847885131836
282 61.680015563964844 31.449983596801758
283 62.4773063659668 31.226001739501953
284 63.101165771484375 31.433156967163086
285 63.413002014160156 31.487112045288086
286 63.597408294677734 31.3531494140625
287 63.66501998901367 31.12398910522461
288 63.49114227294922 30.835617065429688
289 57.651145935058594 27.324987411499023
290 57.58906555175781 27.456104278564453
291 57.58619689941406 27.614137649536133
292 57.71693801879883 27.74831199645996
293 58.05805587768555 28.309871673583984
294 58.499473571777344 29.0512752532959
295 58.614776611328125 29.351030349731445
296 58.69010925292969 29.71980857849121
297 58.65229034423828 29.949478149414062
298 58.39468765258789 30.951820373535156
299 58.425479888916016 31.290178298950195
300 58.60773468017578 31.5064640045166
301 58.905059814453125 32.04811477661133
302 59.07510757446289 32.26727294921875
303 59.287818908691406 32.41666793823242
304 59.55611038208008 32.62498092651367
305 59.614234924316406 33.39039611816406
306 59.58110809326172 33.796844482421875
307 59.552162170410156 34.070735931396484
308 59.48746871948242 34.48214340209961
309 59.48493576049805 34.6914176940918
310 59.417850494384766 35.2517204284668
311 59.35492706298828 35.44449996948242
312 59.30194854736328 36.096092224121094
313 59.18646240234375 36.3454704284668
314 58.55364227294922 36.6761360168457
315 58.354312896728516 36.60554122924805
316 57.63773727416992 36.13985824584961
317 57.49174880981445 35.92108154296875
318 57.30746078491211 35.43000030517578
319 57.279151916503906 34.34111022949219
320 57.42843246459961 34.05931854248047
321 57.62671661376953 33.95243835449219
322 61.309791564941406 37.628997802734375
323 61.399906158447266 38.16636657714844
324 61.3660888671875 38.336883544921875
325 60.84914016723633 38.900489807128906
326 60.4775276184082 38.983856201171875
327 60.0914192199707 38.888404846191406
328 59.43867874145508 38.57115936279297
329 59.08373260498047 38.4204216003418
330 58.3121223449707 38.528785705566406
331 58.18600845336914 38.65627670288086
332 58.143367767333984 39.0275993347168
333 58.4766845703125 39.901268005371094
334 58.607975006103516 40.07960510253906
335 59.38749313354492 40.586788177490234
336 59.808406829833984 40.7026481628418
337 60.125732421875 40.74423599243164
338 61.06275939941406 40.66047286987305
339 61.41362380981445 40.5962028503418
340 62.29397964477539 40.45552444458008
341 62.630332946777344 40.40238571166992
342 62.97509002685547 40.3158073425293
343 63.051422119140625 40.25639343261719
344 56.52566909790039 38.188987731933594
345 56.432804107666016 38.06291961669922
346 56.19970703125 37.0549430847168
347 56.062095642089844 36.74224090576172
348 55.878971099853516 36.25697326660156
349 55.71141052246094 35.77897644042969
350 55.6676139831543 35.63893508911133
351 55.299659729003906 35.07390213012695
352 55.07086944580078 34.94785690307617
353 54.60348129272461 34.784481048583984
354 54.47536087036133 34.8447380065918
355 54.188140869140625 35.218170166015625
356 53.671226501464844 35.922142028808594
357 53.58998107910156 36.55708694458008
358 53.62836456298828 37.150962829589844
359 53.587982177734375 37.70674514770508
360 53.645023345947266 37.81744384765625
361 54.02717590332031 37.80902862548828
362 54.396366119384766 37.73345947265625
363 54.08293533325195 33.530296325683594
364 53.91986083984375 33.18744659423828
365 53.63713073730469 32.76759338378906
366 53.56996536254883 32.44612121582031
367 53.699520111083984 32.26179504394531
368 54.08354949951172 31.88876724243164
369 54.79434585571289 31.4625301361084
370 54.97635269165039 31.48308753967285
371 55.25066375732422 31.695903778076172
372 55.617374420166016 32.01713562011719
373 56.184715270996094 32.516136169433594
374 56.398536682128906 32.60983657836914
375 63.80236053466797 34.12289047241211
376 63.92061233520508 34.20425033569336
377 64.03035736083984 34.34969711303711
378 64.16165924072266 34.60942459106445
379 70.13011169433594 25.754249572753906
380 70.13818359375 25.59539222717285
381 70.06329345703125 25.35321617126465
382 69.55448913574219 24.665660858154297
383 69.4544677734375 24.46169090270996
384 67.64628601074219 13.016690254211426
385 67.65325927734375 12.666753768920898
386 67.53030395507812 12.050213813781738
387 67.37178039550781 11.62335205078125
388 67.21568298339844 11.216306686401367
389 67.12803649902344 11.079687118530273
390 67.5025634765625 14.37116813659668
391 67.48419952392578 14.605462074279785
392 67.49564361572266 14.867783546447754
393 67.61492156982422 15.152129173278809
394 67.84712219238281 15.410968780517578
395 68.33479309082031 15.687878608703613
396 68.81915283203125 15.869000434875488
397 69.00838470458984 15.806865692138672
398 69.32905578613281 15.516151428222656
399 69.55791473388672 15.270788192749023
400 69.83546447753906 15.007671356201172
401 70.62057495117188 14.706137657165527
402 70.7138900756836 14.845649719238281
403 70.85746765136719 15.66899585723877
404 70.83634185791016 16.123884201049805
405 70.72404479980469 16.691638946533203
406 70.69312286376953 16.98816680908203
407 70.69648742675781 17.489471435546875
408 70.9091567993164 17.951000213623047
409 71.09138488769531 18.221797943115234
410 71.57112884521484 18.68315887451172
411 72.09074401855469 18.905439376831055
412 72.53803253173828 18.973581314086914
413 72.68441772460938 18.858476638793945
414 72.76551055908203 18.312442779541016
415 72.77690124511719 17.72962760925293
416 72.89447784423828 17.13423728942871
417 72.94590759277344 16.6936092376709
418 72.99562072753906 16.357887268066406
419 73.12579345703125 15.507346153259277
420 73.36105346679688 14.686861038208008
421 73.48698425292969 14.371623039245605
422 73.6545181274414 13.985090255737305
423 73.82457733154297 13.56838321685791
424 73.99008178710938 13.24610710144043
425 74.12223052978516 13.03276252746582
426 74.31417083740234 12.913492202758789
427 76.43058776855469 12.886640548706055
428 76.4842529296875 13.109707832336426
429 76.55475616455078 13.474191665649414
430 76.62420654296875 13.947921752929688
431 76.62982177734375 14.504873275756836
432 76.59998321533203 14.717812538146973
433 76.45635986328125 15.064847946166992
434 76.37566375732422 15.251426696777344
435 75.49931335449219 17.224599838256836
436 75.64934539794922 17.386566162109375
437 76.00881958007812 17.602060317993164
438 76.97209930419922 18.003135681152344
439 77.51277160644531 17.76824188232422
440 77.71641540527344 17.53852081298828
441 77.86048126220703 17.11374282836914
442 77.98352813720703 16.625951766967773
443 78.05608367919922 16.4381046295166
444 78.44344329833984 15.98055362701416
445 78.58867645263672 15.751254081726074
446 79.19302368164062 14.738662719726562
447 79.32933044433594 14.620046615600586
448 79.51750946044922 14.71563720703125
449 79.9022216796875 15.034398078918457
450 80.25715637207031 15.51950454711914
451 80.61958312988281 16.131956100463867
452 80.78843688964844 16.474435806274414
453 81.07909393310547 17.073007583618164
454 81.2680892944336 17.452529907226562
455 81.31255340576172 17.610607147216797
456 51.06983947753906 16.147850036621094
457 51.20002365112305 16.144853591918945
458 51.558773040771484 16.23578453063965
459 51.82466506958008 16.30817222595215
460 52.420654296875 16.424745559692383
461 52.751869201660156 16.454259872436523
462 53.097900390625 16.5811710357666
463 53.61296844482422 16.801334381103516
464 54.211395263671875 17.190948486328125
465 54.36806869506836 17.367446899414062
466 54.66840362548828 17.600296020507812
467 54.79274368286133 17.873432159423828
468 54.93798065185547 18.161230087280273
469 55.091400146484375 18.62993049621582
470 55.09269332885742 19.062923431396484
471 54.956642150878906 19.72237205505371
472 54.9266242980957 19.999235153198242
473 54.913848876953125 20.225557327270508
474 55.30665588378906 20.3791561126709
475 55.66740036010742 20.341449737548828
476 56.399436950683594 20.218475341796875
477 56.5600471496582 20.206178665161133
478 56.711788177490234 20.119916915893555
479 57.46171951293945 19.407312393188477
480 57.66904830932617 19.24365234375
481 58.51144790649414 18.669780731201172
482 58.76129150390625 18.661407470703125
483 58.963191986083984 19.028343200683594
484 58.896610260009766 19.450334548950195
485 58.55835723876953 19.77947425842285
486 58.40251159667969 19.73032569885254
487 57.61100769042969 18.419063568115234
488 57.4379768371582 18.123394012451172
489 57.112552642822266 17.709735870361328
490 56.79873275756836 17.42743492126465
491 56.469913482666016 17.121349334716797
492 56.12875747680664 16.698694229125977
493 55.73126220703125 16.219032287597656
494 55.68455505371094 15.94297981262207
495 55.78374099731445 15.787532806396484
496 56.31558609008789 15.539071083068848
497 56.73138427734375 15.216776847839355
498 56.95391845703125 15.263177871704102
499 57.59698486328125 15.67331314086914
500 57.8084831237793 15.81704330444336
501 58.05763626098633 16.161388397216797
502 59.26767349243164 20.808700561523438
503 59.434959411621094 21.17279815673828
504 59.65592575073242 21.298171997070312
505 60.14973068237305 21.30828857421875
506 60.3230094909668 21.216421127319336
507 60.550987243652344 20.75688934326172
508 60.529354095458984 20.2465763092041
509 60.463172912597656 19.883747100830078
510 60.36355209350586 19.362688064575195
511 60.25774383544922 18.993732452392578
512 60.0656623840332 17.999034881591797
513 59.93035888671875 17.54830551147461
514 59.79460144042969 17.24831771850586
515 59.53428268432617 16.633895874023438
516 59.49298095703125 16.483478546142578
517 63.19746398925781 6.311641693115234
518 63.05360412597656 6.561634540557861
519 62.93244171142578 6.784923076629639
520 62.81245040893555 7.054096698760986
521 62.69144821166992 7.447924613952637
522 62.50161361694336 8.01034164428711
523 62.337467193603516 8.307951927185059
524 61.97798538208008 8.908039093017578
525 61.79648971557617 9.139763832092285
526 61.06010055541992 9.91537857055664
527 60.987762451171875 10.10853099822998
528 61.260887145996094 10.556451797485352
529 61.4846076965332 10.961294174194336
530 61.65290069580078 11.20150089263916
531 61.771671295166016 11.509742736816406
532 61.85430908203125 12.010457992553711
533 61.86051940917969 12.598785400390625
534 61.875911712646484 12.983073234558105
535 62.00948715209961 13.790983200073242
536 62.16168212890625 14.396246910095215
537 62.32283401489258 14.76068115234375
538 62.583778381347656 14.913946151733398
539 62.935428619384766 15.038651466369629
540 63.400611877441406 15.120026588439941
541 63.63351821899414 15.209884643554688
542 64.0483169555664 15.580904960632324
543 64.11396026611328 15.766982078552246
544 63.89085388183594 16.214706420898438
545 63.29777145385742 16.701417922973633
546 63.06440353393555 17.040393829345703
547 63.13935852050781 17.261247634887695
548 63.4647102355957 17.389739990234375
549 64.37445831298828 17.280628204345703
550 64.54923248291016 17.203598022460938
551 64.8270263671875 17.43625259399414
552 65.40311431884766 17.696884155273438
553 65.64863586425781 17.772464752197266
554 65.90579223632812 17.791587829589844
555 66.45555877685547 35.18989562988281
556 66.42884826660156 35.16175842285156
557 66.04312133789062 34.45936584472656
558 66.06110382080078 34.149696350097656
559 66.36714935302734 33.6721076965332
560 66.83786010742188 33.49824523925781
561 67.15192413330078 33.429019927978516
562 67.5796890258789 33.56145477294922
563 67.99139404296875 33.86429977416992
564 68.09808349609375 33.97673797607422
565 55.049495697021484 46.460567474365234
566 55.042327880859375 46.46682357788086
567 64.86686706542969 23.96819496154785
568 64.82227325439453 23.995832443237305
569 64.87769317626953 23.963045120239258
570 65.66905975341797 23.519683837890625
571 66.04518127441406 23.376375198364258
572 66.56096649169922 23.461162567138672
573 66.7959976196289 23.581485748291016
574 66.8011245727539 23.710424423217773
575 62.225868225097656 33.42295455932617
576 62.12839889526367 33.32693099975586
577 62.022220611572266 33.19432830810547
578 61.86945724487305 33.11787796020508
579 61.658878326416016 32.96511459350586
580 60.06669998168945 28.56793212890625
581 60.00747299194336 28.33588981628418
582 59.95998001098633 28.141267776489258
583 59.93185806274414 27.82785415649414
584 60.335899353027344 27.356801986694336
585 60.6626091003418 27.27760124206543
586 61.17970657348633 27.473554611206055
587 61.474700927734375 27.680694580078125
588 66.81233978271484 31.669116973876953
589 66.78742218017578 31.570247650146484
590 66.60218048095703 31.227285385131836
591 66.43995666503906 31.048583984375
592 65.74822235107422 30.543991088867188
593 65.5677719116211 30.352481842041016
594 65.4195556640625 29.961360931396484
595 65.47077178955078 29.275047302246094
596 65.50320434570312 29.03310775756836
597 65.6614990234375 28.843690872192383
598 65.92306518554688 28.628204345703125
599 66.22651672363281 28.550655364990234
600 66.63610076904297 28.514629364013672
601 66.96025848388672 28.517059326171875
602 67.33480072021484 28.37009620666504
603 67.62535095214844 28.194293975830078
604 68.0849380493164 27.9201602935791
605 68.47115325927734 27.76863670349121
606 69.0049057006836 27.78885841369629
607 69.40599060058594 27.956201553344727
608 69.51581573486328 28.196352005004883
609 69.48429870605469 28.587575912475586
610 69.40470886230469 28.913759231567383
611 69.33797454833984 29.16529655456543
612 69.31990051269531 29.434022903442383
613 69.45696258544922 29.98491668701172
614 69.58223724365234 30.45825958251953
615 69.60992431640625 30.893281936645508
616 69.66460418701172 31.161609649658203
617 69.64627075195312 31.475505828857422
618 69.60641479492188 31.829730987548828
619 69.49663543701172 32.16153335571289
620 67.26264190673828 37.56333541870117
621 67.37808227539062 38.0756721496582
622 67.43545532226562 38.41361618041992
623 67.47219848632812 38.838035583496094
624 67.48614501953125 39.051361083984375
625 67.377197265625 39.82676315307617
626 67.3664779663086 39.91966247558594
627 52.61275100708008 44.76456069946289
628 52.592445373535156 44.58232498168945
629 52.69053268432617 44.02667236328125
630 52.7662467956543 43.73676300048828
631 52.88404083251953 43.32075881958008
632 52.927894592285156 43.09695053100586
633 52.89550018310547 42.60287094116211
634 52.817352294921875 42.05373764038086
635 52.702606201171875 41.64118194580078
636 52.63150405883789 41.461952209472656
637 52.27180862426758 40.692806243896484
638 52.21917724609375 40.573726654052734
639 51.308677673339844 36.771209716796875
640 51.33318328857422 36.649192810058594
641 51.4589729309082 36.49774932861328
642 51.750545501708984 35.90510559082031
643 51.84152603149414 35.666114807128906
644 51.98494338989258 35.49241638183594
645 52.04681396484375 35.38996124267578
646 52.14297103881836 35.20573806762695
647 52.332550048828125 34.870670318603516
648 52.994239807128906 34.328548431396484
649 53.034969329833984 34.30280685424805
650 48.973697662353516 13.205546379089355
651 48.85755157470703 13.143524169921875
652 48.5074577331543 13.029582023620605
653 48.32311248779297 13.030426979064941
654 43.50019454956055 35.12403106689453
655 43.761661529541016 34.93353271484375
656 43.86259841918945 34.812652587890625
657 43.970420837402344 34.361576080322266
658 44.305877685546875 33.78060531616211
659 44.34428024291992 33.598121643066406
660 44.55337142944336 32.802001953125
661 44.662139892578125 32.420509338378906
662 44.929012298583984 31.804462432861328
663 45.168766021728516 31.451152801513672
664 45.31172180175781 31.25783348083496
665 45.8083381652832 30.82547950744629
666 45.841102600097656 30.781917572021484
667 67.46170806884766 43.42013931274414
668 67.49079895019531 43.617637634277344
669 67.53759002685547 44.51958084106445
670 67.5472183227539 44.983238220214844
671 67.53822326660156 45.24650955200195
672 67.51494598388672 45.687461853027344
673 67.50882720947266 45.77107620239258
674 67.48870086669922 45.782344818115234
675 43.49318313598633 30.803157806396484
676 43.265525817871094 30.753854751586914
677 42.98295593261719 30.787628173828125
678 42.8128547668457 30.782838821411133
679 51.89932632446289 19.28704071044922
680 52.019508361816406 19.220413208007812
681 52.29984664916992 19.06019401550293
682 52.49831008911133 18.924297332763672
683 52.697410583496094 18.824918746948242
684 69.49468994140625 12.405878067016602
685 69.7447280883789 12.405582427978516
686 70.0380859375 12.501708030700684
687 70.21858215332031 12.49877643585205
688 70.36321258544922 12.491905212402344
689 71.23046112060547 12.197994232177734
690 71.39823913574219 12.011194229125977
691 71.53167724609375 11.72591495513916
692 71.7383804321289 11.178065299987793
693 71.83921813964844 10.822660446166992
694 71.93279266357422 10.443549156188965
695 71.99862670898438 10.067288398742676
696 72.00640106201172 9.886838912963867
697 71.60286712646484 8.891264915466309
698 71.48565673828125 8.704389572143555
699 71.24541473388672 8.570073127746582
700 70.86192321777344 8.405732154846191
701 70.48818969726562 8.162209510803223
702 70.24466705322266 8.018497467041016
703 69.24347686767578 7.352754592895508
704 68.89981079101562 7.251631736755371
705 68.09794616699219 7.295330047607422
706 67.53124237060547 7.4300055503845215
707 67.31436920166016 7.55147647857666
708 67.01118469238281 7.734783172607422
709 66.71720886230469 7.981673717498779
710 66.26329803466797 8.466958045959473
711 65.84239959716797 8.835691452026367
712 65.55489349365234 9.110102653503418
713 64.99803924560547 9.457900047302246
714 64.64966583251953 9.552751541137695
715 64.47671508789062 9.572218894958496
716 58.79096984863281 10.17542839050293
717 58.4233283996582 10.115836143493652
718 58.191375732421875 9.986357688903809
719 57.9957389831543 9.782559394836426
720 57.93377685546875 9.399090766906738
721 57.83756637573242 7.912655353546143
722 57.968502044677734 7.76398229598999
723 58.334266662597656 7.535379409790039
724 58.783390045166016 7.309395790100098
725 59.41596984863281 7.175213813781738
726 59.78882598876953 7.115405559539795
727 59.83945846557617 7.158167839050293
728 63.59330368041992 13.433109283447266
729 63.72763442993164 13.538994789123535
730 64.35033416748047 13.81899642944336
731 65.26301574707031 14.010580062866211
732 65.32791137695312 14.039034843444824
733 55.2998161315918 9.157855033874512
734 55.14081573486328 9.24555492401123
735 54.979026794433594 9.404296875
736 54.90950393676758 9.908610343933105
737 55.01850891113281 10.19911003112793
738 55.37900161743164 10.632664680480957
739 55.711875915527344 10.936491966247559
740 56.141754150390625 11.556137084960938
741 56.20184326171875 11.873373985290527
742 56.06629943847656 13.070287704467773
743 55.8525276184082 13.30457878112793
744 55.62699890136719 13.43228816986084
745 55.5050163269043 13.443098068237305
746 54.868995666503906 13.098183631896973
747 54.575531005859375 13.019688606262207
748 54.40877914428711 13.077191352844238
749 54.07274627685547 13.25955581665039
750 53.669921875 13.475794792175293
751 53.42270278930664 13.520516395568848
752 52.918155670166016 13.390938758850098
753 52.48201370239258 12.941253662109375
754 52.32475280761719 12.461230278015137
755 52.40047073364258 12.08017349243164
756 52.482452392578125 11.660332679748535
757 52.52950668334961 11.234112739562988
758 52.53710174560547 11.204333305358887
759 53.36888885498047 27.021381378173828
760 53.448238372802734 26.958646774291992
761 53.73535919189453 26.54154396057129
762 53.97175216674805 26.289283752441406
763 54.27125930786133 26.187711715698242
764 54.92646026611328 26.2228946685791
765 55.09186935424805 26.441539764404297
766 55.20309829711914 27.517061233520508
767 55.07705307006836 28.10577392578125
768 54.933860778808594 28.325515747070312
769 54.470977783203125 28.711719512939453
770 53.93852996826172 29.155258178710938
771 53.740055084228516 29.35455322265625
772 53.004093170166016 29.970130920410156
773 52.66242980957031 30.318588256835938
774 52.43626022338867 30.56155776977539
775 51.975460052490234 30.935632705688477
776 51.79594039916992 30.870220184326172
777 51.5858268737793 30.604434967041016
778 51.59436798095703 30.12451171875
779 51.7422981262207 29.486574172973633
780 51.818965911865234 29.00387954711914
781 51.81310272216797 28.783815383911133
782 51.675106048583984 27.553007125854492
783 51.57903289794922 27.170705795288086
784 51.34581756591797 26.674407958984375
785 51.11434555053711 26.197574615478516
786 50.5797004699707 25.602407455444336
787 50.35711669921875 25.42040252685547
788 50.20138168334961 25.261817932128906
789 49.82095718383789 24.804912567138672
790 49.656089782714844 24.621929168701172
791 48.88099670410156 23.12325096130371
792 48.72868728637695 22.790742874145508
793 48.61793518066406 22.53632926940918
794 48.35515213012695 21.89482307434082
795 48.1978874206543 21.506874084472656
796 47.99155807495117 20.81981658935547
797 48.15666198730469 20.48455047607422
798 48.472877502441406 20.035011291503906
799 48.5693473815918 19.765642166137695
800 48.77665710449219 19.43259048461914
801 48.99467468261719 18.858386993408203
802 48.769432067871094 18.629053115844727
803 48.30942153930664 18.153648376464844
804 48.13779067993164 18.01675033569336
805 47.78213882446289 17.733867645263672
806 47.57132339477539 17.512800216674805
807 46.82308578491211 16.41029930114746
808 46.5432014465332 16.022310256958008
809 46.48808288574219 15.976197242736816
810 46.49100875854492 16.059946060180664
811 48.89641571044922 25.99400520324707
812 48.863059997558594 26.167396545410156
813 48.738468170166016 26.395837783813477
814 48.589500427246094 26.485227584838867
815 48.04025650024414 26.982486724853516
816 47.80239486694336 27.310354232788086
817 47.72712707519531 27.614988327026367
818 47.6773567199707 28.05994415283203
819 47.502567291259766 28.30809211730957
820 47.3555793762207 28.52541160583496
821 47.31006622314453 28.9722843170166
822 47.77424240112305 29.88631248474121
823 47.955848693847656 30.012971878051758
824 48.36302185058594 30.15111541748047
825 48.74873733520508 30.238508224487305
826 48.95033645629883 30.19398307800293
827 49.491207122802734 30.04096031188965
828 49.68852233886719 29.962322235107422
829 49.77541732788086 29.77005958557129
830 49.80417251586914 29.671323776245117
831 47.820518493652344 25.01656150817871
832 47.650611877441406 24.68140411376953
833 47.46405029296875 24.42315673828125
834 46.998191833496094 23.656482696533203
835 46.78596115112305 23.520383834838867
836 46.352657318115234 23.1707763671875
837 46.08614730834961 23.057910919189453
838 45.740501403808594 23.041343688964844
839 45.481590270996094 23.189773559570312
840 45.488121032714844 23.74380874633789
841 45.53561782836914 24.278297424316406
842 45.622833251953125 25.148054122924805
843 45.6513671875 25.449756622314453
844 45.6772575378418 26.009641647338867
845 45.6482048034668 26.345333099365234
846 45.458778381347656 26.592586517333984
847 45.04240798950195 26.753570556640625
848 44.66987991333008 26.681364059448242
849 44.39796447753906 26.55927085876465
850 43.76996612548828 26.216943740844727
851 43.63385009765625 26.090993881225586
852 43.42227554321289 25.70599365234375
853 43.25387954711914 25.451122283935547
854 42.66325378417969 24.395923614501953
855 42.54034423828125 23.973613739013672
856 42.72927474975586 23.49237823486328
857 42.94358825683594 23.23881721496582
858 43.14966583251953 23.135568618774414
859 43.47517013549805 23.11107635498047
860 43.676536560058594 23.21980857849121
861 42.876644134521484 27.877155303955078
862 43.05057144165039 28.06968116760254
863 43.29673767089844 28.382699966430664
864 43.635093688964844 28.615413665771484
865 43.89741134643555 28.681480407714844
866 44.941925048828125 28.954912185668945
867 45.26829147338867 29.039140701293945
868 45.54471206665039 29.103614807128906
869 49.48979187011719 28.25919532775879
870 49.60280990600586 28.127071380615234
871 49.95527267456055 27.82271957397461
872 50.12074661254883 27.645387649536133
873 50.531795501708984 23.56666374206543
874 50.543983459472656 23.21271514892578
875 50.56656265258789 22.825082778930664
876 50.5731315612793 21.874160766601562
877 50.65825271606445 21.65854263305664
878 50.937660217285156 21.46965217590332
879 51.332176208496094 21.314563751220703
880 51.94758987426758 21.349794387817383
881 52.2320671081543 21.553075790405273
882 52.54829788208008 22.122400283813477
883 52.843868255615234 22.625762939453125
884 52.911033630371094 22.883222579956055
885 52.831573486328125 23.554147720336914
886 52.810157775878906 23.804141998291016
887 52.738075256347656 24.579933166503906
888 52.725093841552734 24.87550926208496
889 52.70505142211914 25.195201873779297
890 52.670166015625 25.442773818969727
891 52.56065368652344 39.10842514038086
892 53.06699752807617 39.43070602416992
893 53.293609619140625 39.561222076416016
894 53.52439498901367 39.712589263916016
895 53.96199035644531 40.00598907470703
896 54.08757781982422 40.085365295410156
897 54.194820404052734 40.14408874511719
898 51.45170974731445 37.942562103271484
899 51.28912353515625 38.11104965209961
900 51.02227020263672 38.48851776123047
901 50.82733917236328 38.823822021484375
902 50.74449157714844 39.03890609741211
903 50.60157012939453 39.273231506347656
904 50.450531005859375 39.32513427734375
905 49.87199401855469 38.844482421875
906 49.30581283569336 38.918521881103516
907 48.69266128540039 39.3729362487793
908 48.2589225769043 39.81886672973633
909 48.00115966796875 39.8704719543457
910 47.715938568115234 39.93186950683594
911 47.374481201171875 39.66190719604492
912 47.22941207885742 39.305850982666016
913 47.05804443359375 39.223960876464844
914 46.91915512084961 39.18441390991211
915 46.472408294677734 39.181968688964844
916 45.891143798828125 39.16997528076172
917 44.72048568725586 39.85625457763672
918 44.71282958984375 39.968753814697266
919 44.818214416503906 40.344398498535156
920 45.12327194213867 40.757083892822266
921 45.447296142578125 41.01235580444336
922 46.2264289855957 41.66379165649414
923 46.57353973388672 42.01411437988281
924 46.652915954589844 42.30535888671875
925 46.8299446105957 42.51595687866211
926 47.778099060058594 42.68457794189453
927 48.07436752319336 42.703407287597656
928 48.467960357666016 42.704044342041016
929 48.73390579223633 42.546348571777344
930 49.067405700683594 42.2449951171875
931 49.369773864746094 41.90573501586914
932 49.842777252197266 41.20551300048828
933 49.89735794067383 41.100372314453125
934 48.30372619628906 37.51060485839844
935 48.23796463012695 37.53000259399414
936 48.2410774230957 37.56477737426758
937 49.34527587890625 37.32402420043945
938 49.290096282958984 36.944583892822266
939 49.04707717895508 36.65091323852539
940 48.92782974243164 36.543975830078125
941 48.38148880004883 36.22850036621094
942 48.297874450683594 36.16632080078125
943 45.48529052734375 37.00889205932617
944 45.2811279296875 37.026824951171875
945 44.80400085449219 37.229068756103516
946 44.56727600097656 37.340675354003906
947 44.28017807006836 37.46778869628906
948 43.97864532470703 37.51639938354492
949 43.80133819580078 37.54159927368164
950 43.041114807128906 37.613346099853516
951 42.84721755981445 37.56973648071289
952 42.3931770324707 37.23370361328125
953 41.92350769042969 36.98375701904297
954 41.76167297363281 36.875892639160156
955 41.617950439453125 36.747074127197266
956 50.019309997558594 32.16079330444336
957 50.01353073120117 32.18745803833008
958 49.902748107910156 32.31564712524414
959 49.390586853027344 32.94646072387695
960 49.01479721069336 33.18581008911133
961 48.66340637207031 33.26755142211914
962 48.44922637939453 33.31879425048828
963 42.74298858642578 32.93130874633789
964 42.531776428222656 32.951576232910156
965 41.96307373046875 33.143402099609375
966 41.52954864501953 33.181671142578125
967 41.36628723144531 33.146671295166016
968 40.98276901245117 32.96780776977539
969 40.34613800048828 32.71376419067383
970 40.063377380371094 32.57158279418945
971 39.966983795166016 32.514827728271484
972 51.18703842163086 33.089595794677734
973 51.241058349609375 33.288143157958984
974 51.175479888916016 33.661922454833984
975 50.90946960449219 34.12340545654297
976 50.56460952758789 34.444679260253906
977 50.24284362792969 34.8367805480957
978 49.992576599121094 35.12649917602539
979 49.72761154174805 35.34880447387695
980 49.59840774536133 35.434654235839844
981 49.36174011230469 35.5673942565918
982 47.375240325927734 36.67188262939453
983 46.98408508300781 36.69008255004883
984 46.758094787597656 36.4777946472168
985 46.704471588134766 35.95496368408203
986 46.78049087524414 35.658790588378906
987 47.16310501098633 35.26335906982422
988 47.305519104003906 34.89858627319336
989 47.29450607299805 34.56059265136719
990 47.076995849609375 34.3353157043457
991 46.951881408691406 34.205623626708984
992 46.571441650390625 33.79194259643555
993 46.42747497558594 33.50620651245117
994 46.353458404541016 33.22294616699219
995 46.378482818603516 33.0639533996582
996 46.824913024902344 32.242393493652344
997 47.193424224853516 32.061248779296875
998 47.35218048095703 31.977684020996094
999 47.43374252319336 31.895755767822266
