0 56.57020950317383 25.148937225341797
1 56.678504943847656 25.258272171020508
2 56.71504592895508 25.433740615844727
3 56.78908920288086 25.59536361694336
4 56.78337097167969 25.77173614501953
5 56.66822814941406 26.25959014892578
6 56.666629791259766 26.430376052856445
7 56.63835906982422 26.74407196044922
8 56.51945495605469 27.252845764160156
9 56.62165069580078 27.572324752807617
10 56.964866638183594 27.731670379638672
11 57.530845642089844 27.66330909729004
12 57.844085693359375 27.582321166992188
13 58.17476272583008 27.30448341369629
14 58.38638687133789 27.13711166381836
15 58.54262161254883 26.957853317260742
16 58.62715530395508 26.887550354003906
17 59.47425079345703 26.810314178466797
18 59.61459732055664 26.797916412353516
19 59.80558395385742 26.85360336303711
20 60.948944091796875 27.054153442382812
21 61.16470718383789 27.051530838012695
22 61.19086456298828 27.039173126220703
23 62.69645309448242 10.15828800201416
24 62.5650634765625 10.314470291137695
25 62.592220306396484 10.617513656616211
26 62.60475158691406 11.002401351928711
27 62.674163818359375 11.232436180114746
28 62.6380729675293 11.316729545593262
29 62.5069580078125 11.498337745666504
30 62.31360626220703 11.546000480651855
31 62.033531188964844 11.537814140319824
32 61.93268585205078 11.552803039550781
33 61.895023345947266 11.576329231262207
34 61.204010009765625 11.99797248840332
35 58.43794250488281 10.531087875366211
36 58.162235260009766 10.206596374511719
37 58.13705062866211 10.164840698242188
38 58.217994689941406 10.214838027954102
39 60.45643997192383 9.417966842651367
40 60.32090759277344 9.293072700500488
41 60.008880615234375 9.20449447631836
42 59.61374282836914 9.192120552062988
43 59.11710739135742 9.283102989196777
44 58.55819320678711 9.403824806213379
45 58.13888931274414 9.39864444732666
46 57.60774230957031 9.327596664428711
47 57.2222785949707 9.176560401916504
48 57.05302429199219 9.24577808380127
49 56.90775680541992 9.366363525390625
50 56.91968536376953 9.449902534484863
51 57.29936218261719 9.650086402893066
52 59.339111328125 10.196431159973145
53 59.56043243408203 10.266018867492676
54 59.957130432128906 10.34607219696045
55 60.5913200378418 10.244592666625977
56 60.9727668762207 10.119406700134277
57 61.07052993774414 10.059639930725098
58 61.46324157714844 9.90401840209961
59 61.58890151977539 9.842714309692383
60 61.5746955871582 9.876688003540039
61 61.31078338623047 14.656256675720215
62 61.42238235473633 15.069144248962402
63 61.50505447387695 15.168469429016113
64 61.678688049316406 15.185159683227539
65 61.89520263671875 15.16242504119873
66 62.26226043701172 15.149584770202637
67 62.48099899291992 15.216065406799316
68 62.88954162597656 15.220157623291016
69 63.150611877441406 15.155810356140137
70 63.5550422668457 15.066633224487305
71 63.66822814941406 14.9390287399292
72 53.546260833740234 8.444411277770996
73 53.67073059082031 8.646966934204102
74 53.845314025878906 9.076811790466309
75 54.0390510559082 9.485501289367676
76 54.13093185424805 9.642679214477539
77 54.24462127685547 9.65927505493164
78 55.4637451171875 9.6178617477417
79 55.535770416259766 9.618032455444336
80 55.66180419921875 9.815550804138184
81 55.79806137084961 10.152168273925781
82 56.27735900878906 11.490521430969238
83 56.55296325683594 11.656314849853516
84 56.68645095825195 11.596992492675781
85 56.82155227661133 10.672218322753906
86 56.79063034057617 10.573968887329102
87 56.8404426574707 10.590903282165527
88 56.98902893066406 10.662837028503418
89 59.283164978027344 4.496206283569336
90 59.28152084350586 4.273298740386963
91 59.239288330078125 4.0236992835998535
92 59.37417221069336 3.579631805419922
93 59.58599090576172 3.3469579219818115
94 59.71659851074219 3.3509328365325928
95 59.93472671508789 3.446518659591675
96 60.70671463012695 3.7790029048919678
97 61.254974365234375 3.749516487121582
98 61.44623565673828 3.731525421142578
99 61.52859115600586 3.863409996032715
100 64.51068115234375 13.006024360656738
101 64.61738586425781 13.165233612060547
102 65.04438781738281 13.94742488861084
103 65.0766830444336 14.093717575073242
104 65.16350555419922 14.126131057739258
105 65.28485870361328 14.048277854919434
106 65.88612365722656 13.677488327026367
107 66.05973815917969 13.593749046325684
108 66.17584991455078 13.564290046691895
109 57.636199951171875 4.045448303222656
110 57.445926666259766 4.071848392486572
111 57.06732177734375 4.054440021514893
112 56.845375061035156 3.8826982975006104
113 56.692405700683594 3.6666297912597656
114 56.66849899291992 3.541797637939453
115 56.76295471191406 3.1785147190093994
116 56.83249282836914 3.0767459869384766
117 56.975914001464844 2.902284860610962
118 69.25621032714844 9.86003303527832
119 69.26905059814453 9.884383201599121
120 69.20156860351562 10.159904479980469
121 69.152587890625 10.536815643310547
122 69.15278625488281 10.9121675491333
123 69.2074966430664 11.182000160217285
124 69.34596252441406 11.678510665893555
125 69.4748306274414 12.266111373901367
126 69.49371337890625 12.589838027954102
127 69.28490447998047 13.028096199035645
128 69.10077667236328 13.166167259216309
129 68.7770004272461 13.179916381835938
130 68.45919036865234 13.09544563293457
131 68.20684814453125 12.976276397705078
132 67.81239318847656 12.734858512878418
133 67.59188842773438 12.561695098876953
134 67.18955993652344 12.330575942993164
135 66.95068359375 12.194149017333984
136 66.31267547607422 11.890653610229492
137 66.32500457763672 11.90951156616211
138 66.38973999023438 11.936732292175293
139 65.4754867553711 15.199543952941895
140 65.52240753173828 15.380372047424316
141 65.7044448852539 15.563108444213867
142 65.906005859375 15.668654441833496
143 66.27715301513672 15.877033233642578
144 66.47572326660156 15.932267189025879
145 67.54804992675781 16.100276947021484
146 67.75145721435547 15.971755981445312
147 68.0044174194336 15.714570045471191
148 68.06616973876953 15.401001930236816
149 67.99520874023438 15.17193603515625
150 67.43515014648438 14.653696060180664
151 67.08667755126953 14.417677879333496
152 57.08877944946289 5.913973331451416
153 57.13024139404297 5.809879302978516
154 57.31739807128906 5.663618087768555
155 57.61605453491211 5.511528491973877
156 57.897769927978516 5.4730963706970215
157 58.4050178527832 5.557549476623535
158 58.96888732910156 5.5764079093933105
159 60.12324905395508 5.466493129730225
160 60.271976470947266 5.424889087677002
161 60.522308349609375 5.313241958618164
162 60.5973014831543 5.215120315551758
163 60.6540641784668 5.175241470336914
164 64.53800201416016 -0.6253989934921265
165 65.01791381835938 -0.947309672832489
166 65.51447296142578 -1.1372084617614746
167 65.76205444335938 -1.1714516878128052
168 65.96440887451172 -1.0324194431304932
169 66.18219757080078 -0.6855705380439758
170 66.29244232177734 -0.3698044717311859
171 62.21165466308594 6.457842826843262
172 62.153385162353516 6.552400588989258
173 62.1276969909668 6.699807167053223
174 63.54571533203125 13.368050575256348
175 63.40691375732422 13.490514755249023
176 63.11550521850586 13.788326263427734
177 62.92971420288086 13.828320503234863
178 62.804290771484375 13.723723411560059
179 62.48737716674805 13.15106201171875
180 62.3564453125 13.105679512023926
181 62.301025390625 13.115939140319824
182 62.13712692260742 13.199946403503418
183 61.82454299926758 13.292076110839844
184 58.87471389770508 13.634488105773926
185 58.52301025390625 13.582374572753906
186 58.214351654052734 13.460956573486328
187 57.85029983520508 13.40660285949707
188 57.74034881591797 13.393326759338379
189 57.38981246948242 13.378703117370605
190 57.15171432495117 13.42447280883789
191 56.56698989868164 13.445219993591309
192 56.44343566894531 13.331974983215332
193 56.29521560668945 13.114294052124023
194 56.208518981933594 13.03268814086914
195 55.9270133972168 12.858382225036621
196 55.77584457397461 12.811429023742676
197 55.23579406738281 12.771072387695312
198 55.03639221191406 12.873037338256836
199 54.92539978027344 13.06515884399414
200 54.65750503540039 13.54390811920166
201 54.64042282104492 13.728168487548828
202 54.81962203979492 13.97591495513916
203 54.91397476196289 14.061675071716309
204 55.538387298583984 14.401749610900879
205 55.83481979370117 14.477785110473633
206 56.00374984741211 14.498251914978027
207 56.9902458190918 14.503623008728027
208 57.21767807006836 14.536636352539062
209 57.55842590332031 14.537797927856445
210 57.751495361328125 14.518305778503418
211 61.56114196777344 22.58771514892578
212 61.552764892578125 22.422473907470703
213 61.3345947265625 22.1782169342041
214 60.08447265625 15.428098678588867
215 59.86530303955078 15.237316131591797
216 59.55930709838867 15.039474487304688
217 59.261295318603516 14.861785888671875
218 59.065940856933594 14.668928146362305
219 58.95315933227539 14.497062683105469
220 58.98362731933594 14.37656021118164
221 59.37274932861328 14.036170959472656
222 61.0045051574707 12.783976554870605
223 61.194244384765625 12.67406940460205
224 63.890357971191406 20.46993064880371
225 64.06034088134766 20.495220184326172
226 64.4361572265625 20.5771427154541
227 65.03103637695312 20.691513061523438
228 65.23612976074219 20.635826110839844
229 65.26699829101562 20.567487716674805
230 65.30894470214844 20.442529678344727
231 66.1025161743164 17.81377601623535
232 66.27098846435547 17.71830177307129
233 66.52652740478516 17.814186096191406
234 66.76853942871094 18.009002685546875
235 67.00141906738281 18.453510284423828
236 67.31015014648438 19.36652946472168
237 67.42446899414062 19.710081100463867
238 67.3922348022461 19.840883255004883
239 66.94247436523438 19.8569278717041
240 66.67369079589844 19.831083297729492
241 66.3868179321289 19.666542053222656
242 65.9232406616211 19.354503631591797
243 65.7965316772461 19.296743392944336
244 60.710350036621094 16.207847595214844
245 60.63406753540039 16.23845100402832
246 60.38325119018555 16.482301712036133
247 60.17641067504883 16.54547691345215
248 59.91041564941406 16.5784969329834
249 59.616512298583984 16.519878387451172
250 59.44094467163086 16.60640525817871
251 59.200374603271484 16.95064353942871
252 59.057212829589844 17.341012954711914
253 58.435787200927734 19.22566032409668
254 58.606773376464844 20.187929153442383
255 58.67152404785156 20.349149703979492
256 58.887847900390625 20.68540382385254
257 59.04738235473633 20.861459732055664
258 59.19392013549805 21.033945083618164
259 59.44744873046875 21.04551124572754
260 59.711265563964844 21.020931243896484
261 60.065765380859375 21.22220230102539
262 60.236534118652344 21.369396209716797
263 60.25690841674805 21.41837501525879
264 59.681060791015625 21.999475479125977
265 59.4744758605957 22.455060958862305
266 59.421142578125 22.60899543762207
267 59.442840576171875 22.623760223388672
268 60.96365737915039 19.461994171142578
269 60.98025894165039 19.417110443115234
270 60.9392204284668 19.353683471679688
271 55.641536712646484 17.90648078918457
272 55.561424255371094 17.872385025024414
273 55.740047454833984 17.805450439453125
274 56.03974151611328 17.71761131286621
275 56.437660217285156 17.6995906829834
276 57.43983840942383 17.684511184692383
277 57.87470626831055 17.771921157836914
278 58.33759689331055 18.07369041442871
279 58.35126876831055 18.22479820251465
280 58.627933502197266 18.19666290283203
281 58.71466827392578 18.235565185546875
282 58.787452697753906 18.240951538085938
283 59.40530776977539 18.008892059326172
284 59.99373245239258 18.205034255981445
285 60.20149612426758 18.292509078979492
286 60.211307525634766 18.262767791748047
287 60.164669036865234 18.11863136291504
288 59.84833908081055 17.84452247619629
289 56.31056594848633 15.577978134155273
290 56.180564880371094 15.608417510986328
291 56.13699722290039 15.691620826721191
292 56.255802154541016 15.724054336547852
293 56.43878173828125 16.182926177978516
294 56.80290222167969 16.781187057495117
295 56.92667770385742 17.025066375732422
296 57.02598190307617 17.276103973388672
297 57.00054931640625 17.446563720703125
298 56.79833221435547 18.154808044433594
299 56.8184928894043 18.388248443603516
300 56.97907638549805 18.499874114990234
301 57.22613525390625 18.928647994995117
302 57.33847427368164 19.108898162841797
303 57.476417541503906 19.216215133666992
304 57.698177337646484 19.376150131225586
305 57.64878463745117 20.064659118652344
306 57.53430938720703 20.455358505249023
307 57.51321792602539 20.713647842407227
308 57.52983856201172 20.977237701416016
309 57.58708572387695 21.110532760620117
310 57.627357482910156 21.527565002441406
311 57.619747161865234 21.663850784301758
312 57.847694396972656 22.1295223236084
313 57.9025993347168 22.385568618774414
314 57.81490707397461 22.70977783203125
315 57.62484359741211 22.69841766357422
316 56.9113883972168 22.5667724609375
317 56.74590301513672 22.463340759277344
318 56.54419708251953 22.07640838623047
319 56.35737991333008 20.270212173461914
320 56.4443473815918 20.04850196838379
321 56.591796875 20.026342391967773
322 60.4974250793457 23.161584854125977
323 60.56394958496094 23.529891967773438
324 60.53263473510742 23.65130043029785
325 60.10778045654297 24.126741409301758
326 59.74026870727539 24.20061683654785
327 59.33416748046875 24.090225219726562
328 58.73981857299805 23.805850982666016
329 58.38372802734375 23.674301147460938
330 57.796478271484375 23.774354934692383
331 57.719268798828125 23.863264083862305
332 57.81501388549805 24.120243072509766
333 58.31300354003906 24.67913818359375
334 58.473663330078125 24.82036018371582
335 59.0138053894043 25.1336669921875
336 59.439659118652344 25.28138542175293
337 59.74658966064453 25.3505802154541
338 60.45368194580078 25.32976531982422
339 60.748077392578125 25.226572036743164
340 61.3022575378418 24.948726654052734
341 61.564918518066406 24.824975967407227
342 61.7656135559082 24.69884490966797
343 61.76642990112305 24.6201171875
344 56.510738372802734 23.65931510925293
345 56.40967559814453 23.571044921875
346 55.99734115600586 22.144258499145508
347 55.87947463989258 21.864757537841797
348 55.748512268066406 21.418067932128906
349 55.606868743896484 21.068038940429688
350 55.56139373779297 21.00307273864746
351 55.22705078125 20.69257164001465
352 55.04151153564453 20.58371353149414
353 54.690452575683594 20.348424911499023
354 54.62256622314453 20.33089256286621
355 54.41835403442383 20.521501541137695
356 53.875144958496094 20.8518123626709
357 52.91316223144531 25.023090362548828
358 52.90021514892578 25.54289436340332
359 52.83879470825195 25.787433624267578
360 52.83481216430664 25.75318145751953
361 52.97319030761719 25.45730209350586
362 53.38208770751953 25.12494659423828
363 53.4979133605957 20.328203201293945
364 53.373069763183594 20.106721878051758
365 53.240787506103516 19.906705856323242
366 53.29509353637695 19.73907470703125
367 53.44681167602539 19.631343841552734
368 53.854408264160156 19.320003509521484
369 54.4559211730957 18.92354965209961
370 54.59109878540039 18.880064010620117
371 54.783573150634766 18.901962280273438
372 55.10978317260742 19.03449249267578
373 55.61992263793945 19.29889678955078
374 55.8362922668457 19.32042694091797
375 61.056705474853516 20.62158966064453
376 61.181549072265625 20.71186065673828
377 61.21936798095703 20.80567741394043
378 61.24758529663086 21.0352725982666
379 64.69782257080078 11.85055923461914
380 64.68136596679688 11.849428176879883
381 64.51945495605469 11.900754928588867
382 63.911075592041016 12.000581741333008
383 63.750614166259766 11.886579513549805
384 62.46776580810547 9.15481185913086
385 66.0898208618164 3.917555093765259
386 65.9350814819336 4.101872444152832
387 65.75120544433594 4.4119553565979
388 65.67472076416016 4.715862274169922
389 65.61597442626953 4.847634792327881
390 56.38394546508789 8.008931159973145
391 56.39647674560547 8.103290557861328
392 56.415313720703125 8.17162036895752
393 56.32492446899414 8.166847229003906
394 56.170833587646484 8.247574806213379
395 55.76897430419922 8.29448127746582
396 55.32411193847656 8.419018745422363
397 55.11901092529297 8.434096336364746
398 54.81442642211914 8.36910629272461
399 54.63911056518555 8.241777420043945
400 54.46029281616211 8.009628295898438
401 54.47881317138672 7.22783899307251
402 54.61473083496094 7.066867351531982
403 55.01273727416992 6.851548194885254
404 55.328643798828125 6.765013694763184
405 55.687744140625 6.719813346862793
406 55.9091911315918 6.711173057556152
407 56.22096633911133 6.838315486907959
408 56.42030715942383 6.879874229431152
409 56.603004455566406 6.987846851348877
410 59.28855895996094 8.134894371032715
411 59.77930450439453 8.120097160339355
412 60.11483383178711 8.017248153686523
413 60.16399002075195 7.96549654006958
414 60.05238723754883 7.985743522644043
415 59.7711067199707 8.015266418457031
416 55.96128845214844 5.488606929779053
417 55.844825744628906 5.381870746612549
418 55.65842819213867 5.31102180480957
419 55.19605255126953 5.0854668617248535
420 53.475162506103516 3.722324848175049
421 53.32163619995117 3.530623435974121
422 53.17055130004883 3.231276273727417
423 53.01516342163086 2.94781231880188
424 52.86161422729492 2.7488393783569336
425 52.736724853515625 2.6714329719543457
426 52.5421257019043 2.723137617111206
427 51.13199234008789 2.7794301509857178
428 51.09614562988281 2.97556209564209
429 51.065147399902344 3.26837420463562
430 51.05782699584961 3.6834328174591064
431 51.08678436279297 4.136433124542236
432 51.11235046386719 4.2913384437561035
433 51.18800354003906 4.5412797927856445
434 51.22279357910156 4.67209005355835
435 51.540916442871094 6.253056049346924
436 51.3470573425293 6.353396892547607
437 50.99982452392578 6.4488701820373535
438 50.299232482910156 6.4921064376831055
439 49.948219299316406 6.0943603515625
440 49.86901092529297 5.844111919403076
441 49.83414840698242 5.504729747772217
442 49.76527786254883 5.1451945304870605
443 49.691219329833984 4.995019435882568
444 49.240718841552734 4.632739067077637
445 49.029842376708984 4.510596752166748
446 48.223731994628906 4.399600982666016
447 48.05847930908203 4.402799129486084
448 48.00941848754883 4.603338241577148
449 47.94381332397461 5.050057411193848
450 47.985374450683594 5.626392364501953
451 48.13018035888672 6.344609260559082
452 48.261207580566406 6.698492527008057
453 48.53567886352539 7.269079685211182
454 48.750892639160156 7.657145023345947
455 49.043922424316406 7.971567153930664
456 49.470787048339844 8.349547386169434
457 49.729286193847656 8.552687644958496
458 50.075740814208984 8.78659725189209
459 50.31773376464844 8.910638809204102
460 50.89372634887695 9.295241355895996
461 51.15167999267578 9.4795503616333
462 51.522735595703125 9.677711486816406
463 52.04844284057617 10.051708221435547
464 52.687599182128906 10.483757019042969
465 52.84333801269531 10.65786361694336
466 53.08047103881836 10.808436393737793
467 53.150611877441406 10.92400074005127
468 53.36602020263672 11.158020973205566
469 53.720767974853516 11.43911075592041
470 54.04619598388672 11.604907989501953
471 54.35124969482422 11.685606002807617
472 54.4157600402832 11.562785148620605
473 54.441314697265625 11.359633445739746
474 54.62472152709961 11.063129425048828
475 54.85755157470703 10.927918434143066
476 55.26780700683594 11.020008087158203
477 55.361053466796875 11.04502010345459
478 55.47932815551758 11.059425354003906
479 60.094146728515625 11.151915550231934
480 60.21018981933594 11.165533065795898
481 60.55292510986328 11.31920337677002
482 60.5933952331543 11.392193794250488
483 60.5384635925293 11.690682411193848
484 60.170406341552734 12.017091751098633
485 59.343536376953125 12.347574234008789
486 59.15145492553711 12.42937183380127
487 58.924156188964844 12.39757251739502
488 58.85978698730469 12.28128433227539
489 59.33441162109375 1.8114451169967651
490 59.24159622192383 1.581784963607788
491 59.055992126464844 1.3185360431671143
492 58.76459503173828 1.013044834136963
493 58.42279815673828 0.8310254812240601
494 58.27914810180664 0.7927984595298767
495 58.221336364746094 0.8526276350021362
496 61.188514709472656 7.516453742980957
497 61.372779846191406 7.616366863250732
498 61.40458679199219 7.811587333679199
499 61.4122314453125 8.386675834655762
500 61.444435119628906 8.56621265411377
501 61.28483581542969 8.852014541625977
502 59.844154357910156 13.534806251525879
503 60.16205596923828 13.956337928771973
504 60.41651916503906 14.032402038574219
505 60.70785140991211 14.012261390686035
506 60.76686096191406 13.936955451965332
507 60.618019104003906 13.55143928527832
508 60.28765869140625 13.119709014892578
509 60.09571075439453 12.835223197937012
510 59.82170867919922 12.512651443481445
511 59.70689010620117 12.272387504577637
512 59.26424026489258 11.334855079650879
513 59.0766487121582 11.076848983764648
514 59.086402893066406 10.949700355529785
515 62.35885238647461 2.8468873500823975
516 62.50742721557617 2.6930668354034424
517 62.91434097290039 2.296326160430908
518 63.460105895996094 2.061636209487915
519 63.81926727294922 1.9855666160583496
520 64.06617736816406 2.068915605545044
521 64.19424438476562 2.433852195739746
522 64.27357482910156 2.9681127071380615
523 64.18376159667969 3.2898545265197754
524 63.983375549316406 3.914222478866577
525 63.97732925415039 4.162235736846924
526 64.08998107910156 5.0115790367126465
527 64.056640625 5.209676265716553
528 63.81116485595703 5.289389133453369
529 63.44581604003906 5.455738544464111
530 63.21425247192383 5.385275363922119
531 62.959293365478516 5.270865440368652
532 62.61434555053711 5.2195329666137695
533 62.23472213745117 5.445250511169434
534 61.95074462890625 5.69813346862793
535 60.95526885986328 6.564121723175049
536 60.4337272644043 6.8265910148620605
537 60.086952209472656 6.756034851074219
538 59.784950256347656 6.559900760650635
539 59.421966552734375 6.517270565032959
540 59.23918151855469 6.4451375007629395
541 59.16390609741211 6.485132217407227
542 58.78055191040039 6.890087127685547
543 58.69315719604492 7.127790927886963
544 58.49470520019531 7.580753326416016
545 58.43560791015625 8.062715530395508
546 58.32897186279297 8.320877075195312
547 58.12544250488281 8.394331932067871
548 57.984375 8.294188499450684
549 57.69001007080078 7.746467113494873
550 57.694580078125 7.476878643035889
551 57.863922119140625 7.190387725830078
552 57.72760772705078 6.795793533325195
553 57.69713592529297 6.716277122497559
554 57.56723403930664 6.547089576721191
555 62.73230743408203 22.102819442749023
556 62.751644134521484 22.111061096191406
557 62.63275146484375 21.65925407409668
558 62.76340866088867 21.496877670288086
559 63.141395568847656 21.385957717895508
560 63.89468002319336 21.73502540588379
561 64.20426940917969 21.91036033630371
562 64.56221008300781 22.234182357788086
563 64.88321685791016 22.652915954589844
564 64.9628677368164 22.781909942626953
565 44.15320587158203 21.63827896118164
566 44.13767623901367 21.621742248535156
567 52.835025787353516 9.264779090881348
568 57.58433532714844 12.435559272766113
569 57.65168762207031 12.433553695678711
570 57.76189422607422 11.98527717590332
571 57.82902908325195 11.642271041870117
572 57.94962692260742 11.479660034179688
573 58.03443145751953 11.471240043640137
574 58.211578369140625 11.631004333496094
575 59.56391525268555 19.62911605834961
576 59.59367752075195 19.549222946166992
577 59.67179870605469 19.46520233154297
578 59.55944061279297 19.401630401611328
579 59.341896057128906 19.250009536743164
580 57.970436096191406 16.549537658691406
581 57.89836502075195 16.379323959350586
582 57.78662109375 16.27346420288086
583 57.59867858886719 16.083419799804688
584 57.71275329589844 15.739337921142578
585 57.97333908081055 15.649394989013672
586 58.405948638916016 15.871513366699219
587 58.68665313720703 16.137727737426758
588 64.25828552246094 19.125944137573242
589 64.33629608154297 19.02760887145996
590 64.32857513427734 18.726566314697266
591 64.18441772460938 18.575668334960938
592 63.646728515625 18.171659469604492
593 63.521034240722656 18.014955520629883
594 63.411739349365234 17.738006591796875
595 63.9382209777832 17.278148651123047
596 64.15270233154297 17.13116455078125
597 64.35685729980469 16.9468994140625
598 64.39691925048828 16.74422836303711
599 64.1302261352539 16.575624465942383
600 63.714717864990234 16.521581649780273
601 63.40945053100586 16.58473777770996
602 63.05949020385742 16.61299705505371
603 62.772972106933594 16.62064552307129
604 62.40340042114258 16.63886833190918
605 62.209877014160156 16.688091278076172
606 61.905967712402344 16.86244010925293
607 61.679569244384766 17.121477127075195
608 61.561859130859375 17.336605072021484
609 61.50834274291992 17.523387908935547
610 61.55708694458008 17.67009735107422
611 61.60060119628906 17.800445556640625
612 61.7139778137207 17.978797912597656
613 62.00629806518555 18.42345428466797
614 62.237064361572266 18.815710067749023
615 62.30297088623047 19.149484634399414
616 62.36855697631836 19.36751365661621
617 62.40639877319336 19.581453323364258
618 62.49631881713867 19.883514404296875
619 62.456024169921875 20.235958099365234
620 62.39253234863281 20.596561431884766
621 63.232059478759766 23.39957618713379
622 63.31163024902344 23.63572120666504
623 63.37101364135742 23.852405548095703
624 63.3743782043457 23.892314910888672
625 54.88028335571289 29.345523834228516
626 54.80390548706055 29.307748794555664
627 54.3975715637207 28.772348403930664
628 54.199581146240234 28.451574325561523
629 54.09522247314453 27.975122451782227
630 54.08610153198242 27.75098419189453
631 54.178897857666016 27.41643714904785
632 54.20576858520508 27.258440017700195
633 54.28879928588867 26.797056198120117
634 54.43388748168945 26.38344955444336
635 54.467838287353516 26.04994773864746
636 54.48005676269531 25.9022159576416
637 54.34568786621094 25.30006217956543
638 54.32058334350586 25.192811965942383
639 52.718360900878906 22.396530151367188
640 52.74005889892578 22.280277252197266
641 52.899757385253906 22.199539184570312
642 53.16560745239258 21.92409324645996
643 53.229373931884766 21.74764633178711
644 53.372406005859375 21.727617263793945
645 53.41255187988281 21.72051239013672
646 53.53752899169922 21.70791244506836
647 53.79636001586914 21.6368408203125
648 54.682884216308594 21.749696731567383
649 54.691959381103516 21.755016326904297
650 57.06929397583008 -0.37681370973587036
651 57.05149841308594 -0.509120523929596
652 56.963775634765625 -0.7583346962928772
653 56.90845489501953 -0.8088216185569763
654 46.800052642822266 21.860750198364258
655 47.15024948120117 21.680889129638672
656 47.266815185546875 21.585649490356445
657 47.29586410522461 21.245372772216797
658 47.68611526489258 20.73874855041504
659 47.73716354370117 20.62664794921875
660 48.0434684753418 20.024459838867188
661 48.21392059326172 19.705068588256836
662 48.513771057128906 19.287147521972656
663 48.7151985168457 19.0924072265625
664 48.851661682128906 18.95365333557129
665 49.142635345458984 18.811077117919922
666 49.151432037353516 18.772294998168945
667 44.73025894165039 14.989115715026855
668 44.4637451171875 15.098111152648926
669 43.718177795410156 15.789603233337402
670 43.42475891113281 16.123973846435547
671 43.32293701171875 16.31212615966797
672 43.209529876708984 16.60782241821289
673 43.204063415527344 16.66913604736328
674 43.29893493652344 16.715251922607422
675 47.30628967285156 18.707063674926758
676 47.26390075683594 18.731285095214844
677 47.06210708618164 18.83382225036621
678 46.93501281738281 18.859012603759766
679 51.800235748291016 8.245448112487793
680 51.853004455566406 8.159086227416992
681 51.988037109375 7.963436126708984
682 52.10116958618164 7.739003658294678
683 52.54617691040039 7.347770690917969
684 52.983238220214844 6.913529396057129
685 53.257568359375 6.5748138427734375
686 53.511051177978516 6.305624485015869
687 53.5249137878418 6.189890384674072
688 53.644859313964844 6.125271797180176
689 53.98683547973633 5.433136463165283
690 54.06178283691406 5.225808143615723
691 54.14694595336914 5.007365703582764
692 54.438751220703125 4.483471393585205
693 54.628387451171875 4.100753307342529
694 54.752403259277344 3.7439441680908203
695 54.82994079589844 3.3748526573181152
696 54.84101486206055 3.148731231689453
697 54.98007583618164 2.1811957359313965
698 55.03064727783203 2.011174201965332
699 55.060279846191406 1.8478758335113525
700 55.071258544921875 1.5929055213928223
701 55.13684844970703 1.252528429031372
702 55.092864990234375 1.0403211116790771
703 54.7822265625 0.1867116242647171
704 54.82830810546875 0.006659627426415682
705 61.10155487060547 0.23605719208717346
706 61.28154373168945 0.43772178888320923
707 61.3847541809082 0.5829423069953918
708 61.47408676147461 0.8178872466087341
709 61.54314041137695 1.065102219581604
710 61.61661148071289 1.5263525247573853
711 65.65303039550781 6.236590385437012
712 65.7596435546875 6.510734558105469
713 66.12201690673828 6.932801723480225
714 66.35807037353516 7.208765506744385
715 66.53712463378906 7.389337062835693
716 66.9719009399414 8.05333137512207
717 67.19329833984375 8.493687629699707
718 67.26210021972656 8.722822189331055
719 67.31095886230469 8.922588348388672
720 67.56061553955078 8.938045501708984
721 68.69258117675781 7.899292469024658
722 68.68172454833984 7.715470314025879
723 68.56831359863281 7.248422145843506
724 68.43085479736328 6.7105631828308105
725 68.14976501464844 6.124138832092285
726 68.03628540039062 5.819143295288086
727 67.9629898071289 5.822406768798828
728 62.57807540893555 8.059096336364746
729 62.525726318359375 8.024271011352539
730 62.49447250366211 7.866287708282471
731 62.934024810791016 7.313648700714111
732 63.06968307495117 7.231116771697998
733 63.54928207397461 7.0885233879089355
734 63.9068489074707 6.987455368041992
735 64.14743041992188 7.000272274017334
736 64.56016540527344 7.060800552368164
737 64.64527893066406 7.297346115112305
738 64.64421081542969 7.632328987121582
739 64.49942016601562 7.8187737464904785
740 64.16631317138672 8.192660331726074
741 63.99025344848633 8.401628494262695
742 63.617427825927734 9.067764282226562
743 63.63264083862305 9.325563430786133
744 63.684356689453125 9.524190902709961
745 63.716007232666016 9.590887069702148
746 64.06330108642578 9.973366737365723
747 64.25070190429688 10.121512413024902
748 64.311767578125 10.12940788269043
749 64.53410339355469 9.91401481628418
750 64.73036193847656 9.50429630279541
751 64.87487030029297 9.322966575622559
752 65.27501678466797 9.136041641235352
753 65.59827423095703 9.263018608093262
754 65.84246063232422 9.460357666015625
755 65.85050964355469 9.806670188903809
756 65.8182144165039 10.189213752746582
757 65.81623840332031 10.435169219970703
758 65.76212310791016 10.480413436889648
759 53.836090087890625 15.946768760681152
760 53.86181640625 15.890714645385742
761 54.01611328125 15.56845760345459
762 54.12544250488281 15.350724220275879
763 54.32081604003906 15.284531593322754
764 54.75646209716797 15.239910125732422
765 54.901695251464844 15.40955924987793
766 55.05087661743164 16.211483001708984
767 55.042659759521484 16.534774780273438
768 54.94829177856445 16.68416976928711
769 54.61530303955078 16.97604751586914
770 54.251953125 17.29877471923828
771 54.11417007446289 17.44829750061035
772 53.64688491821289 17.79088592529297
773 53.378395080566406 18.122926712036133
774 53.21803283691406 18.334157943725586
775 53.01061248779297 18.590898513793945
776 52.87361526489258 18.601394653320312
777 52.72514724731445 18.543603897094727
778 52.78373336791992 18.168087005615234
779 52.96288299560547 17.627368927001953
780 53.02862548828125 17.23881721496582
781 53.01017761230469 17.076766967773438
782 52.830467224121094 16.335975646972656
783 52.72776412963867 16.01650619506836
784 52.47444152832031 15.595799446105957
785 52.20018768310547 15.119955062866211
786 51.692569732666016 14.675174713134766
787 51.47414779663086 14.5980224609375
788 51.33810806274414 14.531571388244629
789 50.981903076171875 14.292473793029785
790 50.828495025634766 14.17585563659668
791 50.44581985473633 13.50251579284668
792 50.264923095703125 13.238001823425293
793 50.15836715698242 13.108444213867188
794 49.83325958251953 12.816969871520996
795 49.54804229736328 12.536746978759766
796 49.13008499145508 12.053022384643555
797 49.28427505493164 11.83069896697998
798 49.55036926269531 11.511899948120117
799 49.55214309692383 11.30228042602539
800 49.62190628051758 11.036373138427734
801 49.57561492919922 10.538416862487793
802 49.23048782348633 10.528390884399414
803 48.537391662597656 10.501871109008789
804 48.33187484741211 10.522201538085938
805 48.00680160522461 10.527587890625
806 47.75031661987305 10.476044654846191
807 46.530433654785156 9.632218360900879
808 46.459590911865234 9.383971214294434
809 46.48906707763672 9.370248794555664
810 46.74360656738281 9.527854919433594
811 51.36115264892578 15.562112808227539
812 51.34397506713867 15.680931091308594
813 51.229820251464844 15.83046817779541
814 51.06092834472656 15.880956649780273
815 50.57162857055664 16.22954750061035
816 50.35407257080078 16.48633575439453
817 50.3104133605957 16.724472045898438
818 50.313968658447266 17.07238006591797
819 50.179744720458984 17.240617752075195
820 50.06357192993164 17.375215530395508
821 50.039852142333984 17.782394409179688
822 50.45772933959961 18.59697723388672
823 50.615638732910156 18.68854331970215
824 50.91677474975586 18.73200035095215
825 51.1578254699707 18.730026245117188
826 51.28569793701172 18.625280380249023
827 51.57597732543945 18.31884765625
828 51.58875274658203 18.20036506652832
829 51.51368713378906 18.034570693969727
830 51.406002044677734 17.96535301208496
831 50.16960144042969 15.533777236938477
832 50.022457122802734 15.173065185546875
833 49.8622932434082 14.944160461425781
834 49.475929260253906 14.341231346130371
835 49.30392837524414 14.262125968933105
836 48.87975311279297 13.960088729858398
837 48.64548110961914 13.844522476196289
838 48.38377380371094 13.768169403076172
839 48.21120834350586 13.78339958190918
840 48.31315231323242 14.171379089355469
841 48.439476013183594 14.64771842956543
842 48.63232421875 15.315173149108887
843 48.697052001953125 15.550501823425293
844 48.74323272705078 15.913177490234375
845 48.763912200927734 16.137107849121094
846 48.644378662109375 16.29044532775879
847 48.376407623291016 16.363384246826172
848 48.08849334716797 16.267343521118164
849 47.853370666503906 16.133243560791016
850 47.3205680847168 15.81924819946289
851 47.241050720214844 15.725621223449707
852 47.20039367675781 15.470489501953125
853 47.05918502807617 15.24857234954834
854 46.46751022338867 14.357324600219727
855 46.315860748291016 13.977361679077148
856 46.453006744384766 13.639208793640137
857 46.59894943237305 13.415963172912598
858 46.69734573364258 13.295581817626953
859 46.895877838134766 13.260946273803711
860 47.06149673461914 13.382935523986816
861 46.4939079284668 16.841205596923828
862 46.67647171020508 17.015066146850586
863 46.86734390258789 17.269481658935547
864 47.14777374267578 17.411792755126953
865 47.47560119628906 17.470869064331055
866 48.33149337768555 17.62683868408203
867 48.6429557800293 17.66135025024414
868 48.92197036743164 17.6944580078125
869 51.44575119018555 17.083454132080078
870 51.56421661376953 16.954633712768555
871 51.81821823120117 16.74437141418457
872 51.96136474609375 16.576452255249023
873 51.74966812133789 13.620683670043945
874 51.645477294921875 13.253506660461426
875 51.567012786865234 12.93339729309082
876 51.229549407958984 12.252696990966797
877 51.1778450012207 12.04880142211914
878 51.26930236816406 11.850356101989746
879 51.42344284057617 11.594781875610352
880 51.7216682434082 11.471779823303223
881 51.99271011352539 11.69034481048584
882 52.42538070678711 12.294838905334473
883 52.778236389160156 12.612903594970703
884 52.87202072143555 12.779335021972656
885 52.938968658447266 13.359090805053711
886 52.98379898071289 13.59215259552002
887 53.103111267089844 14.269843101501465
888 53.13211441040039 14.526749610900879
889 53.16330337524414 14.723267555236816
890 53.160423278808594 14.938546180725098
891 51.91729736328125 24.749847412109375
892 54.141597747802734 24.23514175415039
893 54.319419860839844 24.237810134887695
894 54.506561279296875 24.253664016723633
895 54.87930679321289 24.387239456176758
896 54.98190689086914 24.397489547729492
897 55.07614517211914 24.4063720703125
898 53.481536865234375 23.115266799926758
899 53.34616470336914 23.256210327148438
900 53.142112731933594 23.495119094848633
901 52.94228744506836 23.66156005859375
902 52.867340087890625 23.745628356933594
903 52.7284049987793 23.84602928161621
904 52.61794662475586 23.943496704101562
905 52.2296257019043 23.762643814086914
906 51.63755416870117 23.971769332885742
907 51.16366958618164 24.509225845336914
908 50.86732864379883 24.978132247924805
909 50.68022537231445 25.051307678222656
910 50.45761489868164 25.1865291595459
911 50.22796630859375 24.975543975830078
912 50.18675994873047 24.671741485595703
913 50.04820251464844 24.62021827697754
914 49.97350311279297 24.596145629882812
915 49.60125732421875 24.652542114257812
916 48.99052047729492 24.65007781982422
917 48.13551330566406 25.04076385498047
918 48.13080596923828 25.112491607666016
919 48.197410583496094 25.39204216003418
920 48.483882904052734 25.671857833862305
921 48.83565139770508 25.860870361328125
922 49.44168472290039 26.399259567260742
923 49.64897155761719 26.698328018188477
924 49.61591720581055 27.015522003173828
925 49.734352111816406 27.2253475189209
926 50.50393295288086 27.274150848388672
927 50.75381088256836 27.30777931213379
928 51.051082611083984 27.361085891723633
929 51.189273834228516 27.279808044433594
930 51.39244079589844 27.01926040649414
931 51.570255279541016 26.66573143005371
932 51.73453140258789 26.01296615600586
933 51.73176574707031 25.91465950012207
934 50.86252212524414 23.1695556640625
935 50.77165985107422 23.208343505859375
936 50.75635528564453 23.277151107788086
937 51.49240493774414 23.15091323852539
938 51.425445556640625 22.733449935913086
939 51.17486572265625 22.487638473510742
940 51.07902145385742 22.3843994140625
941 50.654972076416016 22.218843460083008
942 50.609798431396484 22.231321334838867
943 48.6761474609375 23.06635093688965
944 48.466644287109375 23.07372283935547
945 48.05848693847656 23.329456329345703
946 47.85932540893555 23.452342987060547
947 47.77910614013672 23.434059143066406
948 47.614967346191406 23.38124656677246
949 47.491703033447266 23.43332290649414
950 46.8062744140625 23.66495132446289
951 46.630916595458984 23.6678466796875
952 46.27072525024414 23.492549896240234
953 45.81241989135742 23.390087127685547
954 45.679996490478516 23.369916915893555
955 45.579593658447266 23.382444381713867
956 55.03620529174805 22.97725486755371
957 55.09246826171875 22.944549560546875
958 55.09663772583008 22.886123657226562
959 54.68598175048828 22.501447677612305
960 51.008975982666016 20.692630767822266
961 50.751983642578125 20.596920013427734
962 50.57464599609375 20.587642669677734
963 46.81361389160156 20.191499710083008
964 46.57976531982422 20.186092376708984
965 46.1422004699707 20.25147819519043
966 45.811073303222656 20.20441246032715
967 45.723411560058594 20.134668350219727
968 45.5427131652832 19.862564086914062
969 45.13446807861328 19.45157241821289
970 44.99285888671875 19.2386417388916
971 44.96288299560547 19.157468795776367
972 51.77560806274414 19.926225662231445
973 51.9752197265625 20.0302734375
974 52.15596008300781 20.282119750976562
975 52.256832122802734 20.661785125732422
976 52.11045455932617 20.942380905151367
977 52.003597259521484 21.270092010498047
978 51.870216369628906 21.516361236572266
979 51.716522216796875 21.697898864746094
980 51.6478385925293 21.75057029724121
981 51.44539260864258 21.950796127319336
982 50.21896743774414 23.003877639770508
983 49.76921844482422 23.164451599121094
984 49.544368743896484 23.048198699951172
985 49.46669006347656 22.612306594848633
986 49.4859504699707 22.344905853271484
987 49.76155471801758 22.006864547729492
988 49.843658447265625 21.72750473022461
989 49.802711486816406 21.474645614624023
990 49.58588409423828 21.376514434814453
991 49.45724868774414 21.30362892150879
992 49.16122055053711 21.09033203125
993 49.035369873046875 20.915130615234375
994 48.940895080566406 20.744462966918945
995 48.97800827026367 20.638843536376953
996 49.43142318725586 19.965633392333984
997 49.819801330566406 19.874269485473633
998 49.981689453125 19.816431045532227
999 50.048526763916016 19.760068893432617
