0 -0.2502788007259369 -26.043258666992188
1 -0.16101840138435364 -26.06732940673828
2 0.07901320606470108 -26.1265811920166
3 0.2489287555217743 -26.179515838623047
4 1.1442846059799194 -26.55917739868164
5 1.5353361368179321 -26.8149471282959
6 1.7264049053192139 -26.939443588256836
7 2.037620782852173 -27.119251251220703
8 2.3845720291137695 -27.337984085083008
9 2.564990520477295 -27.52366065979004
10 2.674787998199463 -27.6834774017334
11 2.8718459606170654 -28.127973556518555
12 3.0818207263946533 -28.627460479736328
13 3.210022449493408 -29.05537986755371
14 3.243544340133667 -29.325048446655273
15 3.302070379257202 -29.696290969848633
16 3.307887315750122 -30.0838680267334
17 3.327127456665039 -30.3817195892334
18 3.3321473598480225 -31.00666046142578
19 3.2756545543670654 -31.633359909057617
20 3.138751983642578 -32.076263427734375
21 2.677866220474243 -32.91895294189453
22 2.6347246170043945 -33.167884826660156
23 2.644493341445923 -33.451011657714844
24 2.7215442657470703 -33.73137664794922
25 2.996380567550659 -33.862876892089844
26 3.408780336380005 -34.002593994140625
27 4.036602020263672 -34.077999114990234
28 4.395139217376709 -34.145381927490234
29 4.788914680480957 -34.11004638671875
30 5.026716709136963 -34.00708770751953
31 5.208147048950195 -33.75216293334961
32 5.352602005004883 -33.4755973815918
33 5.589311122894287 -32.993629455566406
34 5.863842487335205 -32.44545364379883
35 6.020913600921631 -32.15333938598633
36 6.327276706695557 -31.755273818969727
37 6.573604106903076 -31.468555450439453
38 7.012579917907715 -30.917192459106445
39 7.435003757476807 -30.459590911865234
40 7.809154987335205 -30.20009422302246
41 8.20034122467041 -30.145549774169922
42 8.616369247436523 -30.180252075195312
43 8.902050971984863 -30.30350112915039
44 9.062980651855469 -30.598064422607422
45 9.287644386291504 -31.312210083007812
46 9.382710456848145 -31.736072540283203
47 9.420503616333008 -31.98067855834961
48 9.400483131408691 -32.18498992919922
49 9.299398422241211 -32.644535064697266
50 9.205842018127441 -33.15358352661133
51 9.114216804504395 -33.436973571777344
52 8.977203369140625 -33.84190368652344
53 8.891416549682617 -34.47923278808594
54 8.993002891540527 -34.72695541381836
55 9.303779602050781 -35.30699157714844
56 9.529155731201172 -35.64893341064453
57 9.57107925415039 -35.93656921386719
58 9.664200782775879 -36.6489372253418
59 9.756210327148438 -37.01699447631836
60 9.865853309631348 -37.52147674560547
61 9.919854164123535 -37.96825408935547
62 10.039262771606445 -38.705955505371094
63 10.101980209350586 -39.06497573852539
64 10.167625427246094 -39.43880081176758
65 10.301704406738281 -39.98168182373047
66 10.387636184692383 -40.3366813659668
67 10.449915885925293 -40.613216400146484
68 10.5640869140625 -41.106502532958984
69 10.689663887023926 -41.656551361083984
70 10.810766220092773 -42.072113037109375
71 10.940252304077148 -42.38010025024414
72 11.090591430664062 -42.53052520751953
73 11.352839469909668 -42.76270294189453
74 11.85471248626709 -43.14639663696289
75 12.066510200500488 -43.26496124267578
76 12.4537935256958 -43.42999267578125
77 12.913670539855957 -43.62948226928711
78 13.24346923828125 -43.789695739746094
79 13.691253662109375 -44.043609619140625
80 13.854317665100098 -44.16756820678711
81 14.343409538269043 -44.61001968383789
82 14.724372863769531 -44.87076187133789
83 14.89154052734375 -44.90086364746094
84 15.10496997833252 -44.822818756103516
85 15.596502304077148 -44.58234405517578
86 15.994139671325684 -44.406219482421875
87 22.975812911987305 -41.756507873535156
88 23.168533325195312 -41.68431091308594
89 23.606887817382812 -41.484073638916016
90 24.084287643432617 -41.257484436035156
91 24.335710525512695 -41.12639617919922
92 24.864816665649414 -40.87544631958008
93 25.07384490966797 -40.739593505859375
94 25.280731201171875 -40.58832550048828
95 25.650381088256836 -40.313289642333984
96 25.945796966552734 -40.09517288208008
97 26.157405853271484 -39.93087387084961
98 26.44493293762207 -39.681236267089844
99 26.829519271850586 -39.35359191894531
100 27.463640213012695 -38.80577087402344
101 27.97569465637207 -38.36991882324219
102 28.069608688354492 -38.28742980957031
103 28.254304885864258 -38.106597900390625
104 28.57631492614746 -37.82124328613281
105 28.8227481842041 -37.58916473388672
106 28.972349166870117 -37.423866271972656
107 29.128963470458984 -37.1980094909668
108 29.330501556396484 -36.78820037841797
109 29.425697326660156 -36.47831344604492
110 8.812187194824219 -12.245757102966309
111 8.746113777160645 -12.322983741760254
112 8.606204986572266 -12.58098316192627
113 8.40275764465332 -13.02069091796875
114 8.27719497680664 -13.33903980255127
115 8.192748069763184 -13.639458656311035
116 8.153607368469238 -13.978243827819824
117 8.123753547668457 -14.150909423828125
118 8.14326286315918 -14.249425888061523
119 12.686103820800781 -29.058090209960938
120 12.69579792022705 -29.287527084350586
121 12.734241485595703 -29.727237701416016
122 12.743971824645996 -30.07120704650879
123 12.77025032043457 -30.671180725097656
124 12.790874481201172 -30.847118377685547
125 12.875843048095703 -31.044275283813477
126 13.063399314880371 -31.425785064697266
127 13.452417373657227 -32.04012680053711
128 13.836959838867188 -32.42436218261719
129 14.322396278381348 -32.648189544677734
130 14.648924827575684 -32.722259521484375
131 15.131768226623535 -32.7690315246582
132 15.388699531555176 -32.716678619384766
133 15.70273208618164 -32.51335144042969
134 16.45516586303711 -31.986759185791016
135 16.816116333007812 -31.740991592407227
136 17.42207908630371 -31.343778610229492
137 17.742414474487305 -31.152563095092773
138 18.076826095581055 -31.029308319091797
139 18.810619354248047 -30.896316528320312
140 19.185718536376953 -30.994571685791016
141 19.432220458984375 -31.199188232421875
142 19.612340927124023 -31.42388343811035
143 19.797910690307617 -31.611984252929688
144 20.108896255493164 -31.91472625732422
145 20.438617706298828 -32.17578887939453
146 20.850051879882812 -32.48114776611328
147 21.03774070739746 -32.62770462036133
148 21.278715133666992 -32.83205795288086
149 21.684934616088867 -33.19187927246094
150 22.098012924194336 -33.60885238647461
151 22.388669967651367 -33.93296432495117
152 22.791152954101562 -34.489192962646484
153 22.885705947875977 -34.68228530883789
154 22.926326751708984 -34.96281814575195
155 22.92525863647461 -35.26177215576172
156 22.79414939880371 -35.78457260131836
157 22.524072647094727 -36.47975158691406
158 22.416637420654297 -36.70209884643555
159 22.26089096069336 -36.87376403808594
160 22.01738166809082 -37.10954284667969
161 21.84636878967285 -37.25032043457031
162 11.087129592895508 -46.593387603759766
163 10.993827819824219 -46.8454475402832
164 10.910619735717773 -47.11286163330078
165 10.848740577697754 -47.396610260009766
166 10.758906364440918 -47.88980484008789
167 10.747166633605957 -48.21200942993164
168 10.800045013427734 -48.47265625
169 10.975556373596191 -48.756500244140625
170 11.264636039733887 -49.06915283203125
171 11.672880172729492 -49.46418380737305
172 11.89348030090332 -49.580787658691406
173 12.24879264831543 -49.597137451171875
174 12.734254837036133 -49.5183219909668
175 12.95627212524414 -49.405967712402344
176 13.92150592803955 -49.24992752075195
177 14.204915046691895 -49.22474670410156
178 14.41611099243164 -49.17591857910156
179 14.668854713439941 -49.09907150268555
180 15.111642837524414 -49.0193977355957
181 27.18584442138672 -47.979225158691406
182 27.575927734375 -48.09033203125
183 27.994342803955078 -48.23957443237305
184 28.297557830810547 -48.400848388671875
185 28.701919555664062 -48.62920379638672
186 29.123151779174805 -48.88865661621094
187 29.455644607543945 -49.074607849121094
188 29.668556213378906 -49.200653076171875
189 29.940881729125977 -49.35854721069336
190 30.31802749633789 -49.45077896118164
191 30.61609649658203 -49.46100616455078
192 31.043100357055664 -49.455101013183594
193 31.462759017944336 -49.408103942871094
194 31.913923263549805 -49.32352066040039
195 32.4190788269043 -49.216880798339844
196 32.86212921142578 -49.099708557128906
197 33.89829635620117 -48.80632019042969
198 34.07268524169922 -48.75737762451172
199 34.29745864868164 -48.63958740234375
200 34.611351013183594 -48.426719665527344
201 35.06669235229492 -48.10909652709961
202 35.52146911621094 -47.775447845458984
203 35.689125061035156 -47.6095085144043
204 35.83879852294922 -47.388423919677734
205 36.16849136352539 -46.787208557128906
206 36.39495849609375 -46.31024169921875
207 36.497318267822266 -45.989688873291016
208 36.58277130126953 -45.78333282470703
209 36.643131256103516 -45.250911712646484
210 36.657230377197266 -44.71348190307617
211 36.65814971923828 -44.538944244384766
212 36.579532623291016 -44.37722396850586
213 36.287967681884766 -43.89092254638672
214 36.06800842285156 -43.57582092285156
215 35.64345169067383 -42.9539680480957
216 35.4681282043457 -42.60992431640625
217 35.250221252441406 -42.20853805541992
218 35.10803985595703 -42.002559661865234
219 34.92559814453125 -41.80226135253906
220 34.56806564331055 -41.43825912475586
221 34.36086654663086 -41.305450439453125
222 34.07381820678711 -41.24763107299805
223 33.6072998046875 -41.203041076660156
224 32.96299743652344 -41.108951568603516
225 32.72260284423828 -41.099605560302734
226 32.354496002197266 -41.16257095336914
227 32.01687240600586 -41.27544021606445
228 31.65511703491211 -41.4449348449707
229 31.514911651611328 -41.60542297363281
230 31.186925888061523 -41.955997467041016
231 30.762550354003906 -42.38711929321289
232 30.2098331451416 -42.89865493774414
233 29.939247131347656 -43.13072967529297
234 29.682493209838867 -43.329864501953125
235 29.47301483154297 -43.47172546386719
236 29.14668846130371 -43.65135192871094
237 5.75698184967041 -40.48748779296875
238 5.7111663818359375 -40.33280563354492
239 5.662880897521973 -39.80428695678711
240 5.64010763168335 -39.3275032043457
241 5.699466228485107 -39.09071731567383
242 5.863165378570557 -38.874881744384766
243 6.234745979309082 -38.57478713989258
244 6.58544921875 -38.290740966796875
245 6.820017337799072 -38.17195129394531
246 7.502381324768066 -38.10220718383789
247 7.770234107971191 -38.143394470214844
248 8.074530601501465 -38.16691970825195
249 12.412266731262207 -37.78459930419922
250 12.518094062805176 -37.79499816894531
251 12.730314254760742 -37.838924407958984
252 13.161064147949219 -37.923912048339844
253 13.694560050964355 -38.02816390991211
254 13.998160362243652 -38.093570709228516
255 14.635619163513184 -38.19559097290039
256 14.996166229248047 -38.233421325683594
257 15.426802635192871 -38.17475891113281
258 16.020109176635742 -38.05991744995117
259 16.36736297607422 -37.982669830322266
260 16.710453033447266 -37.90118408203125
261 16.90017318725586 -37.84052658081055
262 17.244178771972656 -37.679569244384766
263 17.498287200927734 -37.50554656982422
264 17.71281623840332 -37.26251983642578
265 17.871864318847656 -37.00056457519531
266 17.936582565307617 -36.73823928833008
267 18.086278915405273 -36.19843673706055
268 18.17360496520996 -35.77189636230469
269 18.225936889648438 -35.514461517333984
270 18.237770080566406 -35.342926025390625
271 7.072149753570557 -18.54712677001953
272 6.823098659515381 -18.43877410888672
273 6.618075847625732 -18.349594116210938
274 6.402782917022705 -18.250917434692383
275 6.065145492553711 -18.086915969848633
276 5.698294639587402 -17.921199798583984
277 5.403911590576172 -17.83102798461914
278 4.996424674987793 -17.764745712280273
279 4.579613208770752 -17.737817764282227
280 4.184767246246338 -17.706350326538086
281 3.597747325897217 -17.65530776977539
282 3.078266143798828 -17.622844696044922
283 2.7625553607940674 -17.617111206054688
284 2.54695463180542 -17.623579025268555
285 2.0386788845062256 -17.670879364013672
286 1.7037410736083984 -17.619659423828125
287 1.431984543800354 -17.48342514038086
288 1.1718140840530396 -17.25678825378418
289 1.0061726570129395 -16.934341430664062
290 0.8974010944366455 -16.566043853759766
291 0.8087997436523438 -16.165891647338867
292 0.7169104218482971 -15.491589546203613
293 0.652745246887207 -14.990968704223633
294 0.5656916499137878 -14.616462707519531
295 0.46860066056251526 -14.24710464477539
296 0.36442023515701294 -13.805011749267578
297 0.3253318965435028 -13.49034309387207
298 0.3355572819709778 -13.145014762878418
299 0.4490927755832672 -12.950992584228516
300 0.6755086183547974 -12.757465362548828
301 0.9699887633323669 -12.583477020263672
302 39.286441802978516 -6.912161827087402
303 39.45036697387695 -6.801201343536377
304 39.75565719604492 -6.526472568511963
305 40.015506744384766 -6.344419002532959
306 40.391212463378906 -6.131494998931885
307 40.745357513427734 -5.98774528503418
308 41.11187744140625 -5.875164985656738
309 41.48035430908203 -5.804420471191406
310 41.897987365722656 -5.804997444152832
311 42.07221221923828 -5.841793060302734
312 42.38115692138672 -6.079868316650391
313 42.81180953979492 -6.3783416748046875
314 43.1122932434082 -6.613968372344971
315 43.3707275390625 -6.749692916870117
316 43.70518493652344 -7.032608985900879
317 44.07698059082031 -7.461974620819092
318 44.282470703125 -7.746552467346191
319 44.36338806152344 -8.015364646911621
320 44.323062896728516 -8.455612182617188
321 44.26810073852539 -8.814887046813965
322 44.205787658691406 -9.190264701843262
323 44.17865753173828 -9.545889854431152
324 44.16122055053711 -9.988408088684082
325 44.12492752075195 -10.313166618347168
326 43.922611236572266 -10.569058418273926
327 43.58953094482422 -11.011733055114746
328 43.43008804321289 -11.24532699584961
329 43.12295913696289 -11.740568161010742
330 42.956539154052734 -12.019190788269043
331 42.74925994873047 -12.333879470825195
332 42.519920349121094 -12.656242370605469
333 42.26969528198242 -12.907144546508789
334 41.98181915283203 -13.127373695373535
335 41.59749984741211 -13.381128311157227
336 41.27392578125 -13.590044975280762
337 41.07405090332031 -13.714872360229492
338 6.614199638366699 -26.089534759521484
339 6.771749496459961 -26.205286026000977
340 6.9824137687683105 -26.354961395263672
341 7.2343316078186035 -26.441001892089844
342 7.496633529663086 -26.488826751708984
343 8.263165473937988 -26.568559646606445
344 8.647294998168945 -26.55742835998535
345 9.003173828125 -26.430416107177734
346 9.461759567260742 -26.152769088745117
347 9.762571334838867 -25.859506607055664
348 10.072710037231445 -25.531654357910156
349 10.313590049743652 -25.285438537597656
350 10.573481559753418 -25.069217681884766
351 10.697443962097168 -24.980749130249023
352 -4.799493789672852 -46.44190979003906
353 -4.700721740722656 -46.57735824584961
354 -4.576565742492676 -46.75393295288086
355 -4.3710174560546875 -46.97556686401367
356 -3.846029281616211 -47.443756103515625
357 -3.6217076778411865 -47.529518127441406
358 -3.349472761154175 -47.54928207397461
359 -2.9006400108337402 -47.31304168701172
360 -2.3741261959075928 -46.86802673339844
361 -2.1226418018341064 -46.64471435546875
362 -1.9549531936645508 -46.46950149536133
363 -1.3629133701324463 -45.85492706298828
364 -0.9542005658149719 -45.427337646484375
365 -0.5742040872573853 -45.04437255859375
366 -0.2635686993598938 -44.799156188964844
367 0.008305886760354042 -44.62593460083008
368 0.44942671060562134 -44.46058654785156
369 1.1578911542892456 -44.291507720947266
370 1.5740598440170288 -44.235008239746094
371 2.1497750282287598 -44.202518463134766
372 2.4941883087158203 -44.15478515625
373 2.9488747119903564 -44.142921447753906
374 3.4058425426483154 -44.1671257019043
375 3.7749478816986084 -44.254085540771484
376 4.079165458679199 -44.38482666015625
377 4.511492729187012 -44.5767707824707
378 4.826330661773682 -44.7142333984375
379 5.2628493309021 -44.86927032470703
380 6.096374988555908 -45.19986343383789
381 6.354550838470459 -45.42570114135742
382 6.482417106628418 -45.68569564819336
383 6.383968353271484 -46.25721740722656
384 6.216289043426514 -46.53561019897461
385 5.938426494598389 -46.73954391479492
386 5.393924713134766 -46.96916198730469
387 5.057435989379883 -47.112342834472656
388 4.741725921630859 -47.361331939697266
389 4.242144584655762 -47.87440490722656
390 4.075340270996094 -48.078067779541016
391 3.8528170585632324 -48.37484359741211
392 3.5560243129730225 -48.80127716064453
393 3.28887939453125 -49.21760940551758
394 3.0679991245269775 -49.569210052490234
395 2.8331048488616943 -49.85868835449219
396 2.657700300216675 -50.12077713012695
397 2.1538400650024414 -51.64419174194336
398 2.171877384185791 -51.90254592895508
399 2.3495514392852783 -52.06163787841797
400 2.64060640335083 -52.22429656982422
401 3.015795946121216 -52.37460708618164
402 3.5540506839752197 -52.56345748901367
403 3.8571643829345703 -52.727699279785156
404 4.3980913162231445 -52.970577239990234
405 4.757124900817871 -53.08163833618164
406 5.1295857429504395 -53.07762145996094
407 5.479135990142822 -53.02968215942383
408 5.820749759674072 -52.9183349609375
409 6.622909069061279 -52.620750427246094
410 6.857458591461182 -52.53356170654297
411 7.103822231292725 -52.284854888916016
412 7.318253993988037 -52.036048889160156
413 7.533509731292725 -51.7464714050293
414 8.134143829345703 -51.0341682434082
415 8.405781745910645 -50.77069091796875
416 8.537945747375488 -50.633975982666016
417 8.602518081665039 -50.554412841796875
418 22.3372745513916 -17.50035285949707
419 22.338157653808594 -17.616464614868164
420 22.28162384033203 -17.902353286743164
421 22.2037410736084 -18.23113441467285
422 22.1424560546875 -18.50078773498535
423 22.08961296081543 -18.750078201293945
424 22.0274658203125 -19.177064895629883
425 21.924497604370117 -19.560890197753906
426 21.85346031188965 -19.798259735107422
427 21.706106185913086 -20.010112762451172
428 21.437076568603516 -20.306373596191406
429 21.06320571899414 -20.699892044067383
430 20.676790237426758 -20.995845794677734
431 20.307710647583008 -21.14958953857422
432 19.955097198486328 -21.236045837402344
433 19.652156829833984 -21.304344177246094
434 19.379920959472656 -21.318660736083984
435 18.183448791503906 -21.484445571899414
436 17.76647186279297 -21.577619552612305
437 17.502962112426758 -21.625444412231445
438 17.112979888916016 -21.65505027770996
439 16.759859085083008 -21.691675186157227
440 16.36925506591797 -21.802539825439453
441 15.965776443481445 -21.895479202270508
442 15.686511993408203 -21.99106216430664
443 15.492913246154785 -22.1199893951416
444 15.146194458007812 -22.562545776367188
445 14.877562522888184 -22.971172332763672
446 14.780205726623535 -23.184612274169922
447 14.589019775390625 -23.624414443969727
448 14.303297996520996 -24.232343673706055
449 14.141645431518555 -24.562334060668945
450 14.116844177246094 -24.72634506225586
451 14.133130073547363 -25.266855239868164
452 14.18761920928955 -25.612445831298828
453 14.277726173400879 -26.004762649536133
454 14.38979721069336 -26.256858825683594
455 40.457035064697266 -27.502912521362305
456 40.658573150634766 -27.241477966308594
457 40.80930709838867 -26.97027015686035
458 41.002532958984375 -26.687061309814453
459 41.0804557800293 -26.57205581665039
460 41.33856964111328 -26.12450408935547
461 42.88254165649414 -23.73227310180664
462 42.88066864013672 -23.647672653198242
463 42.783504486083984 -23.477697372436523
464 42.66699981689453 -23.32499122619629
465 42.472869873046875 -23.166301727294922
466 42.29198455810547 -23.083656311035156
467 41.951114654541016 -22.877426147460938
468 41.78843688964844 -22.880767822265625
469 40.70819091796875 -23.500593185424805
470 40.256919860839844 -23.69072151184082
471 40.08294677734375 -23.765451431274414
472 39.83871841430664 -23.849523544311523
473 39.63924026489258 -23.951725006103516
474 39.26857376098633 -24.26575469970703
475 38.93646240234375 -24.603721618652344
476 28.802640914916992 -33.2296257019043
477 28.670875549316406 -33.240623474121094
478 28.45819091796875 -33.204715728759766
479 28.180246353149414 -33.10176086425781
480 27.17275047302246 -32.6463737487793
481 26.889751434326172 -32.42616271972656
482 26.70800018310547 -32.18006134033203
483 26.602645874023438 -31.940471649169922
484 26.54978370666504 -31.730636596679688
485 26.555734634399414 -31.3053035736084
486 26.605289459228516 -30.470958709716797
487 26.606515884399414 -29.95595359802246
488 26.54813575744629 -29.4416446685791
489 26.469226837158203 -29.29456901550293
490 26.178730010986328 -28.99654197692871
491 25.775516510009766 -28.893110275268555
492 25.307775497436523 -28.894561767578125
493 24.812206268310547 -28.94159507751465
494 24.38803482055664 -29.077478408813477
495 23.88954734802246 -29.271453857421875
496 23.680980682373047 -29.31818962097168
497 23.532514572143555 -29.29261016845703
498 23.260656356811523 -29.163833618164062
499 22.59067726135254 -28.870349884033203
500 21.99687385559082 -28.640146255493164
501 21.63665008544922 -28.46602439880371
502 21.46006202697754 -28.406848907470703
503 21.275957107543945 -28.364810943603516
504 21.212711334228516 -28.37250328063965
505 -4.472910404205322 -11.489212989807129
506 -4.7400803565979 -11.726004600524902
507 -4.9079203605651855 -11.979928970336914
508 -5.024114608764648 -12.18846607208252
509 -5.143491744995117 -12.465424537658691
510 -5.19524621963501 -12.732845306396484
511 -5.193339824676514 -13.260881423950195
512 -5.17747163772583 -13.727458953857422
513 -5.168323040008545 -13.875712394714355
514 -5.147822856903076 -14.049774169921875
515 -5.071629524230957 -14.484219551086426
516 -4.926172733306885 -15.147770881652832
517 -4.8402323722839355 -15.416437149047852
518 -4.740401744842529 -15.696405410766602
519 -4.5889410972595215 -16.045806884765625
520 -4.353542804718018 -16.53303337097168
521 -3.8359031677246094 -17.539724349975586
522 -3.6457724571228027 -17.879785537719727
523 -3.4899730682373047 -18.181089401245117
524 -3.323193311691284 -18.67172622680664
525 -3.2741332054138184 -18.947067260742188
526 -3.2591543197631836 -19.170429229736328
527 -3.3054747581481934 -19.502277374267578
528 -3.378249406814575 -19.8610782623291
529 -3.4956233501434326 -20.37984848022461
530 -3.5961337089538574 -20.799949645996094
531 -3.594650983810425 -21.05302619934082
532 -3.525576114654541 -21.435895919799805
533 -3.3159525394439697 -21.87281608581543
534 -3.112415075302124 -22.08161735534668
535 -2.7193400859832764 -22.35978126525879
536 -2.4324023723602295 -22.526369094848633
537 -2.190666675567627 -22.507287979125977
538 -1.4836156368255615 -22.476713180541992
539 -1.2261099815368652 -22.476531982421875
540 -0.7617967128753662 -22.462617874145508
541 -0.43706974387168884 -22.4608154296875
542 -0.022653112187981606 -22.492164611816406
543 0.5298284292221069 -22.569900512695312
544 1.0675716400146484 -22.664270401000977
545 1.418093204498291 -22.712005615234375
546 1.8780945539474487 -22.73673439025879
547 2.309016704559326 -22.745834350585938
548 2.6865851879119873 -22.695676803588867
549 3.15567946434021 -22.611234664916992
550 3.3544299602508545 -22.562015533447266
551 34.26655960083008 -12.193512916564941
552 34.486297607421875 -12.020600318908691
553 34.66972351074219 -11.869536399841309
554 34.965145111083984 -11.576951026916504
555 35.201847076416016 -11.260845184326172
556 35.5064811706543 -10.739730834960938
557 35.61351776123047 -10.535109519958496
558 35.52614974975586 -10.301928520202637
559 35.34284210205078 -9.807512283325195
560 35.121253967285156 -9.392520904541016
561 34.724971771240234 -8.841079711914062
562 34.49952697753906 -8.619830131530762
563 34.250755310058594 -8.502571105957031
564 33.89095687866211 -8.4525146484375
565 33.56318664550781 -8.38381576538086
566 32.59409713745117 -8.149269104003906
567 32.349613189697266 -8.116320610046387
568 31.662635803222656 -8.016953468322754
569 31.313451766967773 -7.981879234313965
570 31.124109268188477 -7.95924711227417
571 30.73005485534668 -7.886114120483398
572 29.554988861083984 -7.626516342163086
573 29.256671905517578 -7.533933162689209
574 28.965656280517578 -7.425654411315918
575 28.55803108215332 -7.2467780113220215
576 27.985002517700195 -7.010836124420166
577 27.65282440185547 -6.878042697906494
578 27.37127685546875 -6.791918754577637
579 26.92720603942871 -6.757986068725586
580 26.055883407592773 -6.901794910430908
581 25.678895950317383 -7.004886150360107
582 25.476856231689453 -7.107272624969482
583 25.181100845336914 -7.346202373504639
584 24.968725204467773 -7.5279459953308105
585 24.592918395996094 -7.873236179351807
586 24.48102569580078 -8.063079833984375
587 24.442659378051758 -8.371103286743164
588 24.337581634521484 -8.870166778564453
589 24.285070419311523 -9.178764343261719
590 24.203075408935547 -9.501731872558594
591 24.035858154296875 -9.995715141296387
592 23.9608211517334 -10.217141151428223
593 23.802595138549805 -10.72651481628418
594 23.69381332397461 -11.019681930541992
595 23.50322151184082 -11.52636432647705
596 23.329444885253906 -12.038060188293457
597 23.196603775024414 -12.332262992858887
598 22.952959060668945 -12.880775451660156
599 22.870813369750977 -13.0784273147583
600 22.801816940307617 -13.33065414428711
601 22.713590621948242 -13.783147811889648
602 22.68540382385254 -14.064617156982422
603 27.227449417114258 -26.044721603393555
604 27.336122512817383 -26.264019012451172
605 27.574411392211914 -26.634714126586914
606 27.880584716796875 -27.01123046875
607 28.10403823852539 -27.189380645751953
608 28.36305046081543 -27.350765228271484
609 28.7784423828125 -27.589569091796875
610 29.297565460205078 -27.8933162689209
611 29.59819793701172 -28.072999954223633
612 30.138750076293945 -28.44278335571289
613 30.396333694458008 -28.631439208984375
614 30.825603485107422 -29.032882690429688
615 31.169652938842773 -29.395713806152344
616 31.353759765625 -29.736400604248047
617 31.462310791015625 -30.051013946533203
618 31.626962661743164 -30.454696655273438
619 31.970752716064453 -31.251598358154297
620 32.152496337890625 -31.655078887939453
621 32.32170104980469 -31.98560333251953
622 32.79460144042969 -32.711326599121094
623 33.189971923828125 -33.212432861328125
624 33.41545867919922 -33.514625549316406
625 33.7335319519043 -33.930763244628906
626 34.04594039916992 -34.36665344238281
627 34.21065902709961 -34.55243682861328
628 34.49597930908203 -34.749778747558594
629 34.73653030395508 -34.85478210449219
630 35.137542724609375 -34.89472961425781
631 35.59370040893555 -34.85927200317383
632 36.16669464111328 -34.73910140991211
633 36.609527587890625 -34.52873229980469
634 37.30427932739258 -34.0886116027832
635 37.555931091308594 -33.86624526977539
636 37.75091552734375 -33.64637756347656
637 37.8104362487793 -33.34394454956055
638 37.7632942199707 -32.76792907714844
639 37.69663619995117 -32.563392639160156
640 37.35430908203125 -31.887893676757812
641 37.085079193115234 -31.369564056396484
642 36.96749496459961 -31.167757034301758
643 36.865325927734375 -30.912309646606445
644 36.67483139038086 -30.55030059814453
645 36.54530334472656 -30.206523895263672
646 36.4046516418457 -29.893138885498047
647 36.21979522705078 -29.503677368164062
648 35.969173431396484 -29.059343338012695
649 35.727596282958984 -28.678848266601562
650 35.428001403808594 -28.200265884399414
651 35.29352569580078 -28.001934051513672
652 35.18775177001953 -27.83083724975586
653 35.00044631958008 -27.489459991455078
654 34.670597076416016 -26.856889724731445
655 34.496212005615234 -26.497039794921875
656 34.36402893066406 -26.14073944091797
657 34.2363166809082 -25.634098052978516
658 34.15433883666992 -25.123003005981445
659 34.09255599975586 -24.772489547729492
660 34.02761459350586 -24.48411750793457
661 33.93461990356445 -24.22241973876953
662 33.673988342285156 -23.522397994995117
663 33.55844497680664 -23.250179290771484
664 33.40846252441406 -22.928462982177734
665 33.13310241699219 -22.362993240356445
666 32.92557144165039 -22.010704040527344
667 32.72616958618164 -21.686941146850586
668 32.495147705078125 -21.384151458740234
669 32.34005355834961 -21.047040939331055
670 32.21312713623047 -20.7336483001709
671 32.062705993652344 -20.289669036865234
672 32.01390075683594 -20.133941650390625
673 -1.3396228551864624 -3.8871757984161377
674 -1.4505786895751953 -4.0399322509765625
675 -1.525151014328003 -4.227198123931885
676 -1.5793193578720093 -4.5836873054504395
677 -1.6145564317703247 -5.0693254470825195
678 -1.5957481861114502 -5.414330005645752
679 -1.5057581663131714 -5.742105960845947
680 -1.3787416219711304 -5.9440460205078125
681 -1.0890297889709473 -6.103829860687256
682 -0.7206869125366211 -6.316127777099609
683 -0.3746347427368164 -6.510709285736084
684 -0.15401990711688995 -6.615874767303467
685 0.3418090045452118 -6.840175151824951
686 0.5668277740478516 -6.94233512878418
687 0.8190111517906189 -7.083952903747559
688 19.547683715820312 -40.65753173828125
689 19.524555206298828 -40.79124450683594
690 19.41960334777832 -41.28807067871094
691 19.33792495727539 -41.570411682128906
692 19.202316284179688 -42.045684814453125
693 19.163955688476562 -42.38621520996094
694 19.17930793762207 -42.6265869140625
695 19.22389030456543 -42.886905670166016
696 19.308860778808594 -43.48263931274414
697 19.397706985473633 -43.90207290649414
698 19.50740623474121 -44.38233947753906
699 19.588764190673828 -44.76403045654297
700 19.772703170776367 -45.307186126708984
701 19.903940200805664 -45.43779373168945
702 20.27765464782715 -45.652587890625
703 20.590173721313477 -45.80880355834961
704 21.042726516723633 -45.96586990356445
705 21.435150146484375 -46.03678512573242
706 21.744983673095703 -46.14914321899414
707 22.425430297851562 -46.45451354980469
708 22.97730255126953 -46.86406707763672
709 23.076004028320312 -47.05241775512695
710 23.045639038085938 -47.419315338134766
711 23.001522064208984 -47.85355758666992
712 22.88893699645996 -48.287261962890625
713 22.77212142944336 -48.482364654541016
714 22.429155349731445 -48.91149139404297
715 22.083898544311523 -49.28450012207031
716 21.838159561157227 -49.48039245605469
717 21.60469627380371 -49.57940673828125
718 21.35429573059082 -49.59468460083008
719 21.15435218811035 -49.56144714355469
720 20.50520133972168 -49.34837341308594
721 20.187898635864258 -49.2762336730957
722 19.400190353393555 -49.19305419921875
723 18.911874771118164 -49.24435043334961
724 18.561920166015625 -49.24789810180664
725 18.17964744567871 -49.246177673339844
726 18.003576278686523 -49.25741195678711
727 29.05888557434082 -18.767345428466797
728 29.124588012695312 -18.58446502685547
729 29.248231887817383 -18.251914978027344
730 29.42819595336914 -17.84148597717285
731 29.612062454223633 -17.428422927856445
732 29.831296920776367 -16.914714813232422
733 29.894336700439453 -16.74448585510254
734 29.888851165771484 -16.52425765991211
735 29.930784225463867 -15.910609245300293
736 29.961889266967773 -15.364670753479004
737 29.9318790435791 -15.138448715209961
738 29.866844177246094 -14.72164249420166
739 29.789352416992188 -14.228903770446777
740 29.747154235839844 -13.806495666503906
741 29.68267059326172 -13.483510971069336
742 29.505285263061523 -13.164407730102539
743 29.3050479888916 -12.885801315307617
744 29.063156127929688 -12.592689514160156
745 28.801712036132812 -12.404462814331055
746 28.58495330810547 -12.406034469604492
747 28.11429786682129 -12.498448371887207
748 27.835968017578125 -12.514715194702148
749 7.763893127441406 -7.143202781677246
750 7.368297576904297 -7.011288166046143
751 7.064769744873047 -6.920070648193359
752 6.624248504638672 -6.887235641479492
753 6.368774890899658 -6.906785488128662
754 6.224025726318359 -7.042710304260254
755 6.075653076171875 -7.370067596435547
756 6.0130085945129395 -7.745199680328369
757 5.883419513702393 -8.473687171936035
758 5.864616870880127 -8.73731803894043
759 5.88010311126709 -8.959612846374512
760 5.912327766418457 -9.399139404296875
761 5.89175271987915 -9.885571479797363
762 5.753218650817871 -10.357114791870117
763 5.38212776184082 -11.060194969177246
764 5.157385349273682 -11.404751777648926
765 4.873323440551758 -11.782792091369629
766 4.584041118621826 -12.157508850097656
767 4.4042887687683105 -12.401247024536133
768 4.277734279632568 -12.583081245422363
769 -5.440695285797119 -40.25663375854492
770 -5.301968574523926 -40.28207015991211
771 -4.981077671051025 -40.308067321777344
772 -4.582981109619141 -40.31306076049805
773 -4.288311004638672 -40.28075408935547
774 -3.9526255130767822 -40.192230224609375
775 -3.555925130844116 -40.04595947265625
776 -3.2108681201934814 -39.863983154296875
777 -2.8381032943725586 -39.64777755737305
778 -2.4928078651428223 -39.39269256591797
779 -2.2654449939727783 -39.10556411743164
780 -1.985703468322754 -38.47740173339844
781 -1.953177571296692 -38.09080505371094
782 -1.9462648630142212 -37.648155212402344
783 -1.9127880334854126 -37.368141174316406
784 -1.6153682470321655 -37.08231735229492
785 -1.3016878366470337 -36.97541809082031
786 -1.052177906036377 -37.073089599609375
787 -0.4787987172603607 -37.45857620239258
788 -0.23999354243278503 -37.56369400024414
789 0.3234807550907135 -37.69559097290039
790 0.6604189872741699 -37.70033645629883
791 1.0491663217544556 -37.748592376708984
792 1.4267828464508057 -37.79656219482422
793 1.8323935270309448 -37.78972244262695
794 2.5337929725646973 -37.712947845458984
795 2.886772394180298 -37.61039352416992
796 3.1562719345092773 -37.475189208984375
797 3.4765942096710205 -37.18271255493164
798 3.758342981338501 -36.88443374633789
799 3.9365427494049072 -36.70506286621094
800 27.902748107910156 -22.948989868164062
801 28.166418075561523 -22.83340835571289
802 28.499414443969727 -22.68826675415039
803 28.84478759765625 -22.528465270996094
804 29.20032501220703 -22.370590209960938
805 29.399503707885742 -22.304908752441406
806 29.59343910217285 -22.25592613220215
807 29.830917358398438 -22.172292709350586
808 35.682769775390625 -20.08502197265625
809 36.0715446472168 -19.984821319580078
810 36.563194274902344 -19.89691734313965
811 36.837127685546875 -19.87437629699707
812 37.12846374511719 -19.7716121673584
813 37.396270751953125 -19.66214942932129
814 37.709049224853516 -19.53813362121582
815 37.94929885864258 -19.364463806152344
816 38.160316467285156 -19.209556579589844
817 38.42420196533203 -18.9543514251709
818 38.58953857421875 -18.682893753051758
819 38.73851013183594 -18.390235900878906
820 38.80208206176758 -18.182403564453125
821 38.82187271118164 -16.748262405395508
822 38.799591064453125 -16.40437889099121
823 38.65177536010742 -16.06862449645996
824 38.486534118652344 -15.877080917358398
825 38.134525299072266 -15.597147941589355
826 37.79531478881836 -15.405172348022461
827 37.37373733520508 -15.272732734680176
828 37.08679962158203 -15.32309627532959
829 35.97058868408203 -15.77849006652832
830 35.64535903930664 -15.914986610412598
831 35.390357971191406 -16.02288818359375
832 34.99115753173828 -16.084272384643555
833 34.684329986572266 -16.100496292114258
834 34.27956008911133 -16.12345314025879
835 33.82029724121094 -16.15103530883789
836 33.567623138427734 -16.172439575195312
837 33.39297103881836 -16.196941375732422
838 26.176488876342773 -17.001102447509766
839 25.988698959350586 -17.05121421813965
840 25.845186233520508 -17.146442413330078
841 25.710647583007812 -17.357391357421875
842 25.174381256103516 -18.287546157836914
843 25.0221004486084 -18.642587661743164
844 24.93764877319336 -18.93425178527832
845 24.906126022338867 -19.201568603515625
846 24.923297882080078 -19.63456916809082
847 24.92196273803711 -20.11383819580078
848 24.89321517944336 -20.54264259338379
849 24.892311096191406 -20.836936950683594
850 24.89948272705078 -21.142024993896484
851 24.86777114868164 -21.50403594970703
852 24.829439163208008 -21.762901306152344
853 24.679443359375 -22.508573532104492
854 24.55321502685547 -22.948396682739258
855 24.32056999206543 -23.546844482421875
856 24.103565216064453 -23.880958557128906
857 23.765928268432617 -24.24907112121582
858 23.48080062866211 -24.40635871887207
859 23.192367553710938 -24.492952346801758
860 22.792417526245117 -24.590694427490234
861 21.966867446899414 -24.766864776611328
862 21.21788215637207 -24.93701171875
863 20.760929107666016 -25.062732696533203
864 20.465877532958984 -25.174264907836914
865 20.02869415283203 -25.41044807434082
866 19.43915367126465 -25.81673812866211
867 19.207965850830078 -25.96479606628418
868 18.88237190246582 -26.15389633178711
869 18.4792423248291 -26.4395694732666
870 18.238075256347656 -26.599258422851562
871 18.06488037109375 -26.72247886657715
872 17.783308029174805 -26.905288696289062
873 17.113250732421875 -27.231653213500977
874 16.589527130126953 -27.401445388793945
875 16.253366470336914 -27.50065040588379
876 15.94216537475586 -27.617143630981445
877 15.79875373840332 -27.688922882080078
878 -0.6084659099578857 -33.26816177368164
879 -0.914263129234314 -33.258811950683594
880 -1.0194604396820068 -33.263057708740234
881 -1.4051316976547241 -33.14823532104492
882 -1.8585511445999146 -32.973995208740234
883 -2.282961130142212 -32.729820251464844
884 -2.5189061164855957 -32.50399398803711
885 -2.8677871227264404 -32.02114486694336
886 -2.9904279708862305 -31.767597198486328
887 -3.179356575012207 -31.036495208740234
888 -3.3138678073883057 -30.53679656982422
889 -3.4339072704315186 -30.199214935302734
890 -3.5388689041137695 -29.976537704467773
891 -3.538243532180786 -29.709735870361328
892 -3.4982924461364746 -29.10948944091797
893 -3.3895444869995117 -28.835702896118164
894 -3.1532540321350098 -28.609481811523438
895 -2.999119997024536 -28.45136260986328
896 -2.709465980529785 -28.191612243652344
897 5.753542423248291 -23.50562286376953
898 5.95590877532959 -23.410734176635742
899 6.232544422149658 -23.225496292114258
900 6.406782627105713 -23.12686538696289
901 6.769079208374023 -22.97534942626953
902 7.3330488204956055 -22.749300003051758
903 7.559353828430176 -22.659440994262695
904 8.185922622680664 -22.275644302368164
905 8.515429496765137 -22.06337547302246
906 8.747184753417969 -21.885435104370117
907 8.85728645324707 -21.78984260559082
908 9.04025650024414 -21.61018943786621
909 9.354263305664062 -21.294143676757812
910 9.853711128234863 -20.72664451599121
911 10.214798927307129 -20.239788055419922
912 10.409709930419922 -19.99581527709961
913 10.491633415222168 -19.809188842773438
914 10.649126052856445 -19.295894622802734
915 10.709346771240234 -19.019222259521484
916 10.697150230407715 -18.684785842895508
917 10.68366527557373 -18.344711303710938
918 10.671476364135742 -18.012969970703125
919 10.743453025817871 -17.635032653808594
920 10.877309799194336 -17.417390823364258
921 11.226028442382812 -17.056304931640625
922 11.591071128845215 -16.755077362060547
923 11.867148399353027 -16.616872787475586
924 12.211618423461914 -16.56646728515625
925 12.842365264892578 -16.609289169311523
926 13.043441772460938 -16.734458923339844
927 13.43445110321045 -17.33289337158203
928 13.819626808166504 -17.829057693481445
929 14.184574127197266 -18.116201400756836
930 14.480491638183594 -18.21686363220215
931 14.984090805053711 -18.19886016845703
932 15.550524711608887 -18.143903732299805
933 16.10297393798828 -18.102130889892578
934 16.35802459716797 -18.051742553710938
935 16.77058219909668 -17.937898635864258
936 17.0266170501709 -17.803903579711914
937 17.468461990356445 -17.473085403442383
938 17.72515869140625 -17.174755096435547
939 17.99416160583496 -16.8147029876709
940 18.190317153930664 -16.47787094116211
941 18.339590072631836 -16.062808990478516
942 18.434947967529297 -15.815620422363281
943 18.482742309570312 -15.548440933227539
944 18.561134338378906 -15.035223007202148
945 18.588394165039062 -14.66124153137207
946 18.61138916015625 -14.336605072021484
947 18.605382919311523 -13.967801094055176
948 18.590299606323242 -13.576641082763672
949 18.607160568237305 -13.211549758911133
950 18.6248722076416 -12.934496879577637
951 18.739290237426758 -12.186559677124023
952 18.8183536529541 -11.698920249938965
953 18.87720489501953 -11.341898918151855
954 18.95455551147461 -10.88395881652832
955 19.020849227905273 -10.505908012390137
956 19.05042266845703 -10.253249168395996
957 19.066858291625977 -9.905508995056152
958 19.093740463256836 -9.505133628845215
959 19.081878662109375 -9.00380802154541
960 19.05396270751953 -8.496349334716797
961 18.968812942504883 -7.950441837310791
962 18.877803802490234 -7.591541290283203
963 18.663278579711914 -7.275181770324707
964 18.39499282836914 -6.981976509094238
965 18.13399887084961 -6.826173782348633
966 17.538740158081055 -6.635695457458496
967 17.06220817565918 -6.5248122215271
968 16.395540237426758 -6.490324020385742
969 16.03777313232422 -6.487719535827637
970 15.513574600219727 -6.490524768829346
971 15.127731323242188 -6.481851577758789
972 14.66787338256836 -6.4460673332214355
973 14.254377365112305 -6.449801921844482
974 13.480565071105957 -6.529898166656494
975 13.1798095703125 -6.595359802246094
976 12.869444847106934 -6.695054054260254
977 12.428698539733887 -6.857795715332031
978 12.056955337524414 -7.045930862426758
979 11.826178550720215 -7.247097015380859
980 11.698712348937988 -7.595822334289551
981 11.674443244934082 -7.839371204376221
982 11.68474006652832 -8.095956802368164
983 11.86209487915039 -8.649713516235352
984 12.021403312683105 -9.134575843811035
985 12.194290161132812 -9.526627540588379
986 12.428409576416016 -9.957906723022461
987 12.680316925048828 -10.344747543334961
988 13.035022735595703 -10.733214378356934
989 13.278877258300781 -10.999460220336914
990 13.44607925415039 -11.25308895111084
991 13.539419174194336 -11.460260391235352
992 13.634207725524902 -11.726824760437012
993 13.89031982421875 -12.6586275100708
994 13.910577774047852 -13.00216007232666
995 13.811033248901367 -13.271781921386719
996 13.560707092285156 -13.589337348937988
997 13.175378799438477 -13.947101593017578
998 12.950196266174316 -14.097413063049316
999 12.874374389648438 -14.152812957763672
