0 53.18796157836914 38.24085235595703
1 53.24016571044922 38.38411331176758
2 53.25196838378906 38.65021514892578
3 53.28841781616211 38.87996292114258
4 53.26641082763672 39.125831604003906
5 53.12783432006836 39.78621292114258
6 53.107574462890625 39.98448944091797
7 53.08072280883789 40.38319778442383
8 53.01875305175781 41.003414154052734
9 53.15247344970703 41.34469985961914
10 53.581172943115234 41.57767868041992
11 54.310462951660156 41.588653564453125
12 54.668521881103516 41.529335021972656
13 55.13790512084961 41.28776550292969
14 55.445316314697266 41.13044738769531
15 55.70454025268555 40.96866989135742
16 55.835201263427734 40.908084869384766
17 56.8542366027832 40.88482666015625
18 57.048316955566406 40.91193389892578
19 57.254581451416016 40.99079513549805
20 58.442535400390625 41.44048309326172
21 58.662841796875 41.501644134521484
22 58.7001953125 41.505043029785156
23 61.70363235473633 20.165971755981445
24 61.820796966552734 20.392560958862305
25 61.97006607055664 20.7392578125
26 62.248680114746094 21.09104347229004
27 62.51301193237305 21.321273803710938
28 62.60813522338867 21.4018497467041
29 62.864662170410156 21.53288459777832
30 63.10164260864258 21.587406158447266
31 63.44404602050781 21.649017333984375
32 63.5714225769043 21.686473846435547
33 63.66014099121094 21.70119857788086
34 64.566162109375 21.719833374023438
35 64.98316955566406 21.490707397460938
36 65.4726333618164 21.114490509033203
37 65.6373291015625 21.078716278076172
38 65.76448822021484 21.193443298339844
39 67.22745513916016 22.30518341064453
40 67.31536865234375 22.155241012573242
41 67.35755157470703 21.851072311401367
42 67.27778625488281 21.485485076904297
43 67.07205963134766 20.988697052001953
44 66.90486907958984 20.560117721557617
45 66.86762237548828 20.261951446533203
46 66.81780242919922 19.815847396850586
47 66.70530700683594 19.45361328125
48 66.41661834716797 19.31769561767578
49 65.98888397216797 19.246614456176758
50 65.69327545166016 19.26314926147461
51 65.266357421875 19.444673538208008
52 64.60264587402344 19.695234298706055
53 64.38714599609375 19.798521041870117
54 64.07647705078125 19.816904067993164
55 63.658729553222656 19.684471130371094
56 63.35871887207031 19.515613555908203
57 63.156639099121094 19.36931800842285
58 62.75969314575195 19.038541793823242
59 62.668235778808594 18.914138793945312
60 62.62382125854492 18.93431282043457
61 62.883949279785156 25.908061981201172
62 63.130653381347656 26.224559783935547
63 63.27914047241211 26.299907684326172
64 63.621124267578125 26.288923263549805
65 63.94924545288086 26.241321563720703
66 64.44734954833984 26.23888397216797
67 64.73641967773438 26.322063446044922
68 65.20036315917969 26.444887161254883
69 65.50548553466797 26.39293670654297
70 65.97256469726562 26.25755500793457
71 66.1583480834961 26.09453773498535
72 69.55068969726562 21.61562728881836
73 69.42255401611328 21.465234756469727
74 69.16393280029297 21.087844848632812
75 68.88374328613281 20.64373779296875
76 68.74261474609375 20.41522979736328
77 68.68385314941406 20.29341697692871
78 67.98683166503906 18.67520523071289
79 67.88607788085938 18.47610092163086
80 67.69746398925781 18.335372924804688
81 67.50093078613281 18.315811157226562
82 61.360595703125 18.433759689331055
83 61.235225677490234 18.419015884399414
84 61.21898651123047 18.374740600585938
85 61.33546447753906 17.013263702392578
86 61.29734420776367 16.816743850708008
87 61.208526611328125 16.628150939941406
88 61.065670013427734 16.12063217163086
89 61.337093353271484 15.044758796691895
90 61.420650482177734 14.704440116882324
91 61.50123977661133 14.328814506530762
92 61.32099151611328 13.747176170349121
93 61.07930374145508 13.427608489990234
94 60.9464225769043 13.348973274230957
95 60.71303176879883 13.284964561462402
96 59.76308059692383 13.076635360717773
97 59.174442291259766 12.810832977294922
98 58.97617721557617 12.745241165161133
99 58.89849090576172 12.794327735900879
100 68.88681030273438 23.565399169921875
101 68.97129821777344 23.71515464782715
102 69.58758544921875 24.619518280029297
103 69.63794708251953 24.751501083374023
104 69.76835632324219 24.712438583374023
105 69.91492462158203 24.588340759277344
106 70.79518127441406 23.529953002929688
107 71.0256576538086 23.36931037902832
108 71.2936019897461 23.267040252685547
109 72.03779602050781 22.488567352294922
110 72.17808532714844 22.19060516357422
111 72.42376708984375 21.45083999633789
112 72.67034912109375 21.26600456237793
113 72.96218872070312 21.116043090820312
114 73.20001983642578 21.114761352539062
115 73.69367218017578 21.3677978515625
116 73.85969543457031 21.4996395111084
117 74.17076110839844 21.778560638427734
118 75.87289428710938 23.130706787109375
119 75.9395751953125 23.19125747680664
120 76.03013610839844 23.53470802307129
121 76.1647720336914 24.034725189208984
122 76.26021575927734 24.533376693725586
123 76.27545166015625 24.88030433654785
124 76.17859649658203 25.46750259399414
125 75.95465087890625 26.0253963470459
126 75.74673461914062 26.293476104736328
127 75.22167205810547 26.50330924987793
128 74.95965576171875 26.49855613708496
129 74.58174133300781 26.301502227783203
130 74.25684356689453 26.04391860961914
131 74.04216766357422 25.815950393676758
132 73.70365142822266 25.420713424682617
133 73.47520446777344 25.211166381835938
134 73.04833984375 24.951736450195312
135 72.79505157470703 24.860389709472656
136 71.96675872802734 25.002357482910156
137 71.8852310180664 25.143556594848633
138 71.75048065185547 25.45263671875
139 70.94264221191406 26.476354598999023
140 70.79578399658203 26.77123260498047
141 70.57549285888672 27.355138778686523
142 70.57025909423828 27.649843215942383
143 70.71623992919922 28.208887100219727
144 70.83129119873047 28.416887283325195
145 71.5781478881836 29.506486892700195
146 71.83549499511719 29.554134368896484
147 72.22743225097656 29.498336791992188
148 72.57685852050781 29.20981788635254
149 72.71638488769531 28.95965003967285
150 72.67085266113281 28.17313575744629
151 72.5002670288086 27.80071258544922
152 66.52449798583984 17.59829330444336
153 66.4451675415039 17.45643424987793
154 66.21542358398438 17.19235610961914
155 65.87433624267578 16.82757568359375
156 65.64015197753906 16.52994728088379
157 65.31553649902344 16.2810001373291
158 65.0540771484375 16.102251052856445
159 59.799617767333984 15.183698654174805
160 59.718929290771484 15.105599403381348
161 59.4931526184082 14.975751876831055
162 59.468910217285156 14.813545227050781
163 59.53829574584961 14.663103103637695
164 60.806148529052734 5.493876934051514
165 60.58936309814453 5.016569137573242
166 60.217350006103516 4.589606285095215
167 59.97053527832031 4.438530445098877
168 59.69991683959961 4.4849324226379395
169 59.308353424072266 4.784963130950928
170 59.06743621826172 5.100489616394043
171 60.0538444519043 11.028993606567383
172 60.099796295166016 11.214054107666016
173 60.052162170410156 11.357078552246094
174 63.38132858276367 23.864091873168945
175 63.298648834228516 23.99302101135254
176 63.049251556396484 24.39152717590332
177 62.90244674682617 24.45914077758789
178 62.74951934814453 24.398435592651367
179 61.92933654785156 23.836824417114258
180 61.885459899902344 23.644384384155273
181 61.88273620605469 23.467893600463867
182 61.862144470214844 23.268381118774414
183 61.609771728515625 23.058427810668945
184 59.60797882080078 22.94673728942871
185 59.26642990112305 22.857168197631836
186 58.958980560302734 22.70682144165039
187 58.50642776489258 22.561307907104492
188 58.36994171142578 22.500667572021484
189 57.98500442504883 22.401988983154297
190 57.72566604614258 22.378747940063477
191 57.12590026855469 22.247495651245117
192 57.00203323364258 22.06195068359375
193 56.878334045410156 21.593751907348633
194 56.80207824707031 21.474918365478516
195 56.44476318359375 21.205440521240234
196 56.24961853027344 21.155942916870117
197 55.533695220947266 21.232967376708984
198 55.300968170166016 21.514171600341797
199 55.19801712036133 21.848997116088867
200 54.97344970703125 22.535812377929688
201 54.96763610839844 22.76640510559082
202 55.2039909362793 23.20547866821289
203 55.30272674560547 23.334531784057617
204 56.05443572998047 23.9465389251709
205 56.372772216796875 24.08388900756836
206 56.565467834472656 24.132280349731445
207 57.76840591430664 24.3187255859375
208 58.01808166503906 24.381580352783203
209 58.4204216003418 24.459386825561523
210 58.60569381713867 24.489625930786133
211 61.76810073852539 35.73013687133789
212 61.76121520996094 35.571380615234375
213 61.58674240112305 35.327880859375
214 61.183135986328125 26.02141571044922
215 61.040245056152344 25.743499755859375
216 60.82235336303711 25.377761840820312
217 60.52690887451172 25.055126190185547
218 60.31627655029297 24.73638916015625
219 60.27479553222656 24.441774368286133
220 60.27857971191406 24.239980697631836
221 60.354248046875 23.577138900756836
222 60.54585647583008 22.725444793701172
223 60.64928436279297 22.5482120513916
224 65.28770446777344 36.84465026855469
225 65.45844268798828 36.821563720703125
226 65.81493377685547 36.665069580078125
227 66.43219757080078 36.11140441894531
228 66.62885284423828 35.948421478271484
229 66.71196746826172 35.77073287963867
230 66.81060028076172 35.6431884765625
231 69.16621398925781 31.940696716308594
232 69.3184814453125 31.976900100708008
233 69.51451110839844 32.29652786254883
234 69.62066650390625 32.63191604614258
235 69.61637115478516 33.252166748046875
236 69.45610809326172 34.20158386230469
237 69.38773345947266 34.587459564208984
238 69.28758239746094 34.73310852050781
239 68.78704071044922 34.69184494018555
240 68.4454116821289 34.63336181640625
241 68.13092041015625 34.449073791503906
242 67.62398529052734 34.09348678588867
243 67.52166748046875 34.027099609375
244 61.79298782348633 27.52632713317871
245 61.690521240234375 27.560564041137695
246 61.377689361572266 27.83209991455078
247 61.110595703125 27.885997772216797
248 60.71854782104492 27.9009952545166
249 60.26985168457031 27.812463760375977
250 60.013450622558594 27.88690948486328
251 59.65678024291992 28.208553314208984
252 59.41322708129883 28.523670196533203
253 59.175636291503906 28.73040199279785
254 58.341182708740234 33.252685546875
255 58.35003662109375 33.40495681762695
256 58.44791030883789 33.84918212890625
257 58.57819747924805 34.09392166137695
258 58.70673751831055 34.332489013671875
259 59.004966735839844 34.40336990356445
260 59.37591552734375 34.36088180541992
261 59.864192962646484 34.514686584472656
262 60.13006591796875 34.67190170288086
263 60.224334716796875 34.78347396850586
264 60.04937744140625 35.789329528808594
265 59.99721908569336 36.3963508605957
266 60.0069694519043 36.623207092285156
267 60.02660369873047 36.69351577758789
268 61.634315490722656 31.808181762695312
269 61.62404251098633 31.7543888092041
270 61.59480285644531 31.689294815063477
271 54.77722930908203 28.33256721496582
272 54.76338577270508 28.328426361083984
273 55.08807373046875 28.449209213256836
274 55.46879577636719 28.518327713012695
275 55.854217529296875 28.628236770629883
276 57.54430389404297 28.99488639831543
277 57.953487396240234 29.215702056884766
278 58.536659240722656 29.846355438232422
279 58.62049102783203 30.044626235961914
280 59.098087310791016 30.164926528930664
281 59.227500915527344 30.226150512695312
282 59.323280334472656 30.23552894592285
283 60.08498764038086 30.038972854614258
284 60.6246452331543 30.261667251586914
285 60.896514892578125 30.322778701782227
286 61.04987716674805 30.195514678955078
287 61.11329650878906 29.962793350219727
288 60.94854736328125 29.635751724243164
289 56.390777587890625 25.79168701171875
290 56.24491882324219 25.88004493713379
291 56.15847396850586 26.01817512512207
292 56.22321319580078 26.141347885131836
293 56.4218635559082 26.759836196899414
294 56.728668212890625 27.53369903564453
295 56.80419921875 27.84166717529297
296 56.85095977783203 28.201213836669922
297 56.795963287353516 28.404497146606445
298 56.435813903808594 29.282365798950195
299 56.418975830078125 29.607351303100586
300 56.561649322509766 29.82227897644043
301 56.77363586425781 30.371971130371094
302 56.909671783447266 30.59937286376953
303 57.0993766784668 30.758962631225586
304 57.32841491699219 30.987369537353516
305 57.22129440307617 31.683082580566406
306 57.07271194458008 32.051517486572266
307 56.982666015625 32.30325698852539
308 56.84996032714844 32.669681549072266
309 56.82423782348633 32.8665657043457
310 56.676414489746094 33.40558624267578
311 56.602386474609375 33.58403778076172
312 56.56501007080078 34.24669647216797
313 56.47187805175781 34.514678955078125
314 55.96711349487305 34.88385009765625
315 55.77810287475586 34.80804443359375
316 55.10383605957031 34.31980895996094
317 54.982460021972656 34.097347259521484
318 54.87024688720703 33.567745208740234
319 54.94996643066406 32.38734817504883
320 55.12562942504883 32.14850997924805
321 55.330074310302734 32.10239028930664
322 58.05043411254883 35.940059661865234
323 58.12013626098633 36.509586334228516
324 58.08195877075195 36.68156814575195
325 57.60387420654297 37.17790222167969
326 57.235599517822266 37.20991134643555
327 56.861324310302734 37.06687545776367
328 56.26985168457031 36.701019287109375
329 55.93595504760742 36.52798843383789
330 55.22378921508789 36.6161003112793
331 55.11052703857422 36.736549377441406
332 55.107879638671875 37.08711624145508
333 55.56339645385742 37.97535705566406
334 55.70526123046875 38.14852523803711
335 56.475521087646484 38.61630630493164
336 56.90913009643555 38.751949310302734
337 57.22239303588867 38.81745910644531
338 58.07326126098633 38.844913482666016
339 58.404541015625 38.82899856567383
340 59.231422424316406 38.80790710449219
341 59.56689453125 38.80632781982422
342 59.9026985168457 38.78175735473633
343 59.97969055175781 38.73970413208008
344 53.741798400878906 35.92910385131836
345 53.67219543457031 35.79692840576172
346 53.619564056396484 34.77707290649414
347 53.544212341308594 34.463314056396484
348 53.4561653137207 33.97289276123047
349 53.39676284790039 33.51217269897461
350 53.37947463989258 33.380271911621094
351 53.14139175415039 32.80892562866211
352 52.94629669189453 32.645957946777344
353 52.562435150146484 32.400760650634766
354 52.44093322753906 32.438838958740234
355 52.12310791015625 32.77170944213867
356 51.541160583496094 33.41737365722656
357 51.369754791259766 34.04755783081055
358 51.32505798339844 34.62747573852539
359 51.211891174316406 35.132598876953125
360 51.24886703491211 35.245933532714844
361 51.604244232177734 35.30610275268555
362 51.97126770019531 35.30097198486328
363 52.39543533325195 31.19528579711914
364 52.26953125 30.856164932250977
365 52.022987365722656 30.435218811035156
366 51.98023986816406 30.13330078125
367 52.1158561706543 29.981414794921875
368 52.5260009765625 29.682308197021484
369 53.2321891784668 29.38740348815918
370 53.40309524536133 29.434606552124023
371 53.62718200683594 29.67384910583496
372 53.934322357177734 30.02695655822754
373 54.397972106933594 30.572336196899414
374 54.5932502746582 30.684646606445312
375 61.088497161865234 33.17326736450195
376 61.212772369384766 33.259132385253906
377 61.302452087402344 33.386165618896484
378 61.38471221923828 33.63513946533203
379 67.53583526611328 25.167369842529297
380 67.57908630371094 25.02672576904297
381 67.5652847290039 24.788602828979492
382 67.29325866699219 24.17932891845703
383 67.2506332397461 23.97307777404785
384 67.3910140991211 13.989646911621094
385 67.40840911865234 13.643247604370117
386 67.11505889892578 13.188589096069336
387 66.77218627929688 12.898526191711426
388 66.44417572021484 12.639847755432129
389 66.29206848144531 12.548741340637207
390 66.67740631103516 14.984670639038086
391 66.6733627319336 15.207029342651367
392 66.71436309814453 15.449287414550781
393 66.8708267211914 15.708209037780762
394 67.0814208984375 15.973098754882812
395 67.53179168701172 16.2539119720459
396 67.97052764892578 16.422693252563477
397 68.1573257446289 16.353498458862305
398 68.47295379638672 16.076068878173828
399 68.70238494873047 15.859770774841309
400 68.9981689453125 15.634363174438477
401 69.7908706665039 15.446365356445312
402 69.85942077636719 15.586542129516602
403 69.89198303222656 16.35059356689453
404 69.8094253540039 16.788042068481445
405 69.62556457519531 17.296934127807617
406 69.54276275634766 17.56659698486328
407 69.46591186523438 18.027484893798828
408 69.61021423339844 18.477670669555664
409 69.74236297607422 18.75631332397461
410 70.11389923095703 19.24800682067871
411 70.57852172851562 19.511425018310547
412 71.0020523071289 19.62220001220703
413 71.15299224853516 19.528568267822266
414 71.29267120361328 19.042333602905273
415 71.3759994506836 18.49355125427246
416 71.58041381835938 17.93623924255371
417 71.6905288696289 17.527347564697266
418 71.78291320800781 17.21357536315918
419 72.00688171386719 16.415870666503906
420 72.33470916748047 15.631234169006348
421 72.489013671875 15.33793830871582
422 72.68803405761719 14.977664947509766
423 72.8808364868164 14.580592155456543
424 73.05867767333984 14.272804260253906
425 73.19546508789062 14.078625679016113
426 73.38304901123047 13.99162769317627
427 75.2988510131836 14.25313663482666
428 75.31542205810547 14.477716445922852
429 75.32188415527344 14.839191436767578
430 75.31543731689453 15.31655216217041
431 75.23639678955078 15.866044998168945
432 75.17684173583984 16.07547378540039
433 75.0070571899414 16.39906883239746
434 74.91036987304688 16.572948455810547
435 73.94523620605469 18.314624786376953
436 74.08983612060547 18.492477416992188
437 74.43629455566406 18.74632453918457
438 75.3740234375 19.248600006103516
439 75.89765167236328 19.0460205078125
440 76.09235382080078 18.826887130737305
441 76.22638702392578 18.407678604125977
442 76.36244201660156 17.929616928100586
443 76.44563293457031 17.746862411499023
444 76.88340759277344 17.328237533569336
445 77.04552459716797 17.111656188964844
446 77.69985961914062 16.11875343322754
447 77.83914184570312 16.01015853881836
448 78.00395965576172 16.118412017822266
449 78.34314727783203 16.455245971679688
450 78.63854217529297 16.9647274017334
451 78.92083740234375 17.607690811157227
452 79.03987121582031 17.96721076965332
453 79.22872924804688 18.599472045898438
454 79.34550476074219 18.989931106567383
455 79.35799407958984 19.148826599121094
456 52.30134201049805 13.992167472839355
457 52.396453857421875 14.047714233398438
458 52.66267395019531 14.279059410095215
459 52.87713623046875 14.441645622253418
460 53.37052917480469 14.750469207763672
461 53.62626266479492 14.887572288513184
462 53.90928268432617 15.114270210266113
463 54.304622650146484 15.50665283203125
464 54.706058502197266 16.05065155029297
465 54.79104232788086 16.28108024597168
466 55.02099609375 16.547027587890625
467 55.07955551147461 16.79499053955078
468 55.16414260864258 17.089834213256836
469 55.25288009643555 17.53701400756836
470 55.20238494873047 17.934404373168945
471 54.991851806640625 18.51620864868164
472 54.972679138183594 18.739816665649414
473 54.966697692871094 18.905576705932617
474 55.33850860595703 19.08233642578125
475 55.69015121459961 19.100671768188477
476 56.3278923034668 19.15040397644043
477 56.46940994262695 19.17721176147461
478 56.637691497802734 19.14419174194336
479 57.54928970336914 18.787656784057617
480 57.80062484741211 18.68578338623047
481 58.52894592285156 18.5079288482666
482 58.766483306884766 18.581661224365234
483 58.88905715942383 19.021106719970703
484 58.73279571533203 19.41905403137207
485 58.333621978759766 19.65520668029785
486 58.202816009521484 19.57472801208496
487 57.71086502075195 17.965383529663086
488 57.593017578125 17.66044807434082
489 57.31392288208008 17.207969665527344
490 57.03532028198242 16.88561248779297
491 56.74903869628906 16.5214900970459
492 56.45647430419922 16.00601577758789
493 56.096500396728516 15.430416107177734
494 56.077457427978516 15.1456937789917
495 56.17045974731445 15.022170066833496
496 56.66680908203125 14.919246673583984
497 57.1002311706543 14.702077865600586
498 57.30348587036133 14.81587028503418
499 57.79642868041992 15.404532432556152
500 57.96059799194336 15.602551460266113
501 58.1959114074707 16.003700256347656
502 58.983524322509766 20.651405334472656
503 59.11085510253906 21.008100509643555
504 59.31942367553711 21.15627098083496
505 59.80725860595703 21.257184982299805
506 59.980953216552734 21.20304298400879
507 60.223533630371094 20.82106590270996
508 60.24342346191406 20.326311111450195
509 60.22037124633789 19.96446990966797
510 60.19852066040039 19.478805541992188
511 60.132503509521484 19.14235496520996
512 60.0282096862793 18.245468139648438
513 59.92982482910156 17.795326232910156
514 59.80613327026367 17.50343894958496
515 59.551910400390625 16.933124542236328
516 59.50056838989258 16.795808792114258
517 64.21992492675781 7.107572078704834
518 63.88329315185547 7.056137561798096
519 63.59711837768555 7.036880016326904
520 63.323707580566406 7.129236221313477
521 63.090232849121094 7.461483478546143
522 62.77941131591797 7.92686653137207
523 62.59467315673828 8.193124771118164
524 62.227272033691406 8.726442337036133
525 62.040306091308594 8.936666488647461
526 61.41015625 9.606761932373047
527 61.36566925048828 9.798198699951172
528 61.7442626953125 10.216876983642578
529 62.042091369628906 10.628812789916992
530 62.26831817626953 10.843548774719238
531 62.46439743041992 11.106837272644043
532 62.63330841064453 11.546528816223145
533 62.690425872802734 12.095101356506348
534 62.716705322265625 12.473426818847656
535 62.77912902832031 13.370195388793945
536 62.85918045043945 14.009514808654785
537 62.992835998535156 14.3500337600708
538 63.2287483215332 14.46261215209961
539 63.52315902709961 14.643826484680176
540 63.83851623535156 14.887116432189941
541 63.957191467285156 15.064909934997559
542 64.05003356933594 15.515937805175781
543 63.966880798339844 15.694060325622559
544 63.51115798950195 16.019895553588867
545 62.80366897583008 16.34857940673828
546 62.50004959106445 16.657461166381836
547 62.5182991027832 16.91056251525879
548 62.79543685913086 17.090707778930664
549 63.57813262939453 17.133487701416016
550 63.73905563354492 17.083816528320312
551 63.98223876953125 17.335363388061523
552 64.51496124267578 17.654861450195312
553 64.75354766845703 17.765472412109375
554 65.00492095947266 17.810070037841797
555 63.110267639160156 34.8724479675293
556 63.108436584472656 34.84943389892578
557 63.01329803466797 34.109031677246094
558 63.16447830200195 33.87974548339844
559 63.670597076416016 33.667598724365234
560 64.27205657958984 33.76094436645508
561 64.56214904785156 33.874752044677734
562 64.79556274414062 34.271728515625
563 64.87562561035156 34.83625411987305
564 64.870849609375 35.01869201660156
565 51.23166275024414 43.244781494140625
566 51.22083282470703 43.25300598144531
567 65.27765655517578 24.38228988647461
568 64.8492202758789 24.252321243286133
569 64.74866485595703 24.138891220092773
570 64.8194808959961 23.319496154785156
571 65.02284240722656 23.005325317382812
572 65.47197723388672 22.93418312072754
573 65.70182800292969 22.99423599243164
574 65.70121765136719 23.08913230895996
575 59.5875358581543 32.19374465942383
576 59.54697036743164 32.07279968261719
577 59.52510452270508 31.920400619506836
578 59.405540466308594 31.817665100097656
579 59.231414794921875 31.62919807434082
580 58.26765060424805 27.4278621673584
581 58.223480224609375 27.199047088623047
582 58.162635803222656 27.013105392456055
583 58.10588073730469 26.689754486083984
584 58.45588302612305 26.231355667114258
585 58.773746490478516 26.17038917541504
586 59.22414016723633 26.402130126953125
587 59.469444274902344 26.634260177612305
588 66.15592956542969 32.782840728759766
589 66.23310089111328 32.65401077270508
590 66.31722259521484 32.23401641845703
591 66.23544311523438 32.005882263183594
592 65.803466796875 31.332780838012695
593 65.70162200927734 31.099918365478516
594 65.64128112792969 30.67609977722168
595 66.14326477050781 30.151004791259766
596 66.38526153564453 30.008350372314453
597 66.58281707763672 29.802553176879883
598 66.6520004272461 29.49523162841797
599 66.42770385742188 29.196374893188477
600 66.04462432861328 28.90797233581543
601 65.7514877319336 28.77884864807129
602 65.40216064453125 28.592805862426758
603 65.08836364746094 28.47650718688965
604 64.64630126953125 28.330869674682617
605 64.36605072021484 28.276290893554688
606 63.917816162109375 28.346616744995117
607 63.52628707885742 28.499916076660156
608 63.33222961425781 28.67887306213379
609 63.18581008911133 28.951784133911133
610 63.162841796875 29.214113235473633
611 63.16488265991211 29.427427291870117
612 63.22859573364258 29.67315673828125
613 63.37660598754883 30.203340530395508
614 63.48646926879883 30.6584529876709
615 63.49152374267578 31.07354164123535
616 63.49454116821289 31.335556030273438
617 63.49321746826172 31.633575439453125
618 63.50629425048828 31.981979370117188
619 63.437644958496094 32.32136535644531
620 62.99496841430664 36.747684478759766
621 63.144371032714844 37.3537712097168
622 63.19443893432617 37.6960563659668
623 63.237327575683594 38.12211608886719
624 63.25766372680664 38.3233528137207
625 63.177642822265625 39.10758972167969
626 63.170108795166016 39.19957733154297
627 48.97113800048828 41.39908981323242
628 48.97584915161133 41.22061538696289
629 49.162353515625 40.717960357666016
630 49.2872314453125 40.45956802368164
631 49.473236083984375 40.08426284790039
632 49.54923629760742 39.88356018066406
633 49.58306121826172 39.39918899536133
634 49.56857681274414 38.87723159790039
635 49.506866455078125 38.47510528564453
636 49.45991897583008 38.29566955566406
637 49.261756896972656 37.525447845458984
638 49.235172271728516 37.405277252197266
639 49.247459411621094 33.77076721191406
640 49.299007415771484 33.65730667114258
641 49.45673751831055 33.552589416503906
642 49.86558532714844 33.12030029296875
643 50.00095748901367 32.918277740478516
644 50.1591796875 32.78583526611328
645 50.22031021118164 32.7020149230957
646 50.32665252685547 32.54112243652344
647 50.54271697998047 32.22373962402344
648 51.21328353881836 31.726978302001953
649 51.24686050415039 31.706161499023438
650 46.53702926635742 14.567046165466309
651 46.41184616088867 14.522808074951172
652 46.09371566772461 14.514933586120605
653 45.940101623535156 14.583894729614258
654 42.214195251464844 30.599275588989258
655 42.54639434814453 30.49332618713379
656 42.68015670776367 30.409772872924805
657 42.89021682739258 30.01467514038086
658 43.3474006652832 29.54375648498535
659 43.42655563354492 29.389245986938477
660 43.83069610595703 28.693334579467773
661 44.03889846801758 28.365047454833984
662 44.44208908081055 27.879980087280273
663 44.73551559448242 27.62308120727539
664 44.915653228759766 27.486316680908203
665 45.466590881347656 27.278953552246094
666 45.50768280029297 27.246614456176758
667 53.97514343261719 20.370180130004883
668 54.02263641357422 20.362812042236328
669 61.900936126708984 43.84511184692383
670 62.103851318359375 43.91018295288086
671 62.350093841552734 43.94368362426758
672 62.771785736083984 43.986698150634766
673 62.85361099243164 43.99376678466797
674 62.854652404785156 43.98722839355469
675 43.290523529052734 26.83150863647461
676 43.09055709838867 26.732913970947266
677 42.819068908691406 26.7138729095459
678 42.66090393066406 26.674535751342773
679 52.17353439331055 17.348766326904297
680 52.286216735839844 17.290740966796875
681 52.54918670654297 17.147321701049805
682 52.73042297363281 17.016918182373047
683 52.933021545410156 16.946176528930664
684 69.02859497070312 13.254439353942871
685 69.2672348022461 13.287107467651367
686 69.52958679199219 13.399810791015625
687 69.70368957519531 13.403094291687012
688 69.83084106445312 13.393707275390625
689 70.662109375 13.094169616699219
690 70.82970428466797 12.91318416595459
691 70.97921752929688 12.648344039916992
692 71.24232482910156 12.143054962158203
693 71.38799285888672 11.820301055908203
694 71.5486068725586 11.479692459106445
695 71.68096923828125 11.124587059020996
696 71.72447204589844 10.950933456420898
697 71.52619171142578 9.925069808959961
698 71.46017456054688 9.724567413330078
699 71.27513885498047 9.53984546661377
700 70.94906616210938 9.300985336303711
701 70.63077545166016 9.003608703613281
702 70.4074935913086 8.830116271972656
703 69.44435119628906 8.026371955871582
704 69.11141204833984 7.907914638519287
705 68.29763793945312 7.93200159072876
706 67.7123794555664 8.070274353027344
707 67.50164794921875 8.210521697998047
708 67.25293731689453 8.450668334960938
709 67.04676055908203 8.77291202545166
710 66.77864074707031 9.423553466796875
711 66.65628814697266 9.940119743347168
712 66.74765014648438 10.334676742553711
713 67.34394073486328 10.953658103942871
714 67.61881256103516 11.163979530334473
715 67.7515640258789 11.237701416015625
716 68.45689392089844 26.70604705810547
717 68.31703186035156 26.934627532958984
718 68.19624328613281 27.149185180664062
719 68.10639953613281 27.405546188354492
720 68.20307159423828 27.78151512145996
721 68.74943542480469 28.73495101928711
722 68.81922149658203 28.774497985839844
723 68.87960052490234 28.764793395996094
724 64.71417236328125 10.533382415771484
725 64.6578140258789 10.762807846069336
726 64.59967041015625 11.075982093811035
727 64.56684112548828 11.239892959594727
728 64.33600616455078 12.22697639465332
729 64.32173919677734 12.503701210021973
730 64.57669830322266 13.071659088134766
731 65.0635986328125 13.584444046020508
732 65.08203125 13.654817581176758
733 59.040855407714844 9.470381736755371
734 58.81267547607422 9.337154388427734
735 58.535430908203125 9.217679023742676
736 57.96337890625 9.176346778869629
737 57.7364501953125 9.360878944396973
738 57.51945114135742 9.799273490905762
739 57.54533004760742 10.205816268920898
740 57.63629150390625 10.934417724609375
741 57.600677490234375 11.269949913024902
742 57.254791259765625 12.569452285766602
743 57.00749588012695 12.74392318725586
744 56.7901496887207 12.803187370300293
745 56.695411682128906 12.7672758102417
746 56.2252311706543 12.250182151794434
747 55.98514175415039 12.068441390991211
748 55.82891845703125 12.056817054748535
749 55.46486282348633 12.111527442932129
750 55.02661895751953 12.229515075683594
751 54.77971267700195 12.20971393585205
752 54.32471466064453 11.967633247375488
753 54.00080108642578 11.46416187286377
754 53.97392272949219 10.970477104187012
755 54.18315887451172 10.64799690246582
756 54.44437789916992 10.294352531433105
757 54.678863525390625 9.932859420776367
758 54.70927810668945 9.913301467895508
759 52.56428909301758 25.07221221923828
760 52.63755798339844 25.020292282104492
761 52.95391082763672 24.66461181640625
762 53.19279479980469 24.447837829589844
763 53.49412536621094 24.401111602783203
764 54.0926513671875 24.507732391357422
765 54.219032287597656 24.734071731567383
766 54.17168426513672 25.758705139160156
767 53.99165344238281 26.28498649597168
768 53.82830047607422 26.47189712524414
769 53.34722900390625 26.777902603149414
770 52.805023193359375 27.129276275634766
771 52.58803939819336 27.301517486572266
772 51.85710906982422 27.774269104003906
773 51.48603057861328 28.063602447509766
774 51.239681243896484 28.26650619506836
775 50.77515411376953 28.54559326171875
776 50.59661865234375 28.471158981323242
777 50.43596267700195 28.22022819519043
778 50.54859924316406 27.765535354614258
779 50.819068908691406 27.17531967163086
780 50.979591369628906 26.73356056213379
781 51.006019592285156 26.52643585205078
782 51.03278350830078 25.408592224121094
783 51.012969970703125 25.02529525756836
784 50.890411376953125 24.49372100830078
785 50.77016067504883 23.979185104370117
786 50.39725875854492 23.307096481323242
787 50.2255859375 23.09615707397461
788 50.10328674316406 22.917112350463867
789 49.80809783935547 22.43811798095703
790 49.66928482055664 22.251569747924805
791 49.0267333984375 20.379108428955078
792 48.928157806396484 20.02602195739746
793 48.86552429199219 19.765865325927734
794 48.681365966796875 19.08633041381836
795 48.57948303222656 18.675687789916992
796 48.4842643737793 17.934499740600586
797 48.72718811035156 17.64449119567871
798 49.14213562011719 17.265079498291016
799 49.28715515136719 17.016830444335938
800 49.55303192138672 16.739070892333984
801 49.85306930541992 16.22336769104004
802 49.75424575805664 15.93305778503418
803 49.544639587402344 15.310890197753906
804 49.48579025268555 15.098233222961426
805 49.44065475463867 14.631190299987793
806 49.42624282836914 14.312110900878906
807 49.53733444213867 12.524611473083496
808 49.7664680480957 12.093157768249512
809 49.82904052734375 12.042986869812012
810 49.96402359008789 12.152069091796875
811 48.900657653808594 23.499353408813477
812 48.823265075683594 23.639957427978516
813 48.644649505615234 23.81035804748535
814 48.469383239746094 23.847761154174805
815 47.84225082397461 24.178627014160156
816 47.55573272705078 24.444616317749023
817 47.44569396972656 24.726119995117188
818 47.346092224121094 25.156782150268555
819 47.164798736572266 25.36803436279297
820 47.006072998046875 25.551942825317383
821 46.897605895996094 25.99266242980957
822 47.197757720947266 26.95210075378418
823 47.3466911315918 27.110429763793945
824 47.700401306152344 27.31252098083496
825 48.033329010009766 27.452802658081055
826 48.23008346557617 27.42599105834961
827 48.77328872680664 27.329042434692383
828 48.95283889770508 27.263370513916016
829 49.024105072021484 27.066408157348633
830 49.029727935791016 26.958179473876953
831 48.00654220581055 22.375890731811523
832 47.92396545410156 22.01142120361328
833 47.80087661743164 21.736339569091797
834 47.47611999511719 20.9598331451416
835 47.29421615600586 20.799190521240234
836 46.93223190307617 20.377065658569336
837 46.69763946533203 20.21546745300293
838 46.37712478637695 20.115306854248047
839 46.11185073852539 20.182315826416016
840 46.030181884765625 20.709707260131836
841 46.00700378417969 21.24496841430664
842 45.98470687866211 22.066457748413086
843 45.97486877441406 22.358930587768555
844 45.91424560546875 22.888080596923828
845 45.82875061035156 23.195188522338867
846 45.60820770263672 23.37789535522461
847 45.19412612915039 23.435237884521484
848 44.864437103271484 23.283456802368164
849 44.6368408203125 23.102092742919922
850 44.11982727050781 22.62917137145996
851 44.02229690551758 22.48478126525879
852 43.91518020629883 22.100505828857422
853 43.79631423950195 21.817407608032227
854 43.40093994140625 20.689512252807617
855 43.355262756347656 20.253965377807617
856 43.61567687988281 19.83920669555664
857 43.85715866088867 19.626033782958984
858 44.06124496459961 19.539737701416016
859 44.36564636230469 19.553056716918945
860 44.545623779296875 19.68657875061035
861 42.92284393310547 23.990121841430664
862 43.06652069091797 24.206613540649414
863 43.2486457824707 24.54178237915039
864 43.538883209228516 24.81147003173828
865 43.79972457885742 24.93166160583496
866 44.763587951660156 25.3721923828125
867 45.065696716308594 25.5134334564209
868 45.329200744628906 25.634157180786133
869 48.89824676513672 25.632238388061523
870 49.035701751708984 25.52899932861328
871 49.417789459228516 25.320531845092773
872 49.59912109375 25.183679580688477
873 50.38273239135742 21.29203224182129
874 50.443267822265625 20.94882583618164
875 50.5113410949707 20.582571029663086
876 50.59855651855469 19.63590431213379
877 50.68034362792969 19.41657829284668
878 50.93467330932617 19.23683738708496
879 51.297176361083984 19.096572875976562
880 51.839324951171875 19.177257537841797
881 52.0656623840332 19.423263549804688
882 52.24214172363281 20.07611656188965
883 52.4120979309082 20.623300552368164
884 52.4512825012207 20.877134323120117
885 52.38504409790039 21.532743453979492
886 52.37498474121094 21.780025482177734
887 52.32750701904297 22.5570125579834
888 52.300960540771484 22.86069107055664
889 52.26799011230469 23.164199829101562
890 52.20979690551758 23.40701675415039
891 49.857357025146484 36.042686462402344
892 50.21965026855469 36.45870590209961
893 50.39305114746094 36.632328033447266
894 50.56909942626953 36.8253288269043
895 50.90800094604492 37.20082473754883
896 51.0046272277832 37.30207061767578
897 51.08938217163086 37.38056564331055
898 49.13880157470703 34.83152389526367
899 48.94457244873047 34.95301818847656
900 48.633338928222656 35.256614685058594
901 48.37538146972656 35.543941497802734
902 48.25116729736328 35.7308464050293
903 48.059696197509766 35.90922164916992
904 47.92158508300781 35.91129684448242
905 47.53286361694336 35.30685806274414
906 46.97845458984375 35.25198745727539
907 46.3123779296875 35.56352233886719
908 45.815406799316406 35.915714263916016
909 45.563255310058594 35.91732406616211
910 45.276851654052734 35.937591552734375
911 45.014549255371094 35.60982131958008
912 44.97368621826172 35.23899459838867
913 44.82954788208008 35.124595642089844
914 44.71195602416992 35.059471130371094
915 44.27944564819336 34.97264099121094
916 43.70796203613281 34.8348388671875
917 42.492454528808594 35.22224807739258
918 42.46665573120117 35.32521057128906
919 42.49924850463867 35.70048522949219
920 42.72309875488281 36.1475715637207
921 42.994117736816406 36.454551696777344
922 43.58792495727539 37.223854064941406
923 43.835487365722656 37.629573822021484
924 43.83367156982422 37.92894744873047
925 43.94987106323242 38.164302825927734
926 44.8092041015625 38.4836311340332
927 45.08740234375 38.56801223754883
928 45.45179748535156 38.6682243347168
929 45.728763580322266 38.59377670288086
930 46.10593795776367 38.38853454589844
931 46.46387481689453 38.11906433105469
932 47.026268005371094 37.519752502441406
933 47.094581604003906 37.42512130737305
934 46.440155029296875 33.849822998046875
935 46.36410140991211 33.846923828125
936 46.35569763183594 33.87759780883789
937 47.37343978881836 33.79643249511719
938 47.3873405456543 33.422855377197266
939 47.19866180419922 33.09781265258789
940 47.10622787475586 32.966434478759766
941 46.66579818725586 32.57743453979492
942 46.598838806152344 32.52005386352539
943 43.73740768432617 32.71975326538086
944 43.54627990722656 32.685211181640625
945 43.06723403930664 32.791378021240234
946 42.81833267211914 32.85576248168945
947 42.5504150390625 32.92759704589844
948 42.27696228027344 32.909996032714844
949 42.10641098022461 32.90656661987305
950 41.360172271728516 32.8446044921875
951 41.18100357055664 32.764808654785156
952 40.83052444458008 32.3426513671875
953 40.43213653564453 32.005714416503906
954 40.30349349975586 31.871540069580078
955 40.19691467285156 31.72165870666504
956 48.770145416259766 29.382610321044922
957 48.775718688964844 29.4090576171875
958 48.65878677368164 29.520030975341797
959 48.10450744628906 30.012168884277344
960 47.71831512451172 30.158937454223633
961 47.375267028808594 30.153308868408203
962 47.161964416503906 30.15022087097168
963 42.09827423095703 28.51539421081543
964 41.883750915527344 28.483972549438477
965 41.313758850097656 28.529308319091797
966 40.900108337402344 28.456300735473633
967 40.76374053955078 28.3781795501709
968 40.46832275390625 28.09663200378418
969 39.95505905151367 27.668289184570312
970 39.73938751220703 27.447757720947266
971 39.6699333190918 27.364116668701172
972 49.79024124145508 30.289155960083008
973 49.837459564208984 30.48354721069336
974 49.75351333618164 30.830141067504883
975 49.48540115356445 31.23268699645996
976 49.1059684753418 31.480628967285156
977 48.748416900634766 31.795202255249023
978 48.46000289916992 32.01372528076172
979 48.17087936401367 32.167972564697266
980 48.047542572021484 32.21935272216797
981 47.80207443237305 32.31037521362305
982 45.616432189941406 33.08557891845703
983 45.216773986816406 33.05023193359375
984 45.035888671875 32.8218994140625
985 45.08504867553711 32.309181213378906
986 45.21451950073242 32.03799819946289
987 45.648990631103516 31.73870277404785
988 45.841217041015625 31.428993225097656
989 45.899478912353516 31.106796264648438
990 45.719966888427734 30.872451782226562
991 45.604774475097656 30.738187789916992
992 45.259883880615234 30.304340362548828
993 45.16224670410156 30.018192291259766
994 45.12997055053711 29.75211524963379
995 45.18009567260742 29.621023178100586
996 45.79055404663086 28.951005935668945
997 46.19913101196289 28.860498428344727
998 46.37385559082031 28.818645477294922
999 46.46540832519531 28.75967025756836
