0 20.478939056396484 -76.54230499267578
1 20.498788833618164 -76.40925598144531
2 20.45421028137207 -76.13719940185547
3 20.160898208618164 -75.12732696533203
4 20.064678192138672 -74.90082550048828
5 19.568984985351562 -74.07333374023438
6 19.439077377319336 -73.70415496826172
7 19.3070125579834 -73.30134582519531
8 19.144012451171875 -72.89788055419922
9 18.881038665771484 -72.01565551757812
10 18.814632415771484 -71.80665588378906
11 18.663028717041016 -71.5803451538086
12 18.519794464111328 -71.40789031982422
13 18.38067054748535 -71.30592346191406
14 5.033982276916504 -68.06657409667969
15 4.817333698272705 -67.98711395263672
16 4.572403907775879 -67.92471313476562
17 4.321316719055176 -67.8985595703125
18 3.906909227371216 -67.9447250366211
19 3.226853609085083 -68.11934661865234
20 2.823542833328247 -68.16145324707031
21 2.5775413513183594 -68.09693145751953
22 2.4203734397888184 -67.93135070800781
23 1.9396955966949463 -67.71893310546875
24 1.7865562438964844 -67.65631103515625
25 1.5205200910568237 -67.36225128173828
26 1.275374174118042 -67.0952377319336
27 -6.855408668518066 -62.11495590209961
28 -7.0359601974487305 -62.007774353027344
29 -7.4245429039001465 -61.815208435058594
30 -8.002086639404297 -61.49205780029297
31 -8.29107666015625 -61.314884185791016
32 -8.496249198913574 -61.10948944091797
33 -8.695801734924316 -60.82927322387695
34 -8.945263862609863 -60.474403381347656
35 -9.059988975524902 -60.250267028808594
36 -9.132295608520508 -60.0894889831543
37 21.29557991027832 -83.81812286376953
38 21.265907287597656 -84.05010223388672
39 21.241413116455078 -84.58519744873047
40 21.17088508605957 -84.86853790283203
41 20.940250396728516 -85.19926452636719
42 20.60022735595703 -85.4823226928711
43 20.31964683532715 -85.6620101928711
44 19.899463653564453 -85.69747924804688
45 19.692119598388672 -85.60940551757812
46 19.587783813476562 -85.5207290649414
47 26.353439331054688 -70.55703735351562
48 26.501018524169922 -70.4451904296875
49 26.77579116821289 -70.3415298461914
50 27.161684036254883 -70.2682876586914
51 27.596235275268555 -70.29612731933594
52 28.145002365112305 -70.4263687133789
53 28.68564796447754 -70.81643676757812
54 28.940128326416016 -71.0265121459961
55 29.226850509643555 -71.54681396484375
56 29.255659103393555 -71.791015625
57 29.136564254760742 -71.99791717529297
58 28.87896156311035 -72.29318237304688
59 28.5554256439209 -72.60370635986328
60 25.65827751159668 -74.76687622070312
61 25.341510772705078 -74.97723388671875
62 25.05559539794922 -75.08763122558594
63 24.60028839111328 -75.1717758178711
64 24.31325912475586 -75.11077117919922
65 23.853071212768555 -74.84503173828125
66 23.592226028442383 -74.61917877197266
67 23.326860427856445 -74.3467788696289
68 23.01564598083496 -74.04296112060547
69 22.589509963989258 -73.65486907958984
70 22.262142181396484 -73.41986846923828
71 21.99676513671875 -73.3200454711914
72 21.749919891357422 -73.30567932128906
73 21.608978271484375 -73.32997131347656
74 12.325594902038574 -83.94149017333984
75 12.031057357788086 -83.98011779785156
76 11.80705738067627 -84.01455688476562
77 11.535839080810547 -83.95687103271484
78 11.20391845703125 -83.76901245117188
79 10.837100982666016 -83.54296875
80 10.323634147644043 -83.34603881835938
81 10.056160926818848 -83.35863494873047
82 9.437358856201172 -83.58876037597656
83 9.025175094604492 -83.79085540771484
84 8.698960304260254 -83.81010437011719
85 8.46423625946045 -83.6427230834961
86 8.148862838745117 -83.31281280517578
87 7.479215621948242 -82.79227447509766
88 6.866083145141602 -82.52505493164062
89 6.630675315856934 -82.42129516601562
90 6.211357593536377 -82.16804504394531
91 5.878669738769531 -81.95597839355469
92 5.4065937995910645 -81.6461181640625
93 5.055724143981934 -81.47216033935547
94 4.820307731628418 -81.3796615600586
95 4.358425140380859 -81.21456146240234
96 4.063899517059326 -81.11480712890625
97 3.508862018585205 -80.97442626953125
98 3.1975178718566895 -80.93692779541016
99 2.764841079711914 -80.74182891845703
100 2.3974313735961914 -80.6837158203125
101 2.0168182849884033 -80.71713256835938
102 1.7460925579071045 -80.84867095947266
103 1.3409310579299927 -81.28779602050781
104 1.1411926746368408 -81.72899627685547
105 1.0519800186157227 -82.14358520507812
106 1.1304864883422852 -82.35851287841797
107 1.346053123474121 -82.51221466064453
108 1.600602149963379 -82.67609405517578
109 1.979173183441162 -82.8645248413086
110 2.29451060295105 -83.16429901123047
111 2.524075984954834 -83.3116455078125
112 2.7197728157043457 -83.42863464355469
113 24.09435272216797 -58.6441764831543
114 23.98630714416504 -58.72404098510742
115 23.746755599975586 -58.86027526855469
116 23.521526336669922 -58.98151397705078
117 22.700307846069336 -59.56547927856445
118 22.605262756347656 -59.69713592529297
119 22.53357696533203 -60.197696685791016
120 22.506298065185547 -60.46308517456055
121 22.484498977661133 -60.9605598449707
122 22.444625854492188 -61.6633415222168
123 22.40192985534668 -61.89042282104492
124 22.10222625732422 -62.18868637084961
125 21.744701385498047 -62.52565383911133
126 21.519542694091797 -62.74319076538086
127 21.42483139038086 -62.876197814941406
128 21.357959747314453 -63.243629455566406
129 21.189538955688477 -63.798736572265625
130 21.020221710205078 -64.31363677978516
131 20.865718841552734 -64.59701538085938
132 20.66700553894043 -64.93531799316406
133 20.479787826538086 -65.1985092163086
134 20.17510986328125 -65.43586730957031
135 19.877546310424805 -65.57505798339844
136 19.53209114074707 -65.5804214477539
137 18.966007232666016 -65.55364227294922
138 18.59506607055664 -65.53929138183594
139 18.130054473876953 -65.50933074951172
140 17.852458953857422 -65.53229522705078
141 -3.786301612854004 -67.01066589355469
142 -3.829714775085449 -66.99361419677734
143 -3.8218085765838623 -66.9743881225586
144 1.7709300518035889 -53.7330207824707
145 1.9012902975082397 -53.83055877685547
146 2.0526392459869385 -54.03449630737305
147 2.4203853607177734 -54.55743408203125
148 2.848487615585327 -55.005428314208984
149 3.33695650100708 -55.4779052734375
150 3.638465642929077 -55.64630889892578
151 4.043519020080566 -55.72730255126953
152 4.291345119476318 -55.75035858154297
153 4.469213008880615 -55.70941162109375
154 4.976285457611084 -55.55390167236328
155 5.79517936706543 -55.31131362915039
156 6.0861496925354 -55.32221221923828
157 6.529573917388916 -55.7955436706543
158 6.7216386795043945 -56.09314727783203
159 6.807287216186523 -56.20068359375
160 6.9234113693237305 -56.356666564941406
161 7.102621555328369 -56.51126480102539
162 17.942289352416992 -55.692840576171875
163 18.253450393676758 -55.5719108581543
164 18.64002227783203 -55.50688552856445
165 18.890098571777344 -55.35274124145508
166 19.26310157775879 -54.995967864990234
167 19.294946670532227 -54.696197509765625
168 19.186697006225586 -54.410621643066406
169 18.84663200378418 -54.171669006347656
170 18.2193660736084 -54.07461929321289
171 12.989721298217773 -57.41279220581055
172 12.817717552185059 -57.70692443847656
173 12.664313316345215 -58.008663177490234
174 12.525837898254395 -58.36194610595703
175 12.417734146118164 -58.734554290771484
176 12.383570671081543 -59.094879150390625
177 12.363052368164062 -59.30324172973633
178 12.454720497131348 -59.49888229370117
179 12.867277145385742 -59.73701858520508
180 13.21530532836914 -60.20109939575195
181 13.269304275512695 -60.47831726074219
182 13.295490264892578 -61.03248977661133
183 13.39345645904541 -61.35511779785156
184 13.472307205200195 -61.5670280456543
185 13.422937393188477 -61.73836898803711
186 13.231517791748047 -62.147972106933594
187 13.010440826416016 -62.517662048339844
188 12.819038391113281 -62.63419723510742
189 12.374669075012207 -62.51087951660156
190 11.571460723876953 -61.951690673828125
191 11.337733268737793 -61.84193801879883
192 11.17606258392334 -61.69858932495117
193 10.952774047851562 -61.43915939331055
194 10.854753494262695 -61.2921142578125
195 10.720261573791504 -60.938777923583984
196 10.608674049377441 -60.5455322265625
197 10.48386287689209 -59.83757400512695
198 10.271254539489746 -59.53596115112305
199 9.872328758239746 -59.064083099365234
200 9.617036819458008 -58.999900817871094
201 9.301846504211426 -59.13529586791992
202 9.028221130371094 -59.47327423095703
203 8.905794143676758 -59.749202728271484
204 8.860825538635254 -59.991355895996094
205 8.810523986816406 -60.62753677368164
206 8.819185256958008 -61.04470443725586
207 8.80780029296875 -61.550537109375
208 8.749305725097656 -62.07898712158203
209 8.724906921386719 -62.31005859375
210 8.706879615783691 -62.47367477416992
211 8.568196296691895 -62.9737663269043
212 8.425252914428711 -63.42802429199219
213 8.013348579406738 -64.0820541381836
214 7.8855695724487305 -64.22024536132812
215 7.584332466125488 -64.57328796386719
216 7.158472537994385 -64.98439025878906
217 6.824206829071045 -65.09012603759766
218 6.329403400421143 -65.27587890625
219 6.103600978851318 -65.35487365722656
220 5.540518283843994 -65.4223861694336
221 5.244451999664307 -65.32986450195312
222 5.10366153717041 -65.01360321044922
223 5.056682109832764 -64.65284729003906
224 7.982940196990967 -58.13356399536133
225 8.1066255569458 -57.85289001464844
226 8.260643005371094 -57.56943893432617
227 8.420267105102539 -57.35800552368164
228 8.689643859863281 -57.125972747802734
229 9.199191093444824 -56.99211502075195
230 9.425138473510742 -56.973228454589844
231 9.704680442810059 -56.93065643310547
232 10.143280029296875 -56.794986724853516
233 10.478004455566406 -56.61614990234375
234 10.722091674804688 -56.40529251098633
235 10.950599670410156 -56.181819915771484
236 11.105865478515625 -56.05082321166992
237 11.278512001037598 -55.60206985473633
238 11.354023933410645 -55.29093933105469
239 11.503249168395996 -55.30816650390625
240 12.061079025268555 -55.31931686401367
241 12.377854347229004 -55.310546875
242 12.766220092773438 -55.257625579833984
243 13.191289901733398 -55.171142578125
244 13.496328353881836 -55.09191131591797
245 14.011707305908203 -54.8836669921875
246 14.541152954101562 -54.6529426574707
247 14.814977645874023 -54.466552734375
248 15.211262702941895 -54.016944885253906
249 15.437230110168457 -53.617759704589844
250 15.505925178527832 -53.19108963012695
251 15.564748764038086 -52.86650848388672
252 15.283967018127441 -52.68194580078125
253 14.877782821655273 -52.51710510253906
254 14.198726654052734 -52.3640251159668
255 13.648171424865723 -52.43635940551758
256 13.165608406066895 -52.538230895996094
257 12.57199478149414 -52.638763427734375
258 12.189408302307129 -52.62884521484375
259 11.756309509277344 -52.512027740478516
260 11.331235885620117 -52.399757385253906
261 11.110099792480469 -52.18451690673828
262 10.812686920166016 -51.815181732177734
263 10.440890312194824 -51.46345138549805
264 9.963154792785645 -51.2628059387207
265 9.604874610900879 -51.24631881713867
266 9.289743423461914 -51.58613586425781
267 9.148694038391113 -51.89326477050781
268 9.087611198425293 -52.25199890136719
269 9.017500877380371 -52.69707107543945
270 8.980956077575684 -52.89968490600586
271 8.926814079284668 -53.11374282836914
272 8.902063369750977 -53.36428451538086
273 8.83106803894043 -54.014892578125
274 8.737378120422363 -54.484493255615234
275 8.63228702545166 -54.8812141418457
276 8.540458679199219 -55.04927444458008
277 -0.6613194346427917 -66.08782196044922
278 -0.7324339747428894 -66.27571105957031
279 -1.0178992748260498 -66.84523010253906
280 -1.0879496335983276 -67.17713165283203
281 -1.0948295593261719 -67.4079818725586
282 -1.0056389570236206 -67.72866821289062
283 -0.7568686008453369 -68.17050170898438
284 -0.4689474403858185 -68.400390625
285 -0.3414054214954376 -68.44799041748047
286 -0.11957507580518723 -68.52658081054688
287 0.2506433129310608 -68.75922393798828
288 0.6696949601173401 -69.06404876708984
289 0.8731362819671631 -69.26934814453125
290 5.991451263427734 -79.02483367919922
291 6.064244747161865 -79.12437438964844
292 6.256639003753662 -79.34892272949219
293 6.615109920501709 -79.5962142944336
294 6.878010272979736 -79.73123168945312
295 7.259076118469238 -79.76288604736328
296 7.5735063552856445 -79.8019027709961
297 7.720792770385742 -79.54545593261719
298 7.77630090713501 -79.38833618164062
299 8.08127498626709 -78.73148345947266
300 8.19471263885498 -78.43929290771484
301 8.14822769165039 -77.93927764892578
302 7.982246398925781 -77.69332122802734
303 7.711441993713379 -77.47293090820312
304 7.402716636657715 -77.34890747070312
305 6.913079261779785 -77.24860382080078
306 6.772061824798584 -77.19005584716797
307 6.569653511047363 -77.0888671875
308 6.363147258758545 -76.827392578125
309 6.328158855438232 -76.47071838378906
310 6.572088241577148 -76.17540740966797
311 6.936707496643066 -75.70404052734375
312 7.048802852630615 -75.38106536865234
313 4.239137649536133 -63.1140251159668
314 4.1724443435668945 -62.85562515258789
315 4.031134605407715 -62.55934524536133
316 3.86702036857605 -62.09993362426758
317 3.726518154144287 -61.583351135253906
318 3.639958143234253 -61.10689163208008
319 3.7053780555725098 -60.8140983581543
320 3.8996541500091553 -60.571876525878906
321 4.302038192749023 -60.2843132019043
322 4.7495222091674805 -60.02073287963867
323 5.098899841308594 -59.94498825073242
324 5.745288848876953 -60.04862594604492
325 6.027798652648926 -60.190162658691406
326 6.4708051681518555 -60.50226974487305
327 6.586167335510254 -60.773990631103516
328 6.592379093170166 -61.11992263793945
329 6.431801795959473 -61.52618408203125
330 6.290467262268066 -61.74930191040039
331 6.163691520690918 -61.99559783935547
332 5.956801414489746 -62.5574836730957
333 5.93349552154541 -62.97303771972656
334 6.033980369567871 -63.33574676513672
335 6.236352920532227 -63.558013916015625
336 6.4000349044799805 -63.67280578613281
337 9.88254451751709 -67.94316864013672
338 9.98917293548584 -68.1882095336914
339 10.1519193649292 -68.43695831298828
340 10.394285202026367 -68.73750305175781
341 10.614543914794922 -69.15543365478516
342 10.76310920715332 -69.76903533935547
343 10.849922180175781 -70.27123260498047
344 10.932365417480469 -70.68889617919922
345 11.132946014404297 -71.4581298828125
346 11.234715461730957 -71.80387878417969
347 11.28586483001709 -72.3647689819336
348 11.197809219360352 -72.75931549072266
349 11.062448501586914 -73.02018737792969
350 10.805723190307617 -73.32723236083984
351 10.4580717086792 -73.81906127929688
352 10.443246841430664 -74.06883239746094
353 10.610251426696777 -74.2877426147461
354 10.949630737304688 -74.38404846191406
355 11.241673469543457 -74.43684387207031
356 11.649274826049805 -74.4891128540039
357 12.164183616638184 -74.55638885498047
358 12.36732292175293 -74.67018127441406
359 12.70751953125 -74.85818481445312
360 12.8817138671875 -75.00997924804688
361 13.083369255065918 -75.2213363647461
362 13.341459274291992 -75.47848510742188
363 13.626657485961914 -75.65117645263672
364 13.836295127868652 -75.81552124023438
365 14.22308349609375 -76.11167907714844
366 14.88565731048584 -76.40483093261719
367 15.204532623291016 -76.45850372314453
368 15.411230087280273 -76.44915008544922
369 15.871648788452148 -76.3890380859375
370 17.058513641357422 -76.05520629882812
371 17.24014663696289 -75.99649047851562
372 17.367252349853516 -75.78363037109375
373 17.422828674316406 -75.49169921875
374 17.325586318969727 -75.09412384033203
375 17.06661033630371 -74.71920776367188
376 16.808034896850586 -74.55972290039062
377 16.42884063720703 -74.37022399902344
378 15.99952220916748 -74.13726806640625
379 15.805996894836426 -73.86810302734375
380 15.693477630615234 -73.68313598632812
381 15.85265827178955 -73.12740325927734
382 16.22776222229004 -72.6130142211914
383 16.45608901977539 -72.51435089111328
384 16.524608612060547 -72.54782104492188
385 16.984861373901367 -78.17070007324219
386 17.02605628967285 -78.31558990478516
387 17.047143936157227 -78.62316131591797
388 16.98539924621582 -78.9718246459961
389 16.851335525512695 -79.34642791748047
390 16.678268432617188 -79.6004409790039
391 16.355632781982422 -79.95008087158203
392 16.069597244262695 -80.09759521484375
393 15.787774085998535 -80.1786880493164
394 15.269238471984863 -80.31511688232422
395 10.653498649597168 -80.4411392211914
396 10.472580909729004 -80.37348937988281
397 10.14503002166748 -80.04719543457031
398 9.869747161865234 -79.79301452636719
399 9.746878623962402 -79.59474182128906
400 9.140265464782715 -66.83464050292969
401 9.118395805358887 -66.57886505126953
402 9.15112590789795 -66.14759826660156
403 9.263321876525879 -65.5745849609375
404 9.520547866821289 -65.0765151977539
405 9.791106224060059 -64.78482818603516
406 10.225462913513184 -64.43938446044922
407 10.422761917114258 -64.33505249023438
408 10.651141166687012 -64.2750473022461
409 11.33996868133545 -64.17224884033203
410 11.760695457458496 -64.2625503540039
411 12.157811164855957 -64.36685943603516
412 12.323431968688965 -64.49734497070312
413 12.299365043640137 -64.77186584472656
414 12.301359176635742 -65.27883911132812
415 12.299670219421387 -65.58121490478516
416 12.176833152770996 -65.80729675292969
417 12.06137752532959 -66.17262268066406
418 11.930973052978516 -66.4770736694336
419 11.769073486328125 -66.93608093261719
420 11.748517036437988 -67.1511001586914
421 13.082133293151855 -71.48867797851562
422 13.159682273864746 -71.74222564697266
423 13.323030471801758 -71.94996643066406
424 13.43266773223877 -72.26789093017578
425 13.41493034362793 -72.56359100341797
426 13.2883882522583 -73.01498413085938
427 13.098586082458496 -73.36322021484375
428 11.046807289123535 -76.01105499267578
429 10.844901084899902 -76.21696472167969
430 10.6417875289917 -76.40119171142578
431 10.455741882324219 -76.6280288696289
432 10.155353546142578 -77.53169250488281
433 10.139671325683594 -77.74442291259766
434 10.274149894714355 -77.85131072998047
435 10.611824035644531 -77.9299087524414
436 11.389448165893555 -77.87954711914062
437 11.69767951965332 -77.84503173828125
438 11.921189308166504 -77.92253875732422
439 12.067099571228027 -78.08589935302734
440 12.252985954284668 -78.49554443359375
441 12.377903938293457 -78.88858795166016
442 12.567041397094727 -79.14874267578125
443 12.981317520141602 -79.18087005615234
444 13.408809661865234 -79.07109069824219
445 13.811636924743652 -78.94527435302734
446 14.280844688415527 -78.72693634033203
447 14.488611221313477 -78.54974365234375
448 14.490800857543945 -78.43132019042969
449 6.790651798248291 -68.786865234375
450 6.7677106857299805 -68.6156234741211
451 6.763351917266846 -68.50257110595703
452 6.753368377685547 -68.02794647216797
453 6.778128147125244 -67.64280700683594
454 6.852575302124023 -67.40483093261719
455 7.177764415740967 -67.22348022460938
456 7.5278191566467285 -67.05845642089844
457 7.781553268432617 -66.91729736328125
458 14.744296073913574 -58.198699951171875
459 14.945049285888672 -57.90711212158203
460 15.226318359375 -57.64441680908203
461 15.487001419067383 -57.43525695800781
462 15.862627983093262 -57.286197662353516
463 16.11515998840332 -57.27234649658203
464 16.363813400268555 -57.337440490722656
465 21.692514419555664 -68.89195251464844
466 21.69561004638672 -69.11524200439453
467 21.6319580078125 -69.45327758789062
468 21.51009178161621 -69.70671844482422
469 21.271833419799805 -70.14293670654297
470 21.20597267150879 -70.27745056152344
471 -2.050527811050415 -71.6644058227539
472 -2.061645269393921 -71.93180084228516
473 -2.110429286956787 -72.42062377929688
474 -2.0307321548461914 -72.56919860839844
475 -1.7466552257537842 -72.66482543945312
476 -1.370131492614746 -72.8736801147461
477 -1.1596721410751343 -73.25941467285156
478 -1.0090372562408447 -73.81481170654297
479 -0.8495016694068909 -74.05707550048828
480 -0.6216806769371033 -74.1789321899414
481 -0.10984322428703308 -74.12355041503906
482 0.12970741093158722 -74.04283905029297
483 0.42241010069847107 -73.66384887695312
484 0.6012133955955505 -73.37782287597656
485 0.6512894630432129 -73.17613220214844
486 0.6921743154525757 -72.94335174560547
487 0.6974703073501587 -72.5964584350586
488 0.38745009899139404 -71.44540405273438
489 0.2283654361963272 -71.01249694824219
490 -0.10642539709806442 -70.75749206542969
491 -0.30636778473854065 -70.8215560913086
492 -0.6430168151855469 -70.99922943115234
493 -0.7920939326286316 -71.25035858154297
494 -2.6749207973480225 -74.66124725341797
495 -2.7769417762756348 -74.83815002441406
496 -2.8845391273498535 -75.07273864746094
497 -3.0002825260162354 -75.29646301269531
498 -3.422685146331787 -75.84843444824219
499 -3.65212082862854 -75.99115753173828
500 -4.031571388244629 -75.95933532714844
501 -4.4060378074646 -75.92774963378906
502 -4.546005725860596 -75.76473999023438
503 -4.571115493774414 -75.44049072265625
504 -4.623752117156982 -74.86585998535156
505 -4.632615089416504 -74.30317687988281
506 -4.547836780548096 -73.99151611328125
507 -4.467065811157227 -73.62090301513672
508 -4.425169944763184 -72.74708557128906
509 -4.510344982147217 -72.28382873535156
510 -4.60274076461792 -72.09976196289062
511 -4.745864391326904 -71.72196960449219
512 -4.919676303863525 -71.26963806152344
513 -4.98796272277832 -71.0081787109375
514 -4.938594818115234 -70.78717803955078
515 -4.867264747619629 -70.61600494384766
516 -4.371622562408447 -70.2742919921875
517 -4.174056053161621 -70.1578598022461
518 -3.4423747062683105 -69.82563781738281
519 -3.1847620010375977 -69.66397857666016
520 -2.911491870880127 -69.65467834472656
521 -2.676931142807007 -69.68281555175781
522 -2.361280918121338 -69.78154754638672
523 1.3863459825515747 -70.8160629272461
524 1.6712678670883179 -71.02899932861328
525 2.041942834854126 -71.2801284790039
526 2.250978469848633 -71.30896759033203
527 2.422647476196289 -71.25330352783203
528 2.716387987136841 -70.82228088378906
529 2.8810925483703613 -70.3355941772461
530 2.963113784790039 -69.99339294433594
531 3.168396472930908 -69.63807678222656
532 3.282595157623291 -69.40973663330078
533 3.4213056564331055 -66.68621063232422
534 3.394890546798706 -66.51933288574219
535 3.328631639480591 -66.19159698486328
536 3.2247753143310547 -65.92904663085938
537 3.0414836406707764 -65.6302261352539
538 2.864447593688965 -65.39722442626953
539 -1.4625250101089478 -53.894134521484375
540 -1.4611361026763916 -53.7476692199707
541 -1.4226369857788086 -53.58365249633789
542 -1.3390328884124756 -53.1795768737793
543 -1.3494006395339966 -52.42340087890625
544 -1.4409973621368408 -51.93798828125
545 -1.5552210807800293 -51.401302337646484
546 -1.5746009349822998 -51.20232009887695
547 -1.61043119430542 -50.95396041870117
548 4.981177806854248 -72.6668472290039
549 4.858841896057129 -72.72991180419922
550 4.579336643218994 -72.79854583740234
551 4.261640548706055 -72.74346160888672
552 3.9493372440338135 -72.54911041259766
553 3.62697172164917 -72.46967315673828
554 3.2889578342437744 -72.60401916503906
555 2.98555588722229 -72.93724060058594
556 2.5883498191833496 -73.47828674316406
557 2.5533792972564697 -73.44062042236328
558 2.5096828937530518 -73.28008270263672
559 -2.4306375980377197 -64.5780029296875
560 -2.2982020378112793 -64.32504272460938
561 -2.0942766666412354 -64.12008666992188
562 -1.7322806119918823 -63.909767150878906
563 -1.3564032316207886 -63.657508850097656
564 -0.9673551917076111 -63.475257873535156
565 -0.6408520936965942 -63.445987701416016
566 -0.19419458508491516 -63.546871185302734
567 0.028373904526233673 -63.66575241088867
568 0.43726640939712524 -63.92680740356445
569 0.8231687545776367 -64.23356628417969
570 0.9898315072059631 -64.60040283203125
571 1.002297043800354 -64.90375518798828
572 0.9290503859519958 -64.96180725097656
573 -4.335111141204834 -59.7101936340332
574 -4.549412727355957 -59.29558563232422
575 -4.6505022048950195 -59.040985107421875
576 -4.415863037109375 -58.8757209777832
577 -4.138328552246094 -58.74846649169922
578 -3.7138075828552246 -58.60035705566406
579 -3.1912319660186768 -58.40640640258789
580 -2.751521587371826 -58.18315505981445
581 -2.422478199005127 -57.881263732910156
582 -1.9833478927612305 -57.195064544677734
583 -1.8566805124282837 -56.91682815551758
584 -1.6762505769729614 -56.54890060424805
585 -1.5735819339752197 -56.408653259277344
586 -4.03614616394043 -84.33909606933594
587 -3.8584916591644287 -84.52091217041016
588 -3.6073663234710693 -84.72384643554688
589 -3.3674046993255615 -84.8927001953125
590 -3.0557498931884766 -85.11386108398438
591 -2.648540496826172 -85.50944519042969
592 -2.3875491619110107 -85.902587890625
593 -2.240633964538574 -86.17036437988281
594 -2.048837423324585 -86.45393371582031
595 -1.7742853164672852 -86.71578979492188
596 -1.3796226978302002 -86.97888946533203
597 -0.594916582107544 -87.27881622314453
598 -0.07741672545671463 -87.40835571289062
599 0.46480926871299744 -87.49058532714844
600 0.8035680055618286 -87.478759765625
601 1.1684077978134155 -87.4068374633789
602 1.6945003271102905 -87.20508575439453
603 1.9904035329818726 -87.10615539550781
604 2.4031641483306885 -87.02275848388672
605 2.7357757091522217 -86.90481567382812
606 3.0494191646575928 -86.77413940429688
607 3.3144142627716064 -86.62714385986328
608 8.960121154785156 -75.68955993652344
609 9.015534400939941 -75.43539428710938
610 8.994087219238281 -75.07585144042969
611 8.95276927947998 -74.71752166748047
612 8.86525821685791 -74.4468994140625
613 8.643172264099121 -73.99736785888672
614 8.557280540466309 -73.91126251220703
615 -1.5028289556503296 -81.65372467041016
616 -1.6482293605804443 -81.49629211425781
617 -1.7934881448745728 -81.28913116455078
618 -1.9004402160644531 -80.96488189697266
619 -1.9102908372879028 -80.27198791503906
620 -1.8640527725219727 -79.8138656616211
621 -1.8317352533340454 -79.46781921386719
622 -1.8956414461135864 -79.27761840820312
623 -2.0281078815460205 -79.12574005126953
624 -3.2804229259490967 -79.1778793334961
625 -3.5817391872406006 -79.27061462402344
626 -3.9496424198150635 -79.4439697265625
627 -4.171939373016357 -79.45499420166016
628 -4.624903202056885 -79.4089126586914
629 -4.9617767333984375 -79.2274398803711
630 -5.657364368438721 -78.93224334716797
631 -6.067657470703125 -78.80372619628906
632 -6.459661483764648 -78.58377075195312
633 -6.733205318450928 -78.40747833251953
634 -7.0483293533325195 -78.16207122802734
635 -7.423952579498291 -77.82125854492188
636 -7.679101943969727 -77.49557495117188
637 -7.8785223960876465 -77.164306640625
638 -8.162918090820312 -76.64622497558594
639 -8.32593822479248 -76.26555633544922
640 -8.669638633728027 -75.31262969970703
641 -8.799975395202637 -74.97975158691406
642 -8.969801902770996 -74.59060668945312
643 -9.06988525390625 -74.23712921142578
644 -9.26263427734375 -73.53438568115234
645 -9.323766708374023 -73.24876403808594
646 -9.364582061767578 -72.79969787597656
647 -9.360913276672363 -72.38373565673828
648 -9.296774864196777 -71.96562957763672
649 -9.159823417663574 -71.68534088134766
650 -8.917337417602539 -71.2943115234375
651 -8.79735279083252 -71.0029067993164
652 -8.64377212524414 -70.40015411376953
653 -8.595521926879883 -69.82577514648438
654 -8.531253814697266 -69.17717742919922
655 -8.4100923538208 -68.41004943847656
656 -8.312651634216309 -68.14010620117188
657 -8.160306930541992 -67.81808471679688
658 -7.956697463989258 -67.4574203491211
659 -7.645968914031982 -66.89498901367188
660 -7.496936321258545 -66.64114379882812
661 -7.2796101570129395 -66.3560562133789
662 -7.07343864440918 -66.2000961303711
663 -6.867924213409424 -66.04159545898438
664 -6.437532424926758 -65.53425598144531
665 -5.870397090911865 -64.80428314208984
666 -5.603471279144287 -64.52075958251953
667 -5.4062700271606445 -64.3254165649414
668 -4.9657769203186035 -63.868892669677734
669 -4.706110000610352 -63.57790756225586
670 -4.389756202697754 -63.17727279663086
671 -4.053191184997559 -62.633121490478516
672 -3.9144203662872314 -62.43593215942383
673 -3.7479095458984375 -62.27225875854492
674 -2.694545269012451 -61.42931365966797
675 -2.378934860229492 -61.21898651123047
676 -2.1061887741088867 -61.10017776489258
677 -1.8055351972579956 -61.094810485839844
678 -1.5210012197494507 -61.156700134277344
679 2.5929811000823975 -63.568931579589844
680 2.6727395057678223 -63.66506576538086
681 2.7864644527435303 -63.655303955078125
682 8.599313735961914 -69.17027282714844
683 8.685129165649414 -69.39208984375
684 8.777619361877441 -69.72200012207031
685 8.897394180297852 -70.21722412109375
686 9.000018119812012 -70.63258361816406
687 9.017498970031738 -71.24076080322266
688 8.861889839172363 -71.29733276367188
689 7.956243991851807 -71.22217559814453
690 7.598421096801758 -71.19603729248047
691 7.31776237487793 -71.18688201904297
692 6.966296672821045 -71.20802307128906
693 6.76128625869751 -71.23228454589844
694 6.644024848937988 -71.1540756225586
695 6.092642307281494 -71.03080749511719
696 5.719001770019531 -71.1380844116211
697 5.384142875671387 -71.27974700927734
698 5.149966716766357 -71.24179077148438
699 4.937684059143066 -71.05162048339844
700 4.605170249938965 -70.51184844970703
701 4.625483512878418 -70.23260498046875
702 4.881906032562256 -69.77080535888672
703 5.032381057739258 -69.64713287353516
704 15.138137817382812 -61.00105667114258
705 15.298362731933594 -60.72620391845703
706 15.511358261108398 -60.417991638183594
707 15.69019889831543 -60.32508087158203
708 16.36130142211914 -60.466217041015625
709 17.19782066345215 -60.7007942199707
710 17.504859924316406 -60.85845184326172
711 17.78667449951172 -61.01841354370117
712 17.894493103027344 -61.240394592285156
713 17.943187713623047 -61.49724197387695
714 17.836341857910156 -61.88274002075195
715 17.411935806274414 -62.629783630371094
716 17.167171478271484 -63.05278778076172
717 16.96242904663086 -63.334312438964844
718 16.716283798217773 -63.619876861572266
719 16.510826110839844 -63.74467849731445
720 16.126205444335938 -63.82663345336914
721 15.764431953430176 -63.843910217285156
722 15.271815299987793 -63.747196197509766
723 15.108563423156738 -63.80817794799805
724 14.902833938598633 -63.88888168334961
725 14.577320098876953 -63.886329650878906
726 3.9500484466552734 -52.28192901611328
727 3.8824920654296875 -52.17755889892578
728 3.7808420658111572 -52.039756774902344
729 3.5682027339935303 -51.7743034362793
730 3.4075303077697754 -51.43891906738281
731 3.2362141609191895 -51.0351676940918
732 3.3604469299316406 -50.660865783691406
733 3.6089439392089844 -50.39422607421875
734 3.927773952484131 -50.11058807373047
735 4.414599895477295 -49.90920639038086
736 4.813013076782227 -49.847843170166016
737 5.214346408843994 -49.89784240722656
738 5.3591084480285645 -49.98158264160156
739 5.629068851470947 -50.241127014160156
740 5.890844345092773 -50.692874908447266
741 6.071288585662842 -51.098453521728516
742 6.18501091003418 -51.42692947387695
743 6.324347972869873 -51.93318557739258
744 6.4137492179870605 -52.370452880859375
745 6.434566497802734 -52.883262634277344
746 6.43781852722168 -53.36301803588867
747 6.416007041931152 -53.6600456237793
748 5.862612724304199 -57.758087158203125
749 5.792745113372803 -57.91669845581055
750 5.5236287117004395 -58.09360885620117
751 5.047273635864258 -58.31806945800781
752 4.499322891235352 -58.48353958129883
753 3.9841678142547607 -58.568702697753906
754 3.4804444313049316 -58.54573059082031
755 3.202188491821289 -58.439109802246094
756 2.8958489894866943 -58.31404113769531
757 2.616004228591919 -58.156219482421875
758 1.9543192386627197 -57.57791519165039
759 1.655772089958191 -57.43821716308594
760 1.3621355295181274 -57.46240997314453
761 1.1839972734451294 -57.55580520629883
762 1.0076249837875366 -57.735042572021484
763 0.7969350218772888 -58.321754455566406
764 0.6158928871154785 -58.856224060058594
765 0.5448861122131348 -59.07846450805664
766 0.5071976184844971 -59.35496139526367
767 0.5598888993263245 -59.879669189453125
768 0.649571418762207 -60.29943084716797
769 0.7786349058151245 -60.700523376464844
770 0.9754634499549866 -61.01000213623047
771 1.3483272790908813 -61.482017517089844
772 1.4905099868774414 -61.81516647338867
773 1.53278386592865 -62.09048080444336
774 1.5343526601791382 -62.25493240356445
775 1.8466538190841675 -75.35273742675781
776 1.748666524887085 -75.71517944335938
777 1.6517183780670166 -76.09255981445312
778 1.597776174545288 -76.4001235961914
779 1.4761478900909424 -77.02303314208984
780 1.3843544721603394 -77.32461547851562
781 1.2192072868347168 -77.82596588134766
782 0.8513927459716797 -78.53280639648438
783 0.731282114982605 -78.65642547607422
784 0.4682983160018921 -78.5909423828125
785 0.22045813500881195 -78.4195327758789
786 -0.10048159211874008 -77.93598937988281
787 -0.2611205577850342 -77.71766662597656
788 -0.5255215764045715 -77.19828033447266
789 -0.64934903383255 -76.9213638305664
790 -0.7213401198387146 -76.57330322265625
791 -0.6785843372344971 -76.32918548583984
792 -0.6270310878753662 -75.94375610351562
793 -0.6044523119926453 -75.8154525756836
794 10.442073822021484 -88.119873046875
795 10.577760696411133 -88.06316375732422
796 10.813176155090332 -87.90556335449219
797 11.26345157623291 -87.55738830566406
798 11.590200424194336 -87.31419372558594
799 11.857954025268555 -87.348876953125
800 12.171520233154297 -87.66770935058594
801 12.395474433898926 -87.95921325683594
802 12.643611907958984 -88.2966537475586
803 12.88699722290039 -88.54254913330078
804 13.567656517028809 -89.11153411865234
805 13.910117149353027 -89.25679779052734
806 14.355493545532227 -89.3023681640625
807 14.663739204406738 -89.22695922851562
808 15.011337280273438 -88.95775604248047
809 15.276161193847656 -88.48001098632812
810 15.450119972229004 -87.92700958251953
811 15.581273078918457 -87.4016342163086
812 15.635380744934082 -87.07566833496094
813 15.678215026855469 -86.70478057861328
814 15.60660171508789 -86.38236236572266
815 15.457353591918945 -86.09493255615234
816 15.329639434814453 -85.83060455322266
817 15.183465957641602 -85.52217864990234
818 14.982604026794434 -85.00311279296875
819 14.952058792114258 -84.36876678466797
820 14.9917573928833 -84.04553985595703
821 15.02244758605957 -83.5343246459961
822 14.995319366455078 -83.1526870727539
823 14.904976844787598 -82.76510620117188
824 14.808867454528809 -82.60464477539062
825 14.621766090393066 -82.48412322998047
826 14.361088752746582 -82.45690155029297
827 13.730646133422852 -82.1420669555664
828 13.378110885620117 -81.88811492919922
829 13.173287391662598 -81.74760437011719
830 12.767989158630371 -81.46560668945312
831 12.3847017288208 -81.29913330078125
832 12.219185829162598 -81.19355010986328
833 18.0164737701416 -58.790069580078125
834 18.156822204589844 -58.7515983581543
835 18.651607513427734 -58.722904205322266
836 19.023771286010742 -58.62783432006836
837 19.359695434570312 -58.54970169067383
838 19.694570541381836 -58.318565368652344
839 20.157493591308594 -57.89269256591797
840 20.286773681640625 -57.715511322021484
841 20.32107925415039 -57.6602897644043
842 2.8151166439056396 -78.71598052978516
843 2.9008893966674805 -78.78126525878906
844 3.018158435821533 -78.80609130859375
845 3.586710214614868 -78.64706420898438
846 3.7501018047332764 -78.42694091796875
847 3.8385720252990723 -78.06970977783203
848 3.8648602962493896 -77.9371337890625
849 3.8878121376037598 -77.66482543945312
850 3.825211763381958 -76.74925994873047
851 3.7930705547332764 -76.53629302978516
852 3.796156644821167 -76.27216339111328
853 3.8041086196899414 -75.97525024414062
854 3.807441234588623 -75.73400115966797
855 4.064189910888672 -75.13904571533203
856 4.167837142944336 -75.0264892578125
857 4.443326950073242 -74.79824829101562
858 4.774786472320557 -74.635498046875
859 5.130855083465576 -74.49298095703125
860 5.569005489349365 -74.26107025146484
861 6.003992557525635 -74.07536315917969
862 6.565503120422363 -73.88458251953125
863 6.840632438659668 -73.73865509033203
864 7.057972431182861 -73.6280746459961
865 7.166272163391113 -73.57073974609375
866 17.871328353881836 -82.65389251708984
867 18.144302368164062 -82.58338165283203
868 18.3057918548584 -82.49449157714844
869 18.623750686645508 -82.20462799072266
870 18.916728973388672 -81.85274505615234
871 19.371572494506836 -81.20646667480469
872 19.79278564453125 -80.73869323730469
873 20.186500549316406 -80.4949722290039
874 20.415822982788086 -80.33203887939453
875 20.527284622192383 -80.26049041748047
876 20.72591209411621 -79.92317962646484
877 20.913454055786133 -79.63642120361328
878 21.002092361450195 -79.41747283935547
879 21.215343475341797 -78.93498992919922
880 21.41203498840332 -78.39657592773438
881 21.52027702331543 -78.1008529663086
882 21.817760467529297 -77.70759582519531
883 22.35498809814453 -77.52560424804688
884 22.70897102355957 -77.58489227294922
885 22.954307556152344 -77.702880859375
886 23.34210777282715 -77.96110534667969
887 23.779184341430664 -78.3378677368164
888 24.32687759399414 -78.81270599365234
889 24.521305084228516 -78.97055053710938
890 24.957502365112305 -79.09632110595703
891 25.596221923828125 -79.28094482421875
892 25.820785522460938 -79.30303192138672
893 25.979570388793945 -79.26750183105469
894 26.27287483215332 -79.18455505371094
895 26.49341583251953 -79.12167358398438
896 27.213571548461914 -78.70287322998047
897 27.74152374267578 -78.38533782958984
898 28.063827514648438 -78.17523956298828
899 28.330224990844727 -77.945556640625
900 28.395357131958008 -77.73287200927734
901 28.362977981567383 -77.41230773925781
902 28.2687931060791 -76.89569854736328
903 28.181150436401367 -76.45679473876953
904 28.135765075683594 -76.2879867553711
905 27.99984359741211 -75.94309997558594
906 27.782472610473633 -75.46688842773438
907 27.17877960205078 -74.29601287841797
908 26.99446678161621 -73.96426391601562
909 26.859073638916016 -73.66666412353516
910 26.635637283325195 -73.37309265136719
911 26.26218605041504 -73.1001968383789
912 25.356773376464844 -72.37277221679688
913 25.173185348510742 -72.24803924560547
914 24.883981704711914 -72.03910827636719
915 24.297334671020508 -71.64815521240234
916 23.719432830810547 -71.28101348876953
917 23.40182113647461 -71.08653259277344
918 23.163326263427734 -71.00717163085938
919 9.156076431274414 -81.35640716552734
920 9.043611526489258 -81.57864379882812
921 8.903590202331543 -81.71256256103516
922 8.57377815246582 -81.97224426269531
923 6.908292293548584 -84.2794189453125
924 6.694068431854248 -84.69392395019531
925 6.6500420570373535 -84.99854278564453
926 6.644798755645752 -85.23344421386719
927 6.721482276916504 -85.76374053955078
928 6.900763034820557 -86.32657623291016
929 7.1817097663879395 -86.72801208496094
930 7.603398323059082 -87.12675476074219
931 7.84722900390625 -87.33969116210938
932 7.9199066162109375 -87.36590576171875
933 19.477312088012695 -68.51895904541016
934 19.300567626953125 -68.51774597167969
935 18.99978256225586 -68.51587677001953
936 18.63037109375 -68.54197692871094
937 18.014633178710938 -68.52194213867188
938 17.854618072509766 -68.56893920898438
939 17.56009292602539 -68.76856231689453
940 17.17913055419922 -69.06682586669922
941 16.923686981201172 -69.30868530273438
942 16.821334838867188 -69.50122833251953
943 16.61458396911621 -69.92874908447266
944 16.382566452026367 -70.15825653076172
945 15.997419357299805 -70.26741790771484
946 15.697239875793457 -70.30917358398438
947 15.535163879394531 -70.31062316894531
948 15.310344696044922 -70.3692398071289
949 15.023711204528809 -70.3993911743164
950 14.53232192993164 -70.26338958740234
951 14.050069808959961 -70.07850646972656
952 13.335098266601562 -70.02124786376953
953 13.065471649169922 -69.9826889038086
954 12.768144607543945 -69.9552230834961
955 12.534806251525879 -69.71571350097656
956 12.552166938781738 -69.41378021240234
957 12.663257598876953 -69.14030456542969
958 12.903903007507324 -68.81343841552734
959 13.103981018066406 -68.49490356445312
960 13.50968074798584 -67.8729019165039
961 13.764825820922852 -67.45035552978516
962 13.99773120880127 -66.9483413696289
963 14.149391174316406 -66.58840942382812
964 14.38829231262207 -66.43905639648438
965 14.609663963317871 -66.36521911621094
966 14.84553050994873 -66.30977630615234
967 15.294583320617676 -66.246337890625
968 15.61179256439209 -66.18936157226562
969 15.806665420532227 -66.1711196899414
970 16.02852439880371 -66.13743591308594
971 16.225784301757812 -66.17310333251953
972 22.220792770385742 -66.73831939697266
973 22.40433120727539 -66.78755950927734
974 22.693923950195312 -66.88255310058594
975 23.415220260620117 -67.14939880371094
976 23.896886825561523 -67.29627990722656
977 24.160953521728516 -67.36849975585938
978 24.468875885009766 -67.40467071533203
979 24.987712860107422 -67.26036834716797
980 25.46782875061035 -67.16301727294922
981 25.926652908325195 -66.97482299804688
982 26.340829849243164 -66.77188110351562
983 26.49681282043457 -66.62855529785156
984 26.720928192138672 -66.21874237060547
985 26.784852981567383 -65.9411849975586
986 26.779743194580078 -65.67701721191406
987 26.574501037597656 -65.35546112060547
988 26.261417388916016 -65.03732299804688
989 25.951623916625977 -64.8475570678711
990 25.035152435302734 -64.40904235839844
991 24.955398559570312 -64.21345520019531
992 25.013235092163086 -63.94530487060547
993 25.03154754638672 -63.67009735107422
994 25.08982276916504 -63.426910400390625
995 25.489694595336914 -62.92044448852539
996 25.75242805480957 -62.6175422668457
997 26.135072708129883 -62.15361785888672
998 26.210063934326172 -61.97825622558594
999 26.27419662475586 -61.89020919799805
