0 -18.515499114990234 -43.69455337524414
1 -18.456615447998047 -43.71449279785156
2 -18.220571517944336 -43.831722259521484
3 -17.62613868713379 -44.185306549072266
4 -17.34404945373535 -44.38443374633789
5 -17.011043548583984 -44.6655158996582
6 -16.511707305908203 -45.10173416137695
7 -16.156787872314453 -45.453521728515625
8 -15.813692092895508 -45.80819320678711
9 -15.576163291931152 -46.10323715209961
10 -15.431791305541992 -46.43010330200195
11 -15.402798652648926 -46.79397964477539
12 -15.476633071899414 -47.15657424926758
13 -15.65998649597168 -47.607505798339844
14 -15.919018745422363 -48.17365264892578
15 -16.273866653442383 -48.685882568359375
16 -16.5508975982666 -48.90021896362305
17 -17.01764678955078 -49.22509765625
18 -17.518863677978516 -49.603981018066406
19 -17.74959945678711 -49.824913024902344
20 -18.029094696044922 -50.305484771728516
21 -18.257219314575195 -50.772491455078125
22 -18.444265365600586 -51.065345764160156
23 -18.8407039642334 -51.40146255493164
24 -19.34617042541504 -51.77396774291992
25 -19.57442283630371 -51.930362701416016
26 -19.801225662231445 -52.14513397216797
27 -20.085844039916992 -52.53961181640625
28 -20.27965545654297 -52.94493103027344
29 -20.380260467529297 -53.280189514160156
30 -20.462194442749023 -53.45244216918945
31 -20.69426918029785 -53.6247444152832
32 -21.22081184387207 -53.95530700683594
33 -21.74612045288086 -54.23033142089844
34 -21.974632263183594 -54.364418029785156
35 -22.177410125732422 -54.5233039855957
36 -22.26863670349121 -54.6760368347168
37 -27.542749404907227 -68.19136047363281
38 -27.483139038085938 -68.49089050292969
39 -27.353591918945312 -68.95417785644531
40 -27.215194702148438 -69.0732650756836
41 -26.95340919494629 -69.02981567382812
42 -26.495954513549805 -68.82559967041016
43 -25.778305053710938 -68.46007537841797
44 -25.46494483947754 -68.23725891113281
45 -25.29549789428711 -67.83759307861328
46 -25.317543029785156 -67.4596176147461
47 -25.555753707885742 -67.04703521728516
48 -25.768844604492188 -66.80188751220703
49 -26.202743530273438 -66.4045181274414
50 -26.72441291809082 -65.94319152832031
51 -27.116201400756836 -65.6202163696289
52 -27.43393898010254 -65.25540924072266
53 -27.62118911743164 -64.94287109375
54 -27.714820861816406 -64.71687316894531
55 -27.72421646118164 -64.59215545654297
56 -1.2573248147964478 -67.8907470703125
57 -1.0911208391189575 -67.7326889038086
58 -0.8727726936340332 -67.43043518066406
59 -0.6496629118919373 -67.0038833618164
60 -0.437440425157547 -66.49038696289062
61 -0.2270030379295349 -65.92100524902344
62 -0.12843185663223267 -65.55804443359375
63 -0.09318624436855316 -65.20808410644531
64 -0.0815625935792923 -64.78659057617188
65 -0.053902409970760345 -64.15457153320312
66 0.06658850610256195 -63.603065490722656
67 0.1769345998764038 -63.31390380859375
68 0.30265507102012634 -62.894710540771484
69 0.44117456674575806 -62.50408172607422
70 0.6939088702201843 -62.06867599487305
71 0.7590844631195068 -61.693546295166016
72 0.6746044158935547 -61.24546813964844
73 0.5213418006896973 -60.884185791015625
74 0.22267748415470123 -60.596092224121094
75 -0.21047212183475494 -60.348388671875
76 -0.5784003138542175 -60.27409362792969
77 -1.139543056488037 -60.26802444458008
78 -1.4332189559936523 -60.181331634521484
79 -1.7720835208892822 -59.929542541503906
80 -2.0642857551574707 -59.56893539428711
81 -2.238511323928833 -59.117244720458984
82 -2.28135085105896 -58.757179260253906
83 -2.2123398780822754 -58.37160110473633
84 -2.121523141860962 -58.08836364746094
85 -2.031445264816284 -57.80586242675781
86 -22.435436248779297 -96.49898529052734
87 -22.352981567382812 -96.73592376708984
88 -22.232446670532227 -97.06717681884766
89 -22.09916114807129 -97.40715026855469
90 -21.96488380432129 -97.71340942382812
91 -21.821182250976562 -97.9546127319336
92 -21.609254837036133 -98.24959564208984
93 -21.328418731689453 -98.60627746582031
94 -21.165340423583984 -98.77154541015625
95 -20.601816177368164 -99.1682357788086
96 -20.250120162963867 -99.44429779052734
97 -19.885751724243164 -99.80989837646484
98 -19.61894416809082 -100.19685363769531
99 -19.336994171142578 -100.70884704589844
100 -19.144813537597656 -101.18659973144531
101 -19.066986083984375 -101.45841217041016
102 -19.037189483642578 -101.72142791748047
103 -19.037015914916992 -101.97854614257812
104 -19.106300354003906 -102.33528137207031
105 -19.26081085205078 -102.89445495605469
106 -19.32647705078125 -103.0705337524414
107 -44.522560119628906 -82.91149139404297
108 -44.56764221191406 -82.60845947265625
109 -44.65132522583008 -82.309326171875
110 -44.74077224731445 -81.90963745117188
111 -44.73515701293945 -81.58006286621094
112 -44.625938415527344 -81.19361877441406
113 -44.43803024291992 -80.82483673095703
114 -44.162696838378906 -80.36377716064453
115 -44.01118469238281 -80.12519836425781
116 -43.78379440307617 -79.90111541748047
117 -43.553009033203125 -79.70970153808594
118 -43.22800827026367 -79.46288299560547
119 -42.93406677246094 -79.21653747558594
120 -42.53975296020508 -78.93632507324219
121 -42.021820068359375 -78.57676696777344
122 -41.32783126831055 -78.05839538574219
123 -40.985389709472656 -77.80217742919922
124 -40.72549819946289 -77.64533233642578
125 -40.43734359741211 -77.51049041748047
126 -40.16410446166992 -77.38843536376953
127 -33.306522369384766 -74.86062622070312
128 -33.106300354003906 -74.77574920654297
129 -32.84676742553711 -74.53655242919922
130 -32.67184829711914 -74.14435577392578
131 -32.661460876464844 -73.7742919921875
132 -32.876190185546875 -73.33611297607422
133 -33.08213806152344 -73.07438659667969
134 -33.43278503417969 -72.95477294921875
135 -33.99569320678711 -72.82007598876953
136 -34.43205642700195 -72.71634674072266
137 -34.807952880859375 -72.55362701416016
138 -35.1915283203125 -72.34754943847656
139 -35.41996765136719 -72.219482421875
140 -35.60662841796875 -72.07958984375
141 -36.21887969970703 -71.6788330078125
142 -36.82755661010742 -71.2702407836914
143 -37.13206100463867 -71.08605194091797
144 -37.40289306640625 -71.04850006103516
145 -38.22773361206055 -71.29981994628906
146 -38.583091735839844 -71.52771759033203
147 -38.722198486328125 -71.76993560791016
148 -38.82871627807617 -72.11663818359375
149 -38.781517028808594 -72.63714599609375
150 -38.66586685180664 -73.21949768066406
151 -38.4766960144043 -73.91871643066406
152 -38.33934783935547 -74.30535888671875
153 -38.202152252197266 -74.60496520996094
154 -38.05162811279297 -74.88166046142578
155 -37.587379455566406 -75.60150146484375
156 -37.339237213134766 -75.92041778564453
157 -37.070003509521484 -76.18572998046875
158 -36.80099868774414 -76.42040252685547
159 -36.40956497192383 -76.71652221679688
160 -35.7960205078125 -77.03215026855469
161 -35.4911003112793 -77.16075897216797
162 -35.21086502075195 -77.27626037597656
163 -34.94127655029297 -77.33639526367188
164 -8.401061058044434 -69.11028289794922
165 -8.150213241577148 -68.963623046875
166 -7.533902645111084 -68.64056396484375
167 -7.329025745391846 -68.52130889892578
168 -7.10515022277832 -68.3772964477539
169 -6.781632900238037 -68.17102813720703
170 -6.399665832519531 -67.94296264648438
171 -6.0364990234375 -67.69097900390625
172 -5.580984592437744 -67.37872314453125
173 -5.209205627441406 -67.11978912353516
174 -4.981529235839844 -66.83480072021484
175 -4.619577884674072 -66.22769165039062
176 -4.460115432739258 -65.86847686767578
177 -4.484090805053711 -65.66179656982422
178 -4.65767240524292 -65.31900024414062
179 -4.841181755065918 -65.02696228027344
180 -5.012225151062012 -64.80953216552734
181 -5.297496795654297 -64.22364807128906
182 -5.394896984100342 -63.63808822631836
183 -5.411381721496582 -62.902767181396484
184 -5.388363361358643 -62.40592575073242
185 -5.3615264892578125 -62.17506790161133
186 -5.340029239654541 -62.06058120727539
187 -3.3654603958129883 -77.5353775024414
188 -3.504922389984131 -77.53445434570312
189 -3.6631641387939453 -77.5020523071289
190 -4.021472930908203 -77.37077331542969
191 -4.370056629180908 -77.18185424804688
192 -5.0269083976745605 -76.67684936523438
193 -5.271168231964111 -76.44429779052734
194 -5.4449944496154785 -76.24130249023438
195 -5.627055644989014 -75.95918273925781
196 -6.239959239959717 -74.58135986328125
197 -6.321653366088867 -74.36382293701172
198 -6.450770854949951 -73.99784851074219
199 -6.609857559204102 -73.62699890136719
200 -6.779067516326904 -73.33553314208984
201 -6.938028335571289 -73.1186294555664
202 -29.150453567504883 -95.93009948730469
203 -29.26656723022461 -96.0301742553711
204 -29.422513961791992 -96.16825103759766
205 -29.79588508605957 -96.52372741699219
206 -30.180707931518555 -96.9147720336914
207 -30.441394805908203 -97.20106506347656
208 -30.676034927368164 -97.44622802734375
209 -30.881254196166992 -97.6090316772461
210 -31.061704635620117 -97.71253204345703
211 -31.323719024658203 -97.78063201904297
212 -32.455955505371094 -97.94005584716797
213 -32.88914489746094 -97.99152374267578
214 -33.207984924316406 -97.9913558959961
215 -33.667415618896484 -97.87007141113281
216 -34.13071060180664 -97.65129852294922
217 -34.33453369140625 -97.50494384765625
218 -34.529029846191406 -97.3135986328125
219 -34.87969207763672 -96.9427261352539
220 -35.168426513671875 -96.62104034423828
221 -35.45157241821289 -96.23725128173828
222 -35.66419982910156 -95.8670654296875
223 -35.76687240600586 -95.62384796142578
224 -35.83278274536133 -95.39718627929688
225 -35.856300354003906 -95.1484603881836
226 -35.75997543334961 -94.69966125488281
227 -35.51100158691406 -93.60399627685547
228 -35.455772399902344 -93.10839080810547
229 -35.44575119018555 -92.78387451171875
230 -35.39908218383789 -92.49897003173828
231 -35.2882080078125 -92.20542907714844
232 -34.86876678466797 -91.60716247558594
233 -34.59811019897461 -91.30564880371094
234 -34.42692947387695 -91.18728637695312
235 -34.024864196777344 -91.03385162353516
236 -33.63568878173828 -90.8703842163086
237 -33.46199417114258 -90.75872039794922
238 -33.20234680175781 -90.5023193359375
239 -32.1309700012207 -89.27876281738281
240 -31.893360137939453 -88.99491882324219
241 -31.704030990600586 -88.75770568847656
242 -31.402908325195312 -88.38046264648438
243 -31.170166015625 -88.01141357421875
244 -31.029848098754883 -87.7177505493164
245 -30.974319458007812 -87.42909240722656
246 -30.976478576660156 -87.14527893066406
247 -31.02311897277832 -86.62975311279297
248 -31.063016891479492 -86.23943328857422
249 -31.07063865661621 -85.82562255859375
250 -30.96497917175293 -85.2695541381836
251 -30.793373107910156 -84.83263397216797
252 -30.568635940551758 -84.42648315429688
253 -30.395273208618164 -84.15547943115234
254 -30.1936092376709 -83.9457015991211
255 -29.938945770263672 -83.66995239257812
256 -29.680315017700195 -83.39043426513672
257 -29.146780014038086 -82.86328125
258 -28.92865562438965 -82.75665283203125
259 -28.69426727294922 -82.70887756347656
260 -28.296262741088867 -82.68241119384766
261 -27.827409744262695 -82.67200469970703
262 -27.365171432495117 -82.67084503173828
263 -26.925941467285156 -82.59483337402344
264 -26.65437126159668 -82.45026397705078
265 -26.462175369262695 -82.20840454101562
266 -26.29844856262207 -81.9031753540039
267 -26.195348739624023 -81.50567626953125
268 -26.12433433532715 -81.16590881347656
269 -26.019535064697266 -80.79863739013672
270 -10.843810081481934 -67.58405303955078
271 -10.606195449829102 -67.35750579833984
272 -9.959344863891602 -66.90584564208984
273 -9.7310209274292 -66.70618438720703
274 -9.69692611694336 -66.48538208007812
275 -9.809330940246582 -65.95059204101562
276 -10.00219440460205 -65.68648529052734
277 -10.406357765197754 -65.43661499023438
278 -10.751906394958496 -65.19750213623047
279 -10.98012924194336 -64.92045593261719
280 -11.235551834106445 -64.6465072631836
281 -11.407500267028809 -64.54792022705078
282 -39.69901657104492 -61.42335510253906
283 -39.56795883178711 -61.37395095825195
284 -39.26133346557617 -61.286834716796875
285 -38.94609451293945 -61.22259521484375
286 -38.51638412475586 -61.18241882324219
287 -38.064998626708984 -61.19178771972656
288 -37.601322174072266 -61.24346923828125
289 -37.15977096557617 -61.36960220336914
290 -36.90211868286133 -61.43309020996094
291 -20.15899658203125 -70.53091430664062
292 -19.923381805419922 -70.39998626708984
293 -19.693607330322266 -70.20801544189453
294 -19.42254066467285 -69.88664245605469
295 -19.030981063842773 -69.41214752197266
296 -18.7086238861084 -68.97749328613281
297 -18.29937744140625 -68.37913513183594
298 -18.001937866210938 -67.95084381103516
299 -17.81132698059082 -67.70238494873047
300 -17.60599708557129 -67.39741516113281
301 -17.38995933532715 -67.08193969726562
302 -17.32767677307129 -66.95684051513672
303 -17.328927993774414 -66.89413452148438
304 -25.13262939453125 -76.88433837890625
305 -25.11016082763672 -77.20628356933594
306 -25.03067398071289 -77.62661743164062
307 -24.960765838623047 -77.91410064697266
308 -24.865232467651367 -78.12184143066406
309 -24.689504623413086 -78.35931396484375
310 -24.41067886352539 -78.71379852294922
311 -24.05561065673828 -79.0790023803711
312 -23.736663818359375 -79.3294448852539
313 -23.19392204284668 -79.65061950683594
314 -22.824234008789062 -79.83384704589844
315 -22.554460525512695 -79.94392395019531
316 -22.19156837463379 -80.028076171875
317 -21.85605812072754 -80.1011734008789
318 -21.4985408782959 -80.22760772705078
319 -21.24830436706543 -80.3276596069336
320 -20.774946212768555 -80.56123352050781
321 -20.393613815307617 -80.75824737548828
322 -19.687604904174805 -81.05311584472656
323 -19.344951629638672 -81.09954833984375
324 -18.987964630126953 -81.04934692382812
325 -18.611644744873047 -80.91399383544922
326 -18.35506248474121 -80.75043487548828
327 -18.098169326782227 -80.4801025390625
328 -17.828033447265625 -80.10575103759766
329 -17.519290924072266 -79.6171646118164
330 -17.134143829345703 -78.96047973632812
331 -17.001033782958984 -78.78446960449219
332 -16.80168914794922 -78.58326721191406
333 -16.423154830932617 -78.26849365234375
334 -16.000102996826172 -77.94783782958984
335 -15.591561317443848 -77.68397521972656
336 -15.203939437866211 -77.44641876220703
337 -14.873153686523438 -77.1613540649414
338 -14.61772632598877 -76.72395324707031
339 -14.676915168762207 -76.35100555419922
340 -15.016816139221191 -75.82491302490234
341 -15.329304695129395 -75.5717544555664
342 -15.812883377075195 -75.24668884277344
343 -16.262157440185547 -74.9074478149414
344 -16.461807250976562 -74.74311828613281
345 -16.779796600341797 -74.42195129394531
346 -17.01915168762207 -74.12471008300781
347 -17.362932205200195 -73.47318267822266
348 -17.53685760498047 -72.97431182861328
349 -17.569929122924805 -72.49846649169922
350 -17.410400390625 -71.95372772216797
351 -17.249881744384766 -71.64424133300781
352 -17.087522506713867 -71.41230773925781
353 -16.98507308959961 -71.26972961425781
354 -10.979947090148926 -58.78755569458008
355 -10.916646957397461 -58.507789611816406
356 -10.853205680847168 -58.0932502746582
357 -10.8235445022583 -57.802635192871094
358 -10.7926607131958 -57.28974914550781
359 -10.766656875610352 -56.866146087646484
360 -10.737175941467285 -56.28104019165039
361 -10.66073989868164 -55.98285675048828
362 -8.69713020324707 -51.56843566894531
363 -8.414834976196289 -51.214752197265625
364 -8.156441688537598 -51.0030632019043
365 -7.837050437927246 -50.951141357421875
366 -6.7343220710754395 -50.98805236816406
367 -6.408946990966797 -51.035152435302734
368 -6.03301477432251 -51.099647521972656
369 -5.690825462341309 -51.18610763549805
370 -5.348262786865234 -51.39219665527344
371 -4.8241801261901855 -51.88451385498047
372 -4.599604606628418 -52.24187088012695
373 -4.48754358291626 -52.597389221191406
374 -4.515048980712891 -52.95093536376953
375 -4.649574279785156 -53.45075225830078
376 -4.836313247680664 -53.790000915527344
377 -5.422698020935059 -54.49647903442383
378 -5.800512313842773 -54.74302291870117
379 -6.287883758544922 -54.911842346191406
380 -6.6463518142700195 -54.9134635925293
381 -7.016363620758057 -54.78497314453125
382 -7.576401233673096 -54.46499252319336
383 -8.591153144836426 -53.78068923950195
384 -8.894121170043945 -53.59403610229492
385 -9.091358184814453 -53.538509368896484
386 -9.488813400268555 -53.52528381347656
387 -10.035149574279785 -53.67559814453125
388 -10.68567943572998 -53.881622314453125
389 -11.131959915161133 -53.88969039916992
390 -11.433271408081055 -53.71856689453125
391 -11.654744148254395 -53.4245491027832
392 -11.803291320800781 -52.91033935546875
393 -11.918405532836914 -52.572113037109375
394 -12.300825119018555 -51.87135696411133
395 -12.588473320007324 -51.54787826538086
396 -13.121610641479492 -51.33258819580078
397 -13.372352600097656 -51.31706619262695
398 -13.706719398498535 -51.342994689941406
399 -13.904720306396484 -51.4936637878418
400 -14.480420112609863 -52.03196334838867
401 -14.792283058166504 -52.33715057373047
402 -14.964996337890625 -52.525264739990234
403 -15.229530334472656 -52.878822326660156
404 -15.441777229309082 -53.198429107666016
405 -15.584735870361328 -53.61298370361328
406 -15.609305381774902 -53.907203674316406
407 -15.456790924072266 -54.92591857910156
408 -15.292091369628906 -55.43963623046875
409 -15.028401374816895 -55.9815788269043
410 -14.952713012695312 -56.248756408691406
411 -15.029271125793457 -56.465702056884766
412 -15.317940711975098 -56.8546142578125
413 -15.68443775177002 -57.205623626708984
414 -15.975299835205078 -57.526424407958984
415 -16.213239669799805 -57.878929138183594
416 -16.477638244628906 -58.401641845703125
417 -16.642366409301758 -58.82207107543945
418 -16.76957130432129 -59.26260757446289
419 -16.83390235900879 -59.676143646240234
420 -16.851131439208984 -60.210636138916016
421 -16.839208602905273 -60.56092834472656
422 -16.786592483520508 -61.10297775268555
423 -16.739990234375 -61.44077682495117
424 -16.60028076171875 -61.79304504394531
425 -16.394622802734375 -62.176326751708984
426 -16.05692481994629 -62.506813049316406
427 -15.680066108703613 -62.7365608215332
428 -15.365045547485352 -62.8261833190918
429 -14.811049461364746 -62.660640716552734
430 -14.412771224975586 -62.4549446105957
431 -14.011581420898438 -62.07754135131836
432 -13.714083671569824 -61.76923370361328
433 -13.477806091308594 -61.3978385925293
434 -13.369172096252441 -61.09309768676758
435 -13.354826927185059 -60.690513610839844
436 -13.455231666564941 -60.141239166259766
437 -13.575735092163086 -59.76423263549805
438 -13.66409969329834 -59.501285552978516
439 -29.180267333984375 -49.906944274902344
440 -29.2761173248291 -50.00890350341797
441 -29.399494171142578 -50.21622085571289
442 -29.51308250427246 -50.558921813964844
443 -29.490795135498047 -50.92274856567383
444 -29.22844123840332 -51.84716033935547
445 -28.933555603027344 -52.54322814941406
446 -28.74014663696289 -52.78376007080078
447 -28.495676040649414 -52.93280029296875
448 -28.058610916137695 -53.053462982177734
449 -27.67540740966797 -53.09719467163086
450 -27.347806930541992 -53.06428146362305
451 -26.955263137817383 -52.98634338378906
452 -26.42503547668457 -52.997867584228516
453 -26.21101951599121 -53.05226135253906
454 -6.0716376304626465 -93.40919494628906
455 -6.105093955993652 -93.59024810791016
456 -6.202494144439697 -93.94129943847656
457 -6.334933757781982 -94.43759155273438
458 -6.414205074310303 -94.73977661132812
459 -6.52367639541626 -95.11487579345703
460 -6.681422710418701 -95.59613037109375
461 -6.8205952644348145 -95.95137786865234
462 -7.074470043182373 -96.43633270263672
463 -7.470791816711426 -97.15953063964844
464 -7.765275955200195 -97.61643981933594
465 -8.071678161621094 -98.02027893066406
466 -8.520709037780762 -98.51575469970703
467 -8.799490928649902 -98.7697982788086
468 -9.037034034729004 -98.95852661132812
469 -9.304734230041504 -99.15792083740234
470 -9.383082389831543 -99.2170639038086
471 -9.659371376037598 -99.40215301513672
472 -10.245473861694336 -99.75106811523438
473 -10.640543937683105 -99.98780822753906
474 -11.009864807128906 -100.2055435180664
475 -11.421975135803223 -100.45470428466797
476 -11.63966178894043 -100.58614349365234
477 -11.737452507019043 -100.6478500366211
478 -33.308349609375 -52.263153076171875
479 -33.41493225097656 -52.35720443725586
480 -33.671573638916016 -52.59271240234375
481 -33.83049392700195 -52.84403991699219
482 -34.145896911621094 -53.63613510131836
483 -34.351924896240234 -54.17314529418945
484 -34.48587417602539 -54.56954574584961
485 -34.552669525146484 -54.83172607421875
486 -34.67570114135742 -55.457862854003906
487 -34.712467193603516 -55.667091369628906
488 -34.678287506103516 -55.833778381347656
489 -34.38246536254883 -56.77324676513672
490 -34.267635345458984 -57.16532516479492
491 -34.158329010009766 -57.543766021728516
492 -34.0579833984375 -57.97957229614258
493 -33.975303649902344 -58.3056755065918
494 -33.929195404052734 -58.577919006347656
495 -33.896949768066406 -59.07612609863281
496 -33.9869384765625 -59.753177642822266
497 -34.11958694458008 -60.29328155517578
498 -34.30352020263672 -60.98860549926758
499 -34.42831802368164 -61.53117370605469
500 -34.460670471191406 -61.92372512817383
501 -34.44818878173828 -62.44947814941406
502 -34.38856887817383 -62.982154846191406
503 -34.36083221435547 -63.38564682006836
504 -34.398292541503906 -64.04512023925781
505 -34.82988739013672 -64.86412048339844
506 -35.22396469116211 -65.26890563964844
507 -35.588069915771484 -65.41839599609375
508 -35.918190002441406 -65.46089172363281
509 -36.768150329589844 -65.53155517578125
510 -37.055084228515625 -65.58485412597656
511 -37.204891204833984 -65.63265991210938
512 -37.42087173461914 -65.67340850830078
513 -37.773651123046875 -65.74623107910156
514 -38.804786682128906 -65.91536712646484
515 -39.14336395263672 -65.9277572631836
516 -39.43514633178711 -65.88284301757812
517 -39.88170623779297 -65.73453521728516
518 -40.43793487548828 -65.514892578125
519 -40.726524353027344 -65.50405883789062
520 -41.1630973815918 -65.66203308105469
521 -41.4011116027832 -65.82778930664062
522 -41.56114959716797 -66.03809356689453
523 -41.624237060546875 -66.25071716308594
524 -41.735904693603516 -66.76032257080078
525 -41.900943756103516 -67.32612609863281
526 -41.975303649902344 -67.58586120605469
527 -20.982311248779297 -87.71717834472656
528 -20.834056854248047 -87.69847869873047
529 -20.613203048706055 -87.6467514038086
530 -20.41863441467285 -87.59031677246094
531 -20.184335708618164 -87.47977447509766
532 -19.66661262512207 -87.2034683227539
533 -19.330869674682617 -86.96525573730469
534 -18.899585723876953 -86.576416015625
535 -18.5562686920166 -86.25821685791016
536 -18.252275466918945 -86.01610565185547
537 -17.93017578125 -85.82836151123047
538 -17.499046325683594 -85.62169647216797
539 -16.991565704345703 -85.44379425048828
540 -16.26558494567871 -85.25837707519531
541 -15.978780746459961 -85.25273132324219
542 -15.64077377319336 -85.39900970458984
543 -15.3095121383667 -85.6182861328125
544 -15.151567459106445 -85.80581665039062
545 -14.887665748596191 -86.21039581298828
546 -14.688429832458496 -86.47085571289062
547 -14.579384803771973 -86.5606918334961
548 -33.954811096191406 -49.19206237792969
549 -34.29659652709961 -49.17517852783203
550 -34.60810470581055 -49.153682708740234
551 -34.85575485229492 -49.18423080444336
552 -35.183074951171875 -49.25413513183594
553 -35.554290771484375 -49.36454772949219
554 -35.879615783691406 -49.47697830200195
555 -36.04664611816406 -49.55815505981445
556 -43.66475296020508 -72.6211929321289
557 -43.78075408935547 -72.70791625976562
558 -44.0418586730957 -72.81344604492188
559 -44.41579818725586 -72.95038604736328
560 -44.77815628051758 -73.01058959960938
561 -45.38365173339844 -73.04581451416016
562 -45.71865463256836 -73.05155181884766
563 -46.267459869384766 -72.96936798095703
564 -46.5443229675293 -72.89895629882812
565 -46.97031784057617 -72.74188232421875
566 -47.358001708984375 -72.47817993164062
567 -47.7752571105957 -72.05976104736328
568 -47.88242721557617 -71.78361511230469
569 -47.90687561035156 -71.38481903076172
570 -47.843589782714844 -71.00321197509766
571 -47.63677215576172 -70.3342514038086
572 -47.47943878173828 -69.90681457519531
573 -47.1766471862793 -69.35630798339844
574 -47.00934600830078 -68.99960327148438
575 -46.86943054199219 -68.65181732177734
576 -46.700279235839844 -68.1386947631836
577 -46.57476043701172 -67.58321380615234
578 -46.478599548339844 -67.08641052246094
579 -46.37696838378906 -66.57750701904297
580 -46.181575775146484 -65.71197509765625
581 -46.07289123535156 -65.35456085205078
582 -45.765464782714844 -64.63192749023438
583 -45.53518295288086 -64.17901611328125
584 -45.102500915527344 -63.352149963378906
585 -44.930511474609375 -63.10026931762695
586 -44.375770568847656 -62.456783294677734
587 -44.149723052978516 -62.176082611083984
588 -44.008567810058594 -61.977664947509766
589 -43.571258544921875 -61.22430419921875
590 -43.40286636352539 -60.848472595214844
591 -43.31924057006836 -60.544551849365234
592 -43.20897674560547 -59.911659240722656
593 -43.15536880493164 -59.57206726074219
594 -43.09311294555664 -59.226837158203125
595 -42.940059661865234 -58.590087890625
596 -42.807151794433594 -58.11271286010742
597 -42.62952423095703 -57.6926383972168
598 -42.356563568115234 -57.19871139526367
599 -42.14881134033203 -56.863433837890625
600 -42.00128173828125 -56.67343521118164
601 -41.91063690185547 -56.530792236328125
602 -41.781124114990234 -56.34495162963867
603 -4.197807788848877 -70.23771667480469
604 -4.035421371459961 -70.4434585571289
605 -3.8978466987609863 -70.64466094970703
606 -3.6781139373779297 -70.92725372314453
607 -3.4093618392944336 -71.233154296875
608 -2.830240488052368 -71.77355194091797
609 -2.4807851314544678 -72.03703308105469
610 -2.1655046939849854 -72.23125457763672
611 -0.3792719542980194 -73.07638549804688
612 -0.20599545538425446 -73.14649200439453
613 -0.00918192882090807 -73.2696304321289
614 0.34775492548942566 -73.49232482910156
615 0.8003746867179871 -73.84072875976562
616 1.143303394317627 -74.13658142089844
617 1.342663288116455 -74.38470458984375
618 1.538649082183838 -74.75216674804688
619 1.756618618965149 -75.32388305664062
620 1.9167596101760864 -75.82111358642578
621 2.129105567932129 -76.57797241210938
622 2.184502601623535 -76.82766723632812
623 2.235851764678955 -77.1590347290039
624 2.32871413230896 -77.61782836914062
625 2.4169206619262695 -78.00596618652344
626 2.4682438373565674 -78.33818817138672
627 2.5317623615264893 -78.89482879638672
628 2.6185734272003174 -79.5909423828125
629 2.6890456676483154 -80.1953125
630 2.6954457759857178 -80.55533599853516
631 2.6060919761657715 -80.76927185058594
632 2.4044923782348633 -81.10991668701172
633 2.17795467376709 -81.39601135253906
634 1.7326276302337646 -81.78633117675781
635 1.4373124837875366 -81.93394470214844
636 0.9355642199516296 -81.91796875
637 0.5033664107322693 -81.85179901123047
638 0.2405683845281601 -81.70488739013672
639 -0.1978137344121933 -81.35952758789062
640 -0.6543723940849304 -80.99346923828125
641 -0.835581362247467 -80.88420867919922
642 -38.16717529296875 -80.70217895507812
643 -38.392818450927734 -80.87474822998047
644 -38.76270294189453 -81.17530822753906
645 -38.902706146240234 -81.27360534667969
646 -39.085411071777344 -81.43150329589844
647 -39.34507369995117 -81.68773651123047
648 -39.47921371459961 -81.91185760498047
649 -39.68131637573242 -82.3857192993164
650 -39.8265495300293 -82.8187255859375
651 -39.89025115966797 -83.07609558105469
652 -39.94549560546875 -83.40132904052734
653 -40.02122497558594 -84.2258529663086
654 -39.99960708618164 -84.57710266113281
655 -39.875953674316406 -84.8227767944336
656 -39.54951095581055 -85.21981048583984
657 -39.06962585449219 -85.74153900146484
658 -38.78270721435547 -85.92375946044922
659 -38.46428298950195 -86.03717803955078
660 -38.11402893066406 -86.05134582519531
661 -37.66078567504883 -85.95658111572266
662 -37.26401138305664 -85.8171157836914
663 -36.99848556518555 -85.71170806884766
664 -36.67604064941406 -85.49227905273438
665 -36.1783561706543 -85.08007049560547
666 -35.904014587402344 -84.80574035644531
667 -35.66681671142578 -84.51289367675781
668 -35.31540298461914 -84.04103088378906
669 -34.971527099609375 -83.63758850097656
670 -34.67658996582031 -83.29981231689453
671 -34.430973052978516 -83.03431701660156
672 -34.08413314819336 -82.7529525756836
673 -33.83687973022461 -82.52140045166016
674 -33.616416931152344 -82.27030181884766
675 -32.980918884277344 -81.43583679199219
676 -32.64197540283203 -81.03502655029297
677 -32.40555953979492 -80.7014389038086
678 -32.01668167114258 -80.10145568847656
679 -31.779624938964844 -79.6302490234375
680 -31.534208297729492 -79.1895523071289
681 -31.314191818237305 -78.85911560058594
682 -31.077905654907227 -78.55689239501953
683 -30.647804260253906 -78.0788803100586
684 -30.306005477905273 -77.7415542602539
685 -30.027446746826172 -77.49602508544922
686 -29.759868621826172 -77.30945587158203
687 -29.059200286865234 -76.91617584228516
688 -28.902345657348633 -76.82124328613281
689 -28.80111312866211 -76.75482177734375
690 -10.995105743408203 -62.677154541015625
691 -10.76740837097168 -62.60234451293945
692 -10.435678482055664 -62.50197219848633
693 -10.094111442565918 -62.41897964477539
694 -9.862154006958008 -62.30680465698242
695 -9.740699768066406 -62.138450622558594
696 -9.61030101776123 -61.80855178833008
697 -9.44286823272705 -61.376773834228516
698 -9.258605003356934 -60.95381164550781
699 -9.029622077941895 -60.54420852661133
700 -8.554473876953125 -59.8462028503418
701 -8.292928695678711 -59.551082611083984
702 -7.976217269897461 -59.290077209472656
703 -7.527775764465332 -59.028419494628906
704 -7.033724308013916 -58.87113952636719
705 -6.781328201293945 -58.843666076660156
706 -6.4191179275512695 -58.90110397338867
707 -5.932289123535156 -59.04875564575195
708 -5.704153537750244 -59.1683349609375
709 -5.8337860107421875 -80.63328552246094
710 -5.906733512878418 -80.97733306884766
711 -5.995136737823486 -81.3370132446289
712 -6.014890670776367 -81.59989929199219
713 -5.973963260650635 -81.87793731689453
714 -5.886451721191406 -82.15473937988281
715 -5.716163635253906 -82.4389419555664
716 -5.4969682693481445 -82.71917724609375
717 -5.3279900550842285 -82.91123962402344
718 -5.017677307128906 -83.28704071044922
719 -4.6066155433654785 -83.7710189819336
720 -4.096635818481445 -84.40254974365234
721 -3.7167580127716064 -84.89878845214844
722 -3.557116746902466 -85.1092300415039
723 -3.3039653301239014 -85.42620849609375
724 -2.9534575939178467 -85.83067321777344
725 -2.7208473682403564 -86.05860900878906
726 -2.450685501098633 -86.33000946044922
727 -2.087660551071167 -86.7003402709961
728 -1.8504501581192017 -86.95003509521484
729 -1.5013337135314941 -87.33746337890625
730 -1.1637989282608032 -87.71756744384766
731 -0.9442362785339355 -87.98197174072266
732 -0.7122768759727478 -88.2756576538086
733 -0.416368305683136 -88.65665435791016
734 0.2557207942008972 -89.39517974853516
735 0.4267234802246094 -89.6123046875
736 0.42820894718170166 -89.79995727539062
737 0.19662870466709137 -90.31031036376953
738 -0.05787419527769089 -90.69438171386719
739 -0.35878604650497437 -90.98636627197266
740 -0.6591061353683472 -91.18805694580078
741 -1.0965709686279297 -91.40416717529297
742 -1.3899309635162354 -91.50052642822266
743 -1.7986516952514648 -91.58859252929688
744 -2.0160024166107178 -91.59945678710938
745 -19.937732696533203 -75.8678207397461
746 -20.02242660522461 -75.7281723022461
747 -20.203609466552734 -75.4320068359375
748 -20.448448181152344 -75.04450225830078
749 -20.72959327697754 -74.64109802246094
750 -20.95993423461914 -74.41228485107422
751 -21.219655990600586 -74.28502655029297
752 -21.592493057250977 -74.25251770019531
753 -22.20688247680664 -74.2953109741211
754 -22.73077392578125 -74.35204315185547
755 -23.270803451538086 -74.37113952636719
756 -23.486398696899414 -74.19290161132812
757 -23.619413375854492 -73.88459014892578
758 -23.631088256835938 -73.51960754394531
759 -23.633499145507812 -73.01248168945312
760 -23.749065399169922 -72.4433822631836
761 -23.797826766967773 -71.93451690673828
762 -23.737646102905273 -71.57105255126953
763 -23.518163681030273 -70.98123168945312
764 -23.309593200683594 -70.56571960449219
765 -23.130388259887695 -70.27751159667969
766 -22.89676856994629 -69.962890625
767 -22.608057022094727 -69.54012298583984
768 -22.4825382232666 -69.33280181884766
769 -22.351957321166992 -69.0619888305664
770 -22.000457763671875 -68.27193450927734
771 -21.813907623291016 -67.86843872070312
772 -21.20295524597168 -66.75508880615234
773 -21.105756759643555 -66.55033874511719
774 -21.136184692382812 -66.3630142211914
775 -21.384185791015625 -65.79804992675781
776 -21.50644874572754 -65.51466369628906
777 -21.658430099487305 -65.10517883300781
778 -21.79395866394043 -64.59933471679688
779 -21.818809509277344 -64.33016204833984
780 -21.76090431213379 -63.971351623535156
781 -21.66836166381836 -63.5009880065918
782 -21.580734252929688 -63.180599212646484
783 -21.43494987487793 -62.76942443847656
784 -21.22758674621582 -62.257930755615234
785 -21.037490844726562 -61.78985595703125
786 -20.932477951049805 -61.52016830444336
787 -20.842330932617188 -61.31013107299805
788 -20.69699478149414 -61.007568359375
789 -20.432174682617188 -60.59368896484375
790 -20.13812828063965 -60.097145080566406
791 -19.983638763427734 -59.73242950439453
792 -19.93785858154297 -58.09797286987305
793 -19.978036880493164 -57.89326858520508
794 -20.044078826904297 -57.73860549926758
795 -20.266769409179688 -57.452213287353516
796 -20.424577713012695 -57.329185485839844
797 -27.257713317871094 -71.5113754272461
798 -27.37037467956543 -71.68603515625
799 -27.631675720214844 -72.06654357910156
800 -27.804288864135742 -72.38774871826172
801 -28.009384155273438 -72.71717834472656
802 -28.17995834350586 -73.01053619384766
803 -28.314743041992188 -73.31362915039062
804 -28.404460906982422 -73.63774871826172
805 -28.45501708984375 -73.88553619384766
806 -18.200057983398438 -89.42093658447266
807 -18.02870750427246 -89.4684066772461
808 -17.75124168395996 -89.51383209228516
809 -17.370393753051758 -89.57110595703125
810 -16.569238662719727 -89.73491668701172
811 -15.828095436096191 -89.98091888427734
812 -15.532681465148926 -90.12802124023438
813 -15.300945281982422 -90.33678436279297
814 -14.98866081237793 -90.83389282226562
815 -14.870832443237305 -91.28752899169922
816 -14.857474327087402 -92.02703094482422
817 -14.896941184997559 -92.52192687988281
818 -14.918907165527344 -92.95026397705078
819 -14.941302299499512 -93.3256607055664
820 -14.974173545837402 -93.7625732421875
821 -14.983511924743652 -94.13746643066406
822 -14.970758438110352 -94.3838882446289
823 -14.95863151550293 -94.63384246826172
824 -14.953204154968262 -94.9718246459961
825 -14.98215103149414 -95.34843444824219
826 -15.070980072021484 -95.70218658447266
827 -15.165833473205566 -95.97110748291016
828 -15.360696792602539 -96.29844665527344
829 -15.643989562988281 -96.69461822509766
830 -15.866987228393555 -96.88750457763672
831 -16.161611557006836 -97.00894165039062
832 -16.459869384765625 -97.0514144897461
833 -16.795068740844727 -96.9664306640625
834 -25.068199157714844 -86.36896514892578
835 -25.080713272094727 -86.16268920898438
836 -25.073415756225586 -85.72681427001953
837 -24.920129776000977 -85.09304809570312
838 -24.758920669555664 -84.82121276855469
839 -24.542617797851562 -84.56413269042969
840 -24.035865783691406 -84.19608306884766
841 -23.621320724487305 -83.959716796875
842 -23.242700576782227 -83.79429626464844
843 -22.895360946655273 -83.73165893554688
844 -22.57339859008789 -83.7663803100586
845 -22.19546127319336 -83.82808685302734
846 -10.61597728729248 -86.47384643554688
847 -10.440784454345703 -86.51293182373047
848 -9.934298515319824 -86.68627166748047
849 -9.44333267211914 -86.84795379638672
850 -9.163071632385254 -87.01354217529297
851 -8.740357398986816 -87.46379089355469
852 -8.57030200958252 -87.794677734375
853 -8.47862434387207 -88.6303939819336
854 -8.551090240478516 -89.06292724609375
855 -8.705284118652344 -89.40057373046875
856 -8.997270584106445 -89.84526062011719
857 -9.35598373413086 -90.25404357910156
858 -9.554694175720215 -90.43586730957031
859 -10.040258407592773 -90.7514877319336
860 -10.44131088256836 -90.98258209228516
861 -10.680739402770996 -91.10081481933594
862 -10.95359992980957 -91.25145721435547
863 -11.257756233215332 -91.39019012451172
864 -30.730302810668945 -63.11309814453125
865 -30.642263412475586 -62.87360382080078
866 -30.54314613342285 -62.57621765136719
867 -30.448251724243164 -62.37826919555664
868 -30.243282318115234 -62.07650375366211
869 -29.970460891723633 -61.81565856933594
870 -29.512393951416016 -61.46967697143555
871 -29.17099380493164 -61.2390022277832
872 -28.873476028442383 -61.018310546875
873 -28.60761070251465 -60.834075927734375
874 -28.48845863342285 -60.58721160888672
875 -28.439449310302734 -60.31538391113281
876 -28.581026077270508 -59.83931350708008
877 -28.72327995300293 -59.42138671875
878 -28.823650360107422 -59.025936126708984
879 -28.896270751953125 -58.67373275756836
880 -28.93341827392578 -58.354312896728516
881 -28.8975772857666 -57.84613800048828
882 -28.810157775878906 -57.46855163574219
883 -28.63425064086914 -57.1423454284668
884 -28.35491943359375 -56.83038330078125
885 -27.958328247070312 -56.51532745361328
886 -27.499364852905273 -56.244659423828125
887 -26.9605712890625 -56.040584564208984
888 -26.626771926879883 -55.993106842041016
889 -26.286983489990234 -55.992149353027344
890 -26.07866859436035 -56.02436828613281
891 -25.690725326538086 -56.14456558227539
892 -25.248228073120117 -56.37015151977539
893 -24.737951278686523 -56.750972747802734
894 -24.44272232055664 -57.081478118896484
895 -24.358293533325195 -57.35574722290039
896 -24.2672061920166 -58.19407653808594
897 -24.23871421813965 -58.44490432739258
898 -24.252138137817383 -59.092281341552734
899 -24.234821319580078 -59.387413024902344
900 -24.027305603027344 -59.767173767089844
901 -23.822683334350586 -59.93669891357422
902 -23.598772048950195 -59.99681854248047
903 -14.159886360168457 -64.95955657958984
904 -14.13957691192627 -65.07705688476562
905 -14.177132606506348 -65.2752914428711
906 -14.424946784973145 -65.79972839355469
907 -14.681302070617676 -66.3667221069336
908 -14.771074295043945 -66.83274841308594
909 -14.656807899475098 -67.12696075439453
910 -14.390422821044922 -67.44746398925781
911 -14.191008567810059 -67.66446685791016
912 -13.92849063873291 -67.90384674072266
913 -13.589472770690918 -68.24003601074219
914 -13.31148910522461 -68.67668151855469
915 -13.148971557617188 -69.00251007080078
916 -13.003718376159668 -69.38066101074219
917 -12.980661392211914 -69.73744201660156
918 -13.040122032165527 -70.31407165527344
919 -13.161840438842773 -70.82172393798828
920 -13.216902732849121 -71.1607437133789
921 -13.153611183166504 -71.39955139160156
922 -12.639155387878418 -72.00354766845703
923 -12.422867774963379 -72.13616180419922
924 -12.268800735473633 -72.19037628173828
925 -12.035662651062012 -72.2672348022461
926 -11.65835189819336 -72.43024444580078
927 -11.10377311706543 -72.78639221191406
928 -10.770962715148926 -73.06620025634766
929 -10.512391090393066 -73.40316009521484
930 -10.134272575378418 -74.07957458496094
931 -10.040889739990234 -74.39077758789062
932 -9.972036361694336 -74.71286010742188
933 -9.92871379852295 -75.08793640136719
934 -9.895055770874023 -75.48695373535156
935 -9.879685401916504 -76.12657928466797
936 -9.892478942871094 -76.64717864990234
937 -9.911561012268066 -77.00238800048828
938 -9.961149215698242 -77.45368194580078
939 -10.158734321594238 -78.62986755371094
940 -10.273303985595703 -79.13616180419922
941 -10.427935600280762 -79.65013885498047
942 -10.56825065612793 -80.05896759033203
943 -10.726975440979004 -80.44554901123047
944 -11.001702308654785 -80.95893859863281
945 -11.287775039672852 -81.39107513427734
946 -11.495159149169922 -81.6663589477539
947 -11.703886032104492 -81.91313171386719
948 -11.968978881835938 -82.1576156616211
949 -12.311878204345703 -82.39131164550781
950 -12.661476135253906 -82.58926391601562
951 -13.076780319213867 -82.81656646728516
952 -13.33503246307373 -82.94976806640625
953 -13.531540870666504 -83.06188201904297
954 -25.456153869628906 -91.41323852539062
955 -25.3674373626709 -91.74162292480469
956 -25.337663650512695 -91.91718292236328
957 -25.164691925048828 -92.0689468383789
958 -24.7823543548584 -92.25672149658203
959 -24.472732543945312 -92.23572540283203
960 -23.944719314575195 -92.02587890625
961 -23.322193145751953 -91.76353454589844
962 -22.958728790283203 -91.61236572265625
963 -22.743589401245117 -91.51416015625
964 -22.345794677734375 -91.32209014892578
965 -21.68739128112793 -90.9941635131836
966 -21.423452377319336 -90.84239196777344
967 -21.2884521484375 -90.70936584472656
968 -21.14163589477539 -90.46098327636719
969 -33.46403884887695 -68.04997253417969
970 -33.40532684326172 -67.97941589355469
971 -33.20408630371094 -67.9145278930664
972 -32.703857421875 -67.85179901123047
973 -32.37441635131836 -67.84510040283203
974 -31.95793342590332 -67.85860443115234
975 -31.43124771118164 -67.88493347167969
976 -31.15032196044922 -67.87141418457031
977 -30.662477493286133 -67.8005599975586
978 -30.377641677856445 -67.72337341308594
979 -30.03590965270996 -67.5552978515625
980 -29.639596939086914 -67.28734588623047
981 -29.380455017089844 -67.11090087890625
982 -29.111713409423828 -66.91350555419922
983 -25.158353805541992 -64.42300415039062
984 -24.940000534057617 -64.1680679321289
985 -24.892555236816406 -64.05516052246094
986 -24.909812927246094 -63.780879974365234
987 -24.967342376708984 -63.465065002441406
988 -24.99164390563965 -63.32933807373047
989 -24.714494705200195 -48.37123107910156
990 -24.90990447998047 -48.39523696899414
991 -25.203765869140625 -48.53484344482422
992 -25.419607162475586 -48.68112564086914
993 -25.627403259277344 -49.052268981933594
994 -25.75505256652832 -49.672672271728516
995 -25.68641471862793 -50.18706512451172
996 -25.533023834228516 -50.447269439697266
997 -25.241897583007812 -50.673248291015625
998 -25.076583862304688 -50.7992057800293
999 -24.99254608154297 -50.8599853515625
