0 -22.06904411315918 40.73538589477539
1 -22.15496063232422 40.76779556274414
2 -22.363479614257812 40.92147445678711
3 -22.495849609375 41.01610565185547
4 -40.459407806396484 56.87854766845703
5 -40.45567321777344 57.0302734375
6 -40.35739517211914 57.09550857543945
7 -40.26385498046875 57.19710159301758
8 -40.11825942993164 57.3820686340332
9 -39.99105453491211 57.60647201538086
10 -40.08858871459961 57.77547073364258
11 -40.30866622924805 58.01581573486328
12 -40.71540832519531 58.37445068359375
13 -41.0067024230957 58.697723388671875
14 -41.177833557128906 58.84624099731445
15 -41.30763626098633 58.95620346069336
16 -41.573768615722656 59.09096908569336
17 -41.74136734008789 59.133724212646484
18 -41.89287185668945 59.09680938720703
19 -42.06948471069336 59.145355224609375
20 -42.23855972290039 59.25379943847656
21 -42.49658203125 59.4933967590332
22 -42.604103088378906 59.84114456176758
23 -42.77702713012695 60.236263275146484
24 -42.92250061035156 60.52629470825195
25 -43.01942825317383 60.73384094238281
26 -43.11221694946289 61.038936614990234
27 -43.14116287231445 61.25870132446289
28 -43.18168258666992 61.43304443359375
29 -43.280941009521484 61.694454193115234
30 -43.430145263671875 61.9720573425293
31 -43.630210876464844 62.293800354003906
32 -43.97314453125 62.63632583618164
33 -44.42570114135742 63.05215072631836
34 -44.72197341918945 63.22917556762695
35 -45.212066650390625 63.414268493652344
36 -45.500701904296875 63.36038589477539
37 -45.77085494995117 63.20871353149414
38 -45.8529167175293 62.7974739074707
39 -45.82698440551758 62.565818786621094
40 -45.77979278564453 62.39646911621094
41 -45.56471633911133 62.104408264160156
42 -45.438358306884766 61.911197662353516
43 -45.32381820678711 61.746856689453125
44 -45.20426559448242 61.462242126464844
45 -45.12943649291992 61.088558197021484
46 -45.13644790649414 60.76879119873047
47 -45.22560119628906 60.31049728393555
48 -45.41056823730469 59.752708435058594
49 -45.58856201171875 59.45045852661133
50 -45.931861877441406 59.21685791015625
51 -46.129329681396484 59.11627197265625
52 -46.33029556274414 59.1424560546875
53 -46.624202728271484 59.25920867919922
54 -47.231056213378906 59.41242599487305
55 -47.452152252197266 59.47786331176758
56 -47.73596954345703 59.51809310913086
57 -48.302001953125 59.57181930541992
58 -48.62116622924805 59.52046203613281
59 -48.86534881591797 59.40155029296875
60 -48.96642303466797 59.17742156982422
61 -48.955421447753906 58.96561813354492
62 -48.86669921875 58.7138557434082
63 -48.80997085571289 58.3302001953125
64 -48.75829315185547 57.97172546386719
65 -48.67562484741211 57.57762908935547
66 -48.57101058959961 57.167930603027344
67 -48.47823715209961 56.827449798583984
68 -48.4038200378418 56.61051559448242
69 -48.323184967041016 56.430938720703125
70 -48.25920104980469 56.19426345825195
71 -48.24828338623047 55.98579025268555
72 -48.24245071411133 55.73495864868164
73 -48.42115783691406 55.52342224121094
74 -48.212608337402344 55.294960021972656
75 -48.25313186645508 54.84748840332031
76 -48.2056884765625 54.65681076049805
77 -47.9605712890625 54.61939239501953
78 -47.71603775024414 54.533992767333984
79 -47.3353385925293 54.630252838134766
80 -47.06747817993164 54.70305252075195
81 -46.853736877441406 54.705570220947266
82 -46.61266326904297 54.75051498413086
83 -46.10064697265625 54.736751556396484
84 -45.69576644897461 54.73371887207031
85 -45.40139389038086 54.768714904785156
86 -45.255943298339844 54.78266525268555
87 -44.946266174316406 54.84407424926758
88 -44.4631462097168 54.897918701171875
89 -44.13399887084961 54.818389892578125
90 -43.974830627441406 54.76063919067383
91 -43.82954788208008 54.752071380615234
92 -43.51930236816406 54.73781204223633
93 -43.12452697753906 54.6632080078125
94 -42.87708282470703 54.585269927978516
95 -42.64762496948242 54.478214263916016
96 -42.4538459777832 54.39838790893555
97 -42.250003814697266 54.26496505737305
98 -41.76986312866211 54.008243560791016
99 -41.555240631103516 53.85786437988281
100 -41.25864791870117 53.42442321777344
101 -41.13983154296875 53.277034759521484
102 -40.905174255371094 52.94272994995117
103 -40.77997589111328 52.55221176147461
104 -40.73269271850586 52.20112991333008
105 -40.93986892700195 51.941253662109375
106 -41.383487701416016 51.5661735534668
107 -41.54866409301758 51.44258117675781
108 -41.874637603759766 51.24934768676758
109 -42.16160202026367 51.05830383300781
110 -42.51141357421875 50.828224182128906
111 -42.65108108520508 50.69581985473633
112 -42.980384826660156 50.50759506225586
113 -43.28874206542969 50.296958923339844
114 -43.572811126708984 50.17329788208008
115 -43.93120193481445 50.197532653808594
116 -44.2829704284668 50.18651580810547
117 -44.63554000854492 50.14475631713867
118 -45.002349853515625 50.08197784423828
119 -45.508270263671875 50.043540954589844
120 -46.26881790161133 49.9549674987793
121 -46.41407012939453 50.002601623535156
122 -46.446285247802734 50.12551498413086
123 -46.22671127319336 50.47682571411133
124 -45.68825149536133 51.066158294677734
125 -45.58988571166992 51.250511169433594
126 -45.56425094604492 51.38092803955078
127 -45.480533599853516 51.588558197021484
128 -45.241188049316406 51.93810272216797
129 -45.01917266845703 52.130455017089844
130 -44.846778869628906 52.18294143676758
131 -44.63161087036133 52.278892517089844
132 -44.417747497558594 52.26153564453125
133 -43.956321716308594 52.13271713256836
134 -40.48541259765625 50.08423614501953
135 -40.199283599853516 49.9338264465332
136 -39.99557113647461 49.809600830078125
137 -39.66485595703125 49.66865158081055
138 -39.26161193847656 49.45207214355469
139 -38.99785614013672 49.320438385009766
140 -38.835784912109375 49.222412109375
141 -38.638648986816406 49.08399200439453
142 -38.46607208251953 48.95216751098633
143 -38.3286018371582 48.85342025756836
144 -28.4715633392334 43.457969665527344
145 -28.38134002685547 43.306236267089844
146 -28.273561477661133 43.236026763916016
147 -27.87723731994629 42.91609191894531
148 -27.657546997070312 42.7462272644043
149 -27.46038818359375 42.82577896118164
150 -27.241233825683594 42.94814682006836
151 -26.961936950683594 42.91767501831055
152 -26.575088500976562 42.59219741821289
153 -26.409564971923828 42.34770202636719
154 -26.310514450073242 42.094608306884766
155 -26.223451614379883 41.61272048950195
156 -26.18169403076172 41.25857925415039
157 -26.172399520874023 41.071956634521484
158 -26.153072357177734 40.79698944091797
159 -26.074567794799805 40.57026672363281
160 -26.007474899291992 40.44331741333008
161 -25.912017822265625 40.31674575805664
162 -25.615713119506836 39.85746765136719
163 -25.467403411865234 39.55672073364258
164 -25.279754638671875 39.09673309326172
165 -25.111675262451172 38.77177429199219
166 -25.044668197631836 38.609798431396484
167 -25.051864624023438 38.512054443359375
168 -25.18193244934082 38.36982345581055
169 -25.306943893432617 38.22169494628906
170 -25.453298568725586 37.91661834716797
171 -25.47593879699707 37.63215637207031
172 -25.416980743408203 37.27610778808594
173 -25.276552200317383 36.980133056640625
174 -25.174745559692383 36.74653625488281
175 -25.093875885009766 36.447628021240234
176 -25.072704315185547 36.22611999511719
177 -24.981164932250977 35.89593505859375
178 -24.799121856689453 35.58599090576172
179 -24.618541717529297 35.3525505065918
180 -24.25470733642578 34.95686721801758
181 -23.868141174316406 34.64864730834961
182 -23.43065071105957 34.389591217041016
183 -23.154525756835938 34.4405632019043
184 -22.91312026977539 34.67013931274414
185 -22.790285110473633 35.038482666015625
186 -22.626018524169922 35.60356521606445
187 -22.483745574951172 35.95673751831055
188 -22.409454345703125 36.179439544677734
189 -22.262662887573242 36.71809387207031
190 -22.173377990722656 37.160560607910156
191 -22.03099822998047 37.54698181152344
192 -21.704856872558594 37.832523345947266
193 -21.133638381958008 37.857452392578125
194 -20.80746841430664 37.762290954589844
195 -20.558271408081055 37.58866882324219
196 -20.3957462310791 37.463871002197266
197 -20.176593780517578 37.34637451171875
198 -19.99361228942871 37.19953918457031
199 -19.486480712890625 36.79923629760742
200 -19.26500129699707 36.55126953125
201 -19.03015899658203 36.29500198364258
202 -18.74850082397461 36.13420104980469
203 -18.33627700805664 36.16020584106445
204 -17.992061614990234 36.43192672729492
205 -17.744476318359375 36.78690719604492
206 -17.465463638305664 37.21761703491211
207 -17.395278930664062 37.37041091918945
208 -17.427017211914062 37.55697250366211
209 -17.37034034729004 37.82624053955078
210 -17.26624870300293 38.32133102416992
211 -17.106910705566406 38.70021057128906
212 -16.977466583251953 38.918582916259766
213 -16.874704360961914 39.017276763916016
214 -16.667526245117188 39.25474166870117
215 -16.686195373535156 39.47541046142578
216 -16.7539005279541 39.64551544189453
217 -16.794748306274414 39.87717056274414
218 -16.752361297607422 40.446903228759766
219 -16.795116424560547 40.73623275756836
220 -17.04707145690918 41.00429153442383
221 -17.343204498291016 41.34586715698242
222 -17.4334774017334 41.481666564941406
223 -17.6068172454834 41.566490173339844
224 -17.91351890563965 41.61737060546875
225 -18.50779151916504 41.766204833984375
226 -18.832866668701172 41.867496490478516
227 -18.9987735748291 41.82560729980469
228 -19.3856143951416 41.915611267089844
229 -19.69085693359375 42.074241638183594
230 -19.98127555847168 42.43231201171875
231 -20.30999183654785 42.89383316040039
232 -20.458385467529297 43.11553192138672
233 -20.679811477661133 43.38072204589844
234 -20.91969871520996 43.63520050048828
235 -21.10845184326172 43.74203109741211
236 -21.566974639892578 43.800140380859375
237 -21.79485511779785 43.86166763305664
238 -21.935562133789062 44.00648498535156
239 -22.2083740234375 44.194610595703125
240 -22.360034942626953 44.292503356933594
241 -22.482309341430664 44.52042770385742
242 -22.625732421875 44.83189392089844
243 -22.75983428955078 45.04166793823242
244 -22.81661605834961 45.155784606933594
245 -22.997711181640625 45.476444244384766
246 -23.206613540649414 45.89011764526367
247 -23.290231704711914 46.12166976928711
248 -23.372743606567383 46.435508728027344
249 -23.329519271850586 46.65001678466797
250 -23.286651611328125 46.879371643066406
251 -23.19941520690918 47.22776412963867
252 -23.174585342407227 47.56200408935547
253 -23.13090705871582 47.89762878417969
254 -23.122011184692383 48.04088592529297
255 -23.10114860534668 48.12603759765625
256 -18.70765495300293 68.28166961669922
257 -18.47848892211914 68.4600830078125
258 -18.13981819152832 68.62921142578125
259 -17.80144500732422 68.76892852783203
260 -17.5194149017334 68.87582397460938
261 -17.100828170776367 69.0524673461914
262 -16.724361419677734 69.18920135498047
263 -16.56829833984375 69.3290023803711
264 -16.34342384338379 69.49920654296875
265 -16.17752456665039 69.81727600097656
266 -15.766060829162598 70.44573211669922
267 -15.634173393249512 70.7010726928711
268 -15.63315200805664 70.9366683959961
269 -15.68400764465332 71.06051635742188
270 -16.082386016845703 71.43289947509766
271 -16.49859046936035 71.85807037353516
272 -16.713748931884766 72.05636596679688
273 -16.949312210083008 72.33282470703125
274 -17.0546875 72.55550384521484
275 -17.31458854675293 72.45885467529297
276 -17.64562225341797 72.28815460205078
277 -17.850305557250977 72.1775894165039
278 -18.08285140991211 72.01605987548828
279 -18.41322898864746 71.59674835205078
280 -18.59627342224121 71.30821228027344
281 -18.690654754638672 71.14022827148438
282 -18.880746841430664 71.07567596435547
283 -19.117189407348633 71.00196838378906
284 -19.51764678955078 70.90655517578125
285 -20.010881423950195 70.52727508544922
286 -20.13383674621582 70.44882202148438
287 -20.519031524658203 70.3905029296875
288 -20.81008529663086 70.38751220703125
289 -21.372350692749023 70.6349105834961
290 -21.501649856567383 70.7164535522461
291 -21.623689651489258 70.8756103515625
292 -21.658117294311523 71.043212890625
293 -21.683202743530273 71.25662231445312
294 -21.824054718017578 71.4813461303711
295 -22.10860824584961 71.7828598022461
296 -22.189102172851562 72.00703430175781
297 -22.21030044555664 72.23604583740234
298 -22.1414852142334 72.87609100341797
299 -22.24260902404785 73.12544250488281
300 -22.410837173461914 73.22035217285156
301 -22.632116317749023 73.3084716796875
302 -22.997295379638672 73.34801483154297
303 -23.347036361694336 73.25170135498047
304 -23.622318267822266 73.06214141845703
305 -23.86292839050293 72.82785034179688
306 -24.07136344909668 72.4059066772461
307 -24.024219512939453 72.01502990722656
308 -24.015958786010742 71.84339904785156
309 -23.975507736206055 71.63855743408203
310 -23.957183837890625 71.33670806884766
311 -23.9676570892334 71.03972625732422
312 -24.000730514526367 70.7292251586914
313 -24.045867919921875 70.51286315917969
314 -24.093965530395508 70.39474487304688
315 -24.149478912353516 70.10270690917969
316 -24.239103317260742 69.81322479248047
317 -24.38091278076172 69.37122344970703
318 -24.540430068969727 69.0251693725586
319 -24.65667152404785 68.85518646240234
320 -24.839031219482422 68.61188507080078
321 -25.48512077331543 67.7130355834961
322 -25.55455780029297 67.6202163696289
323 -25.652450561523438 67.48998260498047
324 -25.908206939697266 67.17414855957031
325 -26.080060958862305 66.97356414794922
326 -26.21071434020996 66.80660247802734
327 -26.597036361694336 66.47796630859375
328 -26.94462776184082 66.194580078125
329 -27.32242774963379 65.96150970458984
330 -27.667678833007812 65.81375885009766
331 -28.292089462280273 65.64775848388672
332 -28.44815444946289 65.6546859741211
333 -28.67534637451172 65.64048767089844
334 -28.899934768676758 65.64596557617188
335 -29.45814323425293 65.63684844970703
336 -29.8576717376709 65.58646392822266
337 -30.162721633911133 65.57792663574219
338 -30.430238723754883 65.47744750976562
339 -31.22977638244629 64.52023315429688
340 -31.32440948486328 64.39550018310547
341 -31.38520050048828 64.49308776855469
342 -31.626266479492188 64.6732406616211
343 -32.07392883300781 64.89781188964844
344 -32.210235595703125 64.94427490234375
345 -32.26803207397461 65.2593994140625
346 -32.4052619934082 65.71846008300781
347 -32.377479553222656 65.92864990234375
348 -32.2710075378418 66.1362075805664
349 -32.111602783203125 66.46957397460938
350 -32.04436492919922 66.77951049804688
351 -32.0803108215332 67.0051498413086
352 -32.14626693725586 67.19650268554688
353 -32.377716064453125 67.39273834228516
354 -32.69919204711914 67.55581665039062
355 -32.9764289855957 67.61253356933594
356 -33.24760818481445 67.76013946533203
357 -33.41170883178711 67.8101806640625
358 -33.59574508666992 67.84223937988281
359 -33.85025405883789 67.78738403320312
360 -34.079463958740234 67.7328109741211
361 -34.23534393310547 67.69035339355469
362 -40.514469146728516 68.519775390625
363 -40.85545349121094 68.51632690429688
364 -41.067325592041016 68.45235443115234
365 -41.4506721496582 68.15011596679688
366 -41.70294189453125 67.97699737548828
367 -41.80485153198242 67.87091064453125
368 -41.97821807861328 67.6940689086914
369 -42.31393814086914 67.38317108154297
370 -42.46916198730469 67.08683776855469
371 -42.603939056396484 66.98448944091797
372 -42.760231018066406 66.7141342163086
373 -42.791961669921875 66.5103759765625
374 -42.64862060546875 65.94169616699219
375 -42.594200134277344 65.74970245361328
376 -42.51137924194336 65.6319351196289
377 -42.25354766845703 65.29520416259766
378 -42.00406265258789 64.95463562011719
379 -41.92274856567383 64.81488800048828
380 -41.75901412963867 64.75997924804688
381 -41.394081115722656 64.76473999023438
382 -41.06212615966797 64.7845230102539
383 -40.70998001098633 64.75091552734375
384 -40.36448669433594 64.57417297363281
385 -40.09452438354492 64.29820251464844
386 -39.91291427612305 63.822425842285156
387 -39.932430267333984 63.62821578979492
388 -40.01012420654297 63.47258758544922
389 -40.071475982666016 63.25489807128906
390 -40.06388473510742 63.05176544189453
391 -40.06435012817383 62.52202606201172
392 -40.028419494628906 62.19715881347656
393 -39.98074722290039 61.90550231933594
394 -39.947845458984375 61.8470573425293
395 -21.521785736083984 50.031150817871094
396 -21.361736297607422 49.95758056640625
397 -21.129846572875977 49.91180419921875
398 -20.9110164642334 49.912574768066406
399 -20.57316780090332 50.11858367919922
400 -20.197465896606445 50.40169143676758
401 -20.065366744995117 50.49789810180664
402 -19.936803817749023 50.52175521850586
403 -11.36367130279541 43.708335876464844
404 -11.206663131713867 43.35826873779297
405 -11.27208137512207 43.17491149902344
406 -11.392171859741211 43.033016204833984
407 -11.643051147460938 42.891700744628906
408 -11.715581893920898 42.86949157714844
409 -11.929669380187988 42.95381546020508
410 -12.400822639465332 43.263675689697266
411 -12.957722663879395 43.69118118286133
412 -13.09687614440918 43.79130172729492
413 -13.158794403076172 43.86743927001953
414 -13.327165603637695 44.14821243286133
415 -13.524412155151367 44.48481750488281
416 -13.638337135314941 44.707908630371094
417 -13.871603012084961 44.51058578491211
418 -14.103617668151855 44.1991081237793
419 -14.238530158996582 43.962982177734375
420 -14.432909965515137 43.792945861816406
421 -14.750714302062988 43.63278579711914
422 -14.959482192993164 43.59397506713867
423 -15.183463096618652 43.57492446899414
424 -15.443357467651367 43.68450164794922
425 -18.77713394165039 55.024375915527344
426 -19.02906036376953 55.17115783691406
427 -19.39002799987793 55.30963134765625
428 -19.666378021240234 55.379852294921875
429 -19.90435218811035 55.38151931762695
430 -21.91281509399414 54.898895263671875
431 -22.46027183532715 54.75686264038086
432 -22.83205223083496 54.68809509277344
433 -23.11077117919922 54.65201187133789
434 -23.25690269470215 54.67695236206055
435 -23.287090301513672 54.86269760131836
436 -23.32839012145996 55.47002410888672
437 -23.451568603515625 55.79628372192383
438 -23.538843154907227 56.064395904541016
439 -23.519378662109375 56.341094970703125
440 -23.3794002532959 56.487491607666016
441 -22.67096710205078 56.81012725830078
442 -22.365461349487305 56.967350006103516
443 -22.034727096557617 57.007450103759766
444 -21.8826961517334 56.884273529052734
445 -21.655248641967773 56.67462158203125
446 -21.277320861816406 56.19308090209961
447 -21.171630859375 55.992366790771484
448 -21.096651077270508 55.70671844482422
449 -21.023237228393555 55.31932067871094
450 -20.97844696044922 55.01273727416992
451 -20.801477432250977 54.274532318115234
452 -20.678272247314453 54.02493667602539
453 -20.560216903686523 53.867095947265625
454 -20.465574264526367 53.63929748535156
455 -20.409988403320312 53.316650390625
456 -20.442481994628906 53.11236572265625
457 -20.652223587036133 52.778900146484375
458 -20.84191131591797 52.58680725097656
459 -21.069068908691406 52.42667007446289
460 -21.286701202392578 52.332489013671875
461 -21.56447982788086 52.22030258178711
462 -21.944250106811523 52.156124114990234
463 -22.410049438476562 52.22028732299805
464 -22.62630844116211 52.224082946777344
465 -22.82572364807129 52.14755630493164
466 -23.007083892822266 52.04379653930664
467 -23.131742477416992 51.87710952758789
468 -23.204050064086914 51.73686218261719
469 -23.37822914123535 51.26448440551758
470 -23.535280227661133 50.905147552490234
471 -23.750301361083984 50.6085205078125
472 -24.03072166442871 50.458003997802734
473 -24.286348342895508 50.36404037475586
474 -24.641942977905273 50.282386779785156
475 -24.983963012695312 50.08871078491211
476 -25.148807525634766 49.96377944946289
477 -25.36096954345703 49.81272506713867
478 -25.65538787841797 49.75162887573242
479 -25.86962890625 49.76618957519531
480 -26.06178092956543 49.80241012573242
481 -26.302383422851562 49.84305191040039
482 -36.56061935424805 60.40291213989258
483 -36.63718032836914 60.635963439941406
484 -36.68727111816406 60.752784729003906
485 -36.67464065551758 60.83350372314453
486 -36.80408477783203 61.14552688598633
487 -36.959983825683594 61.590545654296875
488 -37.01927185058594 62.02086639404297
489 -36.9658317565918 62.30125045776367
490 -36.71723937988281 62.6727409362793
491 -36.4959602355957 63.057430267333984
492 -36.434391021728516 63.22525405883789
493 -36.3890495300293 63.470558166503906
494 -36.566802978515625 63.70719528198242
495 -36.79966354370117 63.93183898925781
496 -36.921714782714844 64.08126068115234
497 -37.02566146850586 64.33379364013672
498 -37.15151596069336 64.5677719116211
499 -37.32426071166992 64.77903747558594
500 -37.41550064086914 64.88093566894531
501 -37.500328063964844 65.03221893310547
502 -37.44401931762695 65.3944320678711
503 -37.429908752441406 65.59219360351562
504 -37.30630874633789 65.85509490966797
505 -37.23516845703125 66.21174621582031
506 -37.307674407958984 66.54187774658203
507 -37.356502532958984 66.85199737548828
508 -37.36759567260742 67.10382843017578
509 -37.270450592041016 67.31376647949219
510 -37.063148498535156 67.60624694824219
511 -36.86066818237305 67.97232818603516
512 -36.80476379394531 68.22415161132812
513 -36.786781311035156 68.36847686767578
514 -36.777835845947266 68.59441375732422
515 -36.790313720703125 68.94686126708984
516 -36.76881408691406 69.49910736083984
517 -36.72309494018555 69.82475280761719
518 -36.729827880859375 70.26296997070312
519 -36.68397903442383 70.51660919189453
520 -36.64794921875 70.62577819824219
521 -36.525150299072266 70.830322265625
522 -36.42320251464844 70.95980072021484
523 -36.1439094543457 71.15679931640625
524 -35.793609619140625 71.52992248535156
525 -35.65104675292969 71.78780364990234
526 -35.436466217041016 72.26496124267578
527 -35.27876281738281 72.68641662597656
528 -35.19671630859375 72.87683868408203
529 -35.11697769165039 73.12162780761719
530 -35.04480743408203 73.37324523925781
531 -34.99452209472656 73.58971405029297
532 -34.84642791748047 73.8486099243164
533 -34.648799896240234 74.07347869873047
534 -34.3944091796875 74.03988647460938
535 -34.27955627441406 74.03347778320312
536 -33.982757568359375 74.02481079101562
537 -33.65748977661133 74.01527404785156
538 -33.379390716552734 74.12633514404297
539 -33.04230880737305 74.24144744873047
540 -32.7729606628418 74.24423217773438
541 -32.4852409362793 74.25431823730469
542 -32.19054412841797 74.31597137451172
543 -31.751556396484375 74.43999481201172
544 -31.61223793029785 74.46099853515625
545 -31.550941467285156 74.28690338134766
546 -31.598243713378906 73.60034942626953
547 -31.524974822998047 73.25750732421875
548 -31.45587730407715 72.93684387207031
549 -31.424236297607422 72.70281219482422
550 -31.46803855895996 72.5325698852539
551 -31.49120330810547 72.383544921875
552 -31.607192993164062 72.03026580810547
553 -31.719131469726562 71.6081314086914
554 -31.711753845214844 71.26797485351562
555 -31.562910079956055 71.10152435302734
556 -31.31342887878418 71.08216094970703
557 -30.816402435302734 71.1155014038086
558 -30.41558837890625 71.10379791259766
559 -30.026775360107422 71.27632904052734
560 -29.948368072509766 71.2734603881836
561 -29.88458824157715 71.24283599853516
562 -29.63646697998047 71.12928771972656
563 -29.23160743713379 70.67217254638672
564 -28.99442481994629 70.47843933105469
565 -28.681692123413086 70.05464172363281
566 -28.677221298217773 69.8540267944336
567 -28.85389518737793 69.66923522949219
568 -29.28334617614746 69.5337905883789
569 -29.614734649658203 69.34076690673828
570 -29.795793533325195 69.0997085571289
571 -29.81016731262207 68.9681167602539
572 -29.771631240844727 68.8534164428711
573 -29.762866973876953 68.55438232421875
574 -29.421615600585938 60.13780212402344
575 -29.527667999267578 59.94544982910156
576 -29.696264266967773 59.8128547668457
577 -30.06536102294922 59.48776626586914
578 -30.146900177001953 59.22354507446289
579 -30.175457000732422 58.89630126953125
580 -30.061960220336914 58.736244201660156
581 -29.833349227905273 58.650753021240234
582 -29.476743698120117 58.52973937988281
583 -29.113862991333008 58.40409469604492
584 -28.884187698364258 58.30852127075195
585 -28.81797981262207 58.16392517089844
586 -28.69784164428711 57.80587387084961
587 -28.671865463256836 57.563175201416016
588 -28.709882736206055 57.44640350341797
589 -28.843446731567383 57.21342468261719
590 -29.080514907836914 56.77654266357422
591 -29.272418975830078 56.40108108520508
592 -29.352096557617188 56.128257751464844
593 -29.259937286376953 55.858856201171875
594 -29.201717376708984 55.52872085571289
595 -29.048742294311523 55.16645050048828
596 -28.916683197021484 54.89304733276367
597 -28.677770614624023 54.8420524597168
598 -28.262340545654297 54.82484436035156
599 -27.886417388916016 55.0557746887207
600 -27.666446685791016 55.19601821899414
601 -27.46562957763672 55.43857955932617
602 -27.254261016845703 55.631534576416016
603 -27.017757415771484 55.89305114746094
604 -26.829776763916016 56.00640106201172
605 -26.63486099243164 56.027225494384766
606 -26.327590942382812 55.85625457763672
607 -26.12544059753418 55.73847198486328
608 -25.988739013671875 55.65288543701172
609 -25.676849365234375 55.27753829956055
610 -25.6009464263916 55.024051666259766
611 -25.551759719848633 54.67226028442383
612 -25.53733253479004 54.33251190185547
613 -25.511579513549805 54.10292434692383
614 -25.584836959838867 53.716529846191406
615 -25.732664108276367 53.47686767578125
616 -25.93128776550293 53.1505241394043
617 -26.152929306030273 52.843563079833984
618 -26.28983497619629 52.71632385253906
619 -26.43816375732422 52.55474090576172
620 -26.86103630065918 52.11811828613281
621 -27.35298728942871 51.672603607177734
622 -27.631126403808594 51.23292541503906
623 -27.78977394104004 50.91050720214844
624 -27.940202713012695 50.65791320800781
625 -28.136369705200195 50.40240478515625
626 -28.36912727355957 50.26921081542969
627 -28.989656448364258 50.104373931884766
628 -29.291088104248047 50.06179428100586
629 -29.476375579833984 50.097496032714844
630 -29.69687271118164 50.09960174560547
631 -29.937049865722656 50.041015625
632 -30.299945831298828 49.962772369384766
633 -30.729263305664062 49.83046340942383
634 -30.909442901611328 49.64308547973633
635 -30.92548942565918 49.340293884277344
636 -30.79067611694336 48.907981872558594
637 -30.562833786010742 48.550270080566406
638 -30.354801177978516 48.270809173583984
639 -30.18585968017578 48.15164566040039
640 -29.682819366455078 47.740516662597656
641 -29.204547882080078 47.24066925048828
642 -28.985822677612305 47.074459075927734
643 -28.74554443359375 46.9766731262207
644 -28.41327667236328 46.84511947631836
645 -28.076513290405273 46.75785446166992
646 -27.923749923706055 46.71894836425781
647 -27.78713035583496 46.649051666259766
648 -27.5577335357666 46.565895080566406
649 -27.086273193359375 46.351234436035156
650 -26.650440216064453 46.23103713989258
651 -26.491661071777344 46.257652282714844
652 -26.285114288330078 46.3979377746582
653 -20.628923416137695 47.1546516418457
654 -20.398244857788086 47.14502716064453
655 -20.216373443603516 47.07566452026367
656 -19.915634155273438 46.96240234375
657 -19.72757911682129 46.80577850341797
658 -19.495540618896484 46.657169342041016
659 -19.183734893798828 46.419898986816406
660 -18.707334518432617 46.18190383911133
661 -18.408681869506836 46.18417739868164
662 -18.25028419494629 46.187957763671875
663 -18.10361099243164 46.37810134887695
664 -17.92759895324707 46.68251037597656
665 -17.752655029296875 46.926876068115234
666 -17.55086898803711 47.024505615234375
667 -17.3240909576416 47.13601303100586
668 -17.093759536743164 47.301605224609375
669 -16.55078125 47.678470611572266
670 -16.37377166748047 47.83761215209961
671 -16.16831398010254 48.159732818603516
672 -16.091140747070312 48.477256774902344
673 -16.062501907348633 48.72535705566406
674 -16.119077682495117 48.98499298095703
675 -16.36052703857422 49.40431213378906
676 -16.547889709472656 49.57440185546875
677 -16.71469497680664 49.763912200927734
678 -16.822795867919922 50.04322814941406
679 -16.93796730041504 50.450531005859375
680 -16.94089126586914 50.667762756347656
681 -16.722890853881836 50.83985900878906
682 -16.220033645629883 50.94711685180664
683 -15.688729286193848 50.93983840942383
684 -15.285439491271973 50.889801025390625
685 -15.100316047668457 50.8341178894043
686 -15.021570205688477 50.754947662353516
687 -14.841535568237305 50.59735107421875
688 -14.686269760131836 50.26961135864258
689 -14.546236991882324 50.05689239501953
690 -14.30551815032959 49.615718841552734
691 -14.067371368408203 49.40730285644531
692 -13.911089897155762 49.36070251464844
693 -13.690674781799316 49.44596481323242
694 -13.340066909790039 49.636741638183594
695 -12.982295036315918 49.7171516418457
696 -12.633825302124023 49.817970275878906
697 -12.367843627929688 49.94229507446289
698 -12.069520950317383 50.01506805419922
699 -11.752132415771484 50.1951904296875
700 -11.559585571289062 50.36143493652344
701 -11.331894874572754 50.447383880615234
702 -11.014951705932617 50.511104583740234
703 -10.860949516296387 50.51171875
704 -10.673727035522461 50.567710876464844
705 -10.487841606140137 50.62055206298828
706 -10.218952178955078 50.752132415771484
707 -9.808349609375 50.86214065551758
708 -9.533594131469727 51.03071594238281
709 -9.532999992370605 51.23084259033203
710 -9.651686668395996 51.5492057800293
711 -9.721805572509766 51.83182144165039
712 -9.854227066040039 52.020748138427734
713 -10.110236167907715 52.41751480102539
714 -10.423121452331543 52.59668731689453
715 -10.82780647277832 52.678977966308594
716 -11.122370719909668 52.75728225708008
717 -11.528288841247559 52.92628860473633
718 -11.790717124938965 53.004608154296875
719 -12.06347942352295 53.15495681762695
720 -12.221619606018066 53.223384857177734
721 -12.313974380493164 53.11011505126953
722 -12.573224067687988 53.04304504394531
723 -12.998296737670898 53.03111267089844
724 -13.236711502075195 53.071495056152344
725 -13.362479209899902 53.0610237121582
726 -13.461544036865234 53.065147399902344
727 -13.906876564025879 53.07402420043945
728 -14.462193489074707 53.0706672668457
729 -14.680083274841309 53.07867431640625
730 -15.003703117370605 53.19228744506836
731 -15.222200393676758 53.25545883178711
732 -15.51114273071289 53.289955139160156
733 -15.722358703613281 53.404808044433594
734 -16.178359985351562 53.61111068725586
735 -16.25670051574707 53.88972854614258
736 -16.306150436401367 54.075599670410156
737 -16.176380157470703 54.34444046020508
738 -15.868833541870117 54.59332275390625
739 -15.52614974975586 54.872989654541016
740 -15.265134811401367 55.008609771728516
741 -15.041657447814941 55.07577133178711
742 -14.756490707397461 55.232967376708984
743 -14.526496887207031 55.3990592956543
744 -14.443807601928711 55.579376220703125
745 -14.393234252929688 55.69192123413086
746 -14.108549118041992 55.84667205810547
747 -13.878473281860352 55.90338134765625
748 -13.607146263122559 55.87238693237305
749 -13.2703218460083 55.90013885498047
750 -13.070714950561523 55.897254943847656
751 -12.743468284606934 55.961585998535156
752 -12.211006164550781 56.053226470947266
753 -11.737488746643066 56.10940933227539
754 -11.420723915100098 56.17627716064453
755 -11.148490905761719 56.110103607177734
756 -10.655635833740234 55.651756286621094
757 -10.496549606323242 55.51567077636719
758 -10.061518669128418 55.32123947143555
759 -9.811302185058594 55.303810119628906
760 -9.663424491882324 55.30024337768555
761 -9.543001174926758 55.494102478027344
762 -9.163495063781738 55.982295989990234
763 -8.939352989196777 56.20359802246094
764 -8.637486457824707 56.32426071166992
765 -8.202005386352539 56.4107666015625
766 -7.673415660858154 56.57339859008789
767 -7.417881965637207 56.79194641113281
768 -7.402340888977051 57.20962905883789
769 -7.421319961547852 57.44408416748047
770 -7.550594329833984 57.61008071899414
771 -7.9945197105407715 57.91548538208008
772 -8.552678108215332 58.20552062988281
773 -8.680858612060547 58.28772735595703
774 -8.876880645751953 58.410884857177734
775 -9.111445426940918 58.80105209350586
776 -9.181530952453613 59.208251953125
777 -9.35667610168457 59.61464309692383
778 -9.413969039916992 59.7244873046875
779 -9.594710350036621 59.70771408081055
780 -9.895346641540527 59.54574966430664
781 -10.343803405761719 59.23909378051758
782 -10.743330001831055 59.128570556640625
783 -10.930543899536133 59.15700149536133
784 -11.093624114990234 59.187232971191406
785 -11.431021690368652 59.26524353027344
786 -11.837905883789062 59.53108215332031
787 -11.999363899230957 59.56024932861328
788 -12.23165512084961 59.51227569580078
789 -12.656614303588867 59.29371643066406
790 -13.0711669921875 59.084285736083984
791 -13.303070068359375 59.00659942626953
792 -13.483648300170898 58.96357345581055
793 -13.59462833404541 58.96925354003906
794 -13.862344741821289 58.94124984741211
795 -14.152523040771484 58.898895263671875
796 -14.463038444519043 58.8427848815918
797 -14.779507637023926 58.788455963134766
798 -15.15231704711914 58.6882209777832
799 -15.300862312316895 58.60071563720703
800 -15.498376846313477 58.546634674072266
801 -15.800786018371582 58.51686096191406
802 -16.14173698425293 58.491302490234375
803 -16.27923011779785 58.48100662231445
804 -16.579273223876953 58.55861282348633
805 -19.85407066345215 60.19507598876953
806 -20.227685928344727 60.38050842285156
807 -20.57659912109375 60.4163703918457
808 -20.80562400817871 60.42620849609375
809 -21.03436279296875 60.39729690551758
810 -21.34332847595215 60.27623748779297
811 -21.674823760986328 60.13798904418945
812 -21.904489517211914 60.022186279296875
813 -22.303844451904297 59.95930480957031
814 -22.802663803100586 59.888206481933594
815 -22.940889358520508 59.89126205444336
816 -23.268749237060547 60.112525939941406
817 -23.507463455200195 60.337730407714844
818 -23.581274032592773 60.54524612426758
819 -23.55544662475586 60.81450271606445
820 -23.451744079589844 61.138797760009766
821 -23.34701156616211 61.34346389770508
822 -23.156719207763672 61.541046142578125
823 -22.962697982788086 61.764678955078125
824 -22.68207550048828 61.96878433227539
825 -22.374221801757812 62.23790740966797
826 -22.21768569946289 62.45424270629883
827 -22.18656349182129 62.72288513183594
828 -22.192955017089844 63.107242584228516
829 -22.274568557739258 63.368614196777344
830 -22.375192642211914 63.720550537109375
831 -22.40228271484375 63.96902847290039
832 -22.335655212402344 64.2169189453125
833 -22.190271377563477 64.52515411376953
834 -21.999269485473633 64.70682525634766
835 -21.719146728515625 64.92876434326172
836 -21.50513458251953 65.14232635498047
837 -21.238039016723633 65.24536895751953
838 -21.007835388183594 65.28024291992188
839 -20.734142303466797 65.35308074951172
840 -20.338842391967773 65.3758316040039
841 -20.06229019165039 65.4033203125
842 -19.948986053466797 65.44001770019531
843 -19.79827308654785 65.43003845214844
844 -19.6498966217041 65.24085235595703
845 -19.342649459838867 64.91818237304688
846 -19.13761329650879 64.6681137084961
847 -18.9843807220459 64.52445220947266
848 -18.70917320251465 64.4035873413086
849 -18.436071395874023 64.37052917480469
850 -18.226970672607422 64.42236328125
851 -18.07356834411621 64.436767578125
852 -17.696285247802734 64.82403564453125
853 -17.43886375427246 64.95536804199219
854 -17.260351181030273 65.03316497802734
855 -16.98987579345703 65.0472640991211
856 -16.86707878112793 64.94880676269531
857 -16.529653549194336 64.8206787109375
858 -16.182632446289062 64.72014617919922
859 -15.855340957641602 64.68231964111328
860 -15.472716331481934 64.68558502197266
861 -15.185097694396973 64.75044250488281
862 -14.70398998260498 65.019775390625
863 -14.495817184448242 65.13397216796875
864 -14.144010543823242 65.2524642944336
865 -13.577600479125977 65.2936782836914
866 -13.33426570892334 65.12889862060547
867 -13.098453521728516 64.82843017578125
868 -12.90327262878418 64.59609985351562
869 -12.698722839355469 64.34559631347656
870 -12.567151069641113 64.09725189208984
871 -12.446414947509766 63.77101516723633
872 -12.359594345092773 63.001747131347656
873 -12.385937690734863 62.83247756958008
874 -12.501859664916992 62.74980545043945
875 -12.824363708496094 62.637210845947266
876 -13.493988037109375 62.48891830444336
877 -14.21750259399414 62.208465576171875
878 -14.4799222946167 62.05466842651367
879 -14.748927116394043 61.87449264526367
880 -14.996078491210938 61.68715286254883
881 -15.16904067993164 61.61723327636719
882 -15.4429931640625 61.598655700683594
883 -15.749351501464844 61.57141876220703
884 -16.23127555847168 61.50320053100586
885 -16.481853485107422 61.446842193603516
886 -16.611228942871094 61.3864631652832
887 -16.81198501586914 61.23523712158203
888 -17.11396026611328 60.92034912109375
889 -17.711074829101562 60.41914367675781
890 -17.901607513427734 60.323883056640625
891 -17.86123275756836 60.25052261352539
892 -17.866863250732422 59.945091247558594
893 -17.967193603515625 59.68290710449219
894 -18.026355743408203 59.39930725097656
895 -18.234052658081055 58.527774810791016
896 -18.330717086791992 58.18986511230469
897 -18.49245262145996 58.08124923706055
898 -19.015661239624023 58.0809211730957
899 -19.30542755126953 58.098670959472656
900 -19.54735565185547 58.14345932006836
901 -19.828205108642578 58.16497802734375
902 -20.02303123474121 58.136329650878906
903 -25.28192901611328 59.251747131347656
904 -25.617061614990234 59.407859802246094
905 -25.901554107666016 59.46609115600586
906 -26.138883590698242 59.57775115966797
907 -26.377513885498047 59.75572967529297
908 -26.614961624145508 60.00784683227539
909 -26.866016387939453 60.13834762573242
910 -26.97865867614746 60.27094268798828
911 -26.970792770385742 60.50748825073242
912 -27.02711296081543 61.08313751220703
913 -27.06073760986328 61.38601303100586
914 -27.051054000854492 61.54408645629883
915 -27.24229621887207 61.72124481201172
916 -27.60759162902832 61.84584426879883
917 -28.09165382385254 62.068878173828125
918 -28.398502349853516 62.166290283203125
919 -28.61772346496582 62.18229293823242
920 -28.905088424682617 62.12179183959961
921 -29.399145126342773 61.99577331542969
922 -29.841459274291992 61.88457489013672
923 -30.118854522705078 61.827919006347656
924 -30.67679214477539 61.77233123779297
925 -31.041889190673828 61.75275802612305
926 -31.42641830444336 61.74453353881836
927 -32.190643310546875 61.820255279541016
928 -32.5638542175293 61.78264617919922
929 -32.68509292602539 61.6633186340332
930 -32.74171829223633 61.46183776855469
931 -32.83277130126953 61.009483337402344
932 -32.988189697265625 60.12223815917969
933 -33.03466033935547 59.864891052246094
934 -33.14565658569336 59.55479431152344
935 -33.287410736083984 59.286930084228516
936 -33.468017578125 59.12704849243164
937 -33.585906982421875 59.0034065246582
938 -33.74826431274414 58.98234176635742
939 -33.932167053222656 59.00685119628906
940 -34.218345642089844 58.90386199951172
941 -34.52627182006836 58.83851623535156
942 -34.70964050292969 58.61273956298828
943 -34.81575012207031 58.27577209472656
944 -34.83528518676758 58.05674362182617
945 -34.87385177612305 57.861358642578125
946 -34.93452072143555 57.76569747924805
947 -35.211341857910156 57.528106689453125
948 -35.317684173583984 57.411930084228516
949 -35.6192512512207 57.012550354003906
950 -35.796722412109375 56.78102493286133
951 -36.06985855102539 56.482425689697266
952 -36.28639221191406 56.318336486816406
953 -36.448631286621094 56.13438034057617
954 -36.69799041748047 55.804447174072266
955 -36.91678237915039 55.492862701416016
956 -36.932071685791016 55.376014709472656
957 -36.87504959106445 55.25162124633789
958 -36.66404342651367 55.161834716796875
959 -36.325626373291016 55.078346252441406
960 -35.92322540283203 54.84878158569336
961 -35.40016174316406 54.93291473388672
962 -34.773868560791016 55.093505859375
963 -34.61164855957031 55.1324577331543
964 -34.49366760253906 55.20002365112305
965 -34.27780532836914 55.269073486328125
966 -33.97750473022461 55.405269622802734
967 -33.73468017578125 55.46683883666992
968 -33.493648529052734 55.4244499206543
969 -33.437164306640625 55.344749450683594
970 -33.0861701965332 55.35083770751953
971 -32.90740203857422 55.363380432128906
972 -32.66582107543945 55.44017791748047
973 -32.543701171875 55.15467834472656
974 -32.4124755859375 54.58938217163086
975 -32.194759368896484 54.05644226074219
976 -32.119178771972656 53.9354248046875
977 -32.08705139160156 53.85741424560547
978 -31.957740783691406 53.62374496459961
979 -31.956409454345703 53.387699127197266
980 -31.90115737915039 53.24050521850586
981 -32.02485275268555 53.10637283325195
982 -32.20115280151367 52.834556579589844
983 -32.33199691772461 52.54254150390625
984 -32.65568161010742 52.1779899597168
985 -32.92967224121094 52.116302490234375
986 -33.36839294433594 52.210304260253906
987 -33.68489074707031 52.349571228027344
988 -33.88628387451172 52.5334587097168
989 -34.009857177734375 52.62439727783203
990 -34.15507507324219 52.58306884765625
991 -34.43089294433594 52.47297286987305
992 -34.63581848144531 52.405784606933594
993 -34.81147003173828 52.32398223876953
994 -34.98110580444336 52.24139404296875
995 -35.29841613769531 52.07231521606445
996 -35.49357223510742 51.99429702758789
997 -35.73373794555664 51.985015869140625
998 -35.841617584228516 52.051204681396484
999 -35.90223693847656 52.106746673583984
