0 -38.96251678466797 -32.69334030151367
1 -39.05809020996094 -32.84137725830078
2 -39.219200134277344 -33.10731887817383
3 -39.74477767944336 -33.76643371582031
4 -40.05631637573242 -34.1035270690918
5 -40.54826736450195 -34.52652359008789
6 -40.62749481201172 -34.67182540893555
7 -40.657012939453125 -35.10642623901367
8 -40.61849594116211 -35.46641540527344
9 -40.58073425292969 -35.74173355102539
10 -40.426856994628906 -36.083065032958984
11 -40.190181732177734 -36.436500549316406
12 -39.73155212402344 -36.86307144165039
13 -39.44471740722656 -37.02970504760742
14 -39.17367172241211 -37.103172302246094
15 -38.84757995605469 -37.04917907714844
16 -38.15192413330078 -36.81269836425781
17 -37.7835578918457 -36.72755813598633
18 -37.015533447265625 -36.81191635131836
19 -36.10704040527344 -37.134578704833984
20 -35.45653533935547 -37.40618896484375
21 -35.12436294555664 -37.54920196533203
22 -34.62081527709961 -37.75627517700195
23 -34.191349029541016 -37.960819244384766
24 -33.94098663330078 -38.112850189208984
25 -33.764015197753906 -38.11970138549805
26 -33.44126510620117 -38.02956771850586
27 -33.12358856201172 -37.8101692199707
28 -32.761470794677734 -37.487510681152344
29 -32.297325134277344 -37.062129974365234
30 -32.01614761352539 -36.75204849243164
31 -31.82317352294922 -36.493629455566406
32 -31.647998809814453 -36.222251892089844
33 -31.533763885498047 -35.99864196777344
34 -31.2447452545166 -35.41542053222656
35 -31.104602813720703 -35.15810012817383
36 -21.474611282348633 -35.042564392089844
37 -21.42393684387207 -35.302467346191406
38 -21.45402717590332 -35.66920471191406
39 -21.61736297607422 -36.03278732299805
40 -21.856210708618164 -36.287357330322266
41 -22.374696731567383 -36.49528503417969
42 -22.797420501708984 -36.61970520019531
43 -23.35761070251465 -36.6571159362793
44 -23.968326568603516 -36.5461540222168
45 -24.297937393188477 -36.49003219604492
46 -24.64434814453125 -36.482513427734375
47 -25.143301010131836 -36.480926513671875
48 -25.477266311645508 -36.51832962036133
49 -25.6652889251709 -36.59387969970703
50 -25.82124137878418 -36.694427490234375
51 -26.21609878540039 -36.95568084716797
52 -26.64266014099121 -37.22554397583008
53 -26.944011688232422 -37.453041076660156
54 -27.21361541748047 -37.67570495605469
55 -28.038925170898438 -38.28138732910156
56 -28.29197120666504 -38.4345817565918
57 -28.444272994995117 -38.51205825805664
58 -22.576623916625977 -6.015697956085205
59 -22.395811080932617 -5.970772743225098
60 -21.793134689331055 -5.861349582672119
61 -21.195871353149414 -5.771245002746582
62 -20.849111557006836 -5.730274200439453
63 -20.517784118652344 -5.703092575073242
64 -20.021093368530273 -5.645923137664795
65 -19.664262771606445 -5.504456520080566
66 -19.427715301513672 -5.317920684814453
67 -19.091693878173828 -4.9140849113464355
68 -18.62020492553711 -4.477912902832031
69 -18.103403091430664 -4.213712215423584
70 -17.596418380737305 -4.101657867431641
71 -17.39560317993164 -4.106062889099121
72 -17.050466537475586 -4.2011799812316895
73 -16.506004333496094 -4.458679676055908
74 -15.944336891174316 -4.874424934387207
75 -15.455660820007324 -5.402293682098389
76 -15.17245101928711 -5.762646675109863
77 -14.99236011505127 -6.078758239746094
78 -14.82328987121582 -6.571105003356934
79 -14.725476264953613 -7.054543495178223
80 -14.692998886108398 -7.374524116516113
81 -14.706003189086914 -7.687111854553223
82 -14.722691535949707 -7.983310222625732
83 -14.686836242675781 -8.694233894348145
84 -14.650139808654785 -9.018077850341797
85 -14.576312065124512 -9.387768745422363
86 -14.436402320861816 -9.761664390563965
87 -14.232577323913574 -10.142924308776855
88 -14.014776229858398 -10.430959701538086
89 -13.553426742553711 -10.775678634643555
90 -13.263068199157715 -11.050054550170898
91 -13.19107723236084 -11.249204635620117
92 -13.36210823059082 -11.511672019958496
93 -13.712348937988281 -11.918229103088379
94 -14.069371223449707 -12.253633499145508
95 -14.421111106872559 -12.735745429992676
96 -14.475724220275879 -12.917862892150879
97 -14.323420524597168 -13.332335472106934
98 -14.072125434875488 -13.672224998474121
99 -13.669501304626465 -13.90597915649414
100 -13.297220230102539 -14.049988746643066
101 -12.810798645019531 -14.265602111816406
102 -12.476235389709473 -14.450766563415527
103 -12.104220390319824 -14.68596076965332
104 -11.935591697692871 -14.816680908203125
105 -11.810670852661133 -15.033170700073242
106 -11.469111442565918 -15.69253158569336
107 -11.309040069580078 -15.965158462524414
108 -11.022943496704102 -16.342140197753906
109 -10.514431953430176 -16.85329246520996
110 -10.248468399047852 -16.970487594604492
111 -9.857145309448242 -17.035661697387695
112 -9.150755882263184 -17.131650924682617
113 -8.66981029510498 -17.22874641418457
114 -8.238150596618652 -17.385358810424805
115 -7.6373677253723145 -17.69086456298828
116 -7.353818893432617 -17.915422439575195
117 -7.161287784576416 -18.197908401489258
118 -7.005650043487549 -18.656362533569336
119 -6.962244987487793 -19.17180824279785
120 -7.010502815246582 -19.88221549987793
121 -7.055726528167725 -20.26985740661621
122 -7.1109185218811035 -21.031566619873047
123 -7.212380409240723 -21.306716918945312
124 -7.389111518859863 -21.713253021240234
125 -7.731324672698975 -22.086254119873047
126 -7.980957508087158 -22.27496910095215
127 -8.519004821777344 -22.612390518188477
128 -9.086183547973633 -22.89521026611328
129 -9.467996597290039 -22.922121047973633
130 -9.802138328552246 -22.66554069519043
131 -10.035927772521973 -22.14020347595215
132 -10.175586700439453 -21.627077102661133
133 -10.344341278076172 -21.30531883239746
134 -10.65830135345459 -20.833553314208984
135 -10.732367515563965 -20.417251586914062
136 -10.805046081542969 -19.958009719848633
137 -10.857809066772461 -19.478235244750977
138 -10.837711334228516 -19.221315383911133
139 -9.463133811950684 -15.370527267456055
140 -9.358476638793945 -15.024713516235352
141 -9.227949142456055 -14.656463623046875
142 -9.06222152709961 -14.291662216186523
143 -8.833699226379395 -13.915611267089844
144 -8.593697547912598 -13.700217247009277
145 -8.247729301452637 -13.48462963104248
146 -7.751424789428711 -13.31661319732666
147 -7.32604455947876 -13.260814666748047
148 -6.872869491577148 -13.36148452758789
149 -6.523355960845947 -13.506110191345215
150 -6.120138645172119 -13.800515174865723
151 -5.757697105407715 -14.113436698913574
152 -5.118659496307373 -14.629631996154785
153 -4.88254976272583 -14.70018196105957
154 -4.4718523025512695 -14.63560962677002
155 -3.943722724914551 -14.532172203063965
156 -3.644963026046753 -14.405611038208008
157 -3.478641986846924 -14.096975326538086
158 -3.3905069828033447 -13.55102825164795
159 -3.489313840866089 -12.916254997253418
160 -3.63850736618042 -12.558539390563965
161 -3.860814094543457 -12.307008743286133
162 -4.393125534057617 -11.711729049682617
163 -4.758098125457764 -11.222073554992676
164 -4.921060562133789 -10.974050521850586
165 -5.073370933532715 -10.630226135253906
166 -5.134654998779297 -10.017322540283203
167 -5.138730525970459 -9.39457893371582
168 -5.235904693603516 -8.884702682495117
169 -5.416438579559326 -8.496339797973633
170 -5.675051212310791 -8.212212562561035
171 -6.112514972686768 -8.03507137298584
172 -7.087851047515869 -7.79408073425293
173 -7.763321399688721 -7.623611927032471
174 -8.160123825073242 -7.461927890777588
175 -8.390880584716797 -7.386865615844727
176 -8.5376615524292 -7.551567077636719
177 -8.736997604370117 -7.864460468292236
178 -8.835240364074707 -8.397750854492188
179 -8.915085792541504 -8.803664207458496
180 -9.12181568145752 -9.393919944763184
181 -9.486806869506836 -10.12978458404541
182 -9.758756637573242 -10.673652648925781
183 -9.882705688476562 -10.919520378112793
184 -10.071328163146973 -11.280590057373047
185 -10.434986114501953 -11.814556121826172
186 -10.639955520629883 -12.158304214477539
187 -10.850327491760254 -12.545351028442383
188 -10.974263191223145 -12.76755142211914
189 -11.124646186828613 -13.032150268554688
190 -13.515621185302734 -16.27842903137207
191 -13.820782661437988 -16.62864875793457
192 -14.051305770874023 -16.92538070678711
193 -14.293489456176758 -17.223064422607422
194 -14.695696830749512 -17.729942321777344
195 -14.805277824401855 -17.991558074951172
196 -15.016210556030273 -18.63200569152832
197 -15.164650917053223 -19.081138610839844
198 -15.207649230957031 -19.249500274658203
199 -18.2793025970459 -33.38224792480469
200 -18.087474822998047 -33.23820495605469
201 -17.671916961669922 -32.96323776245117
202 -17.024791717529297 -32.6624870300293
203 -16.729461669921875 -32.60396194458008
204 -16.43630027770996 -32.54722213745117
205 -16.012266159057617 -32.4780158996582
206 -15.897992134094238 -32.319435119628906
207 -15.834366798400879 -31.93990135192871
208 -15.871369361877441 -31.399185180664062
209 -15.927389144897461 -30.545801162719727
210 -15.904061317443848 -30.124855041503906
211 -15.772126197814941 -29.604991912841797
212 -15.037336349487305 -28.394662857055664
213 -14.78292179107666 -28.10654640197754
214 -14.602208137512207 -27.862720489501953
215 -14.300066947937012 -27.302845001220703
216 -14.061063766479492 -26.703611373901367
217 -13.834053993225098 -26.127361297607422
218 -13.518906593322754 -25.516376495361328
219 -13.511700630187988 -25.287614822387695
220 -13.603835105895996 -25.010244369506836
221 -13.739707946777344 -24.71784782409668
222 -13.9931058883667 -24.351037979125977
223 -14.349738121032715 -24.041309356689453
224 -14.732595443725586 -23.90313720703125
225 -15.054502487182617 -23.840730667114258
226 -15.714570999145508 -23.717199325561523
227 -15.943017959594727 -23.509750366210938
228 -16.1719970703125 -22.876815795898438
229 -16.36911964416504 -22.405654907226562
230 -16.678668975830078 -22.12019920349121
231 -17.16291618347168 -21.97848892211914
232 -17.775793075561523 -22.032424926757812
233 -18.653308868408203 -22.281044006347656
234 -19.00973892211914 -22.497072219848633
235 -19.176565170288086 -22.704492568969727
236 -19.283296585083008 -23.37665367126465
237 -19.205774307250977 -23.930282592773438
238 -18.994665145874023 -24.430025100708008
239 -18.728988647460938 -24.904277801513672
240 -18.657434463500977 -25.14191436767578
241 -18.66684341430664 -25.69702911376953
242 -18.725374221801758 -26.027339935302734
243 -18.830181121826172 -26.40422821044922
244 -18.917280197143555 -26.94741439819336
245 -18.92566680908203 -27.55613136291504
246 -18.95265007019043 -27.916622161865234
247 -18.97108268737793 -28.177860260009766
248 -18.785429000854492 -28.88702964782715
249 -18.728368759155273 -29.280141830444336
250 -18.778106689453125 -29.682363510131836
251 -18.946998596191406 -30.28680992126465
252 -19.16409683227539 -30.67902946472168
253 -19.418859481811523 -30.950639724731445
254 -20.192148208618164 -31.361949920654297
255 -20.40736961364746 -31.486013412475586
256 -32.66493606567383 -31.57846450805664
257 -32.74077606201172 -31.459941864013672
258 -33.14082336425781 -30.56981086730957
259 -33.267723083496094 -30.265689849853516
260 -33.3739128112793 -30.038864135742188
261 -33.605770111083984 -29.674306869506836
262 -33.98227310180664 -29.23267364501953
263 -34.50592041015625 -28.851009368896484
264 -34.74824905395508 -28.803468704223633
265 -35.1623649597168 -28.816675186157227
266 -35.7603645324707 -28.873241424560547
267 -36.2553825378418 -28.920574188232422
268 -36.80910873413086 -28.855342864990234
269 -37.36589813232422 -28.770450592041016
270 -37.770511627197266 -28.664844512939453
271 -38.2137336730957 -28.490177154541016
272 -38.49600601196289 -28.261539459228516
273 -38.899906158447266 -27.79395866394043
274 -39.053688049316406 -27.59083366394043
275 -39.27497863769531 -27.333620071411133
276 -39.792816162109375 -26.772171020507812
277 -40.20902633666992 -26.353132247924805
278 -40.49993133544922 -26.037841796875
279 -40.796993255615234 -25.818029403686523
280 -41.197906494140625 -25.56667137145996
281 -41.699649810791016 -25.254404067993164
282 -42.167057037353516 -24.950361251831055
283 -42.385372161865234 -24.718952178955078
284 -42.589481353759766 -24.26618003845215
285 -42.82386779785156 -23.917394638061523
286 -43.25897216796875 -23.2697811126709
287 -43.51877212524414 -22.765283584594727
288 -43.69535446166992 -22.20246124267578
289 -43.74090576171875 -21.85138702392578
290 -43.707584381103516 -21.67766761779785
291 -38.701656341552734 -15.21874713897705
292 -38.78570556640625 -15.13558578491211
293 -39.23035430908203 -15.047317504882812
294 -40.14780044555664 -15.094114303588867
295 -40.425865173339844 -15.367405891418457
296 -40.68497848510742 -15.854469299316406
297 -40.733665466308594 -16.359962463378906
298 -40.687767028808594 -16.886289596557617
299 -40.61359786987305 -17.202102661132812
300 -40.475154876708984 -21.65298843383789
301 -40.745731353759766 -21.71556854248047
302 -40.9876594543457 -21.559186935424805
303 -41.16072463989258 -21.067934036254883
304 -41.227439880371094 -20.26371192932129
305 -41.18749237060547 -19.832763671875
306 -40.98289489746094 -19.368873596191406
307 -40.737953186035156 -19.07621192932129
308 -40.28672409057617 -18.88530731201172
309 -39.93867874145508 -18.78127670288086
310 -39.40331268310547 -18.588777542114258
311 -38.80445861816406 -18.38336753845215
312 -38.30704879760742 -18.258163452148438
313 -38.00474548339844 -18.2021484375
314 -37.78913879394531 -18.183597564697266
315 -37.494728088378906 -18.202449798583984
316 -37.07930374145508 -18.217987060546875
317 -36.788578033447266 -18.136402130126953
318 -36.21806335449219 -17.887527465820312
319 -35.83221435546875 -17.62066078186035
320 -35.34275817871094 -17.235980987548828
321 -34.99406814575195 -16.886838912963867
322 -34.90633773803711 -16.64862823486328
323 -34.8508415222168 -16.287263870239258
324 -34.88726806640625 -15.995532989501953
325 -35.1302375793457 -15.120972633361816
326 -35.265869140625 -14.64283561706543
327 -35.306129455566406 -14.45660400390625
328 -35.37596130371094 -14.059417724609375
329 -35.47044372558594 -13.739906311035156
330 -35.66484451293945 -13.454069137573242
331 -36.73334503173828 -12.565215110778809
332 -37.076541900634766 -12.437504768371582
333 -37.57618713378906 -12.305680274963379
334 -38.0578727722168 -12.175625801086426
335 -38.76319885253906 -12.029945373535156
336 -39.06325912475586 -11.967857360839844
337 -39.662715911865234 -11.758963584899902
338 -39.907623291015625 -11.623305320739746
339 -40.052249908447266 -11.492612838745117
340 -40.34748840332031 -11.006850242614746
341 -40.4719123840332 -10.575088500976562
342 -40.45213317871094 -9.726761817932129
343 -40.44767761230469 -9.448738098144531
344 -40.31869125366211 -9.127395629882812
345 -40.1496467590332 -8.880583763122559
346 -39.80710220336914 -8.550708770751953
347 -39.39057922363281 -8.2551851272583
348 -38.884761810302734 -7.921858787536621
349 -38.355438232421875 -7.651092529296875
350 -38.08100891113281 -7.6365885734558105
351 -37.447669982910156 -7.8406901359558105
352 -37.08757400512695 -7.999720573425293
353 -36.6381950378418 -8.281698226928711
354 -36.34902572631836 -8.507525444030762
355 -35.83959197998047 -8.971026420593262
356 -35.3746223449707 -9.391486167907715
357 -35.0387077331543 -9.674558639526367
358 -34.603424072265625 -9.99472713470459
359 -34.32981872558594 -10.140740394592285
360 -33.87801742553711 -10.396563529968262
361 -33.476009368896484 -10.624471664428711
362 -33.12372589111328 -10.766350746154785
363 -32.77260971069336 -10.915387153625488
364 -32.384681701660156 -11.134895324707031
365 -32.076019287109375 -11.425978660583496
366 -31.74308967590332 -11.718087196350098
367 -31.438005447387695 -12.070590019226074
368 -31.16473388671875 -12.608230590820312
369 -31.16490364074707 -13.138710021972656
370 -31.291337966918945 -13.700995445251465
371 -31.396106719970703 -14.161075592041016
372 -31.49629783630371 -14.695302963256836
373 -31.507230758666992 -14.897804260253906
374 -22.842540740966797 -31.1534423828125
375 -22.983591079711914 -31.233064651489258
376 -23.465736389160156 -31.569459915161133
377 -23.738243103027344 -31.78026008605957
378 -24.401264190673828 -32.25968551635742
379 -24.995258331298828 -32.52525329589844
380 -25.441356658935547 -32.66585922241211
381 -25.76924705505371 -32.69294357299805
382 -26.31036949157715 -32.64316940307617
383 -27.51028823852539 -32.3328857421875
384 -27.833694458007812 -32.24305725097656
385 -27.924320220947266 -32.0531120300293
386 -28.007022857666016 -31.551029205322266
387 -28.129066467285156 -31.268207550048828
388 -29.26529312133789 -30.401935577392578
389 -29.38100242614746 -30.215972900390625
390 -29.35023307800293 -30.01441764831543
391 -29.18682861328125 -29.743684768676758
392 -28.443603515625 -28.99203872680664
393 -28.086124420166016 -28.76717758178711
394 -27.622516632080078 -28.543733596801758
395 -27.11651611328125 -28.419574737548828
396 -26.561010360717773 -28.359458923339844
397 -25.849117279052734 -28.29586410522461
398 -25.546062469482422 -28.340497970581055
399 -25.072059631347656 -28.535263061523438
400 -24.725208282470703 -28.698444366455078
401 -24.47885513305664 -28.769994735717773
402 -24.058977127075195 -28.850887298583984
403 -23.738245010375977 -28.8333740234375
404 -23.14546775817871 -28.451086044311523
405 -22.732187271118164 -28.143531799316406
406 -22.555496215820312 -27.910171508789062
407 -22.549968719482422 -27.533117294311523
408 -22.733623504638672 -27.124818801879883
409 -22.94675636291504 -26.726037979125977
410 -23.0056095123291 -26.592514038085938
411 -23.07041358947754 -26.257272720336914
412 -23.07114028930664 -25.482654571533203
413 -23.004554748535156 -24.898277282714844
414 -23.025516510009766 -24.599388122558594
415 -23.166309356689453 -24.240406036376953
416 -23.3452091217041 -23.957887649536133
417 -23.54254913330078 -23.80795669555664
418 -23.8671932220459 -23.675006866455078
419 -24.536218643188477 -23.495912551879883
420 -24.94809913635254 -23.36008071899414
421 -25.190839767456055 -23.14297866821289
422 -25.3177490234375 -22.767101287841797
423 -25.348989486694336 -22.380598068237305
424 -25.279396057128906 -21.618000030517578
425 -25.186491012573242 -21.274940490722656
426 -24.84540367126465 -21.1533260345459
427 -24.0233154296875 -21.068572998046875
428 -23.70418930053711 -21.048858642578125
429 -23.360456466674805 -21.0083065032959
430 -23.00593376159668 -20.906553268432617
431 -22.399375915527344 -20.637470245361328
432 -22.267833709716797 -20.560102462768555
433 -22.180593490600586 -20.525041580200195
434 -29.111265182495117 -17.646373748779297
435 -29.144268035888672 -17.527063369750977
436 -29.15392303466797 -17.22072982788086
437 -29.085102081298828 -16.730592727661133
438 -29.06453514099121 -16.504619598388672
439 -28.974594116210938 -16.1243839263916
440 -28.915111541748047 -15.934361457824707
441 -28.577295303344727 -15.433091163635254
442 -28.13800621032715 -15.005833625793457
443 -27.652240753173828 -14.826509475708008
444 -27.383392333984375 -14.974637985229492
445 -27.131017684936523 -15.37615966796875
446 -27.070598602294922 -15.768912315368652
447 -27.133548736572266 -17.540956497192383
448 -27.122865676879883 -18.035680770874023
449 -27.178695678710938 -18.31612205505371
450 -27.33182716369629 -18.641677856445312
451 -27.709321975708008 -19.188840866088867
452 -28.162172317504883 -19.668195724487305
453 -28.302583694458008 -19.884735107421875
454 -28.340953826904297 -20.277732849121094
455 -28.2479248046875 -20.77113914489746
456 -28.02973747253418 -21.54037094116211
457 -28.06276512145996 -21.928359985351562
458 -28.121461868286133 -22.332542419433594
459 -28.2082462310791 -22.735675811767578
460 -28.285125732421875 -23.10032844543457
461 -28.489534378051758 -23.599016189575195
462 -28.801437377929688 -24.176939010620117
463 -29.145004272460938 -24.554595947265625
464 -29.475582122802734 -24.861303329467773
465 -29.682411193847656 -24.957807540893555
466 -30.176244735717773 -25.08864974975586
467 -30.77467918395996 -25.307043075561523
468 -31.09074592590332 -25.55661392211914
469 -31.481037139892578 -25.837533950805664
470 -32.02889633178711 -26.151086807250977
471 -32.357032775878906 -26.32052993774414
472 -32.79091262817383 -26.477148056030273
473 -33.4077262878418 -26.540903091430664
474 -33.74784851074219 -26.38660430908203
475 -33.98372268676758 -26.104366302490234
476 -34.034423828125 -25.699460983276367
477 -33.911956787109375 -25.46626853942871
478 -33.648414611816406 -25.105382919311523
479 -33.12651062011719 -24.285388946533203
480 -32.830039978027344 -23.786605834960938
481 -32.55860137939453 -23.120805740356445
482 -32.45732879638672 -22.748306274414062
483 -32.382286071777344 -22.14113998413086
484 -32.354042053222656 -21.823896408081055
485 -32.307838439941406 -21.571414947509766
486 -32.25194549560547 -21.347137451171875
487 -32.051517486572266 -20.547929763793945
488 -31.929067611694336 -20.181854248046875
489 -31.88570213317871 -20.00506019592285
490 -31.85750389099121 -19.4888973236084
491 -31.824264526367188 -18.942686080932617
492 -31.739938735961914 -18.69583511352539
493 -31.553287506103516 -18.4493465423584
494 -31.33065414428711 -18.26348114013672
495 -24.862197875976562 -16.860124588012695
496 -24.46419334411621 -16.831138610839844
497 -24.226837158203125 -16.83045768737793
498 -24.010517120361328 -16.861412048339844
499 -23.27317237854004 -17.1070499420166
500 -22.835975646972656 -17.24764060974121
501 -22.51422691345215 -17.328094482421875
502 -22.123559951782227 -17.25867462158203
503 -21.55635643005371 -17.11219596862793
504 -21.262216567993164 -17.013166427612305
505 -20.97037696838379 -16.842931747436523
506 -20.743656158447266 -16.64610481262207
507 -20.369003295898438 -16.15338706970215
508 -20.235387802124023 -15.868467330932617
509 -20.169517517089844 -15.444825172424316
510 -20.21544647216797 -15.013279914855957
511 -20.319650650024414 -14.612290382385254
512 -20.4372501373291 -14.172140121459961
513 -20.568805694580078 -13.650015830993652
514 -20.634300231933594 -13.263442993164062
515 -20.66762924194336 -12.768256187438965
516 -20.628164291381836 -12.2431058883667
517 -20.446643829345703 -11.78519344329834
518 -20.094419479370117 -11.070545196533203
519 -20.17457389831543 -10.849113464355469
520 -20.53969955444336 -10.649298667907715
521 -20.995651245117188 -10.43572998046875
522 -21.308536529541016 -10.46794319152832
523 -21.888113021850586 -10.712965965270996
524 -22.18621826171875 -10.875263214111328
525 -22.381452560424805 -11.012736320495605
526 -22.566125869750977 -11.170284271240234
527 -22.928810119628906 -11.492155075073242
528 -23.110158920288086 -11.646531105041504
529 -23.407859802246094 -11.789434432983398
530 -23.875629425048828 -11.94998836517334
531 -24.573930740356445 -12.185856819152832
532 -25.02581787109375 -12.271883964538574
533 -25.51206398010254 -12.3189697265625
534 -26.1553955078125 -12.370689392089844
535 -26.71967124938965 -12.261683464050293
536 -27.07242774963379 -11.876241683959961
537 -27.242511749267578 -11.28732967376709
538 -27.34004783630371 -10.824143409729004
539 -27.407167434692383 -10.530022621154785
540 -27.595745086669922 -9.790666580200195
541 -27.713783264160156 -9.35621452331543
542 -27.81023406982422 -9.184231758117676
543 -28.074087142944336 -8.886285781860352
544 -28.334274291992188 -8.632606506347656
545 -34.07027053833008 -4.2159833908081055
546 -34.25981521606445 -4.184895992279053
547 -34.70814514160156 -4.216760158538818
548 -35.20901107788086 -4.279996395111084
549 -35.84678649902344 -4.4566826820373535
550 -36.108062744140625 -4.5710930824279785
551 -36.237674713134766 -4.689213752746582
552 -36.30915069580078 -4.768218994140625
553 -35.31390380859375 -23.492799758911133
554 -35.249202728271484 -23.31522560119629
555 -35.0617561340332 -22.3576717376709
556 -35.14500427246094 -21.636924743652344
557 -35.30006790161133 -21.334379196166992
558 -35.52268600463867 -21.20767593383789
559 -36.346763610839844 -21.326358795166016
560 -36.639705657958984 -21.46556854248047
561 -36.865543365478516 -21.716899871826172
562 -37.18701171875 -22.22886848449707
563 -37.38422393798828 -22.71294403076172
564 -37.486576080322266 -23.16693115234375
565 -37.608734130859375 -23.642440795898438
566 -37.82182312011719 -24.2535400390625
567 -38.00038528442383 -24.597536087036133
568 -38.17078399658203 -24.893573760986328
569 -41.11290740966797 -28.940811157226562
570 -41.2469482421875 -29.091489791870117
571 -41.44459533691406 -29.236709594726562
572 -41.81660079956055 -29.43889045715332
573 -42.329566955566406 -29.67051124572754
574 -42.69510269165039 -29.741352081298828
575 -43.16328430175781 -29.711109161376953
576 -43.44260787963867 -29.638349533081055
577 -44.18363571166992 -29.242177963256836
578 -44.389522552490234 -29.214448928833008
579 -44.74262619018555 -29.229543685913086
580 -45.48031234741211 -29.30097198486328
581 -45.69234848022461 -29.212276458740234
582 -45.917442321777344 -28.98668670654297
583 -46.16984176635742 -28.43145179748535
584 -46.23910903930664 -28.18720245361328
585 -46.192867279052734 -27.96047019958496
586 -46.10762405395508 -27.55565643310547
587 -46.047298431396484 -27.123769760131836
588 -46.04750442504883 -26.082595825195312
589 -46.046138763427734 -25.580387115478516
590 -46.10613250732422 -24.972551345825195
591 -46.273738861083984 -24.522159576416016
592 -46.58061981201172 -24.07710075378418
593 -46.78750991821289 -23.92484474182129
594 -47.17387008666992 -23.865585327148438
595 -47.368587493896484 -23.936710357666016
596 -47.24631118774414 -31.08831024169922
597 -47.282142639160156 -31.372079849243164
598 -47.33126449584961 -31.80977439880371
599 -47.347320556640625 -32.303565979003906
600 -47.39704895019531 -32.63200378417969
601 -47.515708923339844 -33.02228927612305
602 -47.63636779785156 -33.314178466796875
603 -47.89861297607422 -33.9719123840332
604 -48.089412689208984 -34.67135238647461
605 -48.13511657714844 -35.04842758178711
606 -48.139671325683594 -35.349849700927734
607 -48.155738830566406 -35.5854606628418
608 -48.242767333984375 -36.169898986816406
609 -48.30463790893555 -36.91999053955078
610 -48.47846603393555 -37.19991683959961
611 -48.892127990722656 -37.3597297668457
612 -49.29499053955078 -37.38865280151367
613 -49.86768341064453 -37.48979568481445
614 -50.171085357666016 -37.51203155517578
615 -50.46323013305664 -37.47508239746094
616 -50.62814712524414 -37.41525650024414
617 -51.45368576049805 -36.999114990234375
618 -51.7267951965332 -36.79346466064453
619 -51.909507751464844 -36.5909309387207
620 -51.97568130493164 -36.26493835449219
621 -52.01946258544922 -35.9405517578125
622 -52.20267105102539 -35.217899322509766
623 -52.26129913330078 -34.960105895996094
624 -52.18834686279297 -34.67381286621094
625 -52.13482666015625 -34.27438735961914
626 -52.10917663574219 -33.78695297241211
627 -52.114017486572266 -33.3760986328125
628 -52.13188171386719 -33.20799255371094
629 -52.1750602722168 -32.99753952026367
630 -53.08863067626953 -31.878644943237305
631 -53.08297348022461 -31.832971572875977
632 -51.69462966918945 -31.386930465698242
633 -51.57777786254883 -31.190139770507812
634 -51.472408294677734 -30.99695587158203
635 -51.13555908203125 -30.326398849487305
636 -50.84535217285156 -29.51344108581543
637 -50.73697280883789 -29.354780197143555
638 -50.361053466796875 -29.039663314819336
639 -50.09779357910156 -28.739595413208008
640 -49.8676643371582 -28.275989532470703
641 -49.764400482177734 -27.841360092163086
642 -49.75625991821289 -27.16567611694336
643 -49.819435119628906 -26.867652893066406
644 -49.97850036621094 -26.39627456665039
645 -50.12876510620117 -26.100366592407227
646 -50.46409606933594 -25.704994201660156
647 -50.75392150878906 -25.494306564331055
648 -51.07954406738281 -25.311424255371094
649 -51.96086502075195 -24.66830825805664
650 -52.42027282714844 -24.31468391418457
651 -52.679630279541016 -24.056550979614258
652 -53.26156997680664 -23.159900665283203
653 -53.265296936035156 -22.88212013244629
654 -53.1201057434082 -22.320934295654297
655 -53.04126739501953 -22.081186294555664
656 -52.808502197265625 -21.740276336669922
657 -52.46122360229492 -21.400297164916992
658 -52.05666732788086 -21.196502685546875
659 -51.60266876220703 -21.072708129882812
660 -51.179039001464844 -21.059507369995117
661 -50.68305206298828 -21.118303298950195
662 -50.22241973876953 -21.159109115600586
663 -50.06001281738281 -21.157024383544922
664 -48.933197021484375 -20.687955856323242
665 -48.57558059692383 -20.568208694458008
666 -48.18073654174805 -20.44791030883789
667 -47.28569030761719 -20.056276321411133
668 -46.77731704711914 -19.6564884185791
669 -46.61541748046875 -19.320608139038086
670 -46.65742874145508 -18.92165756225586
671 -46.97549819946289 -18.459653854370117
672 -47.19304275512695 -18.265525817871094
673 -47.53252029418945 -18.10436248779297
674 -48.098976135253906 -17.943876266479492
675 -48.644859313964844 -17.822975158691406
676 -49.20427322387695 -17.663375854492188
677 -50.086421966552734 -17.355777740478516
678 -50.50288772583008 -17.263084411621094
679 -51.0252685546875 -17.197635650634766
680 -51.669586181640625 -17.180715560913086
681 -51.95687484741211 -17.198331832885742
682 -52.335689544677734 -17.164518356323242
683 -52.524227142333984 -17.085926055908203
684 -52.725589752197266 -16.864511489868164
685 -52.83672332763672 -16.601089477539062
686 -52.726139068603516 -15.845407485961914
687 -52.55754089355469 -15.391098022460938
688 -52.20830535888672 -14.915328025817871
689 -52.016029357910156 -14.736207008361816
690 -51.754608154296875 -14.429183006286621
691 -51.62577819824219 -14.027438163757324
692 -51.51308059692383 -13.457798957824707
693 -51.416316986083984 -12.852649688720703
694 -51.27357864379883 -12.527704238891602
695 -51.03882598876953 -12.321178436279297
696 -50.48660659790039 -12.015413284301758
697 -49.53166961669922 -11.902709007263184
698 -49.06285095214844 -12.101201057434082
699 -48.662654876708984 -12.473309516906738
700 -48.52244567871094 -12.738542556762695
701 -48.48257827758789 -13.219237327575684
702 -48.52861022949219 -13.523177146911621
703 -48.67457962036133 -14.224156379699707
704 -48.675167083740234 -14.643800735473633
705 -48.65439987182617 -14.953166961669922
706 -48.523590087890625 -15.191442489624023
707 -48.30964279174805 -15.312543869018555
708 -47.89025115966797 -15.390203475952148
709 -47.38580322265625 -15.26874828338623
710 -46.84757614135742 -15.021665573120117
711 -46.45166015625 -14.77907657623291
712 -46.148075103759766 -14.49399471282959
713 -45.61814880371094 -13.985403060913086
714 -45.33952713012695 -13.80013656616211
715 -45.10374069213867 -13.70144271850586
716 -44.4424934387207 -13.54350471496582
717 -44.16887664794922 -13.558682441711426
718 -43.923919677734375 -13.650174140930176
719 -43.42008590698242 -14.309123039245605
720 -43.196712493896484 -14.826279640197754
721 -43.143253326416016 -15.344225883483887
722 -43.26166915893555 -16.047809600830078
723 -43.458648681640625 -16.485097885131836
724 -43.76607131958008 -16.889188766479492
725 -44.055198669433594 -17.14171600341797
726 -44.2469596862793 -17.397111892700195
727 -44.35987091064453 -17.81393814086914
728 -44.38738250732422 -18.080944061279297
729 -44.398372650146484 -18.419326782226562
730 -44.37816619873047 -18.637298583984375
731 -26.720029830932617 -3.164734363555908
732 -26.403295516967773 -2.9043898582458496
733 -25.923051834106445 -2.583501100540161
734 -25.747177124023438 -2.4663045406341553
735 -25.664440155029297 -2.291944742202759
736 -25.685157775878906 -1.878629207611084
737 -25.777603149414062 -1.4655817747116089
738 -25.896230697631836 -1.1317764520645142
739 -25.992374420166016 -0.866786777973175
740 -26.039648056030273 -0.4843551516532898
741 -26.063562393188477 0.19030076265335083
742 -26.089933395385742 0.6537290811538696
743 -26.281911849975586 1.093461036682129
744 -26.447629928588867 1.2207953929901123
745 -26.66419219970703 1.201491117477417
746 -27.37727165222168 0.8056908249855042
747 -27.76412010192871 0.5897253751754761
748 -28.08248519897461 0.43593719601631165
749 -37.908424377441406 -2.32080340385437
750 -38.18323516845703 -2.4241878986358643
751 -38.57645797729492 -2.577543258666992
752 -38.91468811035156 -2.716914653778076
753 -39.045814514160156 -2.75346302986145
754 -52.21783447265625 1.661121129989624
755 -52.540191650390625 1.7706764936447144
756 -52.766334533691406 1.866086721420288
757 -53.13275909423828 2.003363609313965
758 -53.575965881347656 2.0702686309814453
759 -54.10636901855469 1.9909974336624146
760 -54.51740646362305 1.7441054582595825
761 -54.88636016845703 1.4007248878479004
762 -54.98408889770508 1.0467472076416016
763 -55.027931213378906 0.6738101840019226
764 -55.004581451416016 0.25651150941848755
765 -54.914913177490234 -0.31799113750457764
766 -54.838802337646484 -0.6054263114929199
767 -54.758697509765625 -0.8428505659103394
768 -54.62269592285156 -1.3903052806854248
769 -54.61680221557617 -1.615092158317566
770 -55.81126403808594 -3.106663227081299
771 -55.79563522338867 -3.2117726802825928
772 -55.631168365478516 -3.3237574100494385
773 -55.28887939453125 -3.6346120834350586
774 -54.629859924316406 -4.2879719734191895
775 -54.44149398803711 -4.499270439147949
776 -54.16696548461914 -4.781275272369385
777 -53.95948791503906 -4.943268775939941
778 -53.24917221069336 -5.359787940979004
779 -52.870941162109375 -5.58858585357666
780 -52.49618148803711 -5.845252990722656
781 -52.15343475341797 -6.1333465576171875
782 -48.22657775878906 -9.602656364440918
783 -48.04277801513672 -9.72869873046875
784 -47.7784423828125 -9.895682334899902
785 -47.52323913574219 -10.029380798339844
786 -46.77985763549805 -10.359752655029297
787 -46.42289733886719 -10.471424102783203
788 -44.89297103881836 -10.303765296936035
789 -44.61865997314453 -10.126753807067871
790 -44.22578430175781 -9.662425994873047
791 -44.02836608886719 -9.341974258422852
792 -43.98112106323242 -9.114889144897461
793 -43.99126434326172 -8.430274963378906
794 -44.12854766845703 -7.855960369110107
795 -44.309104919433594 -7.483177661895752
796 -44.58271408081055 -7.118555545806885
797 -45.08781814575195 -6.534745693206787
798 -45.315311431884766 -6.270913124084473
799 -45.5709114074707 -5.941194534301758
800 -45.692298889160156 -5.760002136230469
801 -46.80317306518555 -3.8873629570007324
802 -46.93000030517578 -3.6672794818878174
803 -47.174800872802734 -3.255272388458252
804 -47.38386154174805 -2.8954808712005615
805 -47.56446075439453 -2.520171880722046
806 -47.77077865600586 -1.9030423164367676
807 -47.86871337890625 -1.3240511417388916
808 -47.8363151550293 -0.9789249300956726
809 -47.59539794921875 0.35995596647262573
810 -47.531822204589844 0.7569063901901245
811 -47.519500732421875 1.160441517829895
812 -47.60075378417969 1.5385130643844604
813 -47.64247512817383 1.9164068698883057
814 -47.634586334228516 2.8160367012023926
815 -47.59695816040039 3.103132963180542
816 -47.49735641479492 3.4400486946105957
817 -47.31836700439453 3.6786305904388428
818 -46.86394500732422 3.897120952606201
819 -46.588172912597656 3.937462568283081
820 -46.28578186035156 3.9093260765075684
821 -36.80391311645508 0.6910655498504639
822 -36.68050765991211 0.6746637225151062
823 -36.491600036621094 0.7586849331855774
824 -36.258731842041016 1.0333565473556519
825 -36.1033935546875 1.6053733825683594
826 -36.07490921020508 2.0210819244384766
827 -36.04279327392578 2.6694796085357666
828 -35.968238830566406 3.1635570526123047
829 -35.816368103027344 3.9398086071014404
830 -35.79161834716797 4.327113628387451
831 -35.79158020019531 5.661516189575195
832 -35.756248474121094 6.016172885894775
833 -35.65660858154297 6.449195384979248
834 -35.529354095458984 6.823352336883545
835 -35.315650939941406 7.420387268066406
836 -35.08667755126953 7.997082710266113
837 -34.90528869628906 8.277995109558105
838 -34.14234161376953 8.811086654663086
839 -33.849708557128906 8.896252632141113
840 -33.49097442626953 8.902830123901367
841 -32.582054138183594 8.656082153320312
842 -32.311954498291016 8.529610633850098
843 -32.03059005737305 8.36762809753418
844 -31.766040802001953 8.185340881347656
845 -31.408924102783203 7.827090740203857
846 -31.076446533203125 7.259777069091797
847 -30.83509063720703 6.640772819519043
848 -30.815521240234375 6.341708183288574
849 -30.890729904174805 6.067636966705322
850 -31.12142562866211 5.409847259521484
851 -31.319948196411133 4.864870548248291
852 -31.484783172607422 4.5728840827941895
853 -31.71951675415039 4.104515075683594
854 -31.83125877380371 3.8387672901153564
855 -31.98928451538086 3.389479637145996
856 -32.090755462646484 2.9713571071624756
857 -32.22945022583008 2.479421377182007
858 -32.45846176147461 1.6131259202957153
859 -32.50355911254883 1.2992826700210571
860 -32.6703987121582 0.7430307865142822
861 -32.8225212097168 0.3224438726902008
862 -32.823551177978516 0.003548550186678767
863 -32.61003112792969 -0.31038951873779297
864 -32.03317642211914 -0.6797381639480591
865 -31.67866325378418 -0.907333254814148
866 -30.982515335083008 -1.4230154752731323
867 -30.79861068725586 -1.6857829093933105
868 -30.611370086669922 -2.2238457202911377
869 -30.49614906311035 -2.739572763442993
870 -30.451248168945312 -3.113157272338867
871 -30.451452255249023 -3.458564281463623
872 -30.538284301757812 -3.9746103286743164
873 -30.749998092651367 -4.922165393829346
874 -30.876169204711914 -5.423697471618652
875 -31.045791625976562 -5.869576930999756
876 -31.423429489135742 -6.620913028717041
877 -31.604936599731445 -6.936201095581055
878 -31.756549835205078 -7.143616676330566
879 -32.27620315551758 -7.610529899597168
880 -32.545169830322266 -7.721264839172363
881 -32.9799690246582 -7.729943752288818
882 -33.48040008544922 -7.652066230773926
883 -40.285579681396484 -5.311959266662598
884 -40.603519439697266 -5.103792190551758
885 -41.1274528503418 -4.838944435119629
886 -41.416351318359375 -4.6930999755859375
887 -41.7140998840332 -4.50328254699707
888 -42.197723388671875 -4.171194076538086
889 -42.41926574707031 -3.9950649738311768
890 -42.651817321777344 -3.7533633708953857
891 -42.79743957519531 -3.5562539100646973
892 -43.52162170410156 -2.523850202560425
893 -43.71050262451172 -2.1133368015289307
894 -44.1785774230957 -1.3068757057189941
895 -44.37752914428711 -0.966259777545929
896 -44.39310836791992 -0.6572849154472351
897 -44.315269470214844 -0.3484041392803192
898 -43.72635269165039 0.5508049726486206
899 -43.52699279785156 0.6583870053291321
900 -43.19623947143555 0.7014137506484985
901 -42.96158218383789 0.6346836686134338
902 -42.40742874145508 0.2887727916240692
903 -42.06983947753906 0.05517754331231117
904 -41.606868743896484 -0.185808926820755
905 -41.1394157409668 -0.2458219677209854
906 -40.88743591308594 0.0336398109793663
907 -40.874141693115234 0.45925018191337585
908 -40.93974685668945 1.2385891675949097
909 -41.00959396362305 1.750274419784546
910 -41.11825180053711 2.2785894870758057
911 -41.10082244873047 2.4297244548797607
912 -40.97731399536133 2.526552200317383
913 -39.32122039794922 2.9265737533569336
914 -39.03753662109375 3.0483345985412598
915 -39.07444381713867 3.219672918319702
916 -39.2252082824707 3.4794387817382812
917 -39.697818756103516 4.066692352294922
918 -39.93299865722656 4.5458984375
919 -40.04479217529297 5.054358005523682
920 -40.00005340576172 5.302255630493164
921 -39.82209014892578 5.63351583480835
922 -39.553646087646484 6.024738788604736
923 -39.3634033203125 6.5218071937561035
924 -39.33079147338867 6.765066146850586
925 -39.27375793457031 7.284317493438721
926 -39.24431228637695 7.738060474395752
927 -39.34406661987305 8.063319206237793
928 -39.55779266357422 8.574178695678711
929 -39.7712516784668 8.911515235900879
930 -40.45509338378906 9.301841735839844
931 -40.645565032958984 9.306853294372559
932 -41.165382385253906 8.868121147155762
933 -41.40182876586914 8.688809394836426
934 -41.63969039916992 8.450535774230957
935 -42.25872802734375 7.707730770111084
936 -42.47611618041992 7.355821132659912
937 -42.66975021362305 6.885688781738281
938 -42.8460807800293 6.510314464569092
939 -43.02777862548828 6.245041847229004
940 -43.1470832824707 6.106601715087891
941 -54.412986755371094 -26.91856575012207
942 -54.51742172241211 -26.996150970458984
943 -54.7695198059082 -27.212562561035156
944 -54.88013458251953 -27.429405212402344
945 -55.037689208984375 -27.78889274597168
946 -55.35175323486328 -28.143569946289062
947 -55.676971435546875 -28.36124038696289
948 -56.12273406982422 -28.409780502319336
949 -56.829383850097656 -28.287572860717773
950 -57.15187454223633 -28.107484817504883
951 -57.47438430786133 -27.641496658325195
952 -57.63789367675781 -27.398889541625977
953 -57.93286895751953 -26.840057373046875
954 -58.23004150390625 -26.089868545532227
955 -58.31986999511719 -25.778989791870117
956 -58.38607406616211 -25.4312686920166
957 -58.44662857055664 -24.888954162597656
958 -58.45176315307617 -24.592641830444336
959 -48.937652587890625 -5.79265022277832
960 -48.97871017456055 -5.92439603805542
961 -49.02281188964844 -6.137589931488037
962 -49.078094482421875 -6.320859432220459
963 -49.31801223754883 -6.8467793464660645
964 -49.46770477294922 -7.119953155517578
965 -49.67668914794922 -7.4634690284729
966 -49.912757873535156 -7.819426536560059
967 -50.342777252197266 -8.344271659851074
968 -50.74699020385742 -8.741135597229004
969 -51.16314697265625 -9.043824195861816
970 -51.59611129760742 -9.291900634765625
971 -52.10744094848633 -9.48420238494873
972 -52.65299987792969 -9.65014934539795
973 -53.667598724365234 -9.843816757202148
974 -54.02302551269531 -9.902667999267578
975 -54.81336212158203 -10.034557342529297
976 -55.194435119628906 -10.113753318786621
977 -55.985260009765625 -10.312764167785645
978 -56.025760650634766 -10.338533401489258
979 -55.6248893737793 -13.0871000289917
980 -55.621429443359375 -13.319305419921875
981 -55.66959762573242 -14.016033172607422
982 -55.782997131347656 -14.606732368469238
983 -55.93737030029297 -15.24562931060791
984 -56.161380767822266 -15.543045997619629
985 -56.561649322509766 -15.893479347229004
986 -57.01332473754883 -16.1898136138916
987 -57.131954193115234 -16.32846450805664
988 -57.16181564331055 -16.603483200073242
989 -57.05595016479492 -17.000701904296875
990 -57.0269660949707 -17.60677719116211
991 -57.03801727294922 -17.920124053955078
992 -57.053958892822266 -18.171642303466797
993 -57.08198928833008 -18.63858413696289
994 -57.16636276245117 -19.32454490661621
995 -57.22138977050781 -19.68792724609375
996 -57.353084564208984 -19.963796615600586
997 -57.626468658447266 -20.389507293701172
998 -57.77668762207031 -20.580928802490234
999 -57.842350006103516 -20.671037673950195
