0 23.97423553466797 -12.558778762817383
1 23.93744659423828 -12.56799602508545
2 23.856979370117188 -12.598105430603027
3 23.8284969329834 -12.663016319274902
4 17.617225646972656 -27.936498641967773
5 17.406763076782227 -28.157028198242188
6 17.32170867919922 -28.29725456237793
7 17.161752700805664 -28.49267578125
8 17.00945281982422 -28.740854263305664
9 16.88201141357422 -28.917158126831055
10 16.798974990844727 -29.044795989990234
11 16.785810470581055 -29.439529418945312
12 16.861042022705078 -29.87054443359375
13 17.201580047607422 -30.108675003051758
14 17.495283126831055 -30.18911361694336
15 17.774356842041016 -30.313255310058594
16 18.047670364379883 -30.393383026123047
17 18.185352325439453 -30.526409149169922
18 18.3411922454834 -30.937747955322266
19 18.595870971679688 -31.270851135253906
20 18.90976905822754 -31.481090545654297
21 19.434795379638672 -31.641220092773438
22 19.605121612548828 -31.646127700805664
23 19.835668563842773 -31.60946273803711
24 20.06553840637207 -31.545928955078125
25 20.23862648010254 -31.37885093688965
26 20.4815731048584 -31.063034057617188
27 20.552091598510742 -30.595664978027344
28 20.61252784729004 -30.314353942871094
29 20.501516342163086 -30.070999145507812
30 20.419166564941406 -29.863252639770508
31 20.24639320373535 -29.654088973999023
32 20.04253578186035 -29.511924743652344
33 19.82954978942871 -29.142263412475586
34 19.592315673828125 -28.70694923400879
35 19.498523712158203 -28.440460205078125
36 19.415908813476562 -28.096757888793945
37 19.357994079589844 -27.9219970703125
38 23.081119537353516 -15.36868953704834
39 23.3555850982666 -15.237728118896484
40 23.687286376953125 -15.09970474243164
41 23.98461151123047 -15.12891674041748
42 24.289358139038086 -15.249542236328125
43 24.46038055419922 -15.414855003356934
44 24.47026252746582 -15.715763092041016
45 24.478431701660156 -16.390472412109375
46 24.56292724609375 -16.663496017456055
47 24.616121292114258 -16.765024185180664
48 24.66447639465332 -16.859296798706055
49 18.144811630249023 -32.7623405456543
50 18.184553146362305 -33.007816314697266
51 18.228132247924805 -33.16511535644531
52 18.28087615966797 -33.436981201171875
53 18.43283462524414 -33.90791320800781
54 18.54766845703125 -34.130470275878906
55 18.92572021484375 -34.61429977416992
56 19.210386276245117 -34.89080047607422
57 19.26209259033203 -35.116172790527344
58 19.356931686401367 -35.62588882446289
59 19.37990951538086 -35.932708740234375
60 19.388294219970703 -36.306671142578125
61 19.35098648071289 -36.62449264526367
62 19.2369327545166 -37.111385345458984
63 19.195327758789062 -37.34987258911133
64 19.127805709838867 -37.59241485595703
65 19.116178512573242 -38.00750732421875
66 19.049612045288086 -38.30696487426758
67 19.020051956176758 -38.57359313964844
68 18.775583267211914 -38.97039031982422
69 18.420320510864258 -39.3964958190918
70 18.175233840942383 -39.67594909667969
71 17.933433532714844 -39.82378387451172
72 17.7353572845459 -39.807430267333984
73 17.430959701538086 -39.88399887084961
74 16.8800048828125 -39.99671173095703
75 16.69511604309082 -40.01536560058594
76 16.358932495117188 -39.94364929199219
77 15.968122482299805 -39.926185607910156
78 15.635029792785645 -39.847557067871094
79 15.20702075958252 -39.745216369628906
80 15.036117553710938 -39.71659851074219
81 14.444867134094238 -39.53908920288086
82 14.002110481262207 -39.58705520629883
83 13.906722068786621 -39.69318389892578
84 13.917878150939941 -39.877498626708984
85 14.006718635559082 -40.20527648925781
86 23.543991088867188 -44.98883819580078
87 23.766748428344727 -45.09251403808594
88 23.96428108215332 -45.21951675415039
89 24.385047912597656 -45.46637725830078
90 24.82279396057129 -45.726409912109375
91 25.079612731933594 -45.8233528137207
92 25.61724853515625 -46.030826568603516
93 25.846702575683594 -46.00038146972656
94 26.059627532958984 -45.914306640625
95 26.45514678955078 -45.724910736083984
96 26.785879135131836 -45.59540557861328
97 27.01679801940918 -45.51152801513672
98 27.256254196166992 -45.39377975463867
99 27.474170684814453 -45.24655532836914
100 37.018394470214844 -27.675325393676758
101 37.25324249267578 -27.44215202331543
102 37.31231689453125 -27.355390548706055
103 37.472686767578125 -27.207073211669922
104 37.863189697265625 -27.086069107055664
105 38.207584381103516 -27.084300994873047
106 38.42384719848633 -27.125690460205078
107 38.66783905029297 -27.20526123046875
108 39.056880950927734 -27.386734008789062
109 39.28980255126953 -27.523656845092773
110 6.963590145111084 -21.848909378051758
111 7.046023845672607 -21.838594436645508
112 7.3235392570495605 -21.844165802001953
113 7.752544403076172 -21.911312103271484
114 8.079867362976074 -22.006885528564453
115 8.406006813049316 -22.059314727783203
116 8.742510795593262 -22.086084365844727
117 8.925451278686523 -22.102102279663086
118 9.154461860656738 -22.163789749145508
119 9.891992568969727 -22.45825958251953
120 10.018868446350098 -22.590383529663086
121 5.6361589431762695 -36.38783645629883
122 5.65774393081665 -36.648929595947266
123 5.851748466491699 -37.099754333496094
124 5.969788074493408 -37.18463897705078
125 6.2144694328308105 -37.104095458984375
126 6.672451972961426 -36.87044906616211
127 7.340728759765625 -36.47102737426758
128 7.711442947387695 -36.2073860168457
129 10.59511661529541 -31.793319702148438
130 10.783679008483887 -31.65116310119629
131 11.05161190032959 -31.415422439575195
132 11.195870399475098 -31.24468231201172
133 11.421197891235352 -31.02214813232422
134 11.894179344177246 -30.600109100341797
135 12.0609712600708 -30.448490142822266
136 18.297958374023438 -24.109708786010742
137 18.47126007080078 -24.082778930664062
138 18.704927444458008 -24.169574737548828
139 19.136474609375 -24.539636611938477
140 19.195812225341797 -24.927846908569336
141 19.0386905670166 -25.330047607421875
142 18.834781646728516 -25.5450382232666
143 18.654712677001953 -25.59026336669922
144 18.290512084960938 -25.67823600769043
145 17.975305557250977 -25.829673767089844
146 17.63018035888672 -25.987878799438477
147 17.423091888427734 -26.0821533203125
148 17.286828994750977 -26.192081451416016
149 17.240726470947266 -26.300716400146484
150 38.8453369140625 -33.891990661621094
151 38.709999084472656 -33.99138641357422
152 38.3240966796875 -34.23823165893555
153 38.163047790527344 -34.294918060302734
154 37.908203125 -34.323692321777344
155 37.62642288208008 -34.30392074584961
156 37.08843994140625 -34.175384521484375
157 36.349212646484375 -33.952091217041016
158 36.12303161621094 -33.88555908203125
159 35.935020446777344 -33.87736511230469
160 35.684017181396484 -33.886470794677734
161 35.49774932861328 -33.86669158935547
162 13.295390129089355 -37.61339569091797
163 13.035622596740723 -37.69004821777344
164 12.816024780273438 -37.75846481323242
165 12.613804817199707 -37.837894439697266
166 12.21932601928711 -38.01443862915039
167 12.003097534179688 -38.201698303222656
168 11.838174819946289 -38.3784294128418
169 11.649202346801758 -38.596412658691406
170 11.386173248291016 -38.90320587158203
171 11.050212860107422 -39.387203216552734
172 10.999173164367676 -39.614776611328125
173 11.13868236541748 -39.86991500854492
174 11.444443702697754 -40.09568405151367
175 11.668620109558105 -40.026912689208984
176 20.666807174682617 -39.70102310180664
177 20.811267852783203 -39.69822692871094
178 20.96731185913086 -39.618526458740234
179 21.219839096069336 -39.49013900756836
180 21.780588150024414 -39.3880500793457
181 22.09255599975586 -39.401695251464844
182 29.976299285888672 -40.77928924560547
183 30.192419052124023 -40.92978286743164
184 30.341928482055664 -41.16191101074219
185 30.50475311279297 -41.5780143737793
186 30.628873825073242 -42.06572723388672
187 30.7432861328125 -42.38516616821289
188 30.799467086791992 -42.609989166259766
189 30.861743927001953 -42.902774810791016
190 31.06338119506836 -43.212852478027344
191 31.28189468383789 -43.391544342041016
192 31.610532760620117 -43.62981033325195
193 31.961153030395508 -43.791709899902344
194 32.364990234375 -43.89878845214844
195 32.81899642944336 -43.957923889160156
196 33.22850036621094 -43.91256332397461
197 34.16857147216797 -43.72930908203125
198 34.339691162109375 -43.71028137207031
199 34.53742599487305 -43.59257125854492
200 34.799468994140625 -43.35040283203125
201 35.2037353515625 -42.98004913330078
202 35.58103561401367 -42.60528564453125
203 35.713958740234375 -42.434730529785156
204 35.82724380493164 -42.21345520019531
205 36.060691833496094 -41.645198822021484
206 36.2402229309082 -41.174217224121094
207 36.31814193725586 -40.86014175415039
208 36.40373992919922 -40.66642379760742
209 36.51252365112305 -40.16664505004883
210 36.57283020019531 -39.65165710449219
211 36.59212875366211 -39.50680160522461
212 36.50969696044922 -39.36491012573242
213 36.185604095458984 -38.94547653198242
214 35.93257141113281 -38.691200256347656
215 35.443328857421875 -38.24958038330078
216 35.237430572509766 -37.99979782104492
217 35.068885803222656 -37.670406341552734
218 34.968177795410156 -37.479759216308594
219 34.86869812011719 -37.252079010009766
220 34.68735122680664 -36.822654724121094
221 34.554256439208984 -36.64357376098633
222 34.339324951171875 -36.48099136352539
223 33.9567985534668 -36.23051071166992
224 33.433128356933594 -35.8336181640625
225 33.2149658203125 -35.73624801635742
226 32.9000244140625 -35.6965217590332
227 32.59172439575195 -35.73271942138672
228 32.290313720703125 -35.8431282043457
229 32.152992248535156 -35.981536865234375
230 31.85898780822754 -36.29932403564453
231 31.500869750976562 -36.725399017333984
232 31.052026748657227 -37.209510803222656
233 30.83370018005371 -37.42597579956055
234 30.61927604675293 -37.59650802612305
235 30.40656089782715 -37.688968658447266
236 29.995502471923828 -37.776573181152344
237 22.93477439880371 -37.73466491699219
238 22.705930709838867 -37.69403076171875
239 22.14986228942871 -37.45656204223633
240 21.741764068603516 -37.331607818603516
241 21.618804931640625 -37.201866149902344
242 21.509050369262695 -36.99191665649414
243 21.3018856048584 -36.621803283691406
244 21.12095069885254 -36.26810073852539
245 21.132057189941406 -36.056175231933594
246 21.470666885375977 -35.61071014404297
247 21.76386070251465 -35.53799819946289
248 22.22472381591797 -35.4952278137207
249 22.916837692260742 -35.523643493652344
250 23.069664001464844 -35.5782470703125
251 23.259620666503906 -35.6456298828125
252 23.671781539916992 -35.75727462768555
253 24.17659568786621 -35.913883209228516
254 24.427650451660156 -36.059452056884766
255 24.558317184448242 -36.450565338134766
256 24.535112380981445 -36.709571838378906
257 24.50773048400879 -36.74578094482422
258 26.765249252319336 -22.876869201660156
259 26.709970474243164 -22.715320587158203
260 26.570966720581055 -22.545900344848633
261 26.484664916992188 -22.444355010986328
262 26.259746551513672 -22.2542781829834
263 26.0943546295166 -22.02079963684082
264 26.03787612915039 -21.78374671936035
265 26.092920303344727 -21.570283889770508
266 26.064022064208984 -21.332012176513672
267 26.011150360107422 -20.873748779296875
268 25.922931671142578 -20.547365188598633
269 25.855857849121094 -20.369319915771484
270 25.76784324645996 -20.287906646728516
271 15.337990760803223 -27.321659088134766
272 15.101341247558594 -27.278844833374023
273 14.901764869689941 -27.181428909301758
274 14.829058647155762 -27.013837814331055
275 14.861292839050293 -26.705720901489258
276 15.004631996154785 -26.359020233154297
277 15.110082626342773 -26.201765060424805
278 21.917043685913086 -13.831355094909668
279 21.868427276611328 -13.636847496032715
280 21.75333023071289 -13.395112991333008
281 21.473756790161133 -12.992758750915527
282 21.141109466552734 -12.624285697937012
283 20.889732360839844 -12.485048294067383
284 20.68515396118164 -12.45156478881836
285 20.2289981842041 -12.451112747192383
286 19.916351318359375 -12.49021053314209
287 19.704038619995117 -12.690825462341309
288 19.509769439697266 -12.980156898498535
289 19.365816116333008 -13.252754211425781
290 19.269208908081055 -13.475530624389648
291 19.150577545166016 -13.621618270874023
292 6.704487323760986 -26.25586700439453
293 6.681756973266602 -26.508508682250977
294 6.578829765319824 -26.78855323791504
295 6.353076934814453 -27.09800148010254
296 6.0539045333862305 -27.47809600830078
297 5.933055877685547 -27.772851943969727
298 5.898929595947266 -28.09520721435547
299 6.042863368988037 -28.257783889770508
300 6.409719944000244 -28.35459327697754
301 7.14417839050293 -28.323406219482422
302 7.54019832611084 -28.21927833557129
303 28.75564956665039 -9.664381980895996
304 28.712337493896484 -9.356000900268555
305 28.541860580444336 -9.166977882385254
306 28.2082462310791 -9.020437240600586
307 27.847312927246094 -9.016082763671875
308 27.480342864990234 -9.097908973693848
309 27.155441284179688 -9.230081558227539
310 26.8371524810791 -9.50732135772705
311 26.735116958618164 -9.649413108825684
312 26.66683578491211 -10.040907859802246
313 26.625003814697266 -10.541475296020508
314 26.741897583007812 -10.88146686553955
315 26.82494354248047 -11.07939338684082
316 27.06520652770996 -11.389669418334961
317 27.39316177368164 -11.787994384765625
318 27.589885711669922 -12.010828971862793
319 27.676347732543945 -12.202850341796875
320 27.734220504760742 -12.547688484191895
321 27.781272888183594 -12.85554027557373
322 27.77655029296875 -13.200268745422363
323 27.7631893157959 -13.513816833496094
324 27.56670379638672 -13.843884468078613
325 27.395235061645508 -14.051596641540527
326 27.174381256103516 -14.18767261505127
327 26.7528018951416 -14.336926460266113
328 26.60287094116211 -14.378588676452637
329 9.369572639465332 -24.564420700073242
330 9.27851390838623 -24.690296173095703
331 9.186623573303223 -24.988792419433594
332 9.166735649108887 -25.282304763793945
333 9.33300495147705 -25.493270874023438
334 9.596589088439941 -25.641788482666016
335 10.00108528137207 -25.834373474121094
336 10.307717323303223 -25.9768123626709
337 10.518816947937012 -26.245027542114258
338 10.542076110839844 -26.667354583740234
339 10.592756271362305 -26.952390670776367
340 10.721569061279297 -27.221166610717773
341 10.815439224243164 -27.365278244018555
342 10.858665466308594 -27.588504791259766
343 10.86489200592041 -28.109050750732422
344 10.772111892700195 -28.387035369873047
345 10.626354217529297 -28.557048797607422
346 10.233175277709961 -28.74172592163086
347 9.891610145568848 -28.89286994934082
348 9.514492988586426 -29.19440269470215
349 9.320291519165039 -29.38498306274414
350 9.05196475982666 -29.68968391418457
351 8.810302734375 -30.027509689331055
352 8.53182601928711 -30.561054229736328
353 8.395623207092285 -30.876972198486328
354 8.261817932128906 -31.158418655395508
355 8.166276931762695 -31.494035720825195
356 7.967503070831299 -32.120121002197266
357 7.890366077423096 -32.337589263916016
358 7.783471584320068 -32.57585906982422
359 7.742217540740967 -32.96835708618164
360 7.754128456115723 -33.468379974365234
361 7.787869930267334 -33.69689178466797
362 7.872717380523682 -33.7616081237793
363 24.586732864379883 -38.3913688659668
364 24.748817443847656 -38.61982727050781
365 24.859277725219727 -38.96910858154297
366 24.823810577392578 -39.29103469848633
367 24.740346908569336 -39.55746841430664
368 24.4622745513916 -39.85658264160156
369 23.96442985534668 -40.103214263916016
370 23.659725189208984 -40.14922332763672
371 17.192861557006836 -37.39405059814453
372 16.97669792175293 -37.339385986328125
373 16.670686721801758 -37.21770477294922
374 16.286056518554688 -37.08517074584961
375 16.03325653076172 -37.072505950927734
376 15.808512687683105 -37.03057098388672
377 15.403586387634277 -36.91874313354492
378 15.166267395019531 -36.7676887512207
379 15.189127922058105 -36.44493865966797
380 16.43378257751465 -35.59335708618164
381 16.633583068847656 -35.37950134277344
382 16.682636260986328 -35.133060455322266
383 16.405790328979492 -34.82538604736328
384 16.217670440673828 -34.713897705078125
385 15.957329750061035 -34.70392990112305
386 15.500838279724121 -34.843265533447266
387 15.19458293914795 -34.99900817871094
388 14.826760292053223 -35.14540100097656
389 14.268415451049805 -35.34024429321289
390 14.047279357910156 -35.37991714477539
391 13.7326078414917 -35.36991882324219
392 13.331088066101074 -35.27195358276367
393 13.061893463134766 -35.023277282714844
394 12.911728858947754 -34.776485443115234
395 12.937267303466797 -34.471458435058594
396 13.045801162719727 -34.178714752197266
397 13.345597267150879 -32.89283752441406
398 13.324402809143066 -32.73480987548828
399 13.162959098815918 -32.81364440917969
400 12.945347785949707 -32.93928146362305
401 12.652861595153809 -33.105899810791016
402 12.156527519226074 -33.41266632080078
403 11.818413734436035 -33.56843948364258
404 11.197922706604004 -33.79237365722656
405 10.821717262268066 -33.931453704833984
406 10.669332504272461 -34.160125732421875
407 10.588759422302246 -34.365074157714844
408 10.62442398071289 -34.625850677490234
409 10.620490074157715 -35.256553649902344
410 10.547889709472656 -35.46537399291992
411 10.528969764709473 -35.6759147644043
412 10.516134262084961 -35.87050247192383
413 10.475634574890137 -36.132118225097656
414 10.325115203857422 -36.80112838745117
415 10.18791389465332 -37.089317321777344
416 10.097147941589355 -37.18932342529297
417 10.046170234680176 -37.22552490234375
418 18.392301559448242 -22.431991577148438
419 18.50826644897461 -22.308849334716797
420 18.774354934692383 -22.164207458496094
421 19.06753921508789 -22.024433135986328
422 19.297548294067383 -21.97140121459961
423 19.50513458251953 -22.05105209350586
424 19.8225154876709 -22.226516723632812
425 20.085233688354492 -22.442520141601562
426 20.285905838012695 -22.55516242980957
427 20.526037216186523 -22.67815589904785
428 20.792882919311523 -22.864530563354492
429 21.167869567871094 -23.060644149780273
430 21.512325286865234 -23.233463287353516
431 21.786165237426758 -23.376075744628906
432 22.03584861755371 -23.467519760131836
433 22.279170989990234 -23.516357421875
434 22.38572120666504 -23.60215950012207
435 22.645605087280273 -28.968013763427734
436 22.722230911254883 -29.16997528076172
437 22.86173439025879 -29.212411880493164
438 23.121152877807617 -29.15651512145996
439 23.454748153686523 -29.074949264526367
440 23.719026565551758 -29.191375732421875
441 23.98110008239746 -29.33710289001465
442 24.16691780090332 -29.44659423828125
443 24.308074951171875 -29.56648826599121
444 24.70571517944336 -29.809452056884766
445 25.06013298034668 -30.04969596862793
446 25.22142791748047 -30.160720825195312
447 25.51776123046875 -30.405261993408203
448 28.257801055908203 -33.562049865722656
449 28.401874542236328 -33.7813720703125
450 28.507234573364258 -33.84008026123047
451 28.933218002319336 -33.94025802612305
452 29.223112106323242 -33.92325973510742
453 29.629610061645508 -33.7811279296875
454 29.90498924255371 -33.576690673828125
455 31.911083221435547 -30.31033706665039
456 31.9498233795166 -29.917020797729492
457 31.968719482421875 -29.63646697998047
458 32.006439208984375 -29.463119506835938
459 31.980215072631836 -29.38367462158203
460 38.99974060058594 -14.508072853088379
461 38.69147491455078 -13.178838729858398
462 38.631553649902344 -13.118124961853027
463 38.46112060546875 -13.110483169555664
464 38.29908752441406 -13.128080368041992
465 38.08648681640625 -13.22634220123291
466 37.931949615478516 -13.354840278625488
467 37.636558532714844 -13.515633583068848
468 37.553077697753906 -13.658872604370117
469 37.436737060546875 -14.770387649536133
470 37.306907653808594 -15.232190132141113
471 37.27744674682617 -15.407758712768555
472 37.23862838745117 -15.640700340270996
473 37.20624542236328 -15.819313049316406
474 37.20648956298828 -16.108890533447266
475 38.54243469238281 -30.296859741210938
476 38.44475555419922 -30.66839027404785
477 38.37199783325195 -30.853471755981445
478 38.294551849365234 -31.02163314819336
479 38.21672821044922 -31.14345932006836
480 26.639389038085938 -41.51809310913086
481 26.369903564453125 -41.62520980834961
482 26.113080978393555 -41.753543853759766
483 25.919620513916016 -41.84049987792969
484 25.805925369262695 -41.8814697265625
485 25.702999114990234 -41.863948822021484
486 25.066837310791016 -25.041259765625
487 25.2800350189209 -25.015308380126953
488 25.536144256591797 -25.052244186401367
489 25.574687957763672 -25.13538360595703
490 25.724853515625 -25.441165924072266
491 25.804433822631836 -25.943859100341797
492 25.69437026977539 -26.405780792236328
493 25.622886657714844 -26.854158401489258
494 25.597135543823242 -27.253259658813477
495 25.577184677124023 -27.70981788635254
496 25.58481216430664 -27.8857479095459
497 25.557464599609375 -27.930274963378906
498 25.470155715942383 -27.864864349365234
499 21.59786033630371 -20.782419204711914
500 21.307016372680664 -20.53213119506836
501 21.067424774169922 -20.319616317749023
502 20.921541213989258 -20.289260864257812
503 20.724760055541992 -20.338266372680664
504 20.611125946044922 -20.3057918548584
505 12.996709823608398 -16.032997131347656
506 12.599203109741211 -15.68244743347168
507 12.453344345092773 -15.419881820678711
508 12.366150856018066 -15.205709457397461
509 12.28586196899414 -14.92202091217041
510 12.318306922912598 -14.665203094482422
511 12.533495903015137 -14.223333358764648
512 12.741415023803711 -13.84044361114502
513 12.839239120483398 -13.75858211517334
514 12.980422019958496 -13.704715728759766
515 13.359504699707031 -13.619349479675293
516 13.977799415588379 -13.59710693359375
517 14.251604080200195 -13.61020565032959
518 14.532940864562988 -13.655527114868164
519 14.871417999267578 -13.778543472290039
520 15.324606895446777 -13.96462631225586
521 16.201353073120117 -14.157663345336914
522 16.499738693237305 -14.264994621276855
523 16.779050827026367 -14.378622055053711
524 17.19818115234375 -14.618637084960938
525 17.403507232666016 -14.787861824035645
526 17.590639114379883 -14.916111946105957
527 17.79165267944336 -15.083542823791504
528 17.935245513916016 -15.219762802124023
529 33.349430084228516 -31.7362117767334
530 33.382808685302734 -31.91905403137207
531 33.3023681640625 -32.08835220336914
532 33.093074798583984 -32.36813735961914
533 32.706809997558594 -32.670223236083984
534 32.46253204345703 -32.751075744628906
535 32.09991455078125 -32.77317428588867
536 31.826515197753906 -32.773868560791016
537 31.62908935546875 -32.656681060791016
538 31.07671546936035 -32.30596923828125
539 30.878576278686523 -32.16550827026367
540 30.58642578125 -31.86479949951172
541 30.360198974609375 -31.702457427978516
542 30.0582218170166 -31.519765853881836
543 29.67339324951172 -31.234725952148438
544 29.305564880371094 -30.95205307006836
545 29.109481811523438 -30.697071075439453
546 29.017841339111328 -30.26079559326172
547 29.041418075561523 -29.84447479248047
548 29.189943313598633 -29.505775451660156
549 29.368812561035156 -29.125690460205078
550 29.471254348754883 -28.938608169555664
551 29.534435272216797 -28.700456619262695
552 29.97710418701172 -17.84556007385254
553 29.97390365600586 -17.693063735961914
554 29.927467346191406 -17.356199264526367
555 29.847213745117188 -17.04157257080078
556 29.82131004333496 -16.507009506225586
557 29.8127384185791 -16.290987014770508
558 29.898113250732422 -16.13909912109375
559 30.05816650390625 -15.702042579650879
560 30.24131202697754 -15.346175193786621
561 30.508899688720703 -14.904339790344238
562 30.630861282348633 -14.696486473083496
563 30.66732406616211 -14.526274681091309
564 30.65926742553711 -14.299466133117676
565 30.7236385345459 -14.053874015808105
566 31.23582649230957 -13.409109115600586
567 31.237632751464844 -13.215173721313477
568 31.151103973388672 -12.67977237701416
569 31.11541748046875 -12.426504135131836
570 31.06597137451172 -12.380789756774902
571 30.950241088867188 -12.277554512023926
572 21.06206512451172 -15.596755981445312
573 20.91506004333496 -15.637861251831055
574 20.748327255249023 -15.754834175109863
575 20.502851486206055 -16.053348541259766
576 20.1823787689209 -16.56871223449707
577 20.02297019958496 -16.85158920288086
578 20.025768280029297 -17.062084197998047
579 20.162233352661133 -17.330907821655273
580 20.831830978393555 -17.628170013427734
581 21.113988876342773 -17.742265701293945
582 21.30412483215332 -17.80154037475586
583 21.65411376953125 -17.807416915893555
584 21.884450912475586 -17.72933578491211
585 22.272369384765625 -17.586566925048828
586 22.4659481048584 -17.595352172851562
587 22.65507698059082 -17.753934860229492
588 22.944297790527344 -17.92685890197754
589 23.14808464050293 -18.04543685913086
590 23.311077117919922 -18.33901596069336
591 23.46476173400879 -18.7197265625
592 23.483642578125 -18.899890899658203
593 23.35066795349121 -19.359569549560547
594 23.30313491821289 -19.626169204711914
595 23.253589630126953 -20.053852081298828
596 23.30283546447754 -20.4599552154541
597 23.283905029296875 -20.765846252441406
598 23.203636169433594 -21.2783145904541
599 23.16741180419922 -21.39106559753418
600 23.156028747558594 -21.577007293701172
601 23.223369598388672 -21.956411361694336
602 23.35943603515625 -22.30340003967285
603 23.700197219848633 -22.676515579223633
604 23.86249351501465 -22.954071044921875
605 24.117494583129883 -23.303518295288086
606 24.378732681274414 -23.622167587280273
607 24.51457405090332 -23.704570770263672
608 24.668397903442383 -23.773645401000977
609 24.912307739257812 -23.78772735595703
610 34.91643524169922 -26.2982234954834
611 34.92715072631836 -26.494489669799805
612 34.9217414855957 -26.909320831298828
613 34.860965728759766 -27.12488555908203
614 34.50067138671875 -27.40121078491211
615 34.169227600097656 -27.601720809936523
616 33.80438232421875 -27.65294075012207
617 33.47897720336914 -27.683340072631836
618 33.075897216796875 -27.73167610168457
619 32.25812530517578 -27.805723190307617
620 31.723167419433594 -27.848302841186523
621 31.334318161010742 -27.77061653137207
622 30.586902618408203 -27.442005157470703
623 30.388784408569336 -27.15142059326172
624 30.361042022705078 -26.893268585205078
625 30.375417709350586 -26.486186981201172
626 30.41536521911621 -26.074800491333008
627 30.440853118896484 -25.862693786621094
628 30.552200317382812 -25.593345642089844
629 30.65629768371582 -25.415653228759766
630 30.90045928955078 -25.248565673828125
631 31.244140625 -25.198728561401367
632 31.72895622253418 -25.269580841064453
633 32.131404876708984 -25.279897689819336
634 32.773460388183594 -25.17145538330078
635 33.01189422607422 -25.024818420410156
636 33.154457092285156 -24.869400024414062
637 33.11673355102539 -24.61637306213379
638 32.829917907714844 -24.163606643676758
639 32.687530517578125 -24.035118103027344
640 32.06645584106445 -23.59607696533203
641 31.666452407836914 -23.20577621459961
642 31.61044692993164 -23.034849166870117
643 31.70306968688965 -22.742717742919922
644 31.933094024658203 -22.456449508666992
645 32.338233947753906 -22.288684844970703
646 32.75878143310547 -22.22003936767578
647 33.34295654296875 -22.323331832885742
648 33.92192459106445 -22.59168243408203
649 34.372676849365234 -22.829702377319336
650 34.984466552734375 -23.13873291015625
651 35.20158767700195 -23.288532257080078
652 35.371578216552734 -23.399127960205078
653 35.70675277709961 -23.59592056274414
654 36.306495666503906 -23.94464111328125
655 36.67670440673828 -24.09545135498047
656 37.051273345947266 -24.15926742553711
657 37.53924560546875 -24.107166290283203
658 37.99666976928711 -23.94186782836914
659 38.27217483520508 -23.81974983215332
660 38.433589935302734 -23.710189819335938
661 38.452964782714844 -23.64787483215332
662 27.944250106811523 -16.384384155273438
663 27.84711456298828 -16.42786979675293
664 27.715484619140625 -16.56073760986328
665 27.428224563598633 -16.888879776000977
666 27.20012855529785 -17.181440353393555
667 27.011072158813477 -17.45890998840332
668 26.81080436706543 -17.826351165771484
669 26.627382278442383 -18.07554054260254
670 26.41318702697754 -18.314680099487305
671 26.109827041625977 -18.634429931640625
672 25.96233558654785 -18.72482681274414
673 2.310445785522461 -29.387357711791992
674 2.1120381355285645 -29.542200088500977
675 1.98611581325531 -29.72420883178711
676 1.9387032985687256 -30.075618743896484
677 1.8799034357070923 -30.558958053588867
678 1.8088467121124268 -30.911745071411133
679 1.7921080589294434 -31.248807907104492
680 1.8672723770141602 -31.463428497314453
681 2.130995512008667 -31.622358322143555
682 2.5132737159729004 -31.803743362426758
683 2.8668222427368164 -31.979326248168945
684 3.098310708999634 -32.02991485595703
685 3.651219606399536 -32.05359649658203
686 3.968719244003296 -32.032020568847656
687 4.530328273773193 -32.09868240356445
688 4.932325839996338 -32.23331069946289
689 5.169942855834961 -32.33702850341797
690 16.625194549560547 -41.84965896606445
691 16.63226318359375 -41.94428253173828
692 16.571372985839844 -42.37107467651367
693 16.572280883789062 -42.80025100708008
694 16.675580978393555 -42.985897064208984
695 16.913732528686523 -43.0793342590332
696 17.5141658782959 -43.24862289428711
697 17.9095516204834 -43.39982986450195
698 18.41766357421875 -43.5328483581543
699 18.749420166015625 -43.62114715576172
700 19.31686782836914 -43.718910217285156
701 19.501449584960938 -43.62194061279297
702 19.906007766723633 -43.399169921875
703 20.145004272460938 -43.10637283325195
704 20.419832229614258 -42.664947509765625
705 20.578954696655273 -42.390541076660156
706 20.715389251708984 -42.298805236816406
707 27.592893600463867 -39.656761169433594
708 27.84151268005371 -39.375465393066406
709 27.893306732177734 -39.204166412353516
710 27.827470779418945 -38.84256362915039
711 27.815032958984375 -38.465736389160156
712 27.797197341918945 -38.117191314697266
713 27.79387855529785 -37.92753601074219
714 27.8249454498291 -37.47117233276367
715 27.81210708618164 -37.03293991088867
716 27.776018142700195 -36.78971481323242
717 27.66678810119629 -36.65584945678711
718 27.492626190185547 -36.61065673828125
719 27.320608139038086 -36.61703872680664
720 26.661983489990234 -36.96875
721 26.45033073425293 -37.07292556762695
722 22.1084041595459 -41.35099792480469
723 22.255403518676758 -41.72256088256836
724 22.39249610900879 -42.03635787963867
725 22.554248809814453 -42.39177703857422
726 22.645200729370117 -42.52608871459961
727 28.996835708618164 -23.841690063476562
728 28.95984649658203 -23.66344451904297
729 28.90300750732422 -23.322147369384766
730 28.93478775024414 -22.90869903564453
731 29.10862159729004 -22.553815841674805
732 29.404434204101562 -22.14504051208496
733 29.51580238342285 -22.0069637298584
734 29.589927673339844 -21.970556259155273
735 29.824411392211914 -21.76233673095703
736 33.397056579589844 -10.705008506774902
737 33.31691360473633 -10.533841133117676
738 33.13507080078125 -10.186922073364258
739 32.90187072753906 -9.778995513916016
740 32.762298583984375 -9.392057418823242
741 32.64714431762695 -9.09324836730957
742 32.40502166748047 -8.834183692932129
743 32.12807846069336 -8.628945350646973
744 31.779903411865234 -8.448150634765625
745 31.487071990966797 -8.428142547607422
746 31.32323455810547 -8.532690048217773
747 31.098758697509766 -8.747441291809082
748 9.787816047668457 -19.681718826293945
749 9.602812767028809 -19.740886688232422
750 9.052730560302734 -19.656251907348633
751 8.71812629699707 -19.50567626953125
752 8.224133491516113 -19.26780891418457
753 7.986814022064209 -19.176513671875
754 7.9123735427856445 -19.03115463256836
755 7.871893882751465 -18.72670555114746
756 7.96226692199707 -18.397253036499023
757 8.128195762634277 -17.6787109375
758 8.311715126037598 -17.4956111907959
759 8.555634498596191 -17.446229934692383
760 9.052329063415527 -17.45391845703125
761 9.463794708251953 -17.511844635009766
762 9.751723289489746 -17.489498138427734
763 35.769004821777344 -29.721952438354492
764 35.60630416870117 -29.78108787536621
765 35.323265075683594 -29.93866539001465
766 35.039180755615234 -30.147558212280273
767 34.827274322509766 -30.31145668029785
768 34.64198684692383 -30.482786178588867
769 26.69488525390625 -34.82319259643555
770 26.543285369873047 -34.83670425415039
771 26.228355407714844 -34.82612228393555
772 25.8521785736084 -34.75420379638672
773 25.594762802124023 -34.64088439941406
774 25.301584243774414 -34.45105743408203
775 24.968629837036133 -34.23027038574219
776 24.6873779296875 -34.01884078979492
777 24.37394905090332 -33.81460952758789
778 24.03889274597168 -33.58371353149414
779 23.829059600830078 -33.3375129699707
780 23.644845962524414 -32.822914123535156
781 23.726730346679688 -32.44222640991211
782 23.826862335205078 -32.04825210571289
783 23.866600036621094 -31.78876495361328
784 23.728618621826172 -31.48516082763672
785 23.470333099365234 -31.350366592407227
786 23.2202205657959 -31.48876953125
787 22.70536231994629 -31.92695426940918
788 22.547040939331055 -32.11258316040039
789 22.162683486938477 -32.485267639160156
790 21.909244537353516 -32.64339065551758
791 21.760498046875 -32.941932678222656
792 21.691617965698242 -33.2457275390625
793 21.46735382080078 -33.51114273071289
794 20.930988311767578 -33.81847381591797
795 20.66962432861328 -33.855712890625
796 20.487638473510742 -33.7583122253418
797 20.397659301757812 -33.461570739746094
798 20.388526916503906 -33.064849853515625
799 20.392963409423828 -32.79780578613281
800 27.836551666259766 -21.10178565979004
801 27.996652603149414 -20.874191284179688
802 28.10921859741211 -20.574710845947266
803 28.264938354492188 -20.26732635498047
804 28.433637619018555 -20.006145477294922
805 28.574630737304688 -19.912012100219727
806 28.87026596069336 -19.931848526000977
807 29.251941680908203 -19.91983413696289
808 29.895925521850586 -19.909934997558594
809 30.372873306274414 -19.859277725219727
810 30.91033935546875 -19.781810760498047
811 31.170515060424805 -19.774660110473633
812 31.395353317260742 -19.760608673095703
813 31.63161849975586 -19.739696502685547
814 31.90884017944336 -19.74232292175293
815 32.152809143066406 -19.621572494506836
816 32.349308013916016 -19.536516189575195
817 32.62228012084961 -19.41398048400879
818 32.8411750793457 -19.2789249420166
819 33.06105041503906 -19.147323608398438
820 33.18501663208008 -19.02406120300293
821 33.548248291015625 -18.2160701751709
822 33.64764404296875 -17.956371307373047
823 33.620094299316406 -17.692121505737305
824 33.5457649230957 -17.519813537597656
825 33.37187194824219 -17.204700469970703
826 33.22270202636719 -16.891616821289062
827 33.11263656616211 -16.543712615966797
828 33.14286804199219 -16.359251022338867
829 33.57761001586914 -15.733120918273926
830 33.754486083984375 -15.516396522521973
831 33.928001403808594 -15.336247444152832
832 34.155452728271484 -15.035806655883789
833 34.2464714050293 -14.774264335632324
834 34.20048522949219 -14.403822898864746
835 34.02629852294922 -14.03543758392334
836 33.90446472167969 -13.889966011047363
837 33.78778839111328 -13.843038558959961
838 18.208898544311523 -17.58111572265625
839 18.09845542907715 -17.55708885192871
840 18.00400161743164 -17.596284866333008
841 17.892192840576172 -17.7943058013916
842 17.453432083129883 -18.571325302124023
843 17.339601516723633 -18.90713882446289
844 17.31528663635254 -19.172683715820312
845 17.39676856994629 -19.35612678527832
846 17.568458557128906 -19.61244773864746
847 17.86653709411621 -19.844682693481445
848 18.1608943939209 -20.060754776000977
849 18.374052047729492 -20.145614624023438
850 18.594566345214844 -20.20981788635254
851 18.82476043701172 -20.217342376708984
852 18.981969833374023 -20.228803634643555
853 27.121553421020508 -24.452125549316406
854 27.321744918823242 -24.54010772705078
855 27.657880783081055 -24.732463836669922
856 27.922752380371094 -24.994659423828125
857 28.154922485351562 -25.33049201965332
858 28.205289840698242 -25.59219741821289
859 28.186479568481445 -25.829946517944336
860 28.156177520751953 -26.176082611083984
861 28.042747497558594 -26.872156143188477
862 27.93181037902832 -27.47756576538086
863 27.82547378540039 -27.863561630249023
864 27.712669372558594 -28.103378295898438
865 27.515377044677734 -28.488563537597656
866 27.105663299560547 -28.959789276123047
867 26.991790771484375 -29.187231063842773
868 27.018022537231445 -29.51559829711914
869 27.192827224731445 -29.965984344482422
870 27.204265594482422 -30.239768981933594
871 27.18620491027832 -30.418149948120117
872 27.25344467163086 -30.748031616210938
873 27.374549865722656 -31.4686336517334
874 27.320541381835938 -31.961275100708008
875 27.20105743408203 -32.200443267822266
876 27.03397560119629 -32.341575622558594
877 26.751510620117188 -32.40886688232422
878 26.287202835083008 -32.423744201660156
879 25.873151779174805 -32.431575775146484
880 25.741596221923828 -32.421607971191406
881 25.48719024658203 -32.421913146972656
882 16.63939666748047 -32.60017776489258
883 16.40435791015625 -32.45050048828125
884 16.189184188842773 -32.273136138916016
885 15.85263442993164 -31.947744369506836
886 15.719511985778809 -31.749040603637695
887 15.287841796875 -31.26727867126465
888 14.953930854797363 -30.966222763061523
889 14.699028015136719 -30.83896827697754
890 14.551080703735352 -30.790138244628906
891 14.37332820892334 -30.67671775817871
892 14.00615406036377 -30.37245750427246
893 13.859232902526855 -30.166460037231445
894 13.815803527832031 -29.887523651123047
895 13.751276016235352 -29.690250396728516
896 13.52462387084961 -29.271820068359375
897 13.193323135375977 -28.688508987426758
898 12.990202903747559 -28.32717514038086
899 12.91707992553711 -28.03228759765625
900 12.87824535369873 -27.85523796081543
901 12.864151000976562 -27.46383285522461
902 12.86304759979248 -26.849393844604492
903 12.878819465637207 -26.631507873535156
904 12.72531509399414 -25.840106964111328
905 12.614433288574219 -25.43364906311035
906 12.592653274536133 -25.14202117919922
907 12.626502990722656 -25.014875411987305
908 12.778740882873535 -24.837726593017578
909 13.130064964294434 -24.610198974609375
910 13.793392181396484 -24.310649871826172
911 14.326520919799805 -24.213937759399414
912 14.58640193939209 -24.246002197265625
913 14.737096786499023 -24.32161521911621
914 15.221579551696777 -24.47689437866211
915 15.482532501220703 -24.568212509155273
916 15.835257530212402 -24.512741088867188
917 16.1351318359375 -24.310516357421875
918 16.2911434173584 -24.08207893371582
919 16.426633834838867 -23.85101318359375
920 16.41219139099121 -23.665937423706055
921 16.225852966308594 -23.17874526977539
922 16.087739944458008 -22.700498580932617
923 16.08530616760254 -22.414188385009766
924 16.201244354248047 -22.07987403869629
925 16.47092628479004 -21.658349990844727
926 16.59075355529785 -21.64809226989746
927 16.856748580932617 -21.931684494018555
928 21.244674682617188 -27.8076171875
929 21.501720428466797 -27.885692596435547
930 21.741670608520508 -27.851938247680664
931 22.18561553955078 -27.624784469604492
932 22.74735450744629 -27.38628578186035
933 23.29072380065918 -27.21515655517578
934 23.447847366333008 -27.102449417114258
935 23.625274658203125 -26.825227737426758
936 23.63557243347168 -26.56376075744629
937 23.47699546813965 -26.02155113220215
938 23.25959587097168 -25.718406677246094
939 22.962902069091797 -25.490236282348633
940 22.657629013061523 -25.41337776184082
941 22.390365600585938 -25.323989868164062
942 22.24138832092285 -25.20977020263672
943 21.962390899658203 -25.154691696166992
944 21.47569465637207 -25.180221557617188
945 21.16118812561035 -25.25771713256836
946 20.95232582092285 -25.432363510131836
947 20.732086181640625 -25.687028884887695
948 20.536653518676758 -26.054529190063477
949 20.499929428100586 -26.363384246826172
950 20.51314353942871 -26.54239845275879
951 20.712385177612305 -26.61664581298828
952 35.99968719482422 -20.223369598388672
953 36.18523025512695 -20.196102142333984
954 36.52846145629883 -20.181949615478516
955 36.8421630859375 -20.178497314453125
956 37.061187744140625 -20.212617874145508
957 37.36178207397461 -20.27133560180664
958 37.7169189453125 -20.377649307250977
959 38.152671813964844 -20.55647850036621
960 38.62649917602539 -20.672286987304688
961 39.1417121887207 -20.694507598876953
962 39.489017486572266 -20.65904426574707
963 39.8097038269043 -20.471017837524414
964 40.112876892089844 -20.236629486083984
965 40.271484375 -20.017305374145508
966 40.452632904052734 -19.586280822753906
967 40.542598724365234 -19.326873779296875
968 15.66032886505127 -17.441329956054688
969 15.559856414794922 -17.557558059692383
970 15.281076431274414 -17.750593185424805
971 14.952964782714844 -17.825485229492188
972 14.547880172729492 -17.849231719970703
973 14.19261646270752 -17.93130111694336
974 13.6237211227417 -18.207752227783203
975 13.41022777557373 -18.344940185546875
976 13.168030738830566 -18.53586769104004
977 12.764193534851074 -18.75723648071289
978 12.440962791442871 -18.911447525024414
979 12.215641021728516 -19.044761657714844
980 12.062867164611816 -19.332313537597656
981 12.022499084472656 -19.563615798950195
982 11.97799015045166 -19.801366806030273
983 12.002614974975586 -20.341310501098633
984 12.01789665222168 -20.874528884887695
985 12.028436660766602 -21.2911319732666
986 12.067809104919434 -21.771957397460938
987 12.23815631866455 -22.177234649658203
988 12.565347671508789 -22.38541603088379
989 12.847149848937988 -22.441261291503906
990 13.148600578308105 -22.352720260620117
991 13.337692260742188 -22.279094696044922
992 13.59461498260498 -22.03912353515625
993 14.346002578735352 -21.471614837646484
994 14.54854679107666 -21.274494171142578
995 14.700858116149902 -21.1021785736084
996 14.893065452575684 -20.871278762817383
997 15.056512832641602 -20.47936248779297
998 15.082802772521973 -20.251737594604492
999 15.094857215881348 -20.152118682861328
