0 3.812567710876465 -10.061031341552734
1 3.885960578918457 -10.225364685058594
2 4.02256441116333 -10.632460594177246
3 4.149733066558838 -11.007404327392578
4 4.28340482711792 -11.159224510192871
5 4.781734943389893 -11.472065925598145
6 5.332170009613037 -11.73912239074707
7 5.672375679016113 -11.927679061889648
8 5.924576759338379 -12.103302001953125
9 6.176431179046631 -12.253046035766602
10 6.3905558586120605 -12.33289909362793
11 6.72545862197876 -12.34144115447998
12 7.132331848144531 -12.357148170471191
13 7.439754486083984 -12.355934143066406
14 7.821865558624268 -12.341858863830566
15 8.1702241897583 -12.338687896728516
16 8.453665733337402 -12.339715003967285
17 28.455703735351562 -1.1522494554519653
18 28.65976333618164 -1.1840505599975586
19 28.919586181640625 -1.2672845125198364
20 29.182044982910156 -1.4278231859207153
21 29.44774627685547 -1.7801258563995361
22 29.607664108276367 -2.116865634918213
23 29.67482566833496 -2.5021543502807617
24 29.660743713378906 -2.8462209701538086
25 29.582813262939453 -3.143162727355957
26 29.448257446289062 -3.3290908336639404
27 20.283023834228516 -2.989915132522583
28 20.3088436126709 -2.9298079013824463
29 20.400548934936523 -2.8458619117736816
30 20.693185806274414 -2.581879138946533
31 20.97718620300293 -2.293165922164917
32 21.269426345825195 -2.0457332134246826
33 21.700214385986328 -1.762755036354065
34 21.931007385253906 -1.5849032402038574
35 22.045799255371094 -1.2900803089141846
36 22.06393051147461 -1.0233763456344604
37 22.026121139526367 -0.6774285435676575
38 21.972997665405273 -0.3001967966556549
39 21.989126205444336 -0.053199056535959244
40 22.049230575561523 0.25118327140808105
41 22.118412017822266 0.5320507287979126
42 22.35514259338379 0.9730621576309204
43 22.628698348999023 1.1663615703582764
44 22.82733726501465 1.2080707550048828
45 23.15873146057129 1.247534990310669
46 23.515933990478516 1.1817002296447754
47 23.674392700195312 0.9366286993026733
48 23.89151382446289 0.4871272146701813
49 24.205852508544922 -0.057696592062711716
50 24.490732192993164 -0.39149701595306396
51 24.811763763427734 -0.7613832950592041
52 24.932632446289062 -1.0456877946853638
53 24.95250701904297 -1.3512763977050781
54 24.94926643371582 -1.6717240810394287
55 25.039432525634766 -2.062100887298584
56 25.089452743530273 -2.6255218982696533
57 25.084087371826172 -2.8484508991241455
58 25.02178192138672 -3.170652389526367
59 24.880558013916016 -3.5073094367980957
60 24.699508666992188 -3.7227935791015625
61 24.470991134643555 -3.8362765312194824
62 24.052989959716797 -4.108479022979736
63 23.13862419128418 -4.609986305236816
64 22.93305206298828 -4.715193748474121
65 22.65897560119629 -4.813879489898682
66 22.07906150817871 -5.134245872497559
67 21.72411346435547 -5.3585124015808105
68 21.374588012695312 -5.594921588897705
69 21.065908432006836 -5.78375244140625
70 20.639602661132812 -6.024083614349365
71 20.424551010131836 -6.1266350746154785
72 20.094388961791992 -6.163982391357422
73 19.726438522338867 -6.204768180847168
74 19.396209716796875 -6.2714104652404785
75 18.943708419799805 -6.400437355041504
76 18.58345603942871 -6.594635486602783
77 17.741268157958984 -7.1079511642456055
78 17.256912231445312 -7.507197380065918
79 17.082239151000977 -7.76416015625
80 17.060266494750977 -8.08704948425293
81 17.137290954589844 -8.499115943908691
82 17.285663604736328 -8.667269706726074
83 17.569650650024414 -8.971952438354492
84 18.007308959960938 -9.196577072143555
85 18.489437103271484 -9.326507568359375
86 18.902042388916016 -9.407207489013672
87 19.174243927001953 -9.535116195678711
88 19.345640182495117 -9.610006332397461
89 19.842533111572266 -9.430404663085938
90 20.25887107849121 -9.312089920043945
91 20.72517967224121 -9.170791625976562
92 21.21441078186035 -9.173142433166504
93 21.59756851196289 -9.236854553222656
94 21.919198989868164 -9.248848915100098
95 22.350671768188477 -9.064033508300781
96 22.82563591003418 -8.801170349121094
97 23.14157485961914 -8.574442863464355
98 23.407461166381836 -8.335925102233887
99 23.60902214050293 -8.10064697265625
100 23.811338424682617 -7.829963684082031
101 24.088529586791992 -7.38850736618042
102 24.23375701904297 -7.0775675773620605
103 24.2419376373291 -6.835245609283447
104 24.207782745361328 -6.52865743637085
105 24.184951782226562 -6.1589155197143555
106 21.57398223876953 9.299661636352539
107 21.609086990356445 9.501424789428711
108 21.58222007751465 9.739311218261719
109 21.54095458984375 9.863619804382324
110 21.47722053527832 9.995152473449707
111 21.433433532714844 10.195358276367188
112 21.352924346923828 10.86732292175293
113 21.260025024414062 11.414257049560547
114 21.200796127319336 11.645491600036621
115 21.032535552978516 12.144163131713867
116 20.867938995361328 12.4534912109375
117 20.58380699157715 12.943647384643555
118 20.380569458007812 13.230741500854492
119 20.285654067993164 13.433979988098145
120 20.141700744628906 13.682246208190918
121 19.952157974243164 13.963723182678223
122 19.661468505859375 14.248411178588867
123 19.424301147460938 14.500174522399902
124 19.248615264892578 14.528786659240723
125 19.10650062561035 14.55467414855957
126 4.805661678314209 17.772775650024414
127 4.685961723327637 17.756868362426758
128 4.403136253356934 17.697025299072266
129 4.089488983154297 17.618234634399414
130 3.8851001262664795 17.665283203125
131 3.7429311275482178 17.635766983032227
132 3.603825569152832 17.59121322631836
133 3.3477582931518555 17.536819458007812
134 2.982874631881714 17.46448516845703
135 2.6292154788970947 17.458438873291016
136 2.133124828338623 17.540447235107422
137 1.7044618129730225 17.613094329833984
138 1.2480556964874268 17.556760787963867
139 1.0083849430084229 17.492067337036133
140 -1.662489414215088 14.059369087219238
141 -1.7427843809127808 13.709661483764648
142 -1.7948994636535645 13.426434516906738
143 -1.708024501800537 13.1104154586792
144 -1.4963507652282715 12.758678436279297
145 -1.2939480543136597 12.437054634094238
146 -1.1386728286743164 12.41156005859375
147 -0.7689695954322815 12.64819622039795
148 -0.4181908667087555 12.980510711669922
149 -0.28071483969688416 13.1326322555542
150 -0.11048669368028641 13.306299209594727
151 0.5453136563301086 13.755633354187012
152 0.7973308563232422 13.921692848205566
153 0.9659859538078308 13.981201171875
154 1.2021591663360596 14.14497184753418
155 1.410618543624878 14.329049110412598
156 1.9173176288604736 14.710103034973145
157 2.4321889877319336 15.057316780090332
158 2.5796945095062256 15.298663139343262
159 2.4455368518829346 15.73928165435791
160 2.244631767272949 15.986288070678711
161 1.687364935874939 16.171142578125
162 1.155571699142456 16.30493927001953
163 0.7581717371940613 16.367660522460938
164 0.5582727789878845 16.400667190551758
165 0.3896646797657013 16.280012130737305
166 0.20546697080135345 15.990397453308105
167 0.07361108064651489 15.654987335205078
168 -0.05697854608297348 15.2622652053833
169 -0.21812191605567932 15.110284805297852
170 -0.432181715965271 15.181609153747559
171 -0.6165410876274109 15.236982345581055
172 -1.3865944147109985 15.59576416015625
173 -1.6404234170913696 15.780926704406738
174 -1.819779396057129 16.082109451293945
175 -1.8192107677459717 16.29934310913086
176 -1.69948410987854 16.6672420501709
177 -1.6025484800338745 16.918670654296875
178 -1.5073703527450562 17.25864028930664
179 -1.532292127609253 17.477128982543945
180 -1.7016819715499878 17.896100997924805
181 -1.9423857927322388 18.09825897216797
182 -2.21278715133667 18.163496017456055
183 -2.6156625747680664 17.97060203552246
184 -2.8665366172790527 17.798534393310547
185 -3.0940637588500977 17.54206085205078
186 -3.5891733169555664 16.752758026123047
187 -3.715259552001953 16.25983428955078
188 -3.8345930576324463 15.803135871887207
189 -3.911940574645996 15.515056610107422
190 -3.9011895656585693 15.246174812316895
191 -3.976107358932495 14.698548316955566
192 -3.955454111099243 14.21403980255127
193 -3.8758764266967773 13.830643653869629
194 -3.7483179569244385 13.4669771194458
195 -3.7545347213745117 13.248061180114746
196 -3.752906560897827 12.879317283630371
197 -3.7581863403320312 12.222884178161621
198 -3.7534735202789307 11.954925537109375
199 -3.7190256118774414 11.776429176330566
200 -3.5144870281219482 11.622628211975098
201 5.563033580780029 8.500883102416992
202 5.607366561889648 8.67335319519043
203 5.662237167358398 8.956380844116211
204 5.551239490509033 9.077896118164062
205 5.018886566162109 9.36964225769043
206 4.623072624206543 9.714038848876953
207 4.575735092163086 10.108473777770996
208 4.709401607513428 10.481727600097656
209 4.8147172927856445 10.712032318115234
210 4.899853229522705 11.025390625
211 4.881735801696777 11.171566009521484
212 4.837066650390625 11.585101127624512
213 4.956640720367432 11.717239379882812
214 5.176469802856445 11.866978645324707
215 5.520254135131836 12.130638122558594
216 5.700784206390381 12.237687110900879
217 5.978873252868652 12.449994087219238
218 6.27378511428833 12.773338317871094
219 6.517877101898193 13.009380340576172
220 9.970105171203613 -5.6954345703125
221 10.010041236877441 -5.9433794021606445
222 10.0667085647583 -6.384096622467041
223 10.139568328857422 -6.798710346221924
224 10.219380378723145 -6.968868255615234
225 10.449450492858887 -7.128474712371826
226 10.85571575164795 -7.269481182098389
227 11.482364654541016 -7.336736679077148
228 11.827590942382812 -7.186426162719727
229 12.152482986450195 -6.779324531555176
230 12.372398376464844 -6.221144199371338
231 12.412986755371094 -5.8146185874938965
232 12.4566011428833 -5.501330375671387
233 12.491747856140137 -5.123332500457764
234 12.483993530273438 -4.864803791046143
235 12.363996505737305 -4.5073370933532715
236 12.118850708007812 -4.241117477416992
237 11.815170288085938 -4.008890628814697
238 11.337535858154297 -3.3472177982330322
239 11.372364044189453 -3.242119550704956
240 11.543656349182129 -3.081141948699951
241 11.938437461853027 -2.9547808170318604
242 12.13772201538086 -2.9195961952209473
243 12.524310111999512 -2.7775986194610596
244 12.812567710876465 -2.5781402587890625
245 13.039669036865234 -2.402890682220459
246 13.211397171020508 -2.2331299781799316
247 9.990181922912598 15.7044038772583
248 9.945562362670898 15.97576904296875
249 9.944941520690918 16.119775772094727
250 10.055058479309082 16.235469818115234
251 10.27121639251709 16.383468627929688
252 10.526050567626953 16.548839569091797
253 10.87753677368164 16.4367618560791
254 11.197770118713379 16.338048934936523
255 11.351362228393555 16.23055648803711
256 11.53985595703125 16.02769660949707
257 11.991918563842773 0.7475671768188477
258 11.983738899230957 0.49979284405708313
259 11.837564468383789 0.15069171786308289
260 11.564363479614258 -0.25406011939048767
261 11.321406364440918 -0.6435553431510925
262 11.212934494018555 -0.7914370894432068
263 11.046075820922852 -0.8999086618423462
264 10.64639949798584 -1.159165859222412
265 10.1614990234375 -1.4694470167160034
266 9.874531745910645 -1.4587355852127075
267 9.653700828552246 -1.363458275794983
268 9.489477157592773 -1.1019662618637085
269 9.400572776794434 -0.8666646480560303
270 9.331748962402344 -0.4850287437438965
271 9.293922424316406 -0.19883455336093903
272 9.30061149597168 0.06468794494867325
273 9.369239807128906 0.46292194724082947
274 9.321561813354492 0.8607687950134277
275 9.175996780395508 1.2788430452346802
276 9.073585510253906 1.6243561506271362
277 8.946456909179688 2.086221218109131
278 8.737059593200684 2.7468292713165283
279 8.56917953491211 3.3130781650543213
280 8.2641019821167 3.9095447063446045
281 8.073338508605957 4.102024555206299
282 7.638857364654541 4.201072692871094
283 7.23341703414917 4.190496921539307
284 6.791792392730713 4.137305736541748
285 6.575257301330566 4.0769829750061035
286 6.103110313415527 3.811952590942383
287 5.847651958465576 3.612368583679199
288 5.1869635581970215 3.2833292484283447
289 4.9986724853515625 3.194546699523926
290 4.622354030609131 3.2373101711273193
291 4.301029682159424 3.40982985496521
292 3.997957229614258 3.7010104656219482
293 4.007532119750977 3.8073384761810303
294 4.010163307189941 3.9939301013946533
295 4.2871623039245605 4.265946865081787
296 5.170292377471924 4.563060760498047
297 5.326408863067627 4.648263931274414
298 23.81766700744629 13.802254676818848
299 23.727354049682617 13.937963485717773
300 23.51158905029297 14.253656387329102
301 23.376605987548828 14.471206665039062
302 23.302156448364258 14.779647827148438
303 23.203760147094727 15.143526077270508
304 22.93161392211914 15.914390563964844
305 22.7634334564209 16.36745834350586
306 22.6422119140625 16.66619873046875
307 22.421689987182617 17.10359001159668
308 22.296968460083008 17.287527084350586
309 22.087331771850586 17.57317543029785
310 21.817079544067383 17.91228485107422
311 21.512365341186523 18.2764835357666
312 21.45318031311035 18.343942642211914
313 21.3245792388916 18.457782745361328
314 7.400000095367432 -7.8606767654418945
315 7.197234630584717 -7.902714252471924
316 6.927089214324951 -7.883257865905762
317 6.47523307800293 -7.7740864753723145
318 6.1326069831848145 -7.69399356842041
319 5.874248504638672 -7.650447368621826
320 5.552716255187988 -7.516243934631348
321 5.093863010406494 -7.397552490234375
322 4.98599100112915 -7.196458339691162
323 5.068552017211914 -6.767227649688721
324 5.156689167022705 -6.489208221435547
325 5.28781795501709 -6.184584140777588
326 5.365391254425049 -5.9636945724487305
327 7.129257678985596 8.052385330200195
328 7.1826629638671875 8.176799774169922
329 7.2643513679504395 8.19119644165039
330 7.874451637268066 8.320087432861328
331 8.228243827819824 8.398378372192383
332 8.433771133422852 8.455074310302734
333 8.799973487854004 8.486529350280762
334 8.998114585876465 8.56723690032959
335 9.130864143371582 8.783079147338867
336 9.219131469726562 8.937300682067871
337 9.556111335754395 9.104313850402832
338 9.85536003112793 9.371808052062988
339 10.033981323242188 9.554598808288574
340 10.220776557922363 9.742498397827148
341 10.464315414428711 10.001851081848145
342 10.678165435791016 10.45451831817627
343 10.707626342773438 10.642329216003418
344 10.474135398864746 10.859098434448242
345 10.103096961975098 11.163143157958984
346 9.971693992614746 11.347989082336426
347 9.90305233001709 11.5132417678833
348 9.689752578735352 12.307660102844238
349 9.716219902038574 12.531235694885254
350 9.81572151184082 12.679085731506348
351 13.868528366088867 17.059608459472656
352 13.92855167388916 17.313274383544922
353 13.852981567382812 17.51849365234375
354 13.369869232177734 17.97897720336914
355 12.993684768676758 18.250408172607422
356 12.63792610168457 18.534896850585938
357 12.438591003417969 18.720478057861328
358 12.202523231506348 18.841407775878906
359 11.941306114196777 18.86294174194336
360 11.633981704711914 19.004056930541992
361 11.212013244628906 19.355220794677734
362 10.942065238952637 19.541210174560547
363 10.653875350952148 19.704618453979492
364 10.335368156433105 19.72226333618164
365 10.089470863342285 19.594404220581055
366 9.87724494934082 19.34033966064453
367 9.536188125610352 18.77998924255371
368 9.314515113830566 18.308034896850586
369 9.197266578674316 17.97743034362793
370 9.067228317260742 17.61016273498535
371 9.030418395996094 17.5627498626709
372 8.880484580993652 17.50381851196289
373 3.214301824569702 13.936019897460938
374 3.0937561988830566 13.732209205627441
375 3.0429720878601074 13.5189847946167
376 3.0058627128601074 13.281499862670898
377 3.0445079803466797 12.984511375427246
378 3.1631691455841064 12.78712272644043
379 3.2011518478393555 12.639543533325195
380 3.272794485092163 12.444642066955566
381 3.283264636993408 12.226997375488281
382 3.0588412284851074 11.32081413269043
383 2.9873855113983154 11.048944473266602
384 2.940908908843994 10.785152435302734
385 2.965947151184082 10.590828895568848
386 4.2073588371276855 8.215150833129883
387 4.431216239929199 7.922277450561523
388 4.396661758422852 7.82689905166626
389 5.248771667480469 -1.0044524669647217
390 5.321953296661377 -1.189502239227295
391 5.587655067443848 -1.713450312614441
392 5.861330032348633 -2.2219109535217285
393 5.995267868041992 -2.415128469467163
394 6.4192585945129395 -2.7002522945404053
395 6.654142379760742 -2.7822232246398926
396 6.832090377807617 -2.6811742782592773
397 7.020486354827881 -2.4286320209503174
398 7.136711120605469 -2.074153423309326
399 7.190610408782959 -1.6811095476150513
400 7.118929862976074 -0.7604575157165527
401 7.143588066101074 -0.5888333916664124
402 7.157630443572998 -0.4782944321632385
403 7.267609119415283 -0.42885929346084595
404 13.7278413772583 -0.5078485012054443
405 13.935859680175781 -0.47643864154815674
406 14.050568580627441 -0.358269065618515
407 14.187287330627441 -0.1720629632472992
408 14.297403335571289 0.19238176941871643
409 14.301057815551758 0.5114500522613525
410 14.190349578857422 1.0213671922683716
411 14.036850929260254 1.371537208557129
412 13.909507751464844 1.5269443988800049
413 13.771219253540039 1.659065842628479
414 13.261519432067871 1.969874382019043
415 12.788504600524902 2.2904560565948486
416 12.489083290100098 2.442331314086914
417 12.354187965393066 2.5139882564544678
418 12.056487083435059 2.6555206775665283
419 11.883855819702148 2.7251617908477783
420 11.63534927368164 2.8077750205993652
421 11.231362342834473 2.740237236022949
422 10.880772590637207 2.6799135208129883
423 10.550955772399902 2.7817606925964355
424 10.359859466552734 3.1660661697387695
425 10.294758796691895 3.557199716567993
426 10.171099662780762 3.8573148250579834
427 10.056483268737793 4.1128010749816895
428 7.122666835784912 10.070643424987793
429 7.162215232849121 10.222844123840332
430 7.33567476272583 10.540182113647461
431 7.394174575805664 10.78338623046875
432 7.419500827789307 11.20403003692627
433 7.540892124176025 11.694145202636719
434 7.684203624725342 11.979618072509766
435 7.766478061676025 12.51987361907959
436 7.779541492462158 12.873661041259766
437 7.821906089782715 13.1294527053833
438 7.972724914550781 13.444930076599121
439 8.35551929473877 14.192145347595215
440 8.390252113342285 14.449822425842285
441 8.27678108215332 14.716828346252441
442 8.047459602355957 15.00093936920166
443 7.772796154022217 15.140420913696289
444 7.49993371963501 15.29256534576416
445 7.163165092468262 15.544326782226562
446 6.971253395080566 15.819832801818848
447 6.886754035949707 16.214807510375977
448 6.8663330078125 16.847854614257812
449 6.819010257720947 17.087831497192383
450 6.75792121887207 17.2586669921875
451 6.770264625549316 17.621126174926758
452 6.845506191253662 17.890146255493164
453 6.913998603820801 18.058141708374023
454 7.122094631195068 18.393896102905273
455 7.249253273010254 18.559701919555664
456 7.484665393829346 18.873506546020508
457 7.706649303436279 19.248754501342773
458 7.998835563659668 19.837665557861328
459 7.99199104309082 19.999671936035156
460 7.886139869689941 20.122764587402344
461 7.618002891540527 20.3391170501709
462 7.230262756347656 20.524869918823242
463 6.91602087020874 20.687620162963867
464 6.573600769042969 20.819196701049805
465 6.231923580169678 20.94322395324707
466 6.0141754150390625 20.915714263916016
467 5.800329685211182 20.79547691345215
468 5.32886266708374 20.50197982788086
469 4.941410064697266 20.221458435058594
470 4.690980434417725 20.160579681396484
471 4.568127632141113 20.08795928955078
472 4.284140110015869 20.042661666870117
473 3.809147596359253 20.066755294799805
474 3.494335651397705 19.93002700805664
475 3.146238327026367 19.754730224609375
476 2.790165662765503 19.700109481811523
477 2.4336705207824707 19.622055053710938
478 2.1701929569244385 19.73347282409668
479 2.075805425643921 19.914844512939453
480 2.000258445739746 20.342411041259766
481 1.7938361167907715 20.966981887817383
482 1.5741631984710693 21.5206241607666
483 1.346659541130066 21.86212921142578
484 1.0749375820159912 22.04414176940918
485 0.7517353296279907 22.23842430114746
486 0.40003105998039246 22.385168075561523
487 0.11965370178222656 22.458757400512695
488 -0.14246296882629395 22.18912124633789
489 -0.41902995109558105 21.670883178710938
490 -0.4872925877571106 21.283294677734375
491 -0.47994354367256165 20.92905044555664
492 -0.2270193248987198 20.27688980102539
493 -0.15962421894073486 20.007884979248047
494 -0.04994038864970207 19.636703491210938
495 0.08111515641212463 19.262441635131836
496 0.23933283984661102 19.24881935119629
497 0.5272817611694336 19.378976821899414
498 0.8469082713127136 19.601566314697266
499 3.1803932189941406 21.92518424987793
500 3.278290271759033 22.1103458404541
501 3.349992275238037 22.331192016601562
502 3.4570069313049316 23.02753448486328
503 3.5271823406219482 23.42285919189453
504 3.617884635925293 23.58487892150879
505 3.835214853286743 23.924352645874023
506 4.11109733581543 24.2357120513916
507 4.327764511108398 24.222164154052734
508 4.937392234802246 24.06866455078125
509 5.307164192199707 23.94627571105957
510 5.664664268493652 23.935327529907227
511 6.114021301269531 24.058338165283203
512 6.5318708419799805 24.188440322875977
513 6.970150470733643 24.278650283813477
514 7.339937210083008 24.265869140625
515 7.7459611892700195 24.302453994750977
516 8.090771675109863 24.35350799560547
517 8.443196296691895 24.41573143005371
518 9.257953643798828 24.396331787109375
519 9.442840576171875 24.348024368286133
520 9.796219825744629 24.243011474609375
521 10.121782302856445 24.149669647216797
522 10.481371879577637 23.98312759399414
523 10.73305606842041 23.819599151611328
524 10.989745140075684 23.62710952758789
525 11.296022415161133 23.35674285888672
526 11.592599868774414 23.003623962402344
527 11.874391555786133 22.661109924316406
528 12.103643417358398 22.499330520629883
529 12.691476821899414 22.23221778869629
530 13.296910285949707 22.078266143798828
531 13.627457618713379 21.945302963256836
532 14.07037353515625 21.736738204956055
533 14.604029655456543 21.431318283081055
534 14.931899070739746 21.199581146240234
535 15.336959838867188 20.8769474029541
536 15.640440940856934 20.43683433532715
537 15.999958992004395 19.88402557373047
538 16.242895126342773 19.555818557739258
539 16.64073944091797 18.889734268188477
540 16.85196876525879 18.399221420288086
541 16.961105346679688 17.981630325317383
542 17.013011932373047 17.35300064086914
543 17.098297119140625 16.951066970825195
544 17.164276123046875 16.665407180786133
545 17.176334381103516 16.439842224121094
546 17.10572624206543 16.155302047729492
547 16.98459243774414 15.85739803314209
548 14.964849472045898 11.985518455505371
549 14.920787811279297 11.786365509033203
550 14.873172760009766 11.687051773071289
551 -0.0008618528954684734 9.18411922454834
552 -0.051101502031087875 8.90113353729248
553 0.0025563761591911316 8.752562522888184
554 0.19949084520339966 8.683752059936523
555 0.6310069561004639 8.79501724243164
556 1.1531370878219604 9.069879531860352
557 1.3343780040740967 9.12161922454834
558 1.6734580993652344 9.13912296295166
559 1.8902475833892822 9.185909271240234
560 2.189343214035034 9.182076454162598
561 2.8380355834960938 8.964717864990234
562 2.949260711669922 8.892935752868652
563 3.1283907890319824 8.756043434143066
564 3.3082945346832275 8.641160011291504
565 5.848739147186279 7.025953769683838
566 6.0615234375 6.936710357666016
567 6.629702091217041 6.62788200378418
568 6.915271282196045 6.395875453948975
569 7.1156005859375 6.201780796051025
570 7.4407877922058105 6.0707783699035645
571 7.682738304138184 5.930680274963379
572 7.785649299621582 5.830127239227295
573 24.801443099975586 8.925775527954102
574 24.756532669067383 8.809925079345703
575 24.591461181640625 8.5440034866333
576 24.366714477539062 8.284152030944824
577 24.11197280883789 8.10372257232666
578 23.7418155670166 7.93367338180542
579 22.999937057495117 7.670912742614746
580 22.722965240478516 7.550933361053467
581 22.204988479614258 7.368977069854736
582 21.589487075805664 7.111900329589844
583 21.288379669189453 6.911264419555664
584 21.027587890625 6.539694309234619
585 20.91512107849121 6.276373863220215
586 20.84513282775879 5.855469226837158
587 20.85144805908203 5.247635841369629
588 20.90026092529297 5.134524822235107
589 20.998125076293945 4.812234401702881
590 21.307594299316406 4.32662296295166
591 21.555191040039062 3.940779447555542
592 21.550960540771484 3.7454662322998047
593 21.478918075561523 3.574803113937378
594 21.041488647460938 3.491486072540283
595 20.6518497467041 3.5122668743133545
596 20.02298927307129 3.5736889839172363
597 19.827505111694336 3.496598482131958
598 19.614648818969727 3.051715850830078
599 19.408700942993164 2.6064248085021973
600 19.339780807495117 2.3678371906280518
601 19.4221134185791 2.0099895000457764
602 19.437084197998047 1.670261263847351
603 19.394472122192383 1.3408812284469604
604 19.396482467651367 0.7465990781784058
605 19.309730529785156 0.2898680567741394
606 19.191904067993164 0.226811483502388
607 18.937265396118164 0.17998072504997253
608 18.69003677368164 0.29588475823402405
609 18.139026641845703 0.7581247091293335
610 17.836837768554688 1.0092524290084839
611 17.73088264465332 1.1218736171722412
612 17.397241592407227 1.5098034143447876
613 17.03885269165039 1.9085699319839478
614 16.831838607788086 2.202141523361206
615 16.762409210205078 2.490708827972412
616 16.680343627929688 2.8152859210968018
617 16.51549530029297 3.0225443840026855
618 16.201213836669922 3.1990888118743896
619 15.968493461608887 3.297292709350586
620 15.8104248046875 3.3444252014160156
621 15.548409461975098 3.3887288570404053
622 15.227935791015625 3.3252015113830566
623 15.0214262008667 3.368112325668335
624 -0.3177206516265869 4.370866298675537
625 -0.4310222268104553 4.6586151123046875
626 -0.49336007237434387 4.72789192199707
627 -0.5547569394111633 5.094513416290283
628 -0.7041323184967041 5.586836338043213
629 -0.7621896266937256 5.863330364227295
630 -0.8041576743125916 6.194130897521973
631 -0.9059351086616516 6.555531978607178
632 -1.203104853630066 6.905096530914307
633 -1.7498749494552612 7.104085922241211
634 -1.9489341974258423 7.029601097106934
635 -2.368661403656006 6.6769118309021
636 -2.7046332359313965 6.424075126647949
637 -2.9610488414764404 6.122077465057373
638 -2.985844373703003 5.887404918670654
639 -2.9765238761901855 5.443034648895264
640 -2.9246745109558105 4.847137928009033
641 -2.8295464515686035 4.27842903137207
642 -2.852851152420044 3.997398853302002
643 -2.971147060394287 3.714451551437378
644 -3.522392749786377 3.2580361366271973
645 -3.895747423171997 3.1746954917907715
646 -4.203129768371582 3.1576225757598877
647 -4.5289106369018555 3.2396814823150635
648 -4.731206893920898 3.339399576187134
649 -4.9787068367004395 3.7188351154327393
650 -5.242629528045654 4.014163017272949
651 -5.468641757965088 4.2353901863098145
652 -5.787147521972656 4.524039268493652
653 -5.955660343170166 4.727568626403809
654 -6.0237135887146 4.905674934387207
655 5.154140472412109 13.77380657196045
656 5.190008163452148 13.937169075012207
657 5.35630989074707 14.287997245788574
658 5.400834083557129 14.500731468200684
659 5.220059871673584 14.651530265808105
660 4.947961330413818 14.938203811645508
661 4.748039722442627 15.212454795837402
662 4.634115219116211 15.367283821105957
663 4.4639129638671875 15.424962997436523
664 4.311807632446289 15.433846473693848
665 1.5147162675857544 12.233114242553711
666 1.325996994972229 11.992825508117676
667 1.191392183303833 11.8539457321167
668 0.9322270750999451 11.500303268432617
669 0.7251603603363037 11.260055541992188
670 0.5279187560081482 10.921977996826172
671 0.37125375866889954 10.611115455627441
672 0.9943366050720215 5.663884162902832
673 1.1756963729858398 5.3987579345703125
674 1.4181140661239624 5.18316125869751
675 1.5797630548477173 4.7976226806640625
676 1.5808130502700806 4.599454879760742
677 1.459997296333313 4.246500015258789
678 1.3711109161376953 3.9864954948425293
679 1.4361789226531982 3.8008954524993896
680 2.0354292392730713 3.201460361480713
681 1.9749443531036377 2.9943063259124756
682 1.8564560413360596 2.7625231742858887
683 1.3897480964660645 2.5612637996673584
684 1.0385961532592773 2.4993019104003906
685 0.8004205226898193 2.3745739459991455
686 0.44853827357292175 2.1624670028686523
687 0.22162681818008423 1.9305343627929688
688 0.15242797136306763 1.7839415073394775
689 0.07738064974546432 1.5920206308364868
690 -1.3518904447555542 -3.129073143005371
691 -1.532521367073059 -3.6814448833465576
692 -1.637786865234375 -4.143196105957031
693 -1.698777437210083 -4.5239057540893555
694 -1.7673146724700928 -4.826261043548584
695 -1.7507143020629883 -5.055660247802734
696 -1.7031135559082031 -5.30114221572876
697 -1.6238148212432861 -5.526639461517334
698 -1.5133861303329468 -5.664689540863037
699 16.1866512298584 -0.7229933738708496
700 16.314895629882812 -0.809945821762085
701 16.641599655151367 -0.9443113207817078
702 16.796995162963867 -1.026779055595398
703 17.00707244873047 -1.2464627027511597
704 17.611486434936523 -1.7807610034942627
705 17.77405548095703 -2.0376248359680176
706 17.935161590576172 -2.3042259216308594
707 18.329444885253906 -3.229032516479492
708 18.258180618286133 -3.4374561309814453
709 17.88170051574707 -3.954476833343506
710 17.573095321655273 -4.281148910522461
711 17.3209228515625 -4.506726264953613
712 17.02484130859375 -4.815271377563477
713 16.673391342163086 -5.097650527954102
714 16.012765884399414 -5.599521636962891
715 15.594404220581055 -5.809165954589844
716 15.264510154724121 -5.822666168212891
717 15.050973892211914 -5.6464948654174805
718 14.9459810256958 -5.140430927276611
719 14.968218803405762 -4.8582563400268555
720 15.027490615844727 -4.559183120727539
721 15.198586463928223 -4.204369068145752
722 15.337165832519531 -3.9082558155059814
723 15.342495918273926 -3.355692148208618
724 15.342519760131836 -3.1290018558502197
725 15.318411827087402 -2.878722906112671
726 15.180657386779785 -2.508551597595215
727 15.04812240600586 -2.3398334980010986
728 14.959047317504883 -2.3194289207458496
729 14.162313461303711 -8.7815523147583
730 14.147293090820312 -9.073604583740234
731 14.052196502685547 -9.283578872680664
732 13.928683280944824 -9.538057327270508
733 13.755443572998047 -9.888944625854492
734 13.591513633728027 -10.072836875915527
735 13.339510917663574 4.026274681091309
736 13.330596923828125 4.2081379890441895
737 13.261926651000977 4.524808883666992
738 12.969297409057617 4.8060784339904785
739 12.643850326538086 4.998983383178711
740 12.47797679901123 5.08236026763916
741 12.21707820892334 5.132761001586914
742 12.019014358520508 5.210516452789307
743 11.860780715942383 5.367315769195557
744 23.346641540527344 5.701017379760742
745 23.4609375 5.671558380126953
746 23.75754737854004 5.571499347686768
747 24.00244140625 5.42615270614624
748 24.373146057128906 5.073239326477051
749 24.553569793701172 4.866664886474609
750 24.628658294677734 4.6382269859313965
751 24.83458137512207 4.346704006195068
752 25.150693893432617 3.9871673583984375
753 25.449954986572266 3.6699531078338623
754 25.71900177001953 3.390115261077881
755 25.83836555480957 3.2299015522003174
756 25.982805252075195 3.077040433883667
757 26.311616897583008 2.7170205116271973
758 26.669628143310547 2.386324882507324
759 26.995763778686523 2.2646801471710205
760 27.29705810546875 2.2753987312316895
761 27.63764762878418 2.414914846420288
762 28.065776824951172 2.852419137954712
763 28.273752212524414 3.4020447731018066
764 28.339323043823242 4.308382511138916
765 28.31163787841797 4.670984745025635
766 28.3454647064209 5.159440994262695
767 28.39127540588379 5.4279465675354
768 28.39396095275879 5.637826919555664
769 28.340892791748047 6.1251301765441895
770 28.20844078063965 6.48487663269043
771 28.020416259765625 6.67838191986084
772 27.7572021484375 6.927999496459961
773 27.657636642456055 7.235352993011475
774 27.60142707824707 7.6997880935668945
775 27.65804100036621 7.942438125610352
776 27.73670768737793 8.152403831481934
777 27.877473831176758 8.783018112182617
778 27.9014892578125 9.102983474731445
779 27.86188316345215 9.258400917053223
780 27.779735565185547 9.335904121398926
781 4.380728244781494 -3.963007926940918
782 4.184209823608398 -4.092291831970215
783 3.844959020614624 -4.375655651092529
784 3.4479284286499023 -4.635507583618164
785 3.161454439163208 -4.760055065155029
786 2.9437084197998047 -4.770133972167969
787 2.447741985321045 -4.579107284545898
788 1.9713720083236694 -4.28181791305542
789 1.8969212770462036 -4.145562171936035
790 1.9609915018081665 -3.976238250732422
791 2.0401830673217773 -3.6864781379699707
792 2.198120594024658 -3.433521032333374
793 2.5955967903137207 -2.827770709991455
794 2.775486946105957 -2.626169204711914
795 3.0672974586486816 -2.391536235809326
796 3.357999086380005 -2.1826202869415283
797 16.4622802734375 7.697758197784424
798 16.491134643554688 7.8321452140808105
799 16.516845703125 8.14073371887207
800 16.544797897338867 8.399308204650879
801 16.50462532043457 8.912477493286133
802 16.478330612182617 9.363259315490723
803 16.380876541137695 9.661858558654785
804 16.20472526550293 9.957221984863281
805 15.991968154907227 10.148099899291992
806 15.82117748260498 10.237963676452637
807 15.543281555175781 10.44485092163086
808 12.819408416748047 13.910662651062012
809 12.68398666381836 14.118304252624512
810 12.678243637084961 14.364535331726074
811 12.896306991577148 14.698772430419922
812 13.191475868225098 15.089163780212402
813 13.269661903381348 15.208189010620117
814 13.472792625427246 15.227408409118652
815 14.26579475402832 15.283782958984375
816 14.540757179260254 15.214933395385742
817 14.697528839111328 15.089458465576172
818 14.921186447143555 14.77733325958252
819 15.009681701660156 14.503508567810059
820 15.179563522338867 14.297536849975586
821 15.289155960083008 14.222654342651367
822 15.55752944946289 14.149836540222168
823 15.827394485473633 14.03946590423584
824 16.175527572631836 13.915958404541016
825 16.364242553710938 13.673660278320312
826 16.721389770507812 13.059882164001465
827 16.857688903808594 12.784245491027832
828 17.16425895690918 12.275248527526855
829 17.312828063964844 12.012951850891113
830 17.659242630004883 11.61662769317627
831 17.8561954498291 11.358428001403809
832 18.012475967407227 11.113361358642578
833 18.31247901916504 10.710352897644043
834 18.498302459716797 10.395971298217773
835 18.58985710144043 10.063447952270508
836 18.67772102355957 9.511345863342285
837 18.75147819519043 9.157281875610352
838 18.869216918945312 8.427446365356445
839 18.83917999267578 8.153512954711914
840 18.771467208862305 7.648292541503906
841 18.607547760009766 7.294195652008057
842 18.380104064941406 6.969799518585205
843 18.22863006591797 6.66265344619751
844 18.06859588623047 6.342804431915283
845 17.949369430541992 5.963620185852051
846 17.89451789855957 5.571377754211426
847 17.714792251586914 5.3122406005859375
848 17.415203094482422 5.192312240600586
849 16.907733917236328 5.196362018585205
850 16.788959503173828 5.152909278869629
851 16.48415184020996 5.092358112335205
852 10.025921821594238 5.593005180358887
853 9.909749031066895 5.687816619873047
854 9.809983253479004 5.940550327301025
855 9.851787567138672 6.342612266540527
856 10.066701889038086 6.754110813140869
857 10.400008201599121 7.117319107055664
858 10.673274993896484 7.2864603996276855
859 11.098750114440918 7.524875164031982
860 11.383649826049805 7.6435933113098145
861 11.709776878356934 7.80810546875
862 11.858223915100098 7.933978080749512
863 11.964381217956543 8.12533187866211
864 11.932870864868164 8.320699691772461
865 11.9208345413208 8.695657730102539
866 12.043354988098145 9.169490814208984
867 11.997507095336914 9.31124210357666
868 11.803495407104492 9.350580215454102
869 -7.386967658996582 14.00549030303955
870 -7.399519920349121 13.939123153686523
871 -7.371238708496094 13.797640800476074
872 -7.2557172775268555 13.503454208374023
873 -6.981409072875977 12.93290901184082
874 -6.873713970184326 12.727327346801758
875 -6.740601062774658 12.457377433776855
876 -6.63409948348999 12.253072738647461
877 -6.597664833068848 12.032763481140137
878 2.986514091491699 1.6663531064987183
879 3.1212568283081055 1.5335484743118286
880 3.2600808143615723 1.4370462894439697
881 3.6915128231048584 1.197147250175476
882 3.9506819248199463 0.9965861439704895
883 3.9617650508880615 0.7339374423027039
884 3.8938724994659424 0.4024459421634674
885 3.758331775665283 0.2258891612291336
886 3.431838035583496 0.08334174752235413
887 3.0058557987213135 -0.013159175403416157
888 2.728081703186035 -0.01237812452018261
889 2.190875768661499 -0.006413357798010111
890 1.8643462657928467 -0.13273563981056213
891 1.6685489416122437 -0.31215307116508484
892 1.5307663679122925 -0.5094689130783081
893 1.4058266878128052 -0.777061939239502
894 1.225180745124817 -1.1453028917312622
895 1.0433974266052246 -1.216262698173523
896 0.4022681415081024 -1.0695083141326904
897 -0.29894208908081055 -1.0542380809783936
898 -0.6734175086021423 -1.0170444250106812
899 -0.9869678020477295 -1.0117241144180298
900 -1.1139646768569946 -0.8578605651855469
901 -1.2932339906692505 -0.5182411074638367
902 -1.6018216609954834 -0.17144034802913666
903 -1.9279117584228516 0.10391369462013245
904 -2.11470103263855 0.34010863304138184
905 -2.256981611251831 0.6319400668144226
906 -2.2165138721466064 0.9929969906806946
907 -2.213716745376587 1.2306225299835205
908 -2.283945322036743 1.5179896354675293
909 -2.352755546569824 1.702363133430481
910 -5.308536052703857 7.448770999908447
911 -5.383385181427002 7.807003498077393
912 -5.41399621963501 8.283285140991211
913 -5.384830474853516 8.774456977844238
914 -5.3415632247924805 9.273100852966309
915 -5.2932868003845215 9.494035720825195
916 -5.087635517120361 9.710060119628906
917 -4.88847541809082 9.86380386352539
918 -4.611387729644775 9.81949234008789
919 -4.219804286956787 9.78896713256836
920 -3.653416633605957 9.746450424194336
921 -3.4179341793060303 9.683192253112793
922 -2.949246883392334 9.473325729370117
923 -2.7061877250671387 9.322487831115723
924 -2.325756311416626 9.180501937866211
925 -1.943245768547058 9.153238296508789
926 -1.7979717254638672 9.290276527404785
927 -1.650128960609436 9.701170921325684
928 -1.537932276725769 10.13367748260498
929 -1.407150149345398 10.29164981842041
930 10.50597858428955 13.90541934967041
931 10.739086151123047 13.887985229492188
932 11.029892921447754 13.640336036682129
933 11.42186164855957 13.070539474487305
934 11.65742301940918 12.822210311889648
935 11.966938018798828 12.59376049041748
936 12.330779075622559 12.33696460723877
937 12.790136337280273 12.014530181884766
938 12.975997924804688 11.786003112792969
939 13.066709518432617 11.532739639282227
940 13.219712257385254 11.021462440490723
941 13.231606483459473 10.87441349029541
942 10.622036933898926 -10.16014289855957
943 10.404232025146484 -10.196748733520508
944 10.090765953063965 -10.193355560302734
945 9.86035442352295 -10.200304985046387
946 9.542681694030762 -10.131505966186523
947 9.36193561553955 -10.067622184753418
948 9.20521354675293 -9.936689376831055
949 7.406133651733398 -5.236116409301758
950 7.435242176055908 -5.088874340057373
951 7.499953269958496 -4.9751787185668945
952 7.7242631912231445 -4.733943462371826
953 8.038409233093262 -4.511244773864746
954 8.532010078430176 -4.117968559265137
955 8.809664726257324 -3.85075044631958
956 9.160676956176758 -3.6151156425476074
957 9.426559448242188 -3.452052593231201
958 9.599720001220703 -3.3753719329833984
959 14.59494400024414 5.162914276123047
960 14.800490379333496 5.5321478843688965
961 14.916586875915527 5.732133388519287
962 14.942626953125 5.944370746612549
963 14.830106735229492 6.199269771575928
964 14.739048957824707 6.510107517242432
965 14.659141540527344 6.877262592315674
966 14.634501457214355 7.250428199768066
967 14.43850326538086 7.742578983306885
968 14.339694023132324 8.037040710449219
969 14.200212478637695 8.35289192199707
970 13.95361328125 8.74714183807373
971 13.80220890045166 8.915912628173828
972 13.661162376403809 9.04904556274414
973 0.8527596592903137 7.359084129333496
974 0.9163016676902771 7.230498790740967
975 1.0534284114837646 7.138463020324707
976 1.223818063735962 7.09720516204834
977 1.7011659145355225 7.077770709991455
978 2.46099591255188 7.056594371795654
979 2.673018217086792 6.985447883605957
980 2.647993803024292 6.516572952270508
981 2.7494726181030273 6.352651119232178
982 3.129209041595459 6.249002933502197
983 3.5235071182250977 6.2793755531311035
984 3.814969539642334 6.30195951461792
985 4.206374645233154 6.3398118019104
986 4.339442729949951 6.27175235748291
987 4.408087730407715 6.030491352081299
988 4.542217254638672 5.726508617401123
989 4.7021026611328125 5.433391571044922
990 5.842219352722168 1.7462756633758545
991 6.041374206542969 1.5199947357177734
992 6.452213287353516 1.314691424369812
993 6.6349992752075195 1.1903331279754639
994 6.881120681762695 1.2604001760482788
995 7.047255516052246 1.4637508392333984
996 7.154850959777832 2.1344234943389893
997 7.178954124450684 2.288369655609131
998 7.2411017417907715 2.3875298500061035
999 7.2842559814453125 2.3828768730163574
