0 17.35867691040039 -5.915915489196777
1 17.357715606689453 -5.927967548370361
2 17.33289337158203 -5.983885765075684
3 17.320640563964844 -6.050971508026123
4 11.667078018188477 -18.524293899536133
5 11.448668479919434 -18.761138916015625
6 11.409768104553223 -18.89925765991211
7 11.364914894104004 -19.071687698364258
8 11.338253021240234 -19.28517723083496
9 11.264193534851074 -19.447141647338867
10 11.221511840820312 -19.543716430664062
11 11.205989837646484 -19.853452682495117
12 11.294454574584961 -20.181825637817383
13 11.645415306091309 -20.319772720336914
14 11.922126770019531 -20.29427146911621
15 12.182958602905273 -20.308927536010742
16 12.40203857421875 -20.3225040435791
17 12.479405403137207 -20.435579299926758
18 12.520639419555664 -20.834871292114258
19 12.666377067565918 -21.158363342285156
20 12.893657684326172 -21.398908615112305
21 13.186302185058594 -21.602157592773438
22 13.289826393127441 -21.60428810119629
23 13.44653034210205 -21.550457000732422
24 13.603514671325684 -21.46101188659668
25 13.770340919494629 -21.276506423950195
26 14.004148483276367 -20.978933334350586
27 14.155967712402344 -20.61260223388672
28 14.286067008972168 -20.42223358154297
29 14.319624900817871 -20.25074577331543
30 14.348846435546875 -20.080890655517578
31 14.307058334350586 -19.88897132873535
32 14.237624168395996 -19.75859832763672
33 14.257041931152344 -19.424833297729492
34 14.310931205749512 -19.07676887512207
35 14.291556358337402 -18.856332778930664
36 14.26915168762207 -18.563753128051758
37 14.243814468383789 -18.41031837463379
38 19.523387908935547 -10.698813438415527
39 19.631099700927734 -10.41247272491455
40 19.69999885559082 -10.090375900268555
41 19.625911712646484 -9.884712219238281
42 19.523860931396484 -9.759942054748535
43 19.391260147094727 -9.738662719726562
44 19.14923858642578 -9.971182823181152
45 18.694734573364258 -10.728476524353027
46 18.495838165283203 -10.982419967651367
47 18.427297592163086 -11.079376220703125
48 18.39437484741211 -11.162579536437988
49 12.97390079498291 -18.407018661499023
50 12.969121932983398 -18.639257431030273
51 12.9935302734375 -18.711240768432617
52 12.957210540771484 -18.899904251098633
53 13.469209671020508 -23.79597282409668
54 13.60094165802002 -23.931089401245117
55 14.037616729736328 -24.159870147705078
56 14.41710090637207 -24.257740020751953
57 14.41540241241455 -24.429302215576172
58 14.394842147827148 -24.80493927001953
59 14.380406379699707 -25.032886505126953
60 14.310768127441406 -25.280134201049805
61 14.171581268310547 -25.468597412109375
62 13.88607406616211 -25.76726722717285
63 13.772345542907715 -25.90683364868164
64 13.643136978149414 -26.048192977905273
65 13.585009574890137 -26.312419891357422
66 13.517362594604492 -26.563825607299805
67 13.487424850463867 -26.783632278442383
68 13.261075973510742 -27.094409942626953
69 12.918496131896973 -27.442962646484375
70 12.690625190734863 -27.62997817993164
71 12.488080978393555 -27.753997802734375
72 12.347960472106934 -27.759580612182617
73 12.084368705749512 -27.888607025146484
74 11.53951644897461 -28.163604736328125
75 11.386889457702637 -28.20758056640625
76 11.174589157104492 -28.067766189575195
77 10.95761775970459 -27.891414642333984
78 10.813669204711914 -27.62340545654297
79 10.705936431884766 -27.245407104492188
80 10.681509971618652 -27.107666015625
81 10.595219612121582 -26.56197738647461
82 10.521866798400879 -26.2582950592041
83 10.541284561157227 -26.218442916870117
84 10.639121055603027 -26.22495460510254
85 10.876338005065918 -26.213918685913086
86 19.229164123535156 -30.131837844848633
87 19.406707763671875 -30.2440185546875
88 19.554401397705078 -30.379150390625
89 19.839523315429688 -30.67491912841797
90 20.138174057006836 -31.017000198364258
91 20.339338302612305 -31.14023208618164
92 20.82691192626953 -31.343128204345703
93 21.012224197387695 -31.273054122924805
94 21.158527374267578 -31.12673568725586
95 21.39164161682129 -30.82518768310547
96 21.605497360229492 -30.597501754760742
97 21.77490234375 -30.45713233947754
98 21.910451889038086 -30.303815841674805
99 22.044666290283203 -30.108793258666992
100 26.913686752319336 -15.822504043579102
101 27.169824600219727 -15.739250183105469
102 27.218019485473633 -15.679469108581543
103 27.34709358215332 -15.6445894241333
104 27.650428771972656 -15.738512992858887
105 27.910795211791992 -15.924263000488281
106 28.036298751831055 -16.078632354736328
107 28.13715171813965 -16.284189224243164
108 28.17813491821289 -16.65448760986328
109 28.10517120361328 -16.919551849365234
110 5.9160943031311035 -12.111156463623047
111 5.8629279136657715 -12.158604621887207
112 5.780332565307617 -12.339068412780762
113 5.67501163482666 -12.683191299438477
114 5.657585144042969 -12.989852905273438
115 5.702041149139404 -13.258246421813965
116 5.7377095222473145 -13.482909202575684
117 5.730935573577881 -13.622367858886719
118 5.81328821182251 -13.77431869506836
119 5.76601505279541 -14.43950366973877
120 5.7073655128479 -14.657255172729492
121 2.441959857940674 -25.531679153442383
122 2.4081835746765137 -25.79360008239746
123 2.4799649715423584 -26.231365203857422
124 2.554995536804199 -26.32176971435547
125 2.765855073928833 -26.269153594970703
126 3.215022325515747 -26.070858001708984
127 3.839747667312622 -25.73619270324707
128 4.205137729644775 -25.50556755065918
129 6.738485813140869 -21.750123977661133
130 6.891284942626953 -21.626632690429688
131 7.071727752685547 -21.445228576660156
132 7.167120933532715 -21.30150604248047
133 7.329441547393799 -21.101831436157227
134 7.668360233306885 -20.784168243408203
135 7.791889190673828 -20.66434097290039
136 13.311969757080078 -15.081920623779297
137 13.439351081848145 -15.012392044067383
138 13.61491584777832 -15.053701400756836
139 14.042203903198242 -15.301794052124023
140 14.20581340789795 -15.62154483795166
141 14.17889404296875 -15.944377899169922
142 14.076440811157227 -16.100852966308594
143 13.981965065002441 -16.150495529174805
144 13.781171798706055 -16.295095443725586
145 13.639143943786621 -16.54146385192871
146 13.525310516357422 -16.8154239654541
147 13.445249557495117 -16.94430923461914
148 13.42871379852295 -17.074567794799805
149 13.538557052612305 -17.196542739868164
150 29.249486923217773 -21.511356353759766
151 29.190269470214844 -21.62104606628418
152 28.984216690063477 -21.872032165527344
153 28.877914428710938 -21.936843872070312
154 28.677343368530273 -21.982763290405273
155 28.44415855407715 -21.98008918762207
156 27.938526153564453 -21.852346420288086
157 27.26200294494629 -21.641368865966797
158 27.06233024597168 -21.58915138244629
159 26.92764663696289 -21.583641052246094
160 26.761810302734375 -21.59541893005371
161 26.599380493164062 -21.588422775268555
162 9.569913864135742 -25.49427032470703
163 9.35421085357666 -25.657325744628906
164 9.196378707885742 -25.81315803527832
165 9.093731880187988 -25.929054260253906
166 8.823182106018066 -26.227338790893555
167 8.715316772460938 -26.41582679748535
168 8.641027450561523 -26.5997257232666
169 8.567378997802734 -26.844709396362305
170 8.45043659210205 -27.179895401000977
171 8.308294296264648 -27.690052032470703
172 8.323654174804688 -27.893510818481445
173 8.492695808410645 -28.060138702392578
174 8.756857872009277 -28.1921443939209
175 8.94068431854248 -28.053651809692383
176 14.538679122924805 -27.830217361450195
177 14.66769790649414 -27.838804244995117
178 14.75777530670166 -27.775110244750977
179 14.872395515441895 -27.67941665649414
180 22.231090545654297 -27.60590362548828
181 22.54937171936035 -27.63285255432129
182 23.112796783447266 -27.750774383544922
183 23.564655303955078 -27.859928131103516
184 23.82490348815918 -27.997106552124023
185 24.091537475585938 -28.271034240722656
186 24.326801300048828 -28.636898040771484
187 24.52430534362793 -28.86441421508789
188 24.63013458251953 -29.035139083862305
189 24.734127044677734 -29.275238037109375
190 24.91486167907715 -29.539377212524414
191 25.08989143371582 -29.699344635009766
192 25.362577438354492 -29.920446395874023
193 25.651962280273438 -30.066213607788086
194 25.989503860473633 -30.155942916870117
195 26.37409019470215 -30.191999435424805
196 26.73545265197754 -30.1160945892334
197 27.493682861328125 -29.86138343811035
198 27.635705947875977 -29.832807540893555
199 27.790735244750977 -29.714693069458008
200 27.983549118041992 -29.467796325683594
201 28.293392181396484 -29.09746742248535
202 28.570781707763672 -28.739221572875977
203 28.655675888061523 -28.57758903503418
204 28.703022003173828 -28.37336540222168
205 28.76842498779297 -27.853620529174805
206 28.8194580078125 -27.410194396972656
207 28.816930770874023 -27.12080955505371
208 28.861412048339844 -26.943849563598633
209 28.874788284301758 -26.505813598632812
210 28.83146095275879 -26.062162399291992
211 28.823543548583984 -25.94275665283203
212 28.720022201538086 -25.84855842590332
213 28.33783531188965 -25.5899658203125
214 28.026765823364258 -25.43971061706543
215 27.474184036254883 -25.21695899963379
216 27.243438720703125 -25.068115234375
217 27.07219696044922 -24.837345123291016
218 26.967788696289062 -24.69235610961914
219 26.88105583190918 -24.49146270751953
220 26.715036392211914 -24.126380920410156
221 26.59657859802246 -23.975147247314453
222 26.394481658935547 -23.842660903930664
223 26.036348342895508 -23.641319274902344
224 25.54360580444336 -23.304563522338867
225 25.33827781677246 -23.238178253173828
226 25.10781478881836 -23.26651954650879
227 24.882471084594727 -23.366771697998047
228 24.699373245239258 -23.523815155029297
229 24.633831024169922 -23.686195373535156
230 24.48834800720215 -24.045141220092773
231 24.33844566345215 -24.53852081298828
232 24.111061096191406 -25.100793838500977
233 23.98480987548828 -25.347518920898438
234 23.853425979614258 -25.530364990234375
235 23.666563034057617 -25.652772903442383
236 23.21120834350586 -25.83202362060547
237 22.88841438293457 -25.926607131958008
238 22.6866512298584 -25.99880027770996
239 16.275310516357422 -26.519412994384766
240 16.073646545410156 -26.57378578186035
241 16.035465240478516 -26.496295928955078
242 15.943955421447754 -26.34671974182129
243 15.732599258422852 -26.08708953857422
244 15.559038162231445 -25.85441780090332
245 15.574244499206543 -25.68361473083496
246 15.831315040588379 -25.181312561035156
247 16.082439422607422 -25.08317756652832
248 16.507190704345703 -25.011938095092773
249 17.129850387573242 -25.070709228515625
250 17.249467849731445 -25.146535873413086
251 17.400222778320312 -25.181507110595703
252 17.741470336914062 -25.196964263916016
253 18.19944190979004 -25.197525024414062
254 18.46448516845703 -25.215831756591797
255 18.638479232788086 -25.357707977294922
256 18.65518569946289 -25.511337280273438
257 18.64048194885254 -25.486072540283203
258 19.003543853759766 -14.180030822753906
259 18.95808982849121 -14.028496742248535
260 18.877788543701172 -13.877013206481934
261 18.892396926879883 -13.784448623657227
262 18.860803604125977 -13.623405456542969
263 18.812191009521484 -13.423233032226562
264 18.85349464416504 -13.247001647949219
265 19.00335693359375 -13.124154090881348
266 19.07818031311035 -12.957332611083984
267 19.2668399810791 -12.624905586242676
268 19.40345573425293 -12.416851043701172
269 19.498077392578125 -12.284123420715332
270 19.49836540222168 -12.235576629638672
271 8.964424133300781 -16.320470809936523
272 8.73179817199707 -16.367578506469727
273 8.537220001220703 -16.380666732788086
274 8.455714225769043 -16.349565505981445
275 8.424223899841309 -16.262861251831055
276 12.906793594360352 -9.667142868041992
277 13.079756736755371 -9.549835205078125
278 13.383605003356934 -9.369363784790039
279 13.700044631958008 -9.169275283813477
280 13.951669692993164 -8.91676139831543
281 14.20341968536377 -8.50938892364502
282 14.336453437805176 -8.136259078979492
283 14.405657768249512 -7.93668794631958
284 14.503302574157715 -7.860467910766602
285 14.810535430908203 -7.699505805969238
286 15.011613845825195 -7.561609745025635
287 15.244738578796387 -7.58282995223999
288 15.506207466125488 -7.647571086883545
289 15.704087257385254 -7.634598255157471
290 15.90045166015625 -7.4890923500061035
291 16.018171310424805 -7.30291223526001
292 16.044727325439453 -7.202273845672607
293 3.4249823093414307 -20.582157135009766
294 3.3115646839141846 -20.758285522460938
295 3.0734598636627197 -21.00248146057129
296 2.6994287967681885 -21.279190063476562
297 2.4551806449890137 -21.501873016357422
298 2.256824254989624 -21.737802505493164
299 2.2376060485839844 -21.928525924682617
300 2.3449556827545166 -22.12665367126465
301 2.6127336025238037 -22.259048461914062
302 12.507545471191406 -8.151188850402832
303 12.532296180725098 -7.883982181549072
304 12.529960632324219 -7.421769142150879
305 12.439908027648926 -7.190228462219238
306 12.243368148803711 -6.933444499969482
307 12.02219009399414 -6.780888557434082
308 11.782113075256348 -6.694528579711914
309 11.533987045288086 -6.642235279083252
310 11.238553047180176 -6.713286399841309
311 11.103425979614258 -6.778517246246338
312 10.971000671386719 -7.045210838317871
313 10.74705696105957 -7.383312702178955
314 10.560823440551758 -7.615539073944092
315 10.380254745483398 -7.714426517486572
316 10.215068817138672 -7.97571325302124
317 10.057538032531738 -8.37149429321289
318 9.987557411193848 -8.614840507507324
319 10.032306671142578 -8.793439865112305
320 10.287923812866211 -9.029943466186523
321 10.552597999572754 -9.195602416992188
322 10.768285751342773 -9.380586624145508
323 10.921483993530273 -9.587244987487793
324 10.940921783447266 -9.894523620605469
325 10.92867374420166 -10.09437084197998
326 10.920609474182129 -10.215043067932129
327 6.850146770477295 -15.497160911560059
328 6.746142864227295 -15.647653579711914
329 6.514220714569092 -15.977192878723145
330 6.330064296722412 -16.181581497192383
331 6.171730041503906 -16.48051643371582
332 6.091909408569336 -16.75341796875
333 6.214666366577148 -16.9405460357666
334 6.452229976654053 -17.072616577148438
335 6.8643317222595215 -17.256052017211914
336 7.1861982345581055 -17.368715286254883
337 7.467996120452881 -17.61404037475586
338 7.599621772766113 -18.00238037109375
339 7.690745830535889 -18.266359329223633
340 7.821205139160156 -18.56304168701172
341 7.832368850708008 -18.647981643676758
342 7.741130828857422 -18.780410766601562
343 7.346353054046631 -18.935264587402344
344 7.062650680541992 -18.977994918823242
345 6.862020969390869 -18.95589828491211
346 6.500094413757324 -18.94850730895996
347 6.237757205963135 -19.070619583129883
348 5.931206703186035 -19.37787437438965
349 5.780728816986084 -19.56243324279785
350 5.581197261810303 -19.850433349609375
351 5.444714069366455 -20.201391220092773
352 5.28291654586792 -20.765439987182617
353 5.181679725646973 -21.101877212524414
354 5.0584917068481445 -21.401716232299805
355 4.955774307250977 -21.7607421875
356 4.696579456329346 -22.418563842773438
357 4.601385116577148 -22.62926483154297
358 4.462342262268066 -22.861854553222656
359 4.424887657165527 -23.20502471923828
360 4.528965473175049 -23.585269927978516
361 4.621410369873047 -23.75591468811035
362 4.743320941925049 -23.7869930267334
363 19.15778923034668 -26.651933670043945
364 19.374652862548828 -26.817577362060547
365 19.605396270751953 -27.083084106445312
366 19.694738388061523 -27.361160278320312
367 19.724702835083008 -27.602039337158203
368 19.594104766845703 -27.896631240844727
369 19.23000144958496 -28.126354217529297
370 18.96009635925293 -28.175146102905273
371 12.285585403442383 -24.618040084838867
372 12.105117797851562 -24.51860809326172
373 11.892735481262207 -24.341625213623047
374 11.600099563598633 -24.144968032836914
375 11.465825080871582 -24.184444427490234
376 11.321907997131348 -24.24673843383789
377 11.004152297973633 -24.288002014160156
378 10.770431518554688 -24.273887634277344
379 10.643434524536133 -24.105209350585938
380 15.90260124206543 -19.623992919921875
381 16.032957077026367 -19.69691276550293
382 16.141246795654297 -19.76285171508789
383 16.22796630859375 -20.053129196166992
384 16.247739791870117 -20.271276473999023
385 16.164220809936523 -20.467580795288086
386 15.92415714263916 -20.681076049804688
387 15.715794563293457 -20.812122344970703
388 8.417495727539062 -22.82630729675293
389 8.059537887573242 -22.907047271728516
390 7.909067153930664 -22.96527862548828
391 7.683089733123779 -23.074766159057617
392 7.384681701660156 -23.220829010009766
393 7.12988805770874 -23.352876663208008
394 6.933941841125488 -23.48116683959961
395 6.814532279968262 -23.494321823120117
396 6.829073429107666 -23.488367080688477
397 9.218317985534668 -23.192611694335938
398 9.418378829956055 -23.21152687072754
399 9.430131912231445 -23.384613037109375
400 9.458170890808105 -23.58282470703125
401 9.42287540435791 -23.78788185119629
402 9.240478515625 -24.1326904296875
403 9.093450546264648 -24.357234954833984
404 6.477721691131592 -27.014604568481445
405 6.257171630859375 -27.080020904541016
406 6.222569465637207 -26.961580276489258
407 6.224642276763916 -26.752832412719727
408 6.274530410766602 -26.447603225708008
409 6.265598297119141 -25.85078239440918
410 6.201668739318848 -25.71501350402832
411 6.344539642333984 -25.532503128051758
412 6.497807502746582 -25.364450454711914
413 6.768185615539551 -25.25848388671875
414 7.387729644775391 -25.189815521240234
415 7.597570896148682 -25.178466796875
416 7.648553848266602 -25.12576675415039
417 7.687603950500488 -25.059326171875
418 12.724119186401367 -13.867585182189941
419 12.805076599121094 -13.734919548034668
420 12.978934288024902 -13.532026290893555
421 13.145676612854004 -13.30104923248291
422 13.285360336303711 -13.16405963897705
423 13.442160606384277 -13.156856536865234
424 13.706896781921387 -13.206998825073242
425 13.93802547454834 -13.340145111083984
426 14.110661506652832 -13.405341148376465
427 14.33328914642334 -13.48757553100586
428 14.587224006652832 -13.55424690246582
429 14.938322067260742 -13.576763153076172
430 15.265572547912598 -13.592463493347168
431 15.518904685974121 -13.599907875061035
432 15.719923973083496 -13.553940773010254
433 15.896430969238281 -13.468320846557617
434 15.977090835571289 -13.50611400604248
435 17.442472457885742 -19.127399444580078
436 17.523103713989258 -19.33016586303711
437 17.621917724609375 -19.355022430419922
438 17.792009353637695 -19.2827091217041
439 18.039215087890625 -19.195585250854492
440 18.23651885986328 -19.300033569335938
441 18.411483764648438 -19.432456970214844
442 18.532865524291992 -19.540552139282227
443 18.628704071044922 -19.65668487548828
444 18.936016082763672 -19.817232131958008
445 19.224275588989258 -19.980688095092773
446 19.37717056274414 -20.066246032714844
447 19.696718215942383 -20.281679153442383
448 21.98318099975586 -22.155826568603516
449 22.172672271728516 -22.358993530273438
450 22.258167266845703 -22.401330947875977
451 22.570556640625 -22.440025329589844
452 22.779157638549805 -22.3880558013916
453 23.07882308959961 -22.175844192504883
454 23.26422119140625 -21.908275604248047
455 23.748449325561523 -19.094511032104492
456 23.669931411743164 -18.712879180908203
457 23.628652572631836 -18.47219467163086
458 23.630889892578125 -18.329120635986328
459 23.591625213623047 -18.273225784301758
460 28.430208206176758 -8.08877182006836
461 29.25872230529785 -7.178740978240967
462 29.32134246826172 -7.160155296325684
463 29.424915313720703 -7.22853422164917
464 29.51401138305664 -7.3121724128723145
465 29.606460571289062 -7.472678184509277
466 29.64902687072754 -7.6395368576049805
467 29.80999183654785 -7.895735263824463
468 29.802751541137695 -8.042729377746582
469 29.33492660522461 -8.944979667663574
470 29.13433074951172 -9.336441040039062
471 29.089269638061523 -9.47652530670166
472 29.060585021972656 -9.66120433807373
473 29.029403686523438 -9.804422378540039
474 29.012483596801758 -10.057361602783203
475 29.593578338623047 -18.806560516357422
476 29.602018356323242 -19.1640625
477 29.596702575683594 -19.321247100830078
478 29.583269119262695 -19.453079223632812
479 29.552526473999023 -19.554241180419922
480 17.773061752319336 -27.94350242614746
481 17.53480339050293 -28.011676788330078
482 17.3643856048584 -28.06559181213379
483 17.252965927124023 -28.078704833984375
484 17.209962844848633 -28.06529998779297
485 17.176971435546875 -27.97135353088379
486 18.93019676208496 -16.382740020751953
487 19.069435119628906 -16.326019287109375
488 19.22893714904785 -16.33404541015625
489 19.244216918945312 -16.38792610168457
490 19.37798309326172 -16.582529067993164
491 19.468097686767578 -16.998188018798828
492 19.354141235351562 -17.34197998046875
493 18.874637603759766 -21.10561180114746
494 18.902647018432617 -21.384885787963867
495 18.926326751708984 -21.7286434173584
496 18.970937728881836 -21.859840393066406
497 18.969995498657227 -21.894054412841797
498 18.91265869140625 -21.79252815246582
499 16.27629852294922 -15.204875946044922
500 15.961197853088379 -15.071008682250977
501 15.750186920166016 -14.980545997619629
502 15.62316608428955 -14.981670379638672
503 15.447234153747559 -15.027976036071777
504 15.330418586730957 -15.03482437133789
505 15.073197364807129 -15.04568862915039
506 2.9674458503723145 -15.119511604309082
507 2.8548672199249268 -14.982932090759277
508 2.760460376739502 -14.856539726257324
509 2.6405158042907715 -14.681723594665527
510 2.569774866104126 -14.468935012817383
511 2.532547950744629 -14.01819896697998
512 2.47021222114563 -13.60787582397461
513 2.442197322845459 -13.512743949890137
514 2.4441587924957275 -13.409180641174316
515 2.534738302230835 -13.02764892578125
516 2.774305820465088 -12.502572059631348
517 2.9285120964050293 -12.340448379516602
518 3.112957000732422 -12.226036071777344
519 3.334181785583496 -12.188200950622559
520 3.5690462589263916 -12.209066390991211
521 15.089332580566406 -9.596707344055176
522 15.209526062011719 -9.626751899719238
523 15.36417293548584 -9.6466703414917
524 15.64063549041748 -9.759432792663574
525 15.775827407836914 -9.886178016662598
526 15.887868881225586 -9.966835975646973
527 16.004772186279297 -10.104878425598145
528 16.105867385864258 -10.225605010986328
529 25.14312744140625 -19.553503036499023
530 25.250200271606445 -19.708332061767578
531 25.243745803833008 -19.869604110717773
532 25.154760360717773 -20.14483642578125
533 24.908464431762695 -20.488794326782227
534 24.7452392578125 -20.624685287475586
535 24.535350799560547 -20.764646530151367
536 24.354694366455078 -20.860172271728516
537 24.13432502746582 -20.81316566467285
538 23.555604934692383 -20.668224334716797
539 23.342912673950195 -20.602706909179688
540 23.067115783691406 -20.4111385345459
541 22.868459701538086 -20.321758270263672
542 22.598966598510742 -20.25119400024414
543 22.219310760498047 -20.116561889648438
544 20.079078674316406 -19.145910263061523
545 19.843873977661133 -18.96824836730957
546 19.739328384399414 -18.685367584228516
547 19.79789161682129 -18.406522750854492
548 20.026344299316406 -18.23537254333496
549 20.302526473999023 -18.114866256713867
550 20.427125930786133 -18.0350399017334
551 21.539396286010742 -9.632536888122559
552 21.54149055480957 -9.400320053100586
553 21.546733856201172 -9.243243217468262
554 21.52991485595703 -8.95804214477539
555 21.54574203491211 -8.727091789245605
556 21.7215518951416 -8.355185508728027
557 21.802886962890625 -8.209232330322266
558 21.9493465423584 -8.15280818939209
559 22.248016357421875 -7.8676252365112305
560 22.51681900024414 -7.61457633972168
561 22.834802627563477 -7.214771270751953
562 22.928390502929688 -7.023901462554932
563 22.8841609954834 -6.899636745452881
564 22.630796432495117 -6.77462911605835
565 22.41187858581543 -6.589404582977295
566 22.03942108154297 -5.9521379470825195
567 21.852128982543945 -5.970999717712402
568 21.33451271057129 -6.089182376861572
569 21.102237701416016 -6.186151027679443
570 20.99627685546875 -6.298939228057861
571 20.710412979125977 -6.4673638343811035
572 19.992494583129883 -6.890911102294922
573 19.79395866394043 -6.963662147521973
574 19.610431671142578 -7.057016849517822
575 19.364368438720703 -7.185983180999756
576 18.948232650756836 -7.364005088806152
577 18.717254638671875 -7.398011684417725
578 18.565784454345703 -7.411584377288818
579 18.324378967285156 -7.521568775177002
580 17.997587203979492 -7.9341325759887695
581 17.814348220825195 -8.178141593933105
582 17.81055450439453 -8.361396789550781
583 17.891355514526367 -8.634136199951172
584 17.931434631347656 -8.775338172912598
585 17.929697036743164 -9.050810813903809
586 17.934368133544922 -9.227246284484863
587 17.786649703979492 -9.422412872314453
588 17.547353744506836 -9.657190322875977
589 17.410884857177734 -9.800458908081055
590 17.37595558166504 -10.137720108032227
591 17.268404006958008 -10.62401008605957
592 17.203083038330078 -10.823683738708496
593 17.08084487915039 -11.325522422790527
594 17.05181312561035 -11.599395751953125
595 17.046979904174805 -12.06161117553711
596 17.118379592895508 -12.459012985229492
597 17.101844787597656 -12.762998580932617
598 17.08346176147461 -13.277947425842285
599 17.077430725097656 -13.391457557678223
600 17.041770935058594 -13.572868347167969
601 17.041786193847656 -13.948463439941406
602 17.113981246948242 -14.29586410522461
603 17.354373931884766 -14.606663703918457
604 17.537656784057617 -14.850693702697754
605 17.82760238647461 -15.110173225402832
606 18.114213943481445 -15.35157299041748
607 18.22793960571289 -15.405909538269043
608 18.35084342956543 -15.46216869354248
609 18.56561279296875 -15.472245216369629
610 25.64671516418457 -17.78611946105957
611 25.7419490814209 -17.693273544311523
612 25.87641716003418 -17.50562286376953
613 25.901994705200195 -17.35681915283203
614 25.665727615356445 -17.043851852416992
615 25.440698623657227 -16.770769119262695
616 25.120336532592773 -16.711349487304688
617 24.85225486755371 -16.754701614379883
618 24.532241821289062 -16.81209945678711
619 23.952613830566406 -16.869251251220703
620 23.564077377319336 -16.8710994720459
621 23.2943058013916 -16.71490478515625
622 22.82089614868164 -16.263927459716797
623 22.755207061767578 -15.950301170349121
624 22.82553482055664 -15.71052074432373
625 22.953636169433594 -15.389029502868652
626 23.15276527404785 -15.051308631896973
627 23.232730865478516 -14.890852928161621
628 23.318424224853516 -14.677497863769531
629 23.38348960876465 -14.526366233825684
630 23.53821563720703 -14.307575225830078
631 23.808008193969727 -14.131991386413574
632 24.22964859008789 -14.026117324829102
633 24.5720272064209 -14.101943969726562
634 25.09269905090332 -14.328084945678711
635 25.271705627441406 -14.473126411437988
636 25.38365364074707 -14.632209777832031
637 25.348751068115234 -14.770333290100098
638 25.129169464111328 -15.008822441101074
639 25.03313636779785 -15.070719718933105
640 20.742347717285156 -15.531877517700195
641 20.381637573242188 -15.436619758605957
642 20.281492233276367 -15.328535079956055
643 20.26122283935547 -15.096128463745117
644 20.332557678222656 -14.8290376663208
645 20.53317642211914 -14.681129455566406
646 20.801990509033203 -14.58848762512207
647 21.140674591064453 -14.634577751159668
648 21.402585983276367 -14.852052688598633
649 21.549701690673828 -15.007805824279785
650 30.870515823364258 -16.959585189819336
651 30.86162567138672 -16.888967514038086
652 30.851102828979492 -16.8073673248291
653 30.713390350341797 -16.51279640197754
654 30.439477920532227 -16.01380729675293
655 30.29857063293457 -15.751161575317383
656 30.206743240356445 -15.507499694824219
657 30.10110092163086 -15.234931945800781
658 26.29045295715332 -5.946815013885498
659 26.168394088745117 -5.843272686004639
660 26.021039962768555 -5.781401634216309
661 25.7844295501709 -5.758009433746338
662 25.15833854675293 -5.681487560272217
663 24.950634002685547 -5.612710952758789
664 24.74159812927246 -5.459140300750732
665 24.33689308166504 -5.232096195220947
666 24.078399658203125 -5.086116790771484
667 23.87466049194336 -5.062342166900635
668 15.667872428894043 -11.692315101623535
669 15.54148006439209 -11.792587280273438
670 15.372397422790527 -11.918081283569336
671 15.230453491210938 -12.096742630004883
672 15.115049362182617 -12.181476593017578
673 0.21844260394573212 -17.70830726623535
674 0.12811189889907837 -17.854223251342773
675 0.13839153945446014 -17.9968318939209
676 0.3456476628780365 -18.244022369384766
677 0.6277984976768494 -18.589580535888672
678 0.8107346296310425 -18.784255981445312
679 1.0317212343215942 -18.844886779785156
680 1.2251813411712646 -18.814104080200195
681 1.4756500720977783 -18.624746322631836
682 1.8523309230804443 -18.42568016052246
683 2.154860019683838 -18.319564819335938
684 2.3630552291870117 -18.25933837890625
685 2.8815619945526123 -18.094921112060547
686 3.170408248901367 -17.99985122680664
687 3.7246253490448 -17.86752700805664
688 4.0921807289123535 -17.762025833129883
689 4.308069705963135 -17.737279891967773
690 12.246020317077637 -25.80803680419922
691 12.252799987792969 -25.88201332092285
692 12.198870658874512 -29.271438598632812
693 12.207921028137207 -29.604936599731445
694 12.285612106323242 -29.74810028076172
695 12.494608879089355 -29.823801040649414
696 13.017837524414062 -29.961414337158203
697 13.337471008300781 -30.094144821166992
698 13.730768203735352 -30.169376373291016
699 13.992352485656738 -30.248371124267578
700 14.414067268371582 -30.303077697753906
701 14.571823120117188 -30.200448989868164
702 14.925786972045898 -29.981586456298828
703 15.15786075592041 -29.71491813659668
704 15.473088264465332 -29.3385009765625
705 15.667080879211426 -29.125776290893555
706 15.839216232299805 -29.033859252929688
707 20.9876651763916 -26.606754302978516
708 21.1809024810791 -26.379064559936523
709 21.206056594848633 -26.236539840698242
710 21.08197021484375 -25.944904327392578
711 21.02105140686035 -25.64662742614746
712 20.99632453918457 -25.38170623779297
713 21.030221939086914 -25.22781753540039
714 21.26344871520996 -24.88507080078125
715 21.453214645385742 -24.538034439086914
716 21.556047439575195 -24.338457107543945
717 21.571056365966797 -24.211380004882812
718 21.531970977783203 -24.130834579467773
719 21.432178497314453 -24.075035095214844
720 20.791894912719727 -24.304868698120117
721 20.590190887451172 -24.411026000976562
722 16.641878128051758 -29.917814254760742
723 16.777278900146484 -30.20173454284668
724 16.88604164123535 -30.414447784423828
725 17.00438690185547 -30.6492919921875
726 17.084272384643555 -30.75400733947754
727 20.81615447998047 -13.469321250915527
728 20.79741668701172 -13.323369979858398
729 20.775375366210938 -13.051759719848633
730 20.835655212402344 -12.671571731567383
731 20.995607376098633 -12.339874267578125
732 21.243040084838867 -11.961577415466309
733 21.319917678833008 -11.81943130493164
734 21.269636154174805 -11.709166526794434
735 21.288684844970703 -11.303235054016113
736 21.313949584960938 -10.912881851196289
737 21.260107040405273 -10.842039108276367
738 21.148216247558594 -10.712238311767578
739 14.810851097106934 -5.384983062744141
740 14.629780769348145 -5.237565517425537
741 14.45859432220459 -5.132723808288574
742 14.19512939453125 -5.000490188598633
743 13.945318222045898 -4.903861045837402
744 13.695769309997559 -4.842038631439209
745 13.52895736694336 -4.925340175628662
746 13.438193321228027 -5.061618328094482
747 13.217041015625 -5.402145862579346
748 8.307504653930664 -9.136261940002441
749 8.07713794708252 -9.354853630065918
750 7.528400421142578 -9.516867637634277
751 7.244383335113525 -9.410563468933105
752 6.83648157119751 -9.214964866638184
753 6.654383659362793 -9.142600059509277
754 6.532237529754639 -9.160909652709961
755 6.303428649902344 -9.213210105895996
756 6.0389604568481445 -9.365188598632812
757 5.4382147789001465 -9.720837593078613
758 5.375522613525391 -9.904733657836914
759 5.459130764007568 -10.085151672363281
760 5.742166519165039 -10.386033058166504
761 6.015409469604492 -10.670621871948242
762 6.1862053871154785 -10.854558944702148
763 27.542476654052734 -18.433658599853516
764 27.42068862915039 -18.514759063720703
765 27.241069793701172 -18.695680618286133
766 27.097501754760742 -18.935869216918945
767 26.9709415435791 -19.121383666992188
768 26.843416213989258 -19.30373764038086
769 19.626976013183594 -23.821481704711914
770 19.513479232788086 -23.83409309387207
771 19.277099609375 -23.84663200378418
772 18.986106872558594 -23.82651710510254
773 18.77541732788086 -23.770017623901367
774 18.515954971313477 -23.647113800048828
775 18.25277328491211 -23.511049270629883
776 18.04340934753418 -23.36343765258789
777 17.79747772216797 -23.246065139770508
778 17.50860595703125 -23.100337982177734
779 17.31371307373047 -22.907039642333984
780 17.10150909423828 -22.476003646850586
781 17.153072357177734 -22.139623641967773
782 17.278213500976562 -21.806604385375977
783 17.376789093017578 -21.596330642700195
784 17.39955711364746 -21.373247146606445
785 17.29050064086914 -21.29317283630371
786 17.06747817993164 -21.47988510131836
787 16.426362991333008 -22.032825469970703
788 16.243995666503906 -22.19269561767578
789 15.799686431884766 -22.46302032470703
790 15.499017715454102 -22.522947311401367
791 15.259188652038574 -22.69590950012207
792 15.107992172241211 -22.83049201965332
793 14.837461471557617 -22.922616958618164
794 14.30453109741211 -22.921424865722656
795 14.134796142578125 -22.84658432006836
796 14.08733081817627 -22.738025665283203
797 14.269613265991211 -22.43821907043457
798 14.538164138793945 -22.002330780029297
799 14.691551208496094 -21.723901748657227
800 22.0633487701416 -13.37452507019043
801 22.2685604095459 -13.19062328338623
802 22.416412353515625 -12.968133926391602
803 22.57948112487793 -12.696167945861816
804 22.675994873046875 -12.447583198547363
805 22.771005630493164 -12.344308853149414
806 22.970735549926758 -12.279809951782227
807 23.252843856811523 -12.16894245147705
808 23.73236846923828 -12.023072242736816
809 24.12259292602539 -11.90178394317627
810 24.634464263916016 -11.783721923828125
811 24.90703582763672 -11.759689331054688
812 25.06748390197754 -11.674295425415039
813 25.248859405517578 -11.580859184265137
814 25.464942932128906 -11.509464263916016
815 25.65496063232422 -11.298701286315918
816 25.79856300354004 -11.151055335998535
817 25.97209930419922 -10.938420295715332
818 26.078996658325195 -10.744120597839355
819 26.19845962524414 -10.534233093261719
820 26.237058639526367 -10.37276840209961
821 26.131319046020508 -9.469555854797363
822 26.09879493713379 -9.173768043518066
823 25.96282386779785 -8.952712059020996
824 25.83344078063965 -8.8392333984375
825 25.55327796936035 -8.66440486907959
826 25.284645080566406 -8.512763023376465
827 24.978670120239258 -8.4316987991333
828 24.78753662109375 -8.559805870056152
829 24.29474639892578 -9.155335426330566
830 24.143169403076172 -9.381680488586426
831 24.0759220123291 -9.534934043884277
832 23.942914962768555 -9.682971954345703
833 23.804115295410156 -9.79546070098877
834 23.564237594604492 -9.939023971557617
835 23.283140182495117 -10.099360466003418
836 23.1107177734375 -10.200368881225586
837 22.970630645751953 -10.271166801452637
838 14.14974308013916 -11.12761116027832
839 14.063328742980957 -11.085857391357422
840 13.97343635559082 -11.073695182800293
841 13.783294677734375 -11.12640380859375
842 13.073042869567871 -11.24720573425293
843 12.779656410217285 -11.301946640014648
844 12.595454216003418 -11.385893821716309
845 12.489892959594727 -11.46926498413086
846 12.297697067260742 -11.633981704711914
847 12.130265235900879 -11.873100280761719
848 12.023448944091797 -12.13851261138916
849 11.953723907470703 -12.277787208557129
850 11.89484691619873 -12.420516967773438
851 11.888115882873535 -12.529741287231445
852 11.920825004577637 -12.61784553527832
853 20.825496673583984 -16.72396469116211
854 21.001054763793945 -16.74121856689453
855 21.325536727905273 -16.77987289428711
856 21.61964225769043 -16.913972854614258
857 21.88573455810547 -17.09822654724121
858 22.005699157714844 -17.27456283569336
859 22.04100227355957 -17.43587303161621
860 22.06954574584961 -17.701248168945312
861 21.995662689208984 -18.237102508544922
862 21.871196746826172 -18.719423294067383
863 21.745014190673828 -18.995357513427734
864 21.60692596435547 -19.148117065429688
865 21.353090286254883 -19.391252517700195
866 20.922298431396484 -19.721660614013672
867 20.802480697631836 -19.905590057373047
868 20.838768005371094 -20.197498321533203
869 21.013097763061523 -20.589021682739258
870 20.956430435180664 -20.799272537231445
871 20.88126564025879 -20.91350555419922
872 20.88052749633789 -21.1934814453125
873 20.86019515991211 -21.783157348632812
874 20.762479782104492 -22.179615020751953
875 20.66254234313965 -22.334022521972656
876 20.5462703704834 -22.418315887451172
877 20.344900131225586 -22.495437622070312
878 19.99515151977539 -22.573089599609375
879 16.189617156982422 -23.756717681884766
880 16.115604400634766 -23.7668399810791
881 15.806621551513672 -23.776546478271484
882 12.666876792907715 -23.096899032592773
883 12.315876960754395 -22.88452911376953
884 12.052626609802246 -22.71576499938965
885 11.67384147644043 -22.45539093017578
886 11.519986152648926 -22.297101974487305
887 10.989324569702148 -21.95879364013672
888 10.645219802856445 -21.798921585083008
889 10.414824485778809 -21.79631996154785
890 10.307060241699219 -21.837390899658203
891 10.118682861328125 -21.803621292114258
892 9.661784172058105 -21.679597854614258
893 9.478092193603516 -21.55013656616211
894 9.448497772216797 -21.319387435913086
895 9.40082836151123 -21.155378341674805
896 9.29793930053711 -20.77042579650879
897 9.190730094909668 -20.272842407226562
898 9.108890533447266 -19.95684242248535
899 9.132913589477539 -19.74583625793457
900 9.164355278015137 -19.65458106994629
901 9.315069198608398 -19.377166748046875
902 9.473381042480469 -18.923002243041992
903 9.546823501586914 -18.756343841552734
904 9.525986671447754 -18.197534561157227
905 9.500454902648926 -17.913387298583984
906 9.505523681640625 -17.71772003173828
907 9.54514217376709 -17.64744758605957
908 9.639676094055176 -17.457218170166016
909 9.84154987335205 -17.142719268798828
910 10.207854270935059 -16.678707122802734
911 10.529694557189941 -16.55400848388672
912 10.678864479064941 -16.57958984375
913 10.776568412780762 -16.664905548095703
914 11.138978004455566 -16.892513275146484
915 11.339531898498535 -17.045948028564453
916 11.624191284179688 -17.057825088500977
917 11.856182098388672 -16.908910751342773
918 11.939289093017578 -16.725908279418945
919 12.02793025970459 -16.56035614013672
920 11.994709968566895 -16.402719497680664
921 11.767620086669922 -15.912875175476074
922 11.587162017822266 -15.47704792022705
923 11.555665969848633 -15.220918655395508
924 11.622308731079102 -14.936652183532715
925 11.800461769104004 -14.630622863769531
926 11.902671813964844 -14.642452239990234
927 12.198534965515137 -14.976245880126953
928 15.909391403198242 -18.33845329284668
929 16.19129180908203 -18.41029167175293
930 16.419788360595703 -18.391677856445312
931 16.79120635986328 -18.235254287719727
932 17.31298828125 -18.01211166381836
933 17.820669174194336 -17.854049682617188
934 17.921159744262695 -17.772628784179688
935 18.01955795288086 -17.582813262939453
936 17.97987937927246 -17.394426345825195
937 17.729305267333984 -16.975744247436523
938 17.49734878540039 -16.7563419342041
939 17.20647430419922 -16.605815887451172
940 16.942296981811523 -16.595985412597656
941 16.7729549407959 -16.530969619750977
942 16.692852020263672 -16.433631896972656
943 16.473485946655273 -16.406484603881836
944 16.048608779907227 -16.467981338500977
945 15.782336235046387 -16.55820655822754
946 15.613290786743164 -16.714052200317383
947 15.41683578491211 -16.936655044555664
948 15.238017082214355 -17.256885528564453
949 15.232189178466797 -17.479066848754883
950 15.258748054504395 -17.602863311767578
951 15.483478546142578 -17.576030731201172
952 26.957401275634766 -13.261528015136719
953 27.140117645263672 -13.218709945678711
954 27.42479705810547 -13.162598609924316
955 27.674697875976562 -13.113651275634766
956 27.847881317138672 -13.102700233459473
957 28.093364715576172 -13.082601547241211
958 28.4044246673584 -13.113909721374512
959 28.78575325012207 -13.209567070007324
960 29.21261978149414 -13.22285270690918
961 29.650604248046875 -13.1166353225708
962 29.948354721069336 -13.017775535583496
963 30.20675277709961 -12.826957702636719
964 30.47141456604004 -12.611685752868652
965 30.618602752685547 -12.431366920471191
966 30.786020278930664 -12.084415435791016
967 30.883176803588867 -11.86983585357666
968 10.25880241394043 -11.543815612792969
969 10.189075469970703 -11.527124404907227
970 10.001803398132324 -11.383284568786621
971 9.729100227355957 -11.206811904907227
972 9.381378173828125 -11.033058166503906
973 9.09386920928955 -11.071762084960938
974 8.692709922790527 -11.434232711791992
975 8.568678855895996 -11.643452644348145
976 8.44267463684082 -11.888299942016602
977 8.210431098937988 -12.177882194519043
978 8.038022994995117 -12.396556854248047
979 7.920999050140381 -12.562929153442383
980 7.86789083480835 -12.811936378479004
981 7.8839874267578125 -12.974692344665527
982 7.892575263977051 -13.181524276733398
983 8.048624992370605 -13.560139656066895
984 8.228302001953125 -13.94153881072998
985 8.383984565734863 -14.218719482421875
986 8.547611236572266 -14.494341850280762
987 8.81578254699707 -14.740568161010742
988 9.13422679901123 -14.850407600402832
989 9.368179321289062 -14.876077651977539
990 9.592001914978027 -14.822098731994629
991 9.710655212402344 -14.773881912231445
992 9.884994506835938 -14.563990592956543
993 10.521830558776855 -14.065095901489258
994 10.689135551452637 -13.880157470703125
995 10.722247123718262 -13.768510818481445
996 10.66301441192627 -13.630999565124512
997 10.441271781921387 -13.370006561279297
998 10.24875259399414 -13.211586952209473
999 10.185464859008789 -13.145051002502441
