0 -21.771631240844727 -25.561267852783203
1 -21.96742820739746 -25.62675666809082
2 -22.373655319213867 -25.88633918762207
3 -22.58394432067871 -25.965654373168945
4 -23.12169647216797 -26.068185806274414
5 -23.785127639770508 -26.202043533325195
6 -24.167022705078125 -26.290739059448242
7 -24.38933563232422 -26.224533081054688
8 -24.598779678344727 -26.146774291992188
9 -24.797483444213867 -25.96404457092285
10 -24.75154685974121 -25.61919403076172
11 -24.693439483642578 -25.142044067382812
12 -24.652143478393555 -24.865968704223633
13 -24.795042037963867 -24.67766761779785
14 -24.907318115234375 -24.43634605407715
15 -24.888397216796875 -24.239299774169922
16 -24.617326736450195 -24.087474822998047
17 -23.889114379882812 -23.790878295898438
18 -23.78921127319336 -23.770286560058594
19 -23.47344398498535 -23.530498504638672
20 -23.164215087890625 -23.30745506286621
21 -22.91397476196289 -23.18191909790039
22 -22.684053421020508 -23.08631706237793
23 -22.410139083862305 -23.063583374023438
24 -21.928504943847656 -23.062379837036133
25 -21.683609008789062 -23.06035614013672
26 -20.847135543823242 -23.29570960998535
27 -20.452199935913086 -23.390609741210938
28 -19.929271697998047 -23.48261070251465
29 -19.18454933166504 -23.61192512512207
30 -18.82578468322754 -23.58928871154785
31 -18.433670043945312 -23.52982521057129
32 -17.79265022277832 -23.430919647216797
33 -17.56974220275879 -23.408220291137695
34 -17.25603485107422 -23.32173728942871
35 -16.670061111450195 -23.313060760498047
36 -16.370264053344727 -23.30828094482422
37 -16.082515716552734 -23.250581741333008
38 -15.656095504760742 -23.184532165527344
39 -15.152142524719238 -23.053796768188477
40 -14.868678092956543 -23.02472686767578
41 -14.592781066894531 -23.096080780029297
42 -14.183135032653809 -23.22711944580078
43 -13.609001159667969 -23.332277297973633
44 -13.363741874694824 -23.387636184692383
45 -13.080157279968262 -23.525882720947266
46 -12.791742324829102 -23.649948120117188
47 -12.380694389343262 -23.77869415283203
48 -12.109735488891602 -23.72156524658203
49 -11.814714431762695 -23.636262893676758
50 -5.865043640136719 -15.422011375427246
51 -5.820106029510498 -15.144341468811035
52 -5.8759026527404785 -14.900956153869629
53 -5.992061138153076 -14.555426597595215
54 -6.147611618041992 -14.287120819091797
55 -6.448112487792969 -13.914267539978027
56 -6.767232418060303 -13.6774263381958
57 -7.000808238983154 -13.415005683898926
58 -6.9257354736328125 -13.203969955444336
59 -6.745387554168701 -12.901409149169922
60 -6.503855228424072 -12.46827507019043
61 -6.252575397491455 -12.309776306152344
62 -5.857762813568115 -12.087474822998047
63 -5.6368818283081055 -11.912422180175781
64 -5.534667491912842 -11.626855850219727
65 -5.456587314605713 -11.350152015686035
66 -5.335772514343262 -10.963906288146973
67 -5.274385929107666 -10.65242862701416
68 -5.007784843444824 -9.86471939086914
69 -4.9950032234191895 -9.549495697021484
70 -5.1041646003723145 -8.926025390625
71 -5.280843734741211 -8.88448429107666
72 -5.460830211639404 -8.928788185119629
73 -6.571345329284668 -9.3482666015625
74 -6.841470241546631 -9.547674179077148
75 -7.214101314544678 -10.158387184143066
76 -7.237897872924805 -10.32870864868164
77 -7.086575031280518 -10.444930076599121
78 -3.9012622833251953 -10.74380111694336
79 -3.4917232990264893 -10.749942779541016
80 -3.235391616821289 -10.700132369995117
81 -2.5064501762390137 -10.651244163513184
82 -2.362452507019043 -10.637897491455078
83 -2.179184675216675 -10.686844825744629
84 -1.8427070379257202 -10.855613708496094
85 -1.6982293128967285 -11.119515419006348
86 -1.6701703071594238 -11.558188438415527
87 -1.6582832336425781 -11.978435516357422
88 -1.7829899787902832 -12.423914909362793
89 -1.8902307748794556 -12.806395530700684
90 -1.965348720550537 -13.081721305847168
91 -1.957643985748291 -13.22039794921875
92 -1.994754433631897 -13.443010330200195
93 -2.1459059715270996 -13.757851600646973
94 -2.313072681427002 -13.999719619750977
95 -2.4232521057128906 -14.252969741821289
96 -2.6132590770721436 -14.75455379486084
97 -2.6577489376068115 -14.887497901916504
98 -2.738790273666382 -15.172791481018066
99 -2.8752527236938477 -15.601680755615234
100 -3.0351622104644775 -16.015907287597656
101 -3.2350945472717285 -16.32419204711914
102 -3.7879526615142822 -16.822254180908203
103 -4.00696325302124 -17.05722427368164
104 -4.055078029632568 -17.13404655456543
105 -3.6651675701141357 -17.34160804748535
106 -3.3555381298065186 -17.596969604492188
107 -2.889357805252075 -17.914182662963867
108 -2.6525509357452393 -17.99799919128418
109 -2.4431893825531006 -17.888078689575195
110 -2.2252862453460693 -17.804344177246094
111 -2.109644651412964 -17.627769470214844
112 -1.6998398303985596 -17.30421257019043
113 -1.3379796743392944 -17.05919647216797
114 -0.8779700398445129 -16.529739379882812
115 -0.2860611081123352 -15.844097137451172
116 -0.01344105415046215 -15.452213287353516
117 0.22446289658546448 -15.210576057434082
118 0.5504387021064758 -14.874022483825684
119 0.7912757396697998 -14.828747749328613
120 1.2771953344345093 -14.942389488220215
121 1.403560996055603 -15.08779525756836
122 1.42939293384552 -15.834425926208496
123 1.484185814857483 -16.51930809020996
124 1.6263647079467773 -16.928409576416016
125 1.625832200050354 -17.105409622192383
126 1.7521083354949951 -17.602060317993164
127 1.912986397743225 -17.924686431884766
128 2.184239149093628 -18.27373504638672
129 2.3497161865234375 -18.591632843017578
130 2.4114911556243896 -18.850435256958008
131 2.2478175163269043 -19.051631927490234
132 1.58162522315979 -19.205007553100586
133 1.242606282234192 -19.233428955078125
134 0.9732064008712769 -19.17069435119629
135 0.4712783992290497 -19.030698776245117
136 -0.06653156876564026 -19.046239852905273
137 -0.23298975825309753 -19.057361602783203
138 -0.6725946664810181 -19.36760711669922
139 -1.1429269313812256 -19.685314178466797
140 -1.3432239294052124 -19.879825592041016
141 -1.486357569694519 -20.046977996826172
142 -1.6444470882415771 -20.131275177001953
143 -1.7954964637756348 -20.28108024597168
144 -1.9518154859542847 -20.563982009887695
145 -1.9908581972122192 -20.912914276123047
146 -1.8810887336730957 -24.450258255004883
147 -1.8407280445098877 -24.864078521728516
148 -1.6413240432739258 -25.154022216796875
149 -1.3854649066925049 -25.35538673400879
150 -1.2373709678649902 -25.335493087768555
151 -0.885810375213623 -25.090984344482422
152 -0.6032643914222717 -24.849550247192383
153 -0.1728239208459854 -24.662851333618164
154 0.1449715495109558 -24.47855567932129
155 0.45412686467170715 -24.18407440185547
156 0.7402026057243347 -23.849573135375977
157 1.012452244758606 -23.4859676361084
158 1.2331658601760864 -23.16481590270996
159 1.3709474802017212 -22.85330581665039
160 1.4742227792739868 -21.889081954956055
161 1.4889370203018188 -21.49179458618164
162 1.3474419116973877 -21.336830139160156
163 0.9472058415412903 -21.364612579345703
164 0.5992650389671326 -21.466094970703125
165 0.32164934277534485 -21.615530014038086
166 0.11766228079795837 -21.741069793701172
167 -0.11740420013666153 -21.837446212768555
168 -0.6625307202339172 -22.097875595092773
169 -0.9498259425163269 -22.176393508911133
170 -1.2467774152755737 -22.30410385131836
171 -1.7646247148513794 -22.785947799682617
172 -1.9695931673049927 -22.91515350341797
173 -2.2237823009490967 -22.94207000732422
174 -2.5349581241607666 -22.975833892822266
175 -2.9522781372070312 -22.982397079467773
176 -3.0668442249298096 -23.03164291381836
177 -3.112710475921631 -22.93486976623535
178 -3.1565756797790527 -22.547977447509766
179 -3.1608452796936035 -22.192380905151367
180 -3.4717416763305664 -21.141151428222656
181 -3.631737470626831 -21.009052276611328
182 -3.8761680126190186 -20.82709503173828
183 -4.208370208740234 -20.76189422607422
184 -4.551650047302246 -20.663713455200195
185 -4.676327705383301 -20.745635986328125
186 -4.756569862365723 -20.99184799194336
187 -4.872358322143555 -21.398603439331055
188 -5.0268874168396 -21.731712341308594
189 -5.127510070800781 -22.19213104248047
190 -5.1751322746276855 -22.6129093170166
191 -5.170486927032471 -23.345243453979492
192 -5.070958137512207 -24.663028717041016
193 -5.0423712730407715 -25.117887496948242
194 -5.042924880981445 -25.62908935546875
195 -5.1493096351623535 -26.364599227905273
196 -5.274113178253174 -26.633882522583008
197 -5.491837024688721 -26.81877899169922
198 -5.734035015106201 -26.807373046875
199 -6.128646373748779 -26.701749801635742
200 -6.693866729736328 -26.509042739868164
201 -6.915059566497803 -26.357091903686523
202 -7.072293758392334 -26.26249885559082
203 -7.3855204582214355 -25.913196563720703
204 -7.533507347106934 -25.658100128173828
205 -6.9202094078063965 -20.0513973236084
206 -6.856665134429932 -19.822093963623047
207 -6.768433570861816 -19.335481643676758
208 -6.776557922363281 -19.12805938720703
209 -7.002440929412842 -18.8176212310791
210 -7.252475261688232 -18.512672424316406
211 -7.385768890380859 -18.268131256103516
212 -7.620485782623291 -17.6886043548584
213 -7.827741622924805 -17.335649490356445
214 -7.960858345031738 -17.129562377929688
215 -8.236993789672852 -16.97587013244629
216 -8.514934539794922 -16.760398864746094
217 -8.804943084716797 -16.425979614257812
218 -8.903090476989746 -16.194719314575195
219 -9.195205688476562 -16.120195388793945
220 -9.555505752563477 -16.15751838684082
221 -9.732851028442383 -16.303173065185547
222 -9.98779296875 -16.477676391601562
223 -10.345357894897461 -16.612131118774414
224 -10.922513008117676 -16.90509796142578
225 -11.275045394897461 -17.024311065673828
226 -12.025284767150879 -17.22626495361328
227 -12.186945915222168 -17.28837776184082
228 -12.421965599060059 -17.471208572387695
229 -12.770173072814941 -17.739160537719727
230 -12.962406158447266 -17.920385360717773
231 -13.132861137390137 -18.108051300048828
232 -13.26964282989502 -18.293190002441406
233 -13.34811782836914 -18.478256225585938
234 -13.61232852935791 -18.922245025634766
235 -13.90144157409668 -19.490814208984375
236 -13.89875316619873 -19.684175491333008
237 -13.577394485473633 -19.902788162231445
238 -12.819657325744629 -20.10706901550293
239 -11.999317169189453 -20.31515121459961
240 -11.55564022064209 -20.461881637573242
241 -11.233312606811523 -20.535511016845703
242 -10.577709197998047 -20.63035011291504
243 -10.371245384216309 -20.58303451538086
244 -10.242265701293945 -20.164676666259766
245 -10.196733474731445 -19.47673225402832
246 -10.139786720275879 -19.050857543945312
247 -10.086310386657715 -18.829456329345703
248 -10.375348091125488 -14.321228981018066
249 -10.490824699401855 -14.0696439743042
250 -10.687799453735352 -14.02000904083252
251 -11.605273246765137 -14.199995994567871
252 -11.884676933288574 -14.349235534667969
253 -16.22108268737793 -19.291175842285156
254 -16.414731979370117 -19.373682022094727
255 -16.629150390625 -19.21419334411621
256 -16.869903564453125 -19.00325584411621
257 -16.952659606933594 -18.69476318359375
258 -17.092487335205078 -18.289518356323242
259 -17.60057830810547 -17.914291381835938
260 -17.912425994873047 -17.89513397216797
261 -18.245872497558594 -17.91832160949707
262 -19.188297271728516 -18.082910537719727
263 -19.487245559692383 -18.243228912353516
264 -19.691265106201172 -18.59628677368164
265 -19.563459396362305 -19.05631446838379
266 -19.398576736450195 -19.28388214111328
267 -19.21270179748535 -19.559349060058594
268 -19.1219425201416 -19.693302154541016
269 -18.810321807861328 -20.37065315246582
270 -18.669124603271484 -20.630603790283203
271 -14.350499153137207 -26.85456085205078
272 -14.361543655395508 -26.990825653076172
273 -14.620871543884277 -27.296899795532227
274 -14.944069862365723 -27.374814987182617
275 -15.547239303588867 -27.11666488647461
276 -15.804033279418945 -26.9431095123291
277 -16.01056480407715 -26.7476749420166
278 -21.15437889099121 -20.8474063873291
279 -21.349273681640625 -20.775001525878906
280 -21.625850677490234 -20.711706161499023
281 -21.972644805908203 -20.60515594482422
282 -22.50864028930664 -20.460098266601562
283 -23.061491012573242 -20.37730598449707
284 -23.577131271362305 -20.247499465942383
285 -24.09574317932129 -20.158411026000977
286 -24.453575134277344 -20.139726638793945
287 -24.923187255859375 -20.19042205810547
288 -25.808774948120117 -19.938167572021484
289 -26.04324722290039 -19.69895362854004
290 -26.023597717285156 -19.40816879272461
291 -25.741024017333984 -18.52532196044922
292 -25.63728141784668 -18.168676376342773
293 -25.554506301879883 -17.769386291503906
294 -25.485593795776367 -17.352012634277344
295 -25.494178771972656 -16.967910766601562
296 -25.543901443481445 -16.74281883239746
297 -25.663867950439453 -16.60297393798828
298 -26.352874755859375 -16.413728713989258
299 -26.790260314941406 -16.37300682067871
300 -27.091468811035156 -16.371774673461914
301 -27.47535514831543 -16.367321014404297
302 -27.966394424438477 -16.18284797668457
303 -28.119813919067383 -15.953855514526367
304 -28.086963653564453 -15.612295150756836
305 -28.040117263793945 -15.294061660766602
306 -28.022953033447266 -15.120786666870117
307 -27.835477828979492 -14.874968528747559
308 -27.426204681396484 -14.606498718261719
309 -27.17464828491211 -14.437214851379395
310 -27.00261688232422 -14.268441200256348
311 -26.813953399658203 -13.832839012145996
312 -26.70517349243164 -13.490421295166016
313 -26.50887107849121 -13.125092506408691
314 -26.262996673583984 -12.972940444946289
315 -26.016799926757812 -12.935758590698242
316 -25.824533462524414 -12.859145164489746
317 -25.433637619018555 -12.64112377166748
318 -24.858243942260742 -12.4396333694458
319 -24.480701446533203 -12.347576141357422
320 -24.157642364501953 -12.336851119995117
321 -23.926284790039062 -12.355064392089844
322 -23.814579010009766 -12.58420181274414
323 -23.71392250061035 -12.7874755859375
324 -23.608598709106445 -13.150236129760742
325 -23.432126998901367 -13.495747566223145
326 -23.315235137939453 -13.770927429199219
327 -22.82438850402832 -14.404007911682129
328 -22.602981567382812 -14.632226943969727
329 -22.538118362426758 -14.796272277832031
330 -22.56378746032715 -14.950735092163086
331 -22.746957778930664 -15.564409255981445
332 -22.899658203125 -15.894911766052246
333 -23.077289581298828 -16.72306251525879
334 -23.034048080444336 -17.038558959960938
335 -22.81391143798828 -17.37662696838379
336 -22.348913192749023 -17.786787033081055
337 -22.300376892089844 -17.798664093017578
338 -22.127124786376953 -17.83629608154297
339 -21.17901039123535 0.0197346992790699
340 -21.17975425720215 0.21754977107048035
341 -21.16647720336914 0.530497133731842
342 -21.120370864868164 0.8861417770385742
343 -21.0804386138916 1.201457142829895
344 -21.102664947509766 1.4793682098388672
345 -21.07999610900879 1.6022249460220337
346 -21.00708770751953 2.171638250350952
347 -20.915287017822266 2.241607904434204
348 -20.496429443359375 2.392944574356079
349 -19.945358276367188 2.6941938400268555
350 -19.365968704223633 2.9599740505218506
351 -19.010026931762695 2.9750988483428955
352 -18.72914695739746 2.7445755004882812
353 -18.552114486694336 2.547426223754883
354 -18.516767501831055 2.2891438007354736
355 -18.6799259185791 1.1278209686279297
356 -18.66575050354004 0.8321518898010254
357 -18.698089599609375 0.45907825231552124
358 -18.511396408081055 -11.5158109664917
359 -18.482202529907227 -11.727775573730469
360 -18.354965209960938 -12.124588966369629
361 -18.227922439575195 -12.658649444580078
362 -18.276599884033203 -12.902057647705078
363 -18.379554748535156 -13.116331100463867
364 -18.57018280029297 -13.467475891113281
365 -18.81064224243164 -13.724342346191406
366 -19.16292953491211 -14.016040802001953
367 -19.465333938598633 -14.325583457946777
368 -19.646360397338867 -14.687955856323242
369 -19.725309371948242 -15.25521183013916
370 -19.733495712280273 -15.589991569519043
371 -19.595121383666992 -15.773186683654785
372 -19.4082088470459 -15.788440704345703
373 -18.829557418823242 -15.700342178344727
374 -18.4034366607666 -15.591136932373047
375 -18.02446937561035 -15.578195571899414
376 -17.669755935668945 -15.717947959899902
377 -17.081504821777344 -16.02924919128418
378 -16.764816284179688 -16.117631912231445
379 -16.505584716796875 -16.047273635864258
380 -16.119171142578125 -15.779548645019531
381 -15.837828636169434 -15.42959213256836
382 -15.659950256347656 -14.799858093261719
383 -15.682948112487793 -14.519510269165039
384 -15.78587818145752 -14.301124572753906
385 -16.005123138427734 -14.141128540039062
386 -16.22467041015625 -13.953190803527832
387 -16.65473175048828 -13.71638011932373
388 -20.062381744384766 -12.672036170959473
389 -20.266904830932617 -12.622042655944824
390 -20.445295333862305 -12.504542350769043
391 -20.741933822631836 -12.16016674041748
392 -21.042661666870117 -11.773900985717773
393 -21.2691593170166 -11.496338844299316
394 -21.422765731811523 -11.208518028259277
395 -21.47576141357422 -11.00643539428711
396 -21.514619827270508 -10.820610046386719
397 -21.663902282714844 -10.50504207611084
398 -21.60971450805664 -10.353930473327637
399 -9.40768051147461 -2.1494479179382324
400 -9.171680450439453 -2.0782108306884766
401 -9.047865867614746 -2.0821645259857178
402 -8.763534545898438 -2.2339394092559814
403 -8.443376541137695 -2.5621774196624756
404 -8.150615692138672 -2.877328872680664
405 -7.975841522216797 -3.1886372566223145
406 -7.71995735168457 -3.6017942428588867
407 -7.511581897735596 -3.784442901611328
408 -7.457602024078369 -3.9764862060546875
409 -7.298620700836182 -4.394798278808594
410 -7.242981910705566 -4.834095478057861
411 -7.297651767730713 -5.132806777954102
412 -7.480003356933594 -5.575984954833984
413 -7.5368475914001465 -5.6935200691223145
414 -7.670653343200684 -5.902545928955078
415 -7.876744747161865 -6.188821315765381
416 -8.096796035766602 -6.375177383422852
417 -8.502863883972168 -6.663148880004883
418 -8.628491401672363 -6.785077095031738
419 -17.604148864746094 -9.048008918762207
420 -17.894908905029297 -9.03537654876709
421 -18.528472900390625 -9.02403450012207
422 -18.71215057373047 -8.947669982910156
423 -18.922277450561523 -8.787528038024902
424 -19.03498077392578 -8.554391860961914
425 -19.27605628967285 -8.105249404907227
426 -19.41973114013672 -7.820531845092773
427 -19.40934944152832 -7.640294075012207
428 -19.234375 -7.1626362800598145
429 -19.16080665588379 -6.875992774963379
430 -19.111848831176758 -6.614963531494141
431 -18.838836669921875 -6.357431411743164
432 -18.576448440551758 -6.199681282043457
433 -18.39484214782715 -6.122115135192871
434 -18.120574951171875 -6.231667995452881
435 -17.453767776489258 -6.434310436248779
436 -17.25657081604004 -6.534711837768555
437 -17.1529598236084 -6.714686870574951
438 -16.899152755737305 -6.888575077056885
439 -16.543004989624023 -7.01173210144043
440 -16.359386444091797 -7.001935005187988
441 -15.778233528137207 -6.941783905029297
442 -15.212701797485352 -6.939891338348389
443 -14.861340522766113 -6.992068767547607
444 -14.414098739624023 -7.1050567626953125
445 -14.200723648071289 -7.3044352531433105
446 -14.129003524780273 -7.525953769683838
447 -13.852286338806152 -8.127756118774414
448 -13.61520004272461 -8.394851684570312
449 -13.404280662536621 -8.665522575378418
450 -13.225903511047363 -8.688674926757812
451 -12.789948463439941 -8.735891342163086
452 -12.316740989685059 -8.761734008789062
453 -11.967198371887207 -8.764784812927246
454 -11.68990707397461 -8.778502464294434
455 -11.176470756530762 -8.700944900512695
456 -10.681242942810059 -8.727202415466309
457 -10.434929847717285 -8.922173500061035
458 -10.425220489501953 -9.328364372253418
459 -10.717636108398438 -9.775202751159668
460 -10.892035484313965 -9.968265533447266
461 -10.981298446655273 -10.0984525680542
462 -11.129851341247559 -10.389568328857422
463 -11.425905227661133 -10.587574005126953
464 -11.671512603759766 -10.811049461364746
465 -11.909881591796875 -10.887697219848633
466 -12.465139389038086 -10.966522216796875
467 -12.601372718811035 -11.026354789733887
468 -12.632974624633789 -11.060105323791504
469 -12.887432098388672 -11.188529014587402
470 -13.275141716003418 -11.471773147583008
471 -13.619081497192383 -11.69564437866211
472 -13.974630355834961 -12.069709777832031
473 -14.194119453430176 -12.092428207397461
474 -14.562312126159668 -11.993639945983887
475 -14.855915069580078 -11.786473274230957
476 -15.190218925476074 -11.570252418518066
477 -15.342996597290039 -11.468685150146484
478 -15.612866401672363 -11.128859519958496
479 -15.873564720153809 -10.870633125305176
480 -16.173608779907227 -10.570094108581543
481 -16.206300735473633 -10.281996726989746
482 -16.066389083862305 -9.908503532409668
483 -15.759835243225098 -9.58885669708252
484 -15.519426345825195 -9.396967887878418
485 -15.317773818969727 -9.249719619750977
486 -15.056489944458008 -9.040105819702148
487 -12.350048065185547 -6.778925895690918
488 -12.05262279510498 -6.578435897827148
489 -11.728019714355469 -6.3486008644104
490 -11.58790111541748 -6.232800483703613
491 -11.61083984375 -6.003156661987305
492 -11.655701637268066 -5.6158270835876465
493 -11.748794555664062 -5.1605024337768555
494 -11.917142868041992 -4.922159671783447
495 -12.147547721862793 -4.703394412994385
496 -12.333005905151367 -4.528712749481201
497 -12.492213249206543 -4.392922401428223
498 -12.901138305664062 -4.103469371795654
499 -13.301020622253418 -3.9964184761047363
500 -13.742395401000977 -3.981433153152466
501 -14.118901252746582 -4.028148174285889
502 -14.442604064941406 -4.086915016174316
503 -14.651172637939453 -4.0713958740234375
504 -14.84277057647705 -4.035973072052002
505 -15.179393768310547 -3.898527145385742
506 -15.466190338134766 -3.7945451736450195
507 -15.794294357299805 -3.547206401824951
508 -15.90082836151123 -3.2628355026245117
509 -15.90780258178711 -3.054058790206909
510 -15.840536117553711 -2.7330360412597656
511 -15.662982940673828 -2.3111374378204346
512 -15.4716796875 -2.120487928390503
513 -14.855001449584961 -1.8276362419128418
514 -14.440031051635742 -1.6551450490951538
515 -13.999402046203613 -1.4941117763519287
516 -13.74210262298584 -1.3655356168746948
517 -13.28962230682373 -1.0033533573150635
518 -13.137887954711914 -0.8173571825027466
519 -13.027799606323242 -0.5763868093490601
520 -13.00930404663086 -0.0913725271821022
521 -13.142664909362793 0.39922353625297546
522 -13.233845710754395 0.6325136423110962
523 -13.306069374084473 0.7583127617835999
524 -13.556087493896484 0.9310690760612488
525 -14.0787992477417 1.164876103401184
526 -14.564713478088379 1.2679556608200073
527 -14.913341522216797 1.1803854703903198
528 -15.190049171447754 1.107189655303955
529 -15.457735061645508 0.9076930284500122
530 -15.706110000610352 0.7099994421005249
531 -15.9668607711792 0.46052441000938416
532 -16.29013442993164 0.09249516576528549
533 -16.838363647460938 -0.3988284468650818
534 -17.593017578125 -1.0056325197219849
535 -18.07475471496582 -1.4100242853164673
536 -18.482826232910156 -1.778331995010376
537 -18.670291900634766 -1.9441196918487549
538 -18.96177101135254 -2.24739146232605
539 -19.531667709350586 -2.8787648677825928
540 -19.920778274536133 -3.228666305541992
541 -20.258941650390625 -3.346200942993164
542 -20.436077117919922 -3.323392629623413
543 -20.854276657104492 -3.166757345199585
544 -21.052570343017578 -3.1031441688537598
545 -21.242313385009766 -3.1469767093658447
546 -21.756263732910156 -3.229116439819336
547 -22.14698028564453 -3.3493926525115967
548 -22.295835494995117 -3.529979944229126
549 -22.46750831604004 -3.920085906982422
550 -22.633819580078125 -4.3724470138549805
551 -22.91746711730957 -4.843387603759766
552 -22.832653045654297 -4.971384525299072
553 -22.432050704956055 -5.116287708282471
554 -22.196727752685547 -5.275254249572754
555 -21.730453491210938 -5.477077960968018
556 -21.430248260498047 -5.643325328826904
557 -21.504182815551758 -5.7649760246276855
558 -22.326704025268555 -6.644344806671143
559 -22.822879791259766 -6.83242654800415
560 -22.86859893798828 -6.885918617248535
561 -22.914596557617188 -7.102250576019287
562 -22.955442428588867 -7.4084038734436035
563 -23.08696937561035 -7.739758491516113
564 -23.34390640258789 -8.02469253540039
565 -23.471622467041016 -8.215009689331055
566 -23.613134384155273 -8.437169075012207
567 -23.830427169799805 -8.624042510986328
568 -24.05974006652832 -8.65516185760498
569 -24.434598922729492 -8.66381549835205
570 -24.68071746826172 -8.698686599731445
571 -24.871706008911133 -8.771955490112305
572 -25.1649169921875 -9.102506637573242
573 -25.379127502441406 -9.206181526184082
574 -25.63667869567871 -9.147161483764648
575 -25.88480567932129 -8.952498435974121
576 -26.153156280517578 -8.653584480285645
577 -26.362606048583984 -8.583772659301758
578 -26.602842330932617 -8.481220245361328
579 -26.85511016845703 -8.432759284973145
580 -27.252593994140625 -8.382537841796875
581 -27.486522674560547 -8.368230819702148
582 -27.848976135253906 -8.390804290771484
583 -28.090456008911133 -8.35931396484375
584 -28.360170364379883 -8.27250862121582
585 -28.718631744384766 -8.04823112487793
586 -28.997241973876953 -7.848598480224609
587 -29.138378143310547 -7.764154434204102
588 -29.559730529785156 -7.53537654876709
589 -29.866378784179688 -7.399233818054199
590 -30.12607765197754 -7.421270370483398
591 -30.62799644470215 -7.601930618286133
592 -31.018890380859375 -7.793597221374512
593 -31.241336822509766 -7.903071403503418
594 -31.518308639526367 -8.073115348815918
595 -31.739566802978516 -8.232519149780273
596 -31.909515380859375 -8.306711196899414
597 -32.66847229003906 -8.394412994384766
598 -32.87006759643555 -8.430264472961426
599 -33.08696365356445 -8.429161071777344
600 -33.49357986450195 -8.327486038208008
601 -33.91168975830078 -8.190714836120605
602 -34.13994598388672 -8.084914207458496
603 -34.490882873535156 -7.9488911628723145
604 -35.000030517578125 -7.799959659576416
605 -35.28036117553711 -7.750767230987549
606 -35.583412170410156 -7.746223449707031
607 -35.96761703491211 -7.789857387542725
608 -36.16117477416992 -7.856350421905518
609 -36.41455078125 -7.909041881561279
610 -36.7728157043457 -8.112814903259277
611 -37.00057601928711 -8.276156425476074
612 -37.286155700683594 -8.583126068115234
613 -37.596370697021484 -8.828084945678711
614 -37.82106399536133 -8.881499290466309
615 -38.35477828979492 -8.992403030395508
616 -38.896881103515625 -9.109501838684082
617 -39.168453216552734 -9.227612495422363
618 -39.33304977416992 -9.36845588684082
619 -39.621734619140625 -9.657615661621094
620 -39.728187561035156 -9.88599967956543
621 -39.94254684448242 -10.303520202636719
622 -40.04215621948242 -10.640837669372559
623 -40.11974334716797 -10.980657577514648
624 -40.16025161743164 -11.340585708618164
625 -40.02737808227539 -12.036356925964355
626 -39.943607330322266 -12.292431831359863
627 -39.87177658081055 -12.519980430603027
628 -39.75969696044922 -12.671239852905273
629 -39.58636474609375 -13.04759693145752
630 -39.48192596435547 -13.35181713104248
631 -39.44697570800781 -13.539581298828125
632 -39.2787971496582 -13.889979362487793
633 -39.18223571777344 -14.133312225341797
634 -39.14263153076172 -14.419707298278809
635 -39.10270309448242 -14.848175048828125
636 -39.08498764038086 -15.180267333984375
637 -39.0338134765625 -15.457069396972656
638 -38.904876708984375 -15.841584205627441
639 -38.84922790527344 -16.17566680908203
640 -38.68674850463867 -16.744062423706055
641 -38.63938522338867 -16.9422664642334
642 -38.54450225830078 -17.126693725585938
643 -38.397010803222656 -17.2643985748291
644 -38.17229461669922 -17.648836135864258
645 -37.91611862182617 -18.05831527709961
646 -37.47570037841797 -18.747455596923828
647 -37.31834411621094 -18.963468551635742
648 -37.093406677246094 -19.1431827545166
649 -36.794700622558594 -19.276269912719727
650 -36.40998077392578 -19.354589462280273
651 -35.891536712646484 -19.378644943237305
652 -34.71909713745117 -19.405927658081055
653 -34.20954132080078 -19.446094512939453
654 -33.76886749267578 -19.480358123779297
655 -33.15549850463867 -19.51753044128418
656 -32.96492004394531 -19.543928146362305
657 -32.7590446472168 -19.446882247924805
658 -32.19184112548828 -19.24024772644043
659 -32.01327133178711 -19.176361083984375
660 -31.655458450317383 -19.061460494995117
661 -31.35018539428711 -18.940814971923828
662 -30.946895599365234 -18.76934814453125
663 -30.712921142578125 -18.631010055541992
664 -30.51161003112793 -18.45955467224121
665 -30.362937927246094 -18.292871475219727
666 -30.240034103393555 -17.946258544921875
667 -30.176889419555664 -17.707937240600586
668 -31.76418113708496 -6.003200054168701
669 -31.70012664794922 -5.8215250968933105
670 -31.63197898864746 -5.521876811981201
671 -31.683441162109375 -5.075501441955566
672 -31.699800491333008 -4.844148635864258
673 -31.665056228637695 -4.383446216583252
674 -31.57773208618164 -3.9141361713409424
675 -31.58180809020996 -3.5525403022766113
676 -31.91607093811035 -3.079014301300049
677 -32.35737991333008 -2.627488136291504
678 -32.623252868652344 -2.4592390060424805
679 -32.80953598022461 -2.3544743061065674
680 -33.08896255493164 -2.314444065093994
681 -33.30135726928711 -2.437558650970459
682 -33.490291595458984 -2.6937026977539062
683 -33.61563491821289 -3.012226104736328
684 -33.8140869140625 -3.6163089275360107
685 -33.96564483642578 -4.208529949188232
686 -33.96860885620117 -4.384885311126709
687 -33.747894287109375 -4.508707046508789
688 -33.44718551635742 -4.580071926116943
689 -32.88502502441406 -4.541212558746338
690 -30.479473114013672 -4.284436225891113
691 -30.262258529663086 -4.304840087890625
692 -30.120616912841797 -4.452358245849609
693 -29.58208656311035 -4.8457255363464355
694 -29.3465518951416 -5.037661075592041
695 -29.15974998474121 -5.017559051513672
696 -29.001291275024414 -4.948009490966797
697 -28.8034725189209 -4.912038803100586
698 -28.58306884765625 -4.777059078216553
699 -28.26299476623535 -4.378753662109375
700 -28.104629516601562 -4.018622398376465
701 -28.14208221435547 -3.8471157550811768
702 -28.28232192993164 -3.565127372741699
703 -28.45125389099121 -3.374401330947876
704 -28.680267333984375 -3.136370897293091
705 -29.007165908813477 -2.9393677711486816
706 -29.2091064453125 -2.8612308502197266
707 -29.528865814208984 -2.7970776557922363
708 -29.97581672668457 -2.551877737045288
709 -30.21708869934082 -2.3265700340270996
710 -30.301105499267578 -2.1796352863311768
711 -30.095306396484375 -1.9555115699768066
712 -29.84514045715332 -1.7358165979385376
713 -29.4166259765625 -1.4765783548355103
714 -29.070201873779297 -1.3603945970535278
715 -28.65850830078125 -1.3041962385177612
716 -28.29495620727539 -1.3759784698486328
717 -27.893239974975586 -1.4582139253616333
718 -27.606313705444336 -1.4803154468536377
719 -27.331636428833008 -1.5264480113983154
720 -26.8735294342041 -1.6361355781555176
721 -26.425941467285156 -1.756370186805725
722 -26.119295120239258 -1.8344154357910156
723 -25.776975631713867 -1.8781840801239014
724 -25.54738426208496 -1.9196916818618774
725 -25.247852325439453 -1.9393341541290283
726 -24.874042510986328 -1.9243673086166382
727 -24.60654067993164 -1.8170807361602783
728 -24.181840896606445 -1.5329935550689697
729 -23.655664443969727 -1.1578866243362427
730 -23.478683471679688 -0.9975755214691162
731 -23.33783531188965 -0.7836413979530334
732 -19.207117080688477 5.66713809967041
733 -18.949871063232422 5.813413619995117
734 -18.6214656829834 5.939014434814453
735 -18.087434768676758 6.045712471008301
736 -17.62579917907715 6.097580432891846
737 -17.203529357910156 6.073734283447266
738 -16.736783981323242 6.009280204772949
739 -16.437911987304688 5.718113899230957
740 -16.18353843688965 5.30393648147583
741 -16.152793884277344 4.869587421417236
742 -16.202350616455078 4.587566375732422
743 -16.43206787109375 4.384311199188232
744 -16.636032104492188 4.181175708770752
745 -16.738449096679688 4.1020708084106445
746 -25.385303497314453 -3.8257713317871094
747 -25.51805305480957 -3.9317076206207275
748 -25.55553436279297 -4.01039457321167
749 -25.66871452331543 -4.1603288650512695
750 -25.833871841430664 -4.4521942138671875
751 -25.995189666748047 -4.808897018432617
752 -26.08316421508789 -5.125317096710205
753 -26.341861724853516 -5.450821876525879
754 -26.536176681518555 -5.629103660583496
755 -26.875581741333008 -5.808788299560547
756 -27.181318283081055 -5.927080154418945
757 -27.404691696166992 -5.951193809509277
758 -27.589679718017578 -5.975910186767578
759 -30.779613494873047 4.058006763458252
760 -30.944232940673828 4.105675220489502
761 -31.038040161132812 3.996567726135254
762 -31.260417938232422 3.2926080226898193
763 -31.432214736938477 2.6703853607177734
764 -31.55769920349121 2.340559244155884
765 -31.69210433959961 2.041825294494629
766 -31.80495834350586 1.8518171310424805
767 -32.00210952758789 1.4895453453063965
768 -32.08611297607422 1.3116258382797241
769 -32.2663459777832 0.6345197558403015
770 -32.23252868652344 0.19470196962356567
771 -32.104469299316406 0.006651603616774082
772 -31.937789916992188 -0.02958407811820507
773 -31.22185707092285 -0.08385153859853745
774 -30.828157424926758 0.016265328973531723
775 -30.46448516845703 0.1990731805562973
776 -30.238433837890625 0.32661452889442444
777 -29.98455047607422 0.4135143458843231
778 -29.724300384521484 0.47939208149909973
779 -29.254783630371094 0.5063149333000183
780 -28.886608123779297 0.4560159146785736
781 -28.502288818359375 0.3385879695415497
782 -28.20832061767578 0.3084472119808197
783 -27.972740173339844 0.2841929793357849
784 -27.668495178222656 0.30353859066963196
785 -27.10401725769043 0.32023200392723083
786 -26.764476776123047 0.29653576016426086
787 -26.463090896606445 0.24203550815582275
788 -26.271995544433594 0.22640977799892426
789 -25.868087768554688 0.3418310582637787
790 -25.467361450195312 0.5682319402694702
791 -25.105937957763672 0.8404560089111328
792 -24.92718505859375 0.9767665863037109
793 -24.63622283935547 1.3116692304611206
794 -24.54163932800293 1.562874436378479
795 -24.488338470458984 1.9607539176940918
796 -24.391138076782227 2.2862019538879395
797 -24.4226131439209 2.503645658493042
798 -24.637409210205078 2.939758062362671
799 -24.81325340270996 3.177670955657959
800 -25.24268341064453 3.3037269115448
801 -25.61388397216797 3.2523436546325684
802 -26.017505645751953 3.0965137481689453
803 -26.512474060058594 2.950561046600342
804 -26.803199768066406 2.8740763664245605
805 -27.16417694091797 2.7957653999328613
806 -27.54619598388672 2.7737224102020264
807 -27.966455459594727 2.7405741214752197
808 -28.151893615722656 2.7392311096191406
809 -28.514392852783203 2.8722739219665527
810 -28.868494033813477 3.3553078174591064
811 -28.926128387451172 3.6718995571136475
812 -28.738298416137695 4.763443470001221
813 -28.604154586791992 5.470063209533691
814 -28.557514190673828 5.932009220123291
815 -28.641592025756836 6.274610996246338
816 -28.80844497680664 6.467333793640137
817 -29.344545364379883 6.719480991363525
818 -29.67276382446289 6.83257532119751
819 -29.89076042175293 7.123887538909912
820 -29.9599666595459 7.35336446762085
821 -29.995573043823242 7.755229473114014
822 -30.107751846313477 8.111905097961426
823 -30.30718231201172 8.628205299377441
824 -30.53030776977539 9.073498725891113
825 -30.988582611083984 9.711612701416016
826 -31.042036056518555 9.848647117614746
827 -31.082632064819336 10.22144603729248
828 -31.117918014526367 10.692197799682617
829 -31.160608291625977 10.99015998840332
830 -31.212352752685547 11.318777084350586
831 -31.253015518188477 11.662108421325684
832 -31.311323165893555 12.063794136047363
833 -31.308605194091797 12.516444206237793
834 -31.270647048950195 12.861589431762695
835 -31.177732467651367 13.042506217956543
836 -30.946269989013672 13.321283340454102
837 -30.687419891357422 13.55581283569336
838 -30.40191650390625 13.829906463623047
839 -30.12965202331543 14.038636207580566
840 -29.80653190612793 14.214932441711426
841 -29.51541519165039 14.355151176452637
842 -29.082090377807617 14.499051094055176
843 -28.739587783813477 14.640467643737793
844 -28.28142738342285 14.695502281188965
845 -27.88800621032715 14.676300048828125
846 -27.460819244384766 14.594886779785156
847 -27.171123504638672 14.549485206604004
848 -26.736486434936523 14.371806144714355
849 -26.415664672851562 14.186782836914062
850 -26.260690689086914 13.979803085327148
851 -25.969364166259766 13.523787498474121
852 -25.744747161865234 12.955034255981445
853 -25.648269653320312 12.69245719909668
854 -25.402740478515625 11.918529510498047
855 -25.3498592376709 11.636913299560547
856 -25.28607940673828 11.212944030761719
857 -25.164470672607422 10.7413911819458
858 -25.032384872436523 10.466239929199219
859 -24.850343704223633 10.156745910644531
860 -24.70486831665039 9.915559768676758
861 -24.48105239868164 9.610392570495605
862 -24.339567184448242 9.444112777709961
863 -24.125816345214844 9.229169845581055
864 -23.962173461914062 9.083134651184082
865 -23.662147521972656 8.845903396606445
866 -23.20275115966797 8.491315841674805
867 -22.9465389251709 8.296406745910645
868 -22.796344757080078 8.220999717712402
869 -22.44582176208496 8.049104690551758
870 -22.2741641998291 7.926699161529541
871 -22.078277587890625 7.759829044342041
872 -22.018081665039062 7.562300682067871
873 -22.022541046142578 7.356941223144531
874 -35.65435028076172 -3.145890235900879
875 -35.74446487426758 -3.2426657676696777
876 -35.9213981628418 -3.363645315170288
877 -36.32057189941406 -3.6598525047302246
878 -36.6338996887207 -3.9875426292419434
879 -36.711673736572266 -4.138236045837402
880 -36.98982620239258 -4.332803249359131
881 -37.743534088134766 -4.526623725891113
882 -38.137821197509766 -4.569644927978516
883 -38.318782806396484 -4.536482810974121
884 -38.52436065673828 -4.51654052734375
885 -38.76046371459961 -4.449834823608398
886 -39.10390090942383 -4.3256683349609375
887 -39.45634841918945 -4.237056255340576
888 -39.711090087890625 -3.9281601905822754
889 -39.77938461303711 -3.5540449619293213
890 -39.719539642333984 -3.162832260131836
891 -39.689727783203125 -2.8616623878479004
892 -39.62873458862305 -2.430342197418213
893 -39.47248458862305 -2.1484694480895996
894 -39.14098358154297 -1.755464792251587
895 -38.853179931640625 -1.5409345626831055
896 -37.95275115966797 -1.0940589904785156
897 -37.6306037902832 -0.9519670605659485
898 -37.3047981262207 -0.855018138885498
899 -37.165348052978516 -0.8135508298873901
900 -36.900333404541016 -0.718456506729126
901 -36.25603103637695 -0.5653150677680969
902 -36.026405334472656 -0.47211217880249023
903 -35.676090240478516 -0.2685662508010864
904 -35.27045440673828 0.012980403378605843
905 -35.12181854248047 0.20878802239894867
906 -35.050716400146484 0.5031601190567017
907 -35.18462371826172 0.9594440460205078
908 -35.37556076049805 1.4342172145843506
909 -35.5457763671875 1.6526429653167725
910 -36.024505615234375 2.0082037448883057
911 -36.31950378417969 2.2165987491607666
912 -36.80044174194336 2.5991711616516113
913 -37.15906524658203 2.873044729232788
914 -37.366634368896484 3.194661855697632
915 -37.43070602416992 3.42462158203125
916 -37.38559341430664 3.7008180618286133
917 -37.31451416015625 3.9259188175201416
918 -37.06996536254883 4.166019916534424
919 -36.695438385009766 4.41847562789917
920 -36.32144546508789 4.711572647094727
921 -35.99038314819336 4.900027275085449
922 -35.738868713378906 4.99833869934082
923 -35.65542221069336 5.116329193115234
924 -35.45630645751953 5.551205158233643
925 -35.25281524658203 5.777271747589111
926 -35.07377243041992 5.850503921508789
927 -34.527828216552734 6.0607991218566895
928 -34.1845817565918 6.098902225494385
929 -33.87864303588867 5.758093357086182
930 -33.72746658325195 5.287932395935059
931 -33.70635223388672 5.046988487243652
932 -33.72599792480469 4.780690670013428
933 -33.82301330566406 4.192905426025391
934 -33.84248733520508 3.881587266921997
935 -35.56731414794922 -11.158055305480957
936 -35.74519729614258 -11.419445037841797
937 -35.83137893676758 -11.656718254089355
938 -35.91059875488281 -12.025211334228516
939 -35.93397903442383 -12.386083602905273
940 -35.901893615722656 -12.739233016967773
941 -36.00814437866211 -13.032115936279297
942 -35.90974807739258 -13.143898010253906
943 -35.252437591552734 -13.730767250061035
944 -34.96515655517578 -14.034358024597168
945 -34.720340728759766 -14.329298973083496
946 -34.481101989746094 -14.604117393493652
947 -34.178680419921875 -14.876906394958496
948 -33.91699981689453 -15.160059928894043
949 -33.71809387207031 -15.425886154174805
950 -33.34214401245117 -15.64069652557373
951 -33.14604949951172 -15.732193946838379
952 -32.800132751464844 -15.772650718688965
953 -32.362632751464844 -15.759873390197754
954 -32.26001739501953 -15.67705249786377
955 -32.004180908203125 -15.041778564453125
956 -31.873687744140625 -14.707118034362793
957 -31.78044319152832 -14.351885795593262
958 -31.846479415893555 -14.111398696899414
959 -32.05986404418945 -13.654194831848145
960 -32.22280502319336 -13.408187866210938
961 -32.24784469604492 -13.19901180267334
962 -32.22981643676758 -12.967018127441406
963 -32.10205841064453 -12.560349464416504
964 -32.00886535644531 -12.167645454406738
965 -31.97074317932129 -11.965242385864258
966 -31.920093536376953 -11.751760482788086
967 -31.798416137695312 -11.422741889953613
968 -31.602968215942383 -10.935760498046875
969 -31.48587417602539 -10.600398063659668
970 -31.418132781982422 -10.537758827209473
971 -31.254541397094727 -10.576937675476074
972 -30.961965560913086 -10.516595840454102
973 -30.40111541748047 -10.309850692749023
974 -30.052654266357422 -10.246917724609375
975 -29.102191925048828 -10.299542427062988
976 -28.829559326171875 -10.42184829711914
977 -28.70001983642578 -10.795681953430176
978 -28.721834182739258 -11.281376838684082
979 -28.873184204101562 -11.75675106048584
980 -28.999643325805664 -12.165215492248535
981 -29.371379852294922 -12.894471168518066
982 -29.54773712158203 -13.324915885925293
983 -29.63187599182129 -13.539011001586914
984 -32.981868743896484 -23.41950798034668
985 -33.244117736816406 -23.803091049194336
986 -33.354896545410156 -23.944913864135742
987 -33.48544692993164 -24.181455612182617
988 -33.58496856689453 -24.403738021850586
989 -33.65391159057617 -24.569778442382812
990 -33.90567398071289 -25.07598114013672
991 -34.05710220336914 -25.3535099029541
992 -34.269710540771484 -25.734699249267578
993 -34.43315505981445 -26.03005599975586
994 -34.51325225830078 -26.18178939819336
995 -34.768497467041016 -26.672056198120117
996 -34.929527282714844 -26.966901779174805
997 -35.06216049194336 -27.200326919555664
998 -35.1623420715332 -27.360937118530273
999 -35.20256042480469 -27.42954444885254
