0 -46.06853485107422 17.094057083129883
1 -46.16691970825195 17.054183959960938
2 -46.31593322753906 16.970142364501953
3 -46.5167350769043 16.808902740478516
4 -46.708839416503906 16.695209503173828
5 -46.98341751098633 16.461336135864258
6 -47.1124382019043 16.216081619262695
7 -47.19915008544922 16.011051177978516
8 -47.32247543334961 15.889841079711914
9 -47.42084884643555 15.744516372680664
10 -47.47340774536133 15.469884872436523
11 -47.55727005004883 14.608985900878906
12 -47.47380828857422 14.0966157913208
13 -47.30516052246094 13.873224258422852
14 -47.02378463745117 13.918981552124023
15 -46.45936584472656 14.266219139099121
16 -46.27753829956055 14.421305656433105
17 -46.1640510559082 14.541110038757324
18 -46.077720642089844 14.672063827514648
19 -27.870927810668945 24.86438751220703
20 -27.951005935668945 24.956846237182617
21 -28.047304153442383 25.084640502929688
22 -28.232213973999023 25.23943328857422
23 -28.646106719970703 25.484830856323242
24 -28.911705017089844 25.646055221557617
25 -29.186634063720703 25.868762969970703
26 -29.501127243041992 26.19027328491211
27 -29.66095542907715 26.390047073364258
28 -29.800716400146484 26.53347396850586
29 -29.990047454833984 26.54635238647461
30 -30.349153518676758 26.57930564880371
31 -30.527341842651367 26.695907592773438
32 -31.013900756835938 27.046096801757812
33 -31.209625244140625 27.129995346069336
34 -31.421876907348633 27.044349670410156
35 -31.637319564819336 27.0003662109375
36 -31.999082565307617 26.77585220336914
37 -32.496177673339844 26.58977699279785
38 -32.53197479248047 26.448402404785156
39 -32.5400390625 25.991561889648438
40 -32.511505126953125 25.612728118896484
41 -32.511741638183594 25.3798885345459
42 -32.40380859375 25.175058364868164
43 -32.21937561035156 24.822193145751953
44 -32.07711410522461 24.562931060791016
45 -31.879404067993164 24.306011199951172
46 -31.628368377685547 23.76565933227539
47 -31.549367904663086 23.55774688720703
48 -31.458457946777344 23.324953079223633
49 -31.344758987426758 23.02071762084961
50 -31.26618766784668 22.833925247192383
51 -31.153600692749023 22.603382110595703
52 -30.96284294128418 22.330183029174805
53 -30.840272903442383 22.19581413269043
54 -30.940279006958008 21.923229217529297
55 -31.075458526611328 21.52498435974121
56 -31.14044189453125 21.300857543945312
57 -31.24873924255371 21.15546226501465
58 -31.47594451904297 21.018802642822266
59 -31.78805923461914 20.88159942626953
60 -31.98902130126953 20.662057876586914
61 -32.1671142578125 20.171335220336914
62 -32.25094985961914 19.844234466552734
63 -32.40150451660156 19.63237190246582
64 -32.59211730957031 19.473316192626953
65 -32.832332611083984 19.463117599487305
66 -33.23805618286133 19.495712280273438
67 -33.69999694824219 19.558738708496094
68 -33.94233322143555 19.719892501831055
69 -34.13938903808594 19.90594482421875
70 -34.303558349609375 20.168302536010742
71 -34.38017654418945 20.493789672851562
72 -34.50753402709961 20.870925903320312
73 -34.5539436340332 21.188079833984375
74 -34.609535217285156 21.55989646911621
75 -34.67462921142578 21.798349380493164
76 -34.693016052246094 22.076614379882812
77 -34.659671783447266 22.4891300201416
78 -34.61427688598633 22.682519912719727
79 -34.69757080078125 22.857589721679688
80 -34.95953369140625 23.333826065063477
81 -35.09548568725586 23.648155212402344
82 -35.17007827758789 23.98423194885254
83 -35.178043365478516 24.17699432373047
84 -35.26087188720703 24.49589729309082
85 -35.411617279052734 25.49016761779785
86 -35.494632720947266 25.626556396484375
87 -35.577388763427734 25.83514976501465
88 -35.69593811035156 26.002147674560547
89 -44.77253723144531 29.147964477539062
90 -45.0164794921875 29.172090530395508
91 -45.39384078979492 29.260602951049805
92 -45.77659606933594 29.403745651245117
93 -46.20256423950195 29.479467391967773
94 -46.792118072509766 29.550678253173828
95 -47.02390670776367 29.521562576293945
96 -47.22459030151367 29.380725860595703
97 -47.457759857177734 29.258258819580078
98 -47.58479690551758 29.14395523071289
99 -48.00485610961914 28.743127822875977
100 -48.1824951171875 28.546470642089844
101 -48.3167839050293 28.320205688476562
102 -48.5725212097168 28.099512100219727
103 -48.769344329833984 27.940948486328125
104 -48.9132194519043 27.84500503540039
105 -49.074153900146484 27.784748077392578
106 -49.50596237182617 27.584192276000977
107 -49.91872024536133 27.225204467773438
108 -49.95638656616211 26.959636688232422
109 -49.8785285949707 26.671777725219727
110 -49.75578308105469 26.450456619262695
111 -49.53728103637695 26.20429039001465
112 -49.02981185913086 25.9488525390625
113 -48.76961135864258 25.921056747436523
114 -48.445987701416016 26.00999641418457
115 -48.03175354003906 26.15151596069336
116 -47.73641586303711 26.2694149017334
117 -47.24765396118164 26.456769943237305
118 -46.93030548095703 26.543428421020508
119 -46.63408279418945 26.65865135192871
120 -46.39250564575195 26.770660400390625
121 -46.2847900390625 26.84170150756836
122 -46.12130355834961 26.930681228637695
123 -45.83253479003906 38.40312576293945
124 -45.78633117675781 38.638729095458984
125 -45.73763656616211 39.090362548828125
126 -45.73738098144531 39.41679763793945
127 -45.76429748535156 39.69823455810547
128 -45.841941833496094 39.984344482421875
129 -45.92506408691406 40.34815979003906
130 -45.962154388427734 40.5689582824707
131 -45.91520690917969 40.84135437011719
132 -45.678993225097656 41.46603775024414
133 -45.60296630859375 41.61802291870117
134 -45.5009651184082 41.8393669128418
135 -45.065975189208984 42.3355598449707
136 -44.64769744873047 42.8565673828125
137 -44.36591720581055 43.279136657714844
138 -44.133243560791016 43.620113372802734
139 -43.96275329589844 43.797218322753906
140 -43.73564910888672 44.034515380859375
141 -43.303462982177734 44.436397552490234
142 -43.003929138183594 44.79279327392578
143 -42.89960861206055 44.926666259765625
144 -42.65781784057617 45.058204650878906
145 -42.43492889404297 45.17230987548828
146 -41.898651123046875 45.108489990234375
147 -41.686485290527344 45.147216796875
148 -41.566654205322266 45.21257400512695
149 -41.49203109741211 45.17948913574219
150 -28.814807891845703 31.686298370361328
151 -28.57207679748535 31.59602165222168
152 -28.10783576965332 31.4504337310791
153 -27.802257537841797 31.37127113342285
154 -27.542964935302734 31.20969581604004
155 -27.36605453491211 30.99802589416504
156 -27.257638931274414 30.670040130615234
157 -27.06839942932129 29.67830467224121
158 -27.10677719116211 29.423227310180664
159 -27.339244842529297 29.310192108154297
160 -27.8105525970459 29.221555709838867
161 -28.175594329833984 29.195209503173828
162 -28.46330451965332 29.16537857055664
163 -42.2431755065918 35.48250961303711
164 -42.402103424072266 35.58850860595703
165 -42.62348175048828 35.781272888183594
166 -42.928951263427734 35.95933151245117
167 -43.15436935424805 36.093231201171875
168 -43.22122573852539 36.10939407348633
169 -43.4024658203125 36.211219787597656
170 -43.72188949584961 36.42364501953125
171 -44.13481521606445 36.77094650268555
172 -44.30924606323242 36.95124816894531
173 -44.36170959472656 37.07915115356445
174 -44.3942985534668 37.24406051635742
175 -44.51295471191406 37.427398681640625
176 -44.63388442993164 37.41807556152344
177 -52.455806732177734 36.77467346191406
178 -52.62846374511719 36.7348518371582
179 -52.85405731201172 36.643333435058594
180 -53.2433967590332 36.3974609375
181 -53.46770477294922 36.22342300415039
182 -53.76506423950195 35.959320068359375
183 -54.02320098876953 35.67653274536133
184 -54.15504837036133 35.46495819091797
185 -54.29952621459961 35.18571472167969
186 -54.55881118774414 34.95793151855469
187 -54.824337005615234 34.72951126098633
188 -55.081783294677734 34.5223503112793
189 -55.23623275756836 34.52644348144531
190 -56.1400146484375 34.92040252685547
191 -56.2918586730957 34.99847412109375
192 -56.647132873535156 35.0802001953125
193 -56.87540054321289 35.11106491088867
194 -57.07188415527344 35.10631561279297
195 -57.3298225402832 35.056095123291016
196 -57.62027359008789 34.919677734375
197 -63.64276123046875 23.268938064575195
198 -63.42137908935547 23.416343688964844
199 -63.24250030517578 23.640954971313477
200 -63.136173248291016 23.78790855407715
201 -62.95680236816406 24.145545959472656
202 -62.768714904785156 24.633329391479492
203 -62.62250900268555 25.00948143005371
204 -62.55514144897461 25.44737434387207
205 -62.575477600097656 25.8785457611084
206 -62.50478744506836 26.250202178955078
207 -62.40501022338867 26.782302856445312
208 -62.29874801635742 27.2820987701416
209 -62.174442291259766 27.801259994506836
210 -62.10667419433594 28.092050552368164
211 -62.027034759521484 28.2830810546875
212 -61.85627746582031 28.554109573364258
213 -61.54109573364258 28.99357795715332
214 -61.09601593017578 29.65959930419922
215 -61.00672912597656 29.753812789916992
216 -60.655517578125 30.182472229003906
217 -60.231563568115234 30.84396743774414
218 -60.02241134643555 31.063777923583984
219 -59.830074310302734 31.353599548339844
220 -59.6669807434082 31.536542892456055
221 -59.47358322143555 31.78706932067871
222 -59.34244918823242 32.04242706298828
223 -59.05940628051758 32.23149108886719
224 -58.75991439819336 32.28886413574219
225 -58.38850021362305 32.22438430786133
226 -58.08401107788086 32.12274932861328
227 -57.801265716552734 31.967409133911133
228 -57.439823150634766 31.740812301635742
229 -56.8947639465332 31.367368698120117
230 -56.50817108154297 31.11048698425293
231 -56.31016540527344 30.955158233642578
232 -56.08019256591797 30.75901222229004
233 -55.786102294921875 30.502748489379883
234 -55.328460693359375 30.256669998168945
235 -55.147239685058594 30.187936782836914
236 -55.026214599609375 30.129568099975586
237 -54.63312530517578 29.889249801635742
238 -54.37095642089844 29.704627990722656
239 -54.26205062866211 29.630626678466797
240 -53.98792266845703 29.320453643798828
241 -53.83564376831055 29.12932586669922
242 -53.514076232910156 28.656763076782227
243 -53.29206085205078 28.263107299804688
244 -53.14665222167969 28.035619735717773
245 -53.16436004638672 27.85492515563965
246 -53.261695861816406 27.258386611938477
247 -53.405296325683594 27.076753616333008
248 -53.56698989868164 26.904052734375
249 -53.91126251220703 26.720369338989258
250 -54.204010009765625 26.488895416259766
251 -54.48786544799805 26.42844009399414
252 -54.76936721801758 26.453781127929688
253 -55.39546585083008 26.804353713989258
254 -55.610389709472656 26.89048957824707
255 -55.822959899902344 26.965803146362305
256 -56.158836364746094 27.049617767333984
257 -56.95431137084961 27.339385986328125
258 -57.3223876953125 27.49468994140625
259 -57.59269332885742 27.579498291015625
260 -57.862327575683594 27.625572204589844
261 -58.316650390625 27.705821990966797
262 -58.57444763183594 27.725963592529297
263 -58.755226135253906 27.631729125976562
264 -58.92060852050781 27.496061325073242
265 -59.06412887573242 27.30788803100586
266 -59.15948486328125 27.127609252929688
267 -59.239990234375 26.79184913635254
268 -59.26961135864258 26.526018142700195
269 -59.27445983886719 26.240320205688477
270 -59.27330780029297 25.94481658935547
271 -59.183067321777344 25.602916717529297
272 -59.02467346191406 25.284975051879883
273 -58.875396728515625 25.057514190673828
274 -58.69471740722656 24.826038360595703
275 -58.557159423828125 24.751419067382812
276 -58.26638412475586 24.575708389282227
277 -58.013858795166016 24.43617820739746
278 -57.60055160522461 24.25246238708496
279 -55.686370849609375 22.51021385192871
280 -55.55518341064453 22.341611862182617
281 -55.613983154296875 22.190189361572266
282 -55.70681381225586 21.982208251953125
283 -55.961055755615234 21.78508949279785
284 -56.424461364746094 21.652864456176758
285 -56.79318618774414 21.643526077270508
286 -56.95703887939453 21.588838577270508
287 -57.21318435668945 21.642257690429688
288 -57.580265045166016 21.685022354125977
289 -57.946414947509766 21.73394775390625
290 -58.2426872253418 21.940813064575195
291 -58.648311614990234 22.178531646728516
292 -58.8616943359375 22.27326202392578
293 -58.935916900634766 22.449275970458984
294 -58.98832321166992 22.640722274780273
295 -58.7886848449707 22.857818603515625
296 -58.321678161621094 22.94279670715332
297 -57.79844665527344 23.114273071289062
298 -57.350074768066406 23.36524200439453
299 -56.843841552734375 23.614641189575195
300 -56.39719009399414 23.74311065673828
301 -55.76421356201172 23.8011531829834
302 -55.42739486694336 23.78069305419922
303 -55.0837516784668 23.811412811279297
304 -54.5465202331543 23.84784698486328
305 -54.23783874511719 23.87223243713379
306 -53.9546012878418 23.870975494384766
307 -53.49875259399414 23.85273551940918
308 -53.09932327270508 23.795612335205078
309 -52.95370101928711 23.74295425415039
310 -52.7593994140625 23.743377685546875
311 -52.57340621948242 23.7128849029541
312 -37.591888427734375 21.292055130004883
313 -37.46144104003906 21.181278228759766
314 -37.317543029785156 21.04075813293457
315 -37.285987854003906 20.772615432739258
316 -37.28562927246094 20.578214645385742
317 -37.33314514160156 20.438833236694336
318 -37.56216812133789 20.21784019470215
319 -37.83263397216797 20.004772186279297
320 -38.19452667236328 19.83392906188965
321 -38.54666519165039 19.694427490234375
322 -38.6536865234375 19.65971565246582
323 -38.8709602355957 19.65630340576172
324 -39.15179443359375 19.627708435058594
325 -39.85097885131836 19.327367782592773
326 -40.11222457885742 19.123687744140625
327 -40.28936004638672 18.936595916748047
328 -40.56230926513672 18.594196319580078
329 -48.213436126708984 11.997323036193848
330 -48.33080291748047 11.85357666015625
331 -48.67559814453125 11.371110916137695
332 -48.83706283569336 11.201753616333008
333 -48.8916015625 11.021770477294922
334 -48.932682037353516 10.761991500854492
335 -48.99615478515625 10.460704803466797
336 -49.04677963256836 10.13476848602295
337 -49.01165771484375 9.94164752960205
338 -48.8418083190918 9.719352722167969
339 -48.65148162841797 9.52545166015625
340 -48.419185638427734 9.371296882629395
341 -48.229820251464844 9.205183029174805
342 -48.044925689697266 9.131787300109863
343 -47.677391052246094 9.091477394104004
344 -47.232521057128906 9.143891334533691
345 -47.03430938720703 9.220210075378418
346 -46.781620025634766 9.454068183898926
347 -44.058597564697266 27.055034637451172
348 -44.06814956665039 27.133834838867188
349 -44.039337158203125 27.262819290161133
350 -43.999671936035156 27.563318252563477
351 -43.92185592651367 27.838268280029297
352 -43.817325592041016 27.936769485473633
353 -36.92853927612305 30.29034996032715
354 -36.65238952636719 30.345090866088867
355 -36.47629165649414 30.43145179748535
356 -36.13344955444336 30.699054718017578
357 -35.64944076538086 30.950088500976562
358 -35.365455627441406 31.042861938476562
359 -35.09306716918945 31.1047306060791
360 -34.84117126464844 31.05179786682129
361 -34.72146224975586 31.04304313659668
362 -34.296810150146484 30.780651092529297
363 -34.112876892089844 30.60162925720215
364 -33.94393539428711 30.338642120361328
365 -33.83303451538086 29.934267044067383
366 -33.79928207397461 29.75004005432129
367 -33.95624542236328 29.323673248291016
368 -34.29380798339844 28.992164611816406
369 -34.46681594848633 28.783428192138672
370 -34.69667434692383 28.711767196655273
371 -35.19020080566406 28.720537185668945
372 -35.39146041870117 28.69639015197754
373 -35.687469482421875 28.53885269165039
374 -35.87150192260742 28.420656204223633
375 -35.999088287353516 28.415592193603516
376 -36.193450927734375 28.450403213500977
377 -43.690032958984375 33.47061538696289
378 -43.81734848022461 33.637760162353516
379 -44.07301712036133 33.751869201660156
380 -44.487213134765625 33.89733123779297
381 -44.74873733520508 33.94837951660156
382 -44.92599868774414 33.947998046875
383 -45.024051666259766 33.58799743652344
384 -45.17763900756836 33.155235290527344
385 -45.37217712402344 32.69522476196289
386 -45.47332763671875 32.54069519042969
387 -45.69110107421875 32.34189224243164
388 -45.849918365478516 32.1966438293457
389 -45.9947395324707 32.15386199951172
390 -46.43009948730469 32.10859298706055
391 -47.00126266479492 32.117794036865234
392 -47.386173248291016 32.12989044189453
393 -47.783233642578125 32.16329574584961
394 -48.2799186706543 32.259708404541016
395 -48.472572326660156 32.344512939453125
396 -48.540306091308594 32.45037841796875
397 -48.435543060302734 32.606483459472656
398 -48.2872428894043 32.79719543457031
399 -32.71278762817383 32.62702178955078
400 -32.52812194824219 32.6176643371582
401 -32.36857604980469 32.6485595703125
402 -32.020084381103516 32.68764114379883
403 -31.793371200561523 32.86017990112305
404 -31.62946891784668 33.08281707763672
405 -31.566072463989258 33.28299331665039
406 -31.550445556640625 33.68532180786133
407 -31.490686416625977 34.06374740600586
408 -31.495893478393555 34.342132568359375
409 -31.49761962890625 34.60890197753906
410 -31.459951400756836 34.923431396484375
411 -31.36537742614746 35.243038177490234
412 -31.099864959716797 35.567535400390625
413 -30.886823654174805 35.805931091308594
414 -30.53110122680664 36.04217529296875
415 -30.3088321685791 36.1984977722168
416 -30.193233489990234 36.40184783935547
417 -30.041912078857422 36.70920944213867
418 -30.00897216796875 36.84288024902344
419 -30.039594650268555 37.029762268066406
420 -30.35359764099121 37.49406814575195
421 -30.42455291748047 37.57442092895508
422 -30.60001564025879 37.79882049560547
423 -30.687253952026367 37.99281311035156
424 -30.813425064086914 38.254276275634766
425 -30.96578598022461 38.5197639465332
426 -34.42390441894531 41.711265563964844
427 -34.53823471069336 41.83113098144531
428 -34.68284225463867 42.02706527709961
429 -34.96267318725586 42.45529556274414
430 -35.51749801635742 43.2639045715332
431 -35.68195343017578 43.503658294677734
432 -35.95751953125 43.67973709106445
433 -36.12651824951172 43.7391242980957
434 -36.49424362182617 43.86479568481445
435 -36.882991790771484 43.98201370239258
436 -37.0927734375 44.043609619140625
437 -37.361629486083984 44.28138732910156
438 -37.482696533203125 44.38136672973633
439 -37.74285888671875 44.2322998046875
440 -37.97307586669922 44.024658203125
441 -38.252960205078125 43.90049362182617
442 -38.509403228759766 43.84611129760742
443 -38.87838363647461 43.72871780395508
444 -39.32571029663086 43.4532470703125
445 -39.42073440551758 43.29975891113281
446 -39.44370651245117 43.146812438964844
447 -39.21904754638672 42.837928771972656
448 -39.023948669433594 42.54224395751953
449 -38.80792236328125 42.169273376464844
450 -38.763328552246094 41.93548583984375
451 -38.75075912475586 41.71708679199219
452 -38.717063903808594 41.316680908203125
453 -38.62936782836914 41.004512786865234
454 -38.573970794677734 40.79359817504883
455 -38.55431365966797 40.615264892578125
456 -38.399810791015625 40.28651809692383
457 -38.286502838134766 39.86636734008789
458 -38.451873779296875 39.64767074584961
459 -38.784820556640625 39.54249572753906
460 -39.04179382324219 39.45431137084961
461 -39.280372619628906 39.5064582824707
462 -39.590511322021484 39.56364440917969
463 -39.70513916015625 39.536102294921875
464 -39.79448699951172 39.26532745361328
465 -39.86717987060547 38.96772766113281
466 -39.86163330078125 38.733314514160156
467 -39.824031829833984 38.53813171386719
468 -39.83150863647461 38.31993103027344
469 -39.75426483154297 37.894744873046875
470 -39.778419494628906 37.678775787353516
471 -39.91179275512695 37.59976577758789
472 -40.150390625 37.478515625
473 -40.55229568481445 37.36163330078125
474 -40.84694290161133 37.373260498046875
475 -41.25334930419922 37.44715118408203
476 -41.4807243347168 37.53141403198242
477 -42.1122932434082 38.222904205322266
478 -42.437965393066406 38.637939453125
479 -42.57649612426758 38.81276321411133
480 -42.74625015258789 39.141231536865234
481 -42.87389373779297 39.383358001708984
482 -43.03350830078125 39.71523666381836
483 -43.08168029785156 39.996192932128906
484 -43.11133575439453 40.42619705200195
485 -43.11079788208008 40.72147750854492
486 -42.95545196533203 41.005226135253906
487 -42.781150817871094 41.215877532958984
488 -42.39825439453125 41.50788879394531
489 -42.19319152832031 41.71190643310547
490 -42.04355239868164 41.89199447631836
491 -41.7057991027832 41.69889450073242
492 -41.38492202758789 41.6163215637207
493 -41.13523483276367 41.36777877807617
494 -40.95085525512695 41.163421630859375
495 -40.67400360107422 40.95780944824219
496 -40.518795013427734 40.94276809692383
497 -36.91646957397461 40.54355239868164
498 -36.471248626708984 40.372501373291016
499 -36.33118438720703 40.27284622192383
500 -36.17597579956055 40.156620025634766
501 -36.068580627441406 40.03574752807617
502 -35.9750862121582 39.90782928466797
503 -35.802364349365234 39.54657745361328
504 -35.63351058959961 39.294761657714844
505 -35.74542999267578 39.05450439453125
506 -35.91489791870117 38.68673324584961
507 -36.0066032409668 38.3543701171875
508 -36.041324615478516 38.083412170410156
509 -36.07984924316406 37.78984069824219
510 -36.090850830078125 37.588382720947266
511 -36.090675354003906 37.465335845947266
512 -35.9912109375 36.96242904663086
513 -35.920936584472656 36.7277946472168
514 -35.78959274291992 36.29837417602539
515 -35.566410064697266 35.82603073120117
516 -35.35619354248047 35.46298599243164
517 -35.22751998901367 35.1623649597168
518 -35.13113784790039 34.91057586669922
519 -34.99813461303711 34.73088455200195
520 -34.90545654296875 34.50553512573242
521 -34.738346099853516 34.15509796142578
522 -34.55805587768555 33.91378402709961
523 -34.565670013427734 33.81936264038086
524 -34.925621032714844 33.761871337890625
525 -35.33594512939453 33.59521484375
526 -35.556602478027344 33.45382308959961
527 -35.708946228027344 33.319217681884766
528 -47.56250762939453 23.890195846557617
529 -47.73956298828125 23.801164627075195
530 -47.952518463134766 23.6627197265625
531 -48.26433181762695 23.396804809570312
532 -48.498443603515625 23.21603775024414
533 -48.68437957763672 23.16573715209961
534 -48.866966247558594 23.19112205505371
535 -49.07136917114258 23.253353118896484
536 -49.322418212890625 23.361324310302734
537 -49.5451774597168 23.354583740234375
538 -50.016117095947266 23.112031936645508
539 -50.341243743896484 22.91171646118164
540 -50.54169845581055 22.76639747619629
541 -50.9858512878418 22.34258460998535
542 -51.18512725830078 22.203895568847656
543 -51.381126403808594 22.06254005432129
544 -51.663902282714844 21.850704193115234
545 -51.94259262084961 21.606914520263672
546 -52.32847213745117 21.277997970581055
547 -52.6527099609375 20.97301483154297
548 -52.94136047363281 20.797893524169922
549 -53.135738372802734 20.736282348632812
550 -53.36461639404297 20.620948791503906
551 -53.54473114013672 20.56831169128418
552 -53.917030334472656 20.262229919433594
553 -54.22454071044922 20.096433639526367
554 -54.43269729614258 19.898435592651367
555 -54.63844299316406 19.662694931030273
556 -54.926204681396484 19.33500099182129
557 -55.20608901977539 18.99149513244629
558 -55.37773895263672 18.768741607666016
559 -55.532291412353516 18.693315505981445
560 -55.82218933105469 18.68512535095215
561 -56.07698059082031 18.65886116027832
562 -56.53193664550781 18.535558700561523
563 -56.870601654052734 18.35332489013672
564 -56.989078521728516 18.198596954345703
565 -57.08698272705078 18.072601318359375
566 -57.221614837646484 17.76961326599121
567 -57.353424072265625 17.582469940185547
568 -57.57903289794922 17.54143524169922
569 -57.95423126220703 17.511760711669922
570 -58.057743072509766 17.500417709350586
571 -58.16835403442383 17.317378997802734
572 -58.26725387573242 17.07897186279297
573 -58.540313720703125 16.51003646850586
574 -58.719974517822266 16.098712921142578
575 -58.697418212890625 15.655794143676758
576 -58.620914459228516 15.360481262207031
577 -58.51105880737305 15.141233444213867
578 -58.31473922729492 15.007577896118164
579 -57.901947021484375 14.868573188781738
580 -57.56096649169922 14.71224594116211
581 -57.26988983154297 14.549599647521973
582 -57.02165985107422 14.526652336120605
583 -56.6856689453125 14.59478759765625
584 -56.27655029296875 14.835753440856934
585 -55.7824821472168 15.07727336883545
586 -55.608272552490234 15.191605567932129
587 -55.206214904785156 15.455857276916504
588 -54.945125579833984 15.635891914367676
589 -54.8584098815918 15.793476104736328
590 -54.77840805053711 16.02507209777832
591 -54.62342834472656 16.31103515625
592 -54.374916076660156 16.630260467529297
593 -54.1072998046875 16.904678344726562
594 -47.37851333618164 34.43710708618164
595 -47.388309478759766 34.620384216308594
596 -47.39635467529297 35.12007522583008
597 -47.46067810058594 35.3196907043457
598 -47.4362678527832 35.539344787597656
599 -47.36582565307617 35.729881286621094
600 -47.24182891845703 35.98953628540039
601 -47.150238037109375 36.28717803955078
602 -47.2421875 36.50403594970703
603 -47.403324127197266 36.763458251953125
604 -47.9111328125 37.19198226928711
605 -48.243553161621094 37.59527587890625
606 -48.68914794921875 38.23065948486328
607 -48.942569732666016 38.61504364013672
608 -49.10268783569336 38.916507720947266
609 -49.27703857421875 39.31451416015625
610 -49.4566650390625 39.68292999267578
611 -49.516021728515625 39.96965408325195
612 -49.516841888427734 40.23830795288086
613 -49.45737075805664 40.92011642456055
614 -49.42270278930664 41.174354553222656
615 -49.391937255859375 41.28373336791992
616 -49.31436538696289 41.5319709777832
617 -49.19733428955078 41.913841247558594
618 -49.05009078979492 42.25558853149414
619 -48.951377868652344 42.418426513671875
620 -48.88121032714844 42.74303436279297
621 -48.94219207763672 43.12654113769531
622 -49.15147018432617 43.48579025268555
623 -49.48223876953125 43.99223709106445
624 -49.60141372680664 44.197486877441406
625 -49.72578430175781 44.202213287353516
626 -50.137664794921875 44.18233871459961
627 -50.55659866333008 44.203880310058594
628 -50.849796295166016 44.204566955566406
629 -51.08168029785156 44.07975387573242
630 -51.368934631347656 43.85304260253906
631 -51.5946159362793 43.671913146972656
632 -51.86777877807617 43.47356033325195
633 -52.13131332397461 43.331520080566406
634 -52.374794006347656 43.2343635559082
635 -52.63375473022461 43.08737564086914
636 -52.90190887451172 42.96833038330078
637 -53.35387420654297 42.74245071411133
638 -53.572959899902344 42.641761779785156
639 -53.88051986694336 42.527034759521484
640 -54.21894836425781 42.41254425048828
641 -54.45635986328125 42.32688903808594
642 -54.739715576171875 42.18655776977539
643 -54.918739318847656 41.94431686401367
644 -55.2630729675293 41.68638610839844
645 -55.32402420043945 41.578983306884766
646 -55.436729431152344 41.43473815917969
647 -55.654510498046875 41.115882873535156
648 -55.8311882019043 40.789005279541016
649 -56.001644134521484 40.53034210205078
650 -56.17997741699219 40.274078369140625
651 -56.28139877319336 40.14238739013672
652 -56.58790588378906 11.442625045776367
653 -56.5135383605957 11.352643966674805
654 -56.17157745361328 11.293224334716797
655 -55.72127914428711 11.224461555480957
656 -54.99617004394531 11.115572929382324
657 -54.85557174682617 11.052055358886719
658 -54.53125762939453 11.022701263427734
659 -54.282432556152344 11.0379638671875
660 -54.12037658691406 11.080634117126465
661 -53.84206771850586 11.153818130493164
662 -53.37125778198242 11.27756118774414
663 -53.139034271240234 11.409014701843262
664 -52.85487365722656 11.553695678710938
665 -52.651309967041016 11.627106666564941
666 -52.51633071899414 11.606393814086914
667 -52.50300598144531 11.907186508178711
668 -52.43638229370117 12.25460147857666
669 -52.33599090576172 12.443201065063477
670 -52.186397552490234 12.55318832397461
671 -52.00675964355469 12.670554161071777
672 -51.62733459472656 12.927714347839355
673 -51.251651763916016 13.232011795043945
674 -50.78993225097656 13.582167625427246
675 -50.566871643066406 13.720250129699707
676 -50.406131744384766 13.86210823059082
677 -50.288692474365234 14.042129516601562
678 -50.134517669677734 14.286686897277832
679 -50.083560943603516 14.576682090759277
680 -49.992488861083984 15.009618759155273
681 -49.98898696899414 15.041802406311035
682 -49.913700103759766 15.40515422821045
683 -49.68454360961914 15.794571876525879
684 -49.51152420043945 16.102725982666016
685 -49.41155242919922 16.23423194885254
686 -49.217185974121094 16.791088104248047
687 -49.22923278808594 17.06618881225586
688 -49.43132019042969 17.152423858642578
689 -49.75814437866211 17.09856414794922
690 -50.0848274230957 16.920494079589844
691 -51.00654983520508 16.305187225341797
692 -51.292152404785156 16.221683502197266
693 -51.57804489135742 16.376880645751953
694 -51.72214889526367 16.58456039428711
695 -51.813846588134766 16.9193172454834
696 -51.837520599365234 17.107328414916992
697 -51.81010437011719 17.233762741088867
698 -51.465545654296875 17.48174285888672
699 -51.1436882019043 17.77147102355957
700 -50.95848846435547 17.83146095275879
701 -50.733421325683594 17.934301376342773
702 -50.56608581542969 18.18745994567871
703 -50.53002166748047 18.490907669067383
704 -50.65478515625 18.777755737304688
705 -50.881778717041016 19.04010772705078
706 -50.995033264160156 19.4400691986084
707 -50.96629333496094 19.663360595703125
708 -50.85675048828125 19.815711975097656
709 -50.454345703125 19.757415771484375
710 -49.89253616333008 19.727577209472656
711 -49.48973083496094 19.844547271728516
712 -49.10810470581055 19.977951049804688
713 -48.64139938354492 20.27348518371582
714 -48.37384033203125 20.36971664428711
715 -48.30776596069336 20.19991683959961
716 -48.26742935180664 19.920127868652344
717 -48.19896697998047 19.257160186767578
718 -47.926734924316406 18.790668487548828
719 -47.6888427734375 18.785289764404297
720 -47.474708557128906 18.881925582885742
721 -47.04955291748047 19.089153289794922
722 -46.78736114501953 19.24909782409668
723 -46.6067008972168 19.409622192382812
724 -46.35538864135742 19.607637405395508
725 -46.15106201171875 19.64802360534668
726 -45.9051513671875 19.754186630249023
727 -45.48310852050781 20.024188995361328
728 -45.30474090576172 20.17842674255371
729 -45.09235382080078 20.384639739990234
730 -43.242671966552734 23.27323341369629
731 -43.09413528442383 23.7043399810791
732 -43.04505157470703 24.04109001159668
733 -43.13511657714844 24.16218376159668
734 -43.33824157714844 24.31557846069336
735 -43.613162994384766 24.434507369995117
736 -43.98535919189453 24.5355224609375
737 -44.25077819824219 24.558258056640625
738 -44.795806884765625 24.518943786621094
739 -45.00999450683594 24.40287208557129
740 -45.23509979248047 24.076967239379883
741 -45.33934020996094 23.775392532348633
742 -45.42502212524414 23.53438949584961
743 -45.56816864013672 23.24314308166504
744 -45.70930099487305 22.947982788085938
745 -45.80051040649414 22.77752113342285
746 -45.86930465698242 22.54960823059082
747 -45.779781341552734 22.32918357849121
748 -45.470603942871094 22.106983184814453
749 -45.14084243774414 21.974205017089844
750 -44.88560104370117 21.915700912475586
751 -44.49886703491211 21.86599349975586
752 -44.134559631347656 21.711978912353516
753 -43.86317825317383 21.587081909179688
754 -43.64130783081055 21.541393280029297
755 -43.32493591308594 21.654680252075195
756 -42.766910552978516 21.73668670654297
757 -42.421112060546875 21.662588119506836
758 -42.30533981323242 21.50229835510254
759 -42.110862731933594 21.12462615966797
760 -42.001609802246094 20.860963821411133
761 -42.09022903442383 20.20360565185547
762 -42.249595642089844 19.80632972717285
763 -42.40694808959961 19.624160766601562
764 -42.624732971191406 19.45725440979004
765 -42.84092712402344 19.2955379486084
766 -43.038169860839844 19.118694305419922
767 -43.50205993652344 18.57086181640625
768 -43.93715286254883 17.953702926635742
769 -43.99751281738281 17.69064712524414
770 -43.998374938964844 17.332273483276367
771 -44.00777053833008 16.997661590576172
772 -43.95005798339844 16.68934440612793
773 -43.88946533203125 16.370563507080078
774 -43.85223388671875 16.037925720214844
775 -43.82173156738281 15.614154815673828
776 -43.82649612426758 15.364572525024414
777 -43.909236907958984 15.002513885498047
778 -44.071170806884766 14.480875015258789
779 -44.18653869628906 14.057408332824707
780 -44.270477294921875 13.776145935058594
781 -44.406883239746094 13.310724258422852
782 -44.49445343017578 13.054010391235352
783 -44.598594665527344 12.77457046508789
784 -44.61958694458008 12.516465187072754
785 -44.5996208190918 12.184444427490234
786 -44.4973030090332 11.730903625488281
787 -44.44830322265625 11.61649227142334
788 -44.10637664794922 11.376262664794922
789 -43.882381439208984 11.21954345703125
790 -43.562049865722656 11.202850341796875
791 -42.8841438293457 11.18725872039795
792 -42.62188720703125 11.26943588256836
793 -42.44102478027344 11.388647079467773
794 -42.17106628417969 11.668635368347168
795 -41.99468231201172 11.90311336517334
796 -41.849510192871094 12.1585054397583
797 -41.710533142089844 12.366762161254883
798 -41.41297149658203 12.84465503692627
799 -40.76634979248047 13.865578651428223
800 -40.56982421875 14.137866973876953
801 -40.23814010620117 14.493477821350098
802 -39.98204040527344 14.785324096679688
803 -39.838768005371094 14.996552467346191
804 -39.72443389892578 15.297666549682617
805 -39.587623596191406 15.720430374145508
806 -39.49925231933594 16.03841781616211
807 -39.376495361328125 16.395469665527344
808 -39.221885681152344 16.55235481262207
809 -38.87642288208008 16.65107536315918
810 -38.71957015991211 16.5924129486084
811 -38.34405517578125 16.387237548828125
812 -37.82716369628906 16.051124572753906
813 -37.63187026977539 15.825651168823242
814 -37.43959045410156 15.84721851348877
815 -37.1191291809082 15.849748611450195
816 -36.89234161376953 15.802413940429688
817 -36.78056716918945 15.919967651367188
818 -36.57966232299805 15.990575790405273
819 -36.270137786865234 16.154054641723633
820 -35.86107635498047 16.34880256652832
821 -35.6050910949707 16.629161834716797
822 -35.60664367675781 16.917787551879883
823 -35.829219818115234 17.220911026000977
824 -36.1604118347168 17.561418533325195
825 -39.73179244995117 21.9216251373291
826 -39.8316764831543 22.11600685119629
827 -40.02045822143555 22.43463897705078
828 -40.201045989990234 22.71782684326172
829 -40.36012649536133 22.942354202270508
830 -40.46993637084961 23.042503356933594
831 -40.43161392211914 23.238357543945312
832 -40.13199234008789 23.59166717529297
833 -39.956947326660156 23.688980102539062
834 -39.698307037353516 23.780794143676758
835 -38.795040130615234 23.991243362426758
836 -38.446163177490234 24.11225128173828
837 -38.28915023803711 24.19440460205078
838 -38.127593994140625 24.41438102722168
839 -38.076995849609375 24.68329429626465
840 -38.11040496826172 24.8904972076416
841 -38.285682678222656 25.146303176879883
842 -38.68294906616211 25.37259864807129
843 -38.93450927734375 25.696022033691406
844 -39.0955810546875 25.870304107666016
845 -39.25904846191406 25.978450775146484
846 -39.44951629638672 25.93743133544922
847 -39.75019454956055 25.856569290161133
848 -39.98313903808594 25.829509735107422
849 -40.26530838012695 25.8882999420166
850 -40.623931884765625 26.02384376525879
851 -41.08860778808594 26.179302215576172
852 -41.22377014160156 26.252559661865234
853 -41.59250259399414 26.305566787719727
854 -41.70613098144531 26.388031005859375
855 -41.81875991821289 26.527408599853516
856 -42.20021438598633 26.77500343322754
857 -50.903358459472656 30.177213668823242
858 -51.03629684448242 30.312870025634766
859 -51.15038299560547 30.562410354614258
860 -51.238441467285156 30.750179290771484
861 -51.345096588134766 31.039878845214844
862 -51.508174896240234 31.480085372924805
863 -51.716434478759766 31.84784507751465
864 -51.90980911254883 32.07869338989258
865 -52.08293533325195 32.2613410949707
866 -52.13282012939453 32.420711517333984
867 -52.03593444824219 33.15468215942383
868 -52.046443939208984 33.36962890625
869 -52.04347229003906 33.62284469604492
870 -52.02124786376953 33.78299331665039
871 -51.80107879638672 33.89982223510742
872 -51.64959716796875 33.98656463623047
873 -51.41213607788086 34.209922790527344
874 -51.21269989013672 34.57129669189453
875 -51.09006118774414 34.85813903808594
876 -50.95509338378906 35.085914611816406
877 -50.79545211791992 35.25355529785156
878 -50.502830505371094 35.519588470458984
879 -50.1368293762207 35.67115783691406
880 -49.922401428222656 35.5853385925293
881 -49.71476745605469 35.2935676574707
882 -49.4224967956543 35.013404846191406
883 -49.06806182861328 34.59981155395508
884 -48.87227249145508 34.40992736816406
885 -41.391605377197266 31.729755401611328
886 -40.98670959472656 31.74234962463379
887 -40.78947067260742 31.736778259277344
888 -40.59769058227539 31.74215316772461
889 -40.47609329223633 31.76580047607422
890 -40.367244720458984 31.78105926513672
891 -40.21022415161133 31.69369125366211
892 -40.061790466308594 31.482650756835938
893 -39.9245719909668 31.286882400512695
894 -39.789920806884766 31.1003475189209
895 -39.44349670410156 31.13612937927246
896 -38.880088806152344 31.221755981445312
897 -38.59003829956055 31.298728942871094
898 -38.45033264160156 31.388561248779297
899 -38.178619384765625 31.53352165222168
900 -38.016632080078125 31.702375411987305
901 -37.81726837158203 31.949514389038086
902 -37.7709846496582 32.34701919555664
903 -37.88431930541992 32.89923095703125
904 -37.9577522277832 33.114444732666016
905 -37.92933654785156 33.23325729370117
906 -37.87874221801758 33.424041748046875
907 -37.805419921875 33.895259857177734
908 -37.8034782409668 34.16907501220703
909 -37.813682556152344 34.637264251708984
910 -37.766441345214844 34.909061431884766
911 -37.8656005859375 35.12800598144531
912 -38.041507720947266 35.36431121826172
913 -38.26599884033203 35.513301849365234
914 -38.55880355834961 35.616031646728516
915 -38.85371780395508 35.53273391723633
916 -39.27224349975586 35.24533462524414
917 -39.47336959838867 35.11907958984375
918 -39.69035339355469 35.084327697753906
919 -39.92448425292969 34.91804504394531
920 -40.2106819152832 34.691871643066406
921 -40.568607330322266 34.25307846069336
922 -41.030025482177734 33.93876647949219
923 -41.26948928833008 33.854217529296875
924 -41.43947219848633 33.77555847167969
925 -41.71876525878906 33.60618209838867
926 -41.86959457397461 33.48314666748047
927 -42.0485725402832 33.225311279296875
928 -42.326480865478516 32.861202239990234
929 -42.81210708618164 32.264869689941406
930 -43.302223205566406 31.69465446472168
931 -43.64162826538086 31.251266479492188
932 -43.71638488769531 31.044960021972656
933 -43.675445556640625 30.69854164123535
934 -43.613563537597656 30.454395294189453
935 -43.316036224365234 29.984914779663086
936 -43.08646774291992 29.733543395996094
937 -42.924171447753906 29.657865524291992
938 -42.5474853515625 29.55971908569336
939 -42.24464797973633 29.53106689453125
940 -42.01390075683594 29.530845642089844
941 -41.76719284057617 29.407024383544922
942 -41.55423355102539 29.201845169067383
943 -41.392364501953125 28.865894317626953
944 -41.230167388916016 28.57975959777832
945 -40.954769134521484 28.41542625427246
946 -40.59526824951172 28.44980812072754
947 -40.297157287597656 28.457801818847656
948 -40.0953369140625 28.428102493286133
949 -39.873844146728516 28.40481948852539
950 -39.54048538208008 28.2842960357666
951 -39.32139205932617 28.19889259338379
952 -39.011497497558594 28.142841339111328
953 -38.7274055480957 28.119035720825195
954 -38.513099670410156 28.22010612487793
955 -38.339942932128906 28.390392303466797
956 -38.13570022583008 28.71558380126953
957 -38.06200408935547 28.955568313598633
958 -33.69879150390625 36.938323974609375
959 -33.64187240600586 37.26389694213867
960 -33.60939025878906 37.388526916503906
961 -33.501102447509766 37.58174514770508
962 -33.314029693603516 37.8718147277832
963 -33.19850540161133 38.09271240234375
964 -33.12452697753906 38.212276458740234
965 -32.912837982177734 38.58013153076172
966 -32.74848937988281 39.059688568115234
967 -32.62900924682617 39.414649963378906
968 -32.48064041137695 39.80384826660156
969 -32.22699737548828 40.38936233520508
970 -32.119808197021484 40.58253479003906
971 -32.092124938964844 40.644126892089844
972 -32.04766845703125 40.79255676269531
973 -31.988147735595703 41.0732536315918
974 -31.8721981048584 41.58763885498047
975 -31.690906524658203 42.16029357910156
976 -31.67774200439453 42.41024398803711
977 -31.744869232177734 42.60214614868164
978 -32.088584899902344 43.00785827636719
979 -32.311912536621094 43.255592346191406
980 -32.499786376953125 43.389434814453125
981 -32.77206802368164 43.52285385131836
982 -32.90238952636719 43.62552261352539
983 -33.03494644165039 43.77197265625
984 -33.21718215942383 44.103336334228516
985 -33.43057632446289 44.74305725097656
986 -33.53900909423828 45.131004333496094
987 -33.70779800415039 45.789215087890625
988 -33.70526885986328 45.86907958984375
989 -33.79460906982422 46.07379150390625
990 -34.19855499267578 46.65138626098633
991 -34.46162796020508 46.90019989013672
992 -34.52493667602539 46.98162841796875
993 -34.50921630859375 47.05387496948242
994 -34.5512580871582 47.284358978271484
995 -34.71329116821289 47.91404724121094
996 -34.791351318359375 48.20038604736328
997 -34.87041091918945 48.421669006347656
998 -34.94413757324219 48.53141784667969
999 -35.004093170166016 48.64616775512695
