0 -10.070926666259766 49.6332893371582
1 -10.179971694946289 49.70146179199219
2 -10.51801586151123 49.971595764160156
3 -10.765615463256836 50.206886291503906
4 -11.16980266571045 50.612815856933594
5 -11.34483814239502 50.83467483520508
6 -11.463944435119629 50.9739875793457
7 -11.565221786499023 51.11674499511719
8 -11.672562599182129 51.284034729003906
9 -11.790303230285645 51.51200485229492
10 -11.810051918029785 51.70226287841797
11 -11.761505126953125 52.03321075439453
12 -11.716012001037598 52.60591506958008
13 -11.710050582885742 53.159461975097656
14 -11.819337844848633 53.406211853027344
15 -11.901841163635254 53.631675720214844
16 -12.148262977600098 53.89601516723633
17 -12.299559593200684 54.041648864746094
18 -12.461385726928711 54.0688362121582
19 -12.713984489440918 53.98025131225586
20 -12.970151901245117 53.878517150878906
21 -13.371139526367188 53.765384674072266
22 -13.75381851196289 53.641502380371094
23 -14.22722339630127 53.54784393310547
24 -14.610898971557617 53.465576171875
25 -14.87280559539795 53.417789459228516
26 -15.225662231445312 53.35939407348633
27 -15.490406036376953 53.295291900634766
28 -15.691018104553223 53.2736701965332
29 -15.996325492858887 53.23482131958008
30 -16.30895233154297 53.268184661865234
31 -16.6826229095459 53.34095001220703
32 -17.18834686279297 53.35630798339844
33 -17.80495834350586 53.35826110839844
34 -18.155973434448242 53.32408142089844
35 -18.698301315307617 53.211769104003906
36 -18.975534439086914 53.02202606201172
37 -19.196157455444336 52.76337432861328
38 -19.170337677001953 52.329307556152344
39 -19.088890075683594 52.126399993896484
40 -18.95464324951172 51.95915985107422
41 -18.63323211669922 51.7646369934082
42 -18.407249450683594 51.65437698364258
43 -18.17013168334961 51.5989990234375
44 -17.919260025024414 51.4549446105957
45 -17.53575325012207 51.21220397949219
46 -17.253116607666016 50.97161865234375
47 -16.867156982421875 50.585548400878906
48 -16.450660705566406 50.10039520263672
49 -16.20785903930664 49.798492431640625
50 -15.896900177001953 49.40116882324219
51 -15.713083267211914 49.16992950439453
52 -15.714303016662598 48.9488525390625
53 -15.776426315307617 48.651336669921875
54 -15.771343231201172 48.06073760986328
55 -15.764244079589844 47.840728759765625
56 -15.875996589660645 47.56516647338867
57 -16.131540298461914 47.036582946777344
58 -16.335372924804688 46.765403747558594
59 -16.526752471923828 46.57601547241211
60 -16.784778594970703 46.50151443481445
61 -17.02235984802246 46.52830123901367
62 -17.285005569458008 46.60598373413086
63 -17.707382202148438 46.62490463256836
64 -18.11232566833496 46.59469985961914
65 -18.530073165893555 46.5431022644043
66 -18.9894962310791 46.47648239135742
67 -19.401338577270508 46.442230224609375
68 -19.648181915283203 46.53007125854492
69 -19.86857032775879 46.62814712524414
70 -20.15970802307129 46.710723876953125
71 -20.353565216064453 46.85335922241211
72 -20.49007225036621 47.12999725341797
73 -20.499601364135742 47.36205291748047
74 -20.542255401611328 47.69392776489258
75 -20.54787826538086 48.187042236328125
76 -20.587312698364258 48.432289123535156
77 -20.804771423339844 48.5098762512207
78 -21.02891731262207 48.64424514770508
79 -21.397768020629883 48.61714553833008
80 -21.743074417114258 48.537437438964844
81 -21.975933074951172 48.59740447998047
82 -22.209665298461914 48.68406295776367
83 -22.68642234802246 49.0294303894043
84 -23.047136306762695 49.31740188598633
85 -23.277551651000977 49.57365417480469
86 -23.379045486450195 49.704524993896484
87 -23.484834671020508 50.0369987487793
88 -23.715177536010742 50.512542724609375
89 -23.97601318359375 50.75666809082031
90 -24.100210189819336 50.8734245300293
91 -24.181535720825195 51.0047721862793
92 -24.321874618530273 51.280025482177734
93 -24.52581214904785 51.645233154296875
94 -24.684053421020508 51.88578796386719
95 -24.871910095214844 52.069793701171875
96 -25.014144897460938 52.22240447998047
97 -25.25617027282715 52.281803131103516
98 -25.71466827392578 52.49873733520508
99 -25.95438003540039 52.53584289550781
100 -26.427637100219727 52.34159469604492
101 -26.586395263671875 52.30792999267578
102 -26.9843692779541 52.28300476074219
103 -27.42250633239746 52.19454574584961
104 -27.9188289642334 52.07902908325195
105 -28.17112922668457 51.784881591796875
106 -28.527002334594727 51.32509994506836
107 -28.61614990234375 51.13322067260742
108 -28.660627365112305 50.73054885864258
109 -28.6491756439209 50.35799026489258
110 -28.565500259399414 49.933387756347656
111 -28.529691696166992 49.73834228515625
112 -28.27419090270996 49.3849983215332
113 -28.006603240966797 49.05939483642578
114 -27.811487197875977 48.79326248168945
115 -27.587482452392578 48.47525405883789
116 -27.379180908203125 48.12329864501953
117 -27.45427894592285 47.803863525390625
118 -27.544387817382812 47.44154357910156
119 -27.65953254699707 46.9627571105957
120 -27.81668472290039 46.25901794433594
121 -27.786027908325195 46.108219146728516
122 -27.642967224121094 46.07488250732422
123 -27.21873664855957 46.25577926635742
124 -26.505247116088867 46.780479431152344
125 -26.271970748901367 46.96147537231445
126 -26.10947036743164 47.03425598144531
127 -25.845048904418945 47.01795196533203
128 -25.37692642211914 46.7703857421875
129 -25.09836769104004 46.5950813293457
130 -24.972620010375977 46.432376861572266
131 -24.78348731994629 46.247989654541016
132 -24.68582534790039 45.995731353759766
133 -24.476716995239258 45.39079666137695
134 -24.285799026489258 44.81999969482422
135 -24.17603302001953 44.418827056884766
136 -24.12699317932129 44.11552047729492
137 -24.028621673583984 43.74883270263672
138 -24.00823402404785 43.26694869995117
139 -23.955490112304688 42.96098327636719
140 -23.87019157409668 42.75080108642578
141 -23.73419189453125 42.52444076538086
142 -23.649063110351562 42.324790954589844
143 -23.57339096069336 42.16417694091797
144 -23.223726272583008 41.90461730957031
145 -23.061384201049805 41.553810119628906
146 -22.922462463378906 41.41980743408203
147 -22.449865341186523 41.3112678527832
148 -22.166702270507812 41.28078079223633
149 -22.002792358398438 41.52070236206055
150 -21.842979431152344 41.81689453125
151 -21.53592300415039 41.94416046142578
152 -21.004989624023438 41.83606719970703
153 -20.741641998291016 41.64002990722656
154 -20.559038162231445 41.350494384765625
155 -20.32683753967285 40.740394592285156
156 -20.169126510620117 40.30925369262695
157 -20.08885955810547 40.0919303894043
158 -19.947128295898438 39.77920150756836
159 -19.778104782104492 39.53713607788086
160 -19.646831512451172 39.39925765991211
161 -19.475648880004883 39.28391647338867
162 -18.878507614135742 38.92900466918945
163 -18.583721160888672 38.68351364135742
164 -18.162639617919922 38.23956298828125
165 -17.87502670288086 37.92829895019531
166 -17.704246520996094 37.828758239746094
167 -17.584732055664062 37.78767395019531
168 -17.35780906677246 37.852542877197266
169 -17.15824317932129 37.877140045166016
170 -16.767789840698242 37.95646286010742
171 -16.46044921875 38.00607681274414
172 -16.039857864379883 38.109561920166016
173 -15.681282997131348 38.23405075073242
174 -15.406830787658691 38.306575775146484
175 -15.060345649719238 38.3792610168457
176 -14.837647438049316 38.41624069213867
177 -14.500216484069824 38.5218505859375
178 -14.131002426147461 38.686771392822266
179 -13.824222564697266 38.8624382019043
180 -13.336482048034668 39.15974044799805
181 -12.915796279907227 39.44783401489258
182 -12.495306015014648 39.75703811645508
183 -12.288015365600586 40.028621673583984
184 -12.14687442779541 40.36085891723633
185 -12.089569091796875 40.6749153137207
186 -11.9775972366333 41.19304275512695
187 -11.87118911743164 41.567955017089844
188 -11.791972160339355 41.8186149597168
189 -11.609285354614258 42.38382339477539
190 -11.467002868652344 42.79115676879883
191 -11.321659088134766 43.1270751953125
192 -11.011384963989258 43.45237731933594
193 -10.451869010925293 43.683536529541016
194 -10.103372573852539 43.774940490722656
195 -9.79122257232666 43.814170837402344
196 -9.579769134521484 43.904502868652344
197 -9.330814361572266 44.07111358642578
198 -9.136636734008789 44.27301788330078
199 -8.624255180358887 44.8498649597168
200 -8.369750022888184 45.018104553222656
201 -8.101902961730957 45.1826057434082
202 -7.8494791984558105 45.37767028808594
203 -7.5414137840271 45.706031799316406
204 -7.280223846435547 46.09310531616211
205 -7.045743465423584 46.45800018310547
206 -6.755643844604492 46.92680740356445
207 -6.676260471343994 47.093116760253906
208 -6.6473002433776855 47.28572463989258
209 -6.543713092803955 47.59404373168945
210 -6.335995674133301 48.123905181884766
211 -6.129271507263184 48.535186767578125
212 -5.976419925689697 48.802757263183594
213 -5.897387981414795 48.93486022949219
214 -5.749659061431885 49.20015335083008
215 -5.601470947265625 49.444705963134766
216 -5.4608635902404785 49.661643981933594
217 -5.349844455718994 49.91313171386719
218 -5.088016510009766 50.529579162597656
219 -4.976074695587158 50.853363037109375
220 -4.874730110168457 51.234275817871094
221 -4.707517623901367 51.732521057128906
222 -4.640150547027588 51.9197883605957
223 -4.606473445892334 52.138736724853516
224 -4.596706390380859 52.457069396972656
225 -4.5626091957092285 53.13587188720703
226 -4.52277135848999 53.534095764160156
227 -4.501278877258301 53.719051361083984
228 -4.4558491706848145 54.1929931640625
229 -4.41688871383667 54.59170913696289
230 -4.330225467681885 55.093727111816406
231 -4.171586036682129 55.72847366333008
232 -4.067443370819092 56.0205192565918
233 -3.995626211166382 56.43437194824219
234 -3.9507412910461426 56.86859130859375
235 -4.008410453796387 57.1307258605957
236 -4.309283256530762 57.56373977661133
237 -4.460103988647461 57.776912689208984
238 -4.644832134246826 57.921329498291016
239 -4.954774856567383 58.146297454833984
240 -5.115706443786621 58.231937408447266
241 -5.463482856750488 58.29690170288086
242 -5.8391289710998535 58.45796203613281
243 -6.002118110656738 58.69990158081055
244 -6.026697158813477 58.886138916015625
245 -6.147233009338379 59.28737258911133
246 -6.236129283905029 59.7443962097168
247 -6.276607990264893 60.01207733154297
248 -6.314020156860352 60.39725112915039
249 -6.346101760864258 60.62704086303711
250 -6.389970779418945 60.8767204284668
251 -6.486968994140625 61.28720474243164
252 -6.570321083068848 61.649112701416016
253 -6.670112609863281 62.04041290283203
254 -6.7523651123046875 62.29776382446289
255 -6.824189186096191 62.52294158935547
256 -7.008592128753662 63.26481628417969
257 -7.160139560699463 63.76560974121094
258 -7.326280117034912 64.2092514038086
259 -7.505115032196045 64.61773681640625
260 -7.596168518066406 64.906982421875
261 -7.6525068283081055 65.3819808959961
262 -7.6395416259765625 65.77047729492188
263 -7.477960109710693 65.94219207763672
264 -7.294449806213379 66.10299682617188
265 -6.926330089569092 66.19969177246094
266 -6.254150390625 66.35446166992188
267 -5.999843597412109 66.35855865478516
268 -5.75011682510376 66.3896484375
269 -5.621510982513428 66.42681121826172
270 -5.218038082122803 66.69351196289062
271 -4.749302387237549 67.0145034790039
272 -4.544236183166504 67.21090698242188
273 -4.252553462982178 67.4583511352539
274 -4.024620532989502 67.59263610839844
275 -4.136842727661133 67.85914611816406
276 -4.337449073791504 68.19649505615234
277 -4.46486234664917 68.40167999267578
278 -4.687617778778076 68.63540649414062
279 -5.187390327453613 68.97086334228516
280 -5.523331642150879 69.15751647949219
281 -5.723005294799805 69.28788757324219
282 -5.7996978759765625 69.5126953125
283 -5.843990325927734 69.7726821899414
284 -5.789349555969238 70.22754669189453
285 -5.873493671417236 70.81462097167969
286 -5.890554904937744 70.9677734375
287 -5.876502513885498 71.37686157226562
288 -5.871505260467529 71.68343353271484
289 -5.780193328857422 72.34239196777344
290 -5.754368782043457 72.53076934814453
291 -5.669802188873291 72.73653411865234
292 -5.505792617797852 72.84530639648438
293 -5.318242073059082 72.96865844726562
294 -5.133867263793945 73.1915512084961
295 -4.815335273742676 73.59042358398438
296 -4.571022987365723 73.68709564208984
297 -4.321181774139404 73.684326171875
298 -3.6240828037261963 73.31829833984375
299 -3.331002950668335 73.29823303222656
300 -3.152332305908203 73.39488220214844
301 -2.979945421218872 73.56431579589844
302 -2.8021719455718994 73.89642333984375
303 -2.754788637161255 74.2853012084961
304 -2.8103814125061035 74.63654327392578
305 -2.9184775352478027 74.97085571289062
306 -3.187122344970703 75.38733673095703
307 -3.5329573154449463 75.59706115722656
308 -3.676203966140747 75.73262023925781
309 -3.8667824268341064 75.85299682617188
310 -4.155416965484619 76.00748443603516
311 -4.5026116371154785 76.02322387695312
312 -4.8498215675354 75.99980163574219
313 -5.089299201965332 76.00640106201172
314 -5.231675148010254 76.04032135009766
315 -5.558172702789307 76.12594604492188
316 -5.8482561111450195 76.2477798461914
317 -6.288272857666016 76.41350555419922
318 -6.6425557136535645 76.5878677368164
319 -6.815189361572266 76.7048110961914
320 -7.039769172668457 76.89263916015625
321 -7.845952033996582 77.7812728881836
322 -7.935327529907227 77.86625671386719
323 -8.070869445800781 77.96414184570312
324 -8.435157775878906 78.15373992919922
325 -8.618091583251953 78.2452392578125
326 -8.803421020507812 78.35663604736328
327 -30.357173919677734 78.80750274658203
328 -30.60445213317871 78.77393341064453
329 -30.964473724365234 78.69774627685547
330 -31.311628341674805 78.56640625
331 -31.902828216552734 78.31671142578125
332 -32.05009078979492 78.27008056640625
333 -32.287742614746094 78.19448852539062
334 -32.5269775390625 78.18616485595703
335 -33.068660736083984 78.22634887695312
336 -33.46751403808594 78.26460266113281
337 -33.77099609375 78.26788330078125
338 -34.031551361083984 78.21278381347656
339 -34.92186737060547 77.51175689697266
340 -35.051029205322266 77.42205047607422
341 -35.11406326293945 77.55828857421875
342 -35.29540252685547 77.83207702636719
343 -35.63675308227539 78.25200653076172
344 -35.74349594116211 78.37278747558594
345 -35.757713317871094 78.7469253540039
346 -35.8262825012207 79.35821533203125
347 -35.774837493896484 79.62259674072266
348 -35.659427642822266 79.83790588378906
349 -35.43651580810547 80.16068267822266
350 -35.269901275634766 80.4697494506836
351 -35.175621032714844 80.69672393798828
352 -35.0920295715332 80.8837661743164
353 -34.96250534057617 81.16532897949219
354 -34.775535583496094 81.46623992919922
355 -34.56990432739258 81.69049835205078
356 -34.29732894897461 81.95175170898438
357 -34.164642333984375 82.08060455322266
358 -34.0470085144043 82.20935821533203
359 -33.854652404785156 82.35457611083984
360 -33.62604904174805 82.46037292480469
361 -33.41828536987305 82.5033950805664
362 -33.06144714355469 82.55286407470703
363 -23.233001708984375 57.397056579589844
364 -23.107446670532227 57.28785705566406
365 -22.704322814941406 57.02311706542969
366 -22.461856842041016 56.868934631347656
367 -22.33310317993164 56.79267501831055
368 -22.097993850708008 56.715885162353516
369 -21.661649703979492 56.583351135253906
370 -21.32240867614746 56.54315185546875
371 -21.191091537475586 56.49213409423828
372 -20.855411529541016 56.480010986328125
373 -20.64052391052246 56.48590850830078
374 -20.05788803100586 56.548526763916016
375 -19.84015655517578 56.586421966552734
376 -19.69788360595703 56.6138801574707
377 -19.295610427856445 56.6511116027832
378 -18.8919620513916 56.745887756347656
379 -18.700733184814453 56.811683654785156
380 -18.57292938232422 56.99155807495117
381 -18.459228515625 57.43669509887695
382 -18.372970581054688 57.74656677246094
383 -18.207897186279297 58.05588150024414
384 -17.906774520874023 58.33446502685547
385 -17.566734313964844 58.470638275146484
386 -17.079132080078125 58.420753479003906
387 -16.866703033447266 58.43310546875
388 -16.654346466064453 58.42371368408203
389 -16.489639282226562 58.56324768066406
390 -16.394622802734375 58.8173713684082
391 -16.127817153930664 59.44369125366211
392 -15.957297325134277 59.81376647949219
393 -15.808825492858887 60.17430877685547
394 -15.732454299926758 60.411380767822266
395 -15.453834533691406 61.094444274902344
396 -15.271199226379395 61.38459396362305
397 -15.060660362243652 61.721553802490234
398 -14.88875675201416 61.982582092285156
399 -14.702740669250488 62.42594909667969
400 -14.476950645446777 62.97495651245117
401 -14.361322402954102 63.19397735595703
402 -14.133082389831543 63.47895812988281
403 -13.543861389160156 64.0377426147461
404 -13.065217018127441 64.40707397460938
405 -12.892532348632812 64.59945678710938
406 -12.773643493652344 64.77315521240234
407 -12.645514488220215 65.04025268554688
408 -12.6244478225708 65.11933135986328
409 -12.653277397155762 65.35832977294922
410 -12.719439506530762 65.90867614746094
411 -12.777409553527832 66.67584991455078
412 -12.763276100158691 66.87345886230469
413 -12.716700553894043 67.0141830444336
414 -12.700560569763184 67.33055877685547
415 -12.614214897155762 67.72084045410156
416 -12.519970893859863 67.98003387451172
417 -12.85322380065918 68.062744140625
418 -13.232975006103516 68.13128662109375
419 -13.43973445892334 68.20023345947266
420 -13.627593040466309 68.37847137451172
421 -13.876348495483398 68.69657135009766
422 -14.052319526672363 68.91881561279297
423 -14.25892448425293 69.15193939208984
424 -14.740748405456543 69.52666473388672
425 -15.39792251586914 69.89905548095703
426 -15.839447975158691 70.0184326171875
427 -16.309932708740234 70.05402374267578
428 -16.655746459960938 70.0528335571289
429 -16.863771438598633 69.97494506835938
430 -17.226743698120117 69.80743408203125
431 -20.319292068481445 67.95372772216797
432 -20.66433334350586 67.79476928710938
433 -20.9674072265625 67.69525146484375
434 -21.169748306274414 67.7305679321289
435 -21.262378692626953 67.94692993164062
436 -21.378170013427734 68.6229248046875
437 -21.509445190429688 68.96983337402344
438 -21.593660354614258 69.27395629882812
439 -21.560489654541016 69.56649780273438
440 -21.4208984375 69.75501251220703
441 -20.73063850402832 70.27786254882812
442 -20.432170867919922 70.49823760986328
443 -20.04865837097168 70.63754272460938
444 -19.826976776123047 70.5606689453125
445 -19.500755310058594 70.39246368408203
446 -18.882173538208008 69.94160461425781
447 -18.73591423034668 69.73455047607422
448 -18.640336990356445 69.43363189697266
449 -18.574054718017578 69.04454040527344
450 -18.53559684753418 68.74571990966797
451 -18.38958740234375 68.0099105834961
452 -18.34031105041504 67.7340087890625
453 -18.22321319580078 67.58270263671875
454 -18.008005142211914 67.38389587402344
455 -17.74034309387207 67.1092758178711
456 -17.564786911010742 66.93977355957031
457 -17.31015396118164 66.58924102783203
458 -17.12601661682129 66.31210327148438
459 -17.01154899597168 65.99819946289062
460 -16.976083755493164 65.7174072265625
461 -17.013214111328125 65.37846374511719
462 -17.18765640258789 64.95694732666016
463 -17.514015197753906 64.48997497558594
464 -17.684236526489258 64.27749633789062
465 -17.86823844909668 64.06610107421875
466 -18.111679077148438 63.945133209228516
467 -18.373271942138672 63.854576110839844
468 -18.542552947998047 63.759185791015625
469 -18.972158432006836 63.3665885925293
470 -19.27818489074707 63.05577850341797
471 -19.59708023071289 62.75594711303711
472 -19.963314056396484 62.53329849243164
473 -20.302152633666992 62.368568420410156
474 -20.719209671020508 62.190242767333984
475 -21.124217987060547 61.977088928222656
476 -21.321409225463867 61.845359802246094
477 -21.58496856689453 61.71373748779297
478 -21.909353256225586 61.59733963012695
479 -22.149322509765625 61.531944274902344
480 -22.37967872619629 61.515785217285156
481 -22.65321159362793 61.49496841430664
482 -41.19308090209961 69.13874816894531
483 -41.00468826293945 69.27037811279297
484 -40.922019958496094 69.3793716430664
485 -40.886138916015625 69.49330139160156
486 -40.995384216308594 69.90534210205078
487 -41.006919860839844 70.37553405761719
488 -40.96958923339844 70.81938171386719
489 -40.96483612060547 71.13935089111328
490 -40.9918212890625 71.59494018554688
491 -41.02264404296875 72.0224838256836
492 -41.034732818603516 72.20716857910156
493 -41.04655075073242 72.4592056274414
494 -40.957420349121094 72.74798583984375
495 -40.827091217041016 73.03987884521484
496 -40.76569747924805 73.23631286621094
497 -40.702186584472656 73.52772521972656
498 -40.648223876953125 73.81878662109375
499 -40.56912612915039 74.11949920654297
500 -40.566444396972656 74.25177001953125
501 -40.57462692260742 74.45286560058594
502 -40.622196197509766 74.83222961425781
503 -40.64029312133789 75.06773376464844
504 -40.70380401611328 75.34651947021484
505 -40.753170013427734 75.75859832763672
506 -40.79237747192383 76.17192840576172
507 -40.82894515991211 76.5482406616211
508 -40.99821853637695 76.83084106445312
509 -41.24909973144531 76.98119354248047
510 -41.6654167175293 77.13947296142578
511 -42.15089416503906 77.3152084350586
512 -42.46302795410156 77.45087432861328
513 -42.6361198425293 77.52815246582031
514 -42.915916442871094 77.66649627685547
515 -43.228546142578125 77.93317413330078
516 -43.685733795166016 78.3729019165039
517 -43.96638488769531 78.6245346069336
518 -44.368587493896484 78.94218444824219
519 -44.554080963134766 79.15824890136719
520 -44.61982345581055 79.27355194091797
521 -44.748348236083984 79.51258850097656
522 -44.83620071411133 79.69750213623047
523 -44.948875427246094 80.04886627197266
524 -45.11197280883789 80.59832000732422
525 -45.256595611572266 80.89215850830078
526 -45.541568756103516 81.42259216308594
527 -45.81100845336914 81.88603973388672
528 -45.881622314453125 82.10354614257812
529 -45.98937225341797 82.39456939697266
530 -46.08891677856445 82.66459655761719
531 -46.17344665527344 82.89888763427734
532 -46.2326545715332 83.20854949951172
533 -46.25068283081055 83.54329681396484
534 -46.05963897705078 83.74260711669922
535 -45.978206634521484 83.85186004638672
536 -45.78363037109375 84.11084747314453
537 -45.57295608520508 84.3967514038086
538 -45.446983337402344 84.70055389404297
539 -45.27534866333008 85.05531311035156
540 -45.099308013916016 85.29781341552734
541 -44.91674041748047 85.54962158203125
542 -44.758384704589844 85.8254623413086
543 -44.55345153808594 86.2830810546875
544 -44.47612380981445 86.41168975830078
545 -44.28070068359375 86.36927032470703
546 -43.694129943847656 85.97171020507812
547 -43.361812591552734 85.85176086425781
548 -43.03678512573242 85.7651596069336
549 -42.746665954589844 85.71160888671875
550 -42.603492736816406 85.6092529296875
551 -42.51082229614258 85.46935272216797
552 -42.36859130859375 85.10340881347656
553 -42.18043899536133 84.71309661865234
554 -41.96134948730469 84.43094635009766
555 -41.74021530151367 84.33097076416016
556 -41.489410400390625 84.38050842285156
557 -41.01102828979492 84.55232238769531
558 -40.61651611328125 84.68097686767578
559 -40.306026458740234 84.94954681396484
560 -40.20711135864258 84.98788452148438
561 -40.111454010009766 84.98507690429688
562 -39.80601119995117 84.9777603149414
563 -39.211856842041016 84.77936553955078
564 -38.892642974853516 84.72325134277344
565 -38.391849517822266 84.53462982177734
566 -38.24372863769531 84.35684204101562
567 -38.253639221191406 84.09584045410156
568 -38.504783630371094 83.72383880615234
569 -38.69880294799805 83.34931182861328
570 -38.762149810791016 83.01837921142578
571 -38.73548889160156 82.86735534667969
572 -38.69329071044922 82.7500228881836
573 -38.58147048950195 82.46277618408203
574 -34.94795227050781 73.956787109375
575 -34.89292907714844 73.66358947753906
576 -34.88187026977539 73.4026870727539
577 -34.798885345458984 72.91051483154297
578 -34.63646697998047 72.65039825439453
579 -34.39180374145508 72.43195343017578
580 -34.135345458984375 72.31797790527344
581 -33.8582649230957 72.22052764892578
582 -33.45677185058594 72.09021759033203
583 -33.04960250854492 72.01800537109375
584 -32.77232360839844 71.9504165649414
585 -32.54630661010742 71.93749237060547
586 -32.044490814208984 71.82923889160156
587 -31.706083297729492 71.74398040771484
588 -31.56231689453125 71.68719482421875
589 -31.303552627563477 71.5592269897461
590 -30.761707305908203 71.27263641357422
591 -30.347238540649414 71.00369262695312
592 -30.073366165161133 70.78974914550781
593 -29.822111129760742 70.58704376220703
594 -29.531726837158203 70.33837127685547
595 -29.19041633605957 70.0763931274414
596 -28.926355361938477 69.89188385009766
597 -28.682981491088867 69.73993682861328
598 -28.269819259643555 69.48225402832031
599 -27.88463592529297 69.24456787109375
600 -27.637664794921875 69.08202362060547
601 -27.37196922302246 68.90873718261719
602 -27.118064880371094 68.74903106689453
603 -26.833024978637695 68.5841293334961
604 -26.628284454345703 68.4388656616211
605 -26.43327522277832 68.2821044921875
606 -26.110719680786133 68.05533599853516
607 -25.89110565185547 67.92713165283203
608 -25.749574661254883 67.80423736572266
609 -25.385587692260742 67.30795288085938
610 -25.252161026000977 67.00611877441406
611 -25.068506240844727 66.600830078125
612 -24.890552520751953 66.18460845947266
613 -24.75659942626953 65.89940643310547
614 -24.671693801879883 65.39372253417969
615 -24.72442054748535 65.0593032836914
616 -24.814573287963867 64.61063385009766
617 -24.968660354614258 64.16648864746094
618 -25.076675415039062 63.948604583740234
619 -25.183727264404297 63.683982849121094
620 -25.514389038085938 62.98108673095703
621 -25.924776077270508 62.17063903808594
622 -26.227956771850586 61.44197463989258
623 -26.400571823120117 61.02000045776367
624 -26.574260711669922 60.671199798583984
625 -26.79677963256836 60.29952621459961
626 -27.0093994140625 60.04084396362305
627 -27.60224151611328 59.396461486816406
628 -27.85738182067871 59.11611557006836
629 -28.01117515563965 58.91300582885742
630 -28.202939987182617 58.74557876586914
631 -28.402814865112305 58.552032470703125
632 -28.728713989257812 58.26727294921875
633 -29.137571334838867 57.96388626098633
634 -29.404712677001953 57.854408264160156
635 -29.731422424316406 57.84379577636719
636 -30.195762634277344 57.906681060791016
637 -30.6362361907959 58.01929473876953
638 -31.00236701965332 58.09885787963867
639 -31.21908187866211 58.1790885925293
640 -31.950239181518555 58.409149169921875
641 -32.61698532104492 58.550777435302734
642 -32.9007453918457 58.628753662109375
643 -33.11763381958008 58.746742248535156
644 -33.47149658203125 58.909427642822266
645 -33.77880096435547 59.1728515625
646 -33.91962432861328 59.27995300292969
647 -34.03227615356445 59.44808578491211
648 -34.05336380004883 59.742576599121094
649 -34.00188064575195 60.29643630981445
650 -33.831295013427734 60.769775390625
651 -33.68470001220703 60.945274353027344
652 -33.40949630737305 61.20220947265625
653 -32.87726593017578 61.77570724487305
654 -32.5857048034668 62.04685592651367
655 -32.383277893066406 62.21279525756836
656 -32.07247543334961 62.434513092041016
657 -31.871355056762695 62.56888198852539
658 -31.613121032714844 62.7304573059082
659 -31.216564178466797 62.959510803222656
660 -30.697860717773438 63.263427734375
661 -30.411781311035156 63.47309494018555
662 -30.246477127075195 63.578407287597656
663 -30.158283233642578 63.79844665527344
664 -30.047395706176758 64.1234359741211
665 -29.951549530029297 64.49788665771484
666 -29.850526809692383 64.77731323242188
667 -29.785921096801758 65.00951385498047
668 -29.741891860961914 65.17943572998047
669 -26.159074783325195 73.4693374633789
670 -26.12646484375 73.6338882446289
671 -26.079242706298828 74.0552749633789
672 -26.106216430664062 74.47679138183594
673 -26.130098342895508 74.75379180908203
674 -26.195730209350586 75.04029083251953
675 -26.40253257751465 75.5197982788086
676 -26.566598892211914 75.734375
677 -26.713504791259766 75.96358489990234
678 -26.75454330444336 76.304443359375
679 -26.775096893310547 76.80257415771484
680 -26.720251083374023 77.05802917480469
681 -26.453046798706055 77.23092651367188
682 -25.881816864013672 77.3543472290039
683 -25.285701751708984 77.36009979248047
684 -24.821571350097656 77.3404769897461
685 -24.58774757385254 77.28400421142578
686 -24.488054275512695 77.20672607421875
687 -24.307483673095703 77.03226470947266
688 -24.182754516601562 76.66448211669922
689 -24.01844024658203 76.44270324707031
690 -23.738765716552734 76.02201843261719
691 -23.489276885986328 75.8360595703125
692 -23.309120178222656 75.81327819824219
693 -23.03453826904297 75.8885498046875
694 -22.60663414001465 76.05724334716797
695 -22.184389114379883 76.15809631347656
696 -21.739763259887695 76.21759796142578
697 -21.370033264160156 76.2673110961914
698 -20.983978271484375 76.28404998779297
699 -20.54378318786621 76.37010955810547
700 -20.232702255249023 76.44346618652344
701 -19.91953468322754 76.42501831054688
702 -19.54842185974121 76.37385559082031
703 -19.38218116760254 76.35382080078125
704 -19.161046981811523 76.42939758300781
705 -18.968042373657227 76.53851318359375
706 -18.68109130859375 76.70759582519531
707 -18.294723510742188 76.84668731689453
708 -17.958009719848633 77.03897857666016
709 -17.89617156982422 77.24609375
710 -17.94933319091797 77.57852935791016
711 -17.956634521484375 77.89210510253906
712 -18.030895233154297 78.13459777832031
713 -18.19837760925293 78.67353820800781
714 -18.450462341308594 78.96561431884766
715 -18.806882858276367 79.14537811279297
716 -19.089506149291992 79.31262969970703
717 -19.527481079101562 79.6148910522461
718 -19.77839469909668 79.75719451904297
719 -20.08029556274414 79.96524810791016
720 -20.286258697509766 80.05229949951172
721 -20.419681549072266 79.9659423828125
722 -20.720321655273438 79.92818450927734
723 -21.192466735839844 79.95020294189453
724 -21.484834671020508 80.00690460205078
725 -21.644535064697266 79.99838256835938
726 -21.76934814453125 79.99789428710938
727 -22.242839813232422 80.02499389648438
728 -22.828264236450195 80.053955078125
729 -23.063846588134766 80.07466125488281
730 -23.442012786865234 80.23795318603516
731 -23.696149826049805 80.32889556884766
732 -24.009511947631836 80.43753814697266
733 -24.17013931274414 80.6257553100586
734 -24.456266403198242 81.00313568115234
735 -24.382713317871094 81.3232421875
736 -24.360580444335938 81.53510284423828
737 -24.17131805419922 81.80461883544922
738 -23.7965145111084 82.01245880126953
739 -23.36321258544922 82.27325439453125
740 -23.086467742919922 82.42695617675781
741 -22.90177345275879 82.57881927490234
742 -22.65515899658203 82.8533935546875
743 -22.42085838317871 83.07495880126953
744 -22.24282455444336 83.1950454711914
745 -22.136119842529297 83.27403259277344
746 -21.81842613220215 83.40196990966797
747 -21.572004318237305 83.43924713134766
748 -21.28304672241211 83.4454574584961
749 -20.896488189697266 83.50559997558594
750 -20.68021011352539 83.5685043334961
751 -20.338096618652344 83.72187042236328
752 -19.799808502197266 83.9353256225586
753 -19.354583740234375 84.08177185058594
754 -19.090774536132812 84.18384552001953
755 -18.823455810546875 84.1630630493164
756 -18.028945922851562 83.77375793457031
757 -17.81263542175293 83.754150390625
758 -17.405628204345703 84.02243041992188
759 -17.254079818725586 84.29761505126953
760 -17.169729232788086 84.43022918701172
761 -17.276662826538086 84.70423126220703
762 -17.528390884399414 85.47756958007812
763 -17.620243072509766 85.85576629638672
764 -17.662418365478516 86.2098388671875
765 -17.63776397705078 86.61760711669922
766 -17.6237735748291 87.11564636230469
767 -17.7037410736084 87.4312973022461
768 -18.04729652404785 87.68864440917969
769 -18.25518226623535 87.79793548583984
770 -18.47209358215332 87.83027648925781
771 -18.989614486694336 87.86024475097656
772 -19.57529640197754 87.93682861328125
773 -19.7322998046875 87.99142456054688
774 -19.926158905029297 88.11151123046875
775 -20.307523727416992 88.48170471191406
776 -20.61119842529297 88.87100982666016
777 -21.047231674194336 89.09276580810547
778 -21.190156936645508 89.1121597290039
779 -21.3492488861084 88.93822479248047
780 -21.53228187561035 88.59001159667969
781 -21.783592224121094 88.05562591552734
782 -22.100425720214844 87.71670532226562
783 -22.30193328857422 87.61750030517578
784 -22.465370178222656 87.52200317382812
785 -22.802318572998047 87.37273406982422
786 -23.346092224121094 87.17900085449219
787 -23.525278091430664 87.0875015258789
788 -23.76960563659668 86.9002914428711
789 -24.241436004638672 86.67982482910156
790 -24.71723175048828 86.51754760742188
791 -25.018394470214844 86.56462097167969
792 -25.226911544799805 86.60310363769531
793 -25.374412536621094 86.65851593017578
794 -25.615957260131836 86.82177734375
795 -25.885648727416992 86.95536804199219
796 -26.23424530029297 87.16661834716797
797 -26.577884674072266 87.35823822021484
798 -27.07139778137207 87.6451644897461
799 -27.256092071533203 87.79818725585938
800 -27.167749404907227 88.06780242919922
801 -26.882659912109375 88.4933853149414
802 -26.605016708374023 88.85235595703125
803 -26.458892822265625 88.96178436279297
804 -26.26184844970703 89.34355926513672
805 -26.13716697692871 89.77896118164062
806 -26.084409713745117 90.26092529296875
807 -26.162782669067383 90.64532470703125
808 -26.27446746826172 90.95171356201172
809 -26.420997619628906 91.24384307861328
810 -26.548311233520508 91.58612823486328
811 -26.58725357055664 91.95413970947266
812 -26.598529815673828 92.21610260009766
813 -26.37346839904785 92.55223846435547
814 -26.113889694213867 92.94913482666016
815 -25.982126235961914 93.05451202392578
816 -25.627479553222656 93.31578063964844
817 -25.337305068969727 93.50985717773438
818 -25.10432243347168 93.51581573486328
819 -24.80867576599121 93.41788482666016
820 -24.485628128051758 93.30723571777344
821 -24.231456756591797 93.21214294433594
822 -23.923336029052734 93.18341064453125
823 -23.5390625 93.20240783691406
824 -23.124967575073242 93.2544937133789
825 -22.555774688720703 93.3666763305664
826 -22.179994583129883 93.48210144042969
827 -21.803394317626953 93.60660552978516
828 -21.250165939331055 93.78895568847656
829 -20.926578521728516 93.92371368408203
830 -20.492666244506836 94.11591339111328
831 -20.18500518798828 94.23191833496094
832 -19.840543746948242 94.33878326416016
833 -19.38987159729004 94.46456146240234
834 -19.054410934448242 94.53623962402344
835 -18.564727783203125 94.61322021484375
836 -18.18170738220215 94.68097686767578
837 -17.805259704589844 94.73839569091797
838 -17.518285751342773 94.77369689941406
839 -17.164030075073242 94.83623504638672
840 -16.672565460205078 94.87761688232422
841 -16.306976318359375 94.90823364257812
842 -16.153284072875977 94.91879272460938
843 -15.979836463928223 94.89481353759766
844 -15.781841278076172 94.78180694580078
845 -15.320418357849121 94.57237243652344
846 -14.98801326751709 94.46065521240234
847 -14.776557922363281 94.35919189453125
848 -14.476216316223145 94.12701416015625
849 -14.237210273742676 93.88618469238281
850 -14.09544849395752 93.68160247802734
851 -13.982285499572754 93.54975891113281
852 -13.70865535736084 93.0320816040039
853 -13.564081192016602 92.73209381103516
854 -13.473880767822266 92.50900268554688
855 -13.360404968261719 92.18291473388672
856 -13.312749862670898 92.02180480957031
857 -13.151658058166504 91.63978576660156
858 -12.976250648498535 91.21918487548828
859 -12.837482452392578 90.79045867919922
860 -12.690234184265137 90.30883026123047
861 -12.590997695922852 89.97053527832031
862 -12.41658878326416 89.34988403320312
863 -12.345236778259277 89.13270568847656
864 -12.223125457763672 88.7920913696289
865 -12.049867630004883 88.20065307617188
866 -11.993996620178223 87.86675262451172
867 -11.941731452941895 87.43399810791016
868 -11.918783187866211 87.08642578125
869 -11.902093887329102 86.72828674316406
870 -11.881889343261719 86.40200805664062
871 -11.842155456542969 85.99357604980469
872 -11.682783126831055 84.97472381591797
873 -11.64953899383545 84.75432586669922
874 -11.673583030700684 84.59797668457031
875 -11.79198169708252 84.29496002197266
876 -12.141255378723145 83.8023452758789
877 -12.563322067260742 83.11228942871094
878 -12.691824913024902 82.80146026611328
879 -12.8441162109375 82.46036529541016
880 -12.975730895996094 82.04637145996094
881 -13.051949501037598 81.8055419921875
882 -13.157305717468262 81.46685028076172
883 -13.276853561401367 81.12104034423828
884 -13.46377182006836 80.57555389404297
885 -13.550636291503906 80.2853775024414
886 -13.574687957763672 80.09640502929688
887 -13.578718185424805 79.76927947998047
888 -13.587848663330078 79.27178192138672
889 -13.623495101928711 78.3402328491211
890 -13.678411483764648 78.1445541381836
891 -13.665366172790527 78.06282806396484
892 -13.64357852935791 77.71372985839844
893 -13.622215270996094 77.41280364990234
894 -13.55892562866211 77.09849548339844
895 -13.285187721252441 76.0986099243164
896 -13.153693199157715 75.72099304199219
897 -13.249244689941406 75.5072021484375
898 -13.698695182800293 75.11537170410156
899 -13.946078300476074 74.93505096435547
900 -14.172215461730957 74.78609466552734
901 -14.401872634887695 74.58556365966797
902 -14.501755714416504 74.46826934814453
903 -33.30303192138672 68.84777069091797
904 -33.61037063598633 68.86670684814453
905 -33.88325119018555 68.9092788696289
906 -34.1584358215332 68.97476196289062
907 -34.471153259277344 69.00881958007812
908 -34.80812072753906 69.02947235107422
909 -35.08461380004883 69.06271362304688
910 -35.25729751586914 69.0201416015625
911 -35.46204376220703 68.92440795898438
912 -36.03644561767578 68.7988052368164
913 -36.38733673095703 68.79610443115234
914 -36.541419982910156 68.80022430419922
915 -36.78394317626953 68.68111419677734
916 -37.04108428955078 68.39111328125
917 -37.417850494384766 67.98865509033203
918 -37.63640213012695 67.74070739746094
919 -37.67992401123047 67.53765106201172
920 -37.596168518066406 67.2533950805664
921 -37.362770080566406 66.80713653564453
922 -37.2437744140625 66.4676513671875
923 -37.193756103515625 66.23394012451172
924 -37.14548110961914 65.75599670410156
925 -37.119537353515625 65.37556457519531
926 -37.11246871948242 64.99896240234375
927 -37.233924865722656 64.40619659423828
928 -37.3988037109375 64.12179565429688
929 -37.55959701538086 64.03541564941406
930 -37.787574768066406 63.97620391845703
931 -38.10444641113281 64.04492950439453
932 -49.064239501953125 75.62350463867188
933 -49.200225830078125 75.76749420166016
934 -49.46363067626953 75.94552612304688
935 -49.76319122314453 76.0615005493164
936 -50.030845642089844 76.17133331298828
937 -50.21916961669922 76.22146606445312
938 -50.399017333984375 76.26746368408203
939 -50.616310119628906 76.3909912109375
940 -50.965545654296875 76.38013458251953
941 -51.33704376220703 76.37677764892578
942 -51.66176986694336 76.22814178466797
943 -51.97535705566406 75.92939758300781
944 -52.11148452758789 75.716064453125
945 -52.24150466918945 75.4849624633789
946 -52.31713104248047 75.34331512451172
947 -52.63502883911133 75.01277923583984
948 -52.734832763671875 74.86522674560547
949 -53.02750778198242 74.2749252319336
950 -53.20302963256836 74.00729370117188
951 -53.4652099609375 73.64075469970703
952 -53.67284393310547 73.42074584960938
953 -53.82954025268555 73.19894409179688
954 -54.047847747802734 72.8042984008789
955 -54.26087188720703 72.4350357055664
956 -54.2711296081543 72.30167388916016
957 -54.18880844116211 72.15237426757812
958 -53.954124450683594 72.02763366699219
959 -53.60966110229492 71.88017272949219
960 -53.15117645263672 71.50630187988281
961 -52.592559814453125 71.46483612060547
962 -51.864112854003906 71.41667175292969
963 -51.66929244995117 71.37747955322266
964 -51.51438522338867 71.3677749633789
965 -51.24699020385742 71.41082000732422
966 -50.921241760253906 71.45335388183594
967 -50.619224548339844 71.48749542236328
968 -50.293792724609375 71.4665756225586
969 -50.21076965332031 71.5338363647461
970 -49.85343551635742 71.70954132080078
971 -49.654685974121094 71.81607818603516
972 -49.44332504272461 72.00074005126953
973 -49.166690826416016 71.81839752197266
974 -48.65485382080078 71.40457153320312
975 -48.080135345458984 71.09962463378906
976 -47.920677185058594 71.05400085449219
977 -47.82801055908203 71.04943084716797
978 -47.55653381347656 71.00004577636719
979 -47.34258270263672 70.86714172363281
980 -47.17718505859375 70.80140686035156
981 -47.073936462402344 70.6297378540039
982 -46.888851165771484 70.3262939453125
983 -46.63081741333008 69.99491119384766
984 -46.37177276611328 69.46697235107422
985 -46.383338928222656 69.13460540771484
986 -46.57666015625 68.67779541015625
987 -46.8088493347168 68.39308166503906
988 -47.140201568603516 68.33482360839844
989 -47.30125427246094 68.30615997314453
990 -47.472347259521484 68.25444030761719
991 -47.818363189697266 68.15484619140625
992 -48.09425354003906 68.10933685302734
993 -48.26936340332031 68.00399780273438
994 -48.431243896484375 67.892822265625
995 -48.727638244628906 67.65900421142578
996 -48.91083908081055 67.50373840332031
997 -49.12494659423828 67.3519515991211
998 -49.24507141113281 67.31704711914062
999 -49.32257080078125 67.2997055053711
