0 55.21067428588867 -30.94466209411621
1 55.224143981933594 -31.084611892700195
2 55.2579345703125 -31.372114181518555
3 55.39863586425781 -31.89486312866211
4 55.61909484863281 -32.51304244995117
5 55.82318115234375 -33.051170349121094
6 56.0338249206543 -33.38865661621094
7 56.303916931152344 -33.78030014038086
8 56.667415618896484 -34.288394927978516
9 57.20467758178711 -34.915283203125
10 57.469573974609375 -35.20427703857422
11 57.715087890625 -35.52294158935547
12 57.993221282958984 -35.7515983581543
13 58.320068359375 -35.86649703979492
14 58.69426727294922 -35.932044982910156
15 59.294761657714844 -35.919368743896484
16 59.74724197387695 -35.913177490234375
17 60.122047424316406 -35.87055206298828
18 60.586055755615234 -35.762245178222656
19 61.240150451660156 -35.59016036987305
20 61.43988800048828 -35.517940521240234
21 70.26165008544922 -27.384624481201172
22 70.30181884765625 -27.141254425048828
23 70.29661560058594 -26.921165466308594
24 70.1651611328125 -26.697872161865234
25 69.65371704101562 -26.2075252532959
26 69.501708984375 -26.011899948120117
27 68.83465576171875 -25.44838523864746
28 68.69065856933594 -25.28510093688965
29 68.58064270019531 -24.9904842376709
30 68.30347442626953 -24.70494842529297
31 67.96771240234375 -24.260988235473633
32 67.92211151123047 -23.962133407592773
33 67.93331909179688 -23.356225967407227
34 68.06155395507812 -22.92833137512207
35 68.26582336425781 -22.863054275512695
36 68.92804718017578 -23.252464294433594
37 69.17386627197266 -23.478466033935547
38 69.35693359375 -23.648990631103516
39 81.164794921875 -44.31479263305664
40 81.3479232788086 -44.28038787841797
41 81.56378173828125 -44.19242858886719
42 81.95890045166016 -43.91694259643555
43 82.2435073852539 -43.61119842529297
44 82.39945983886719 -43.390777587890625
45 66.55968475341797 -11.672093391418457
46 66.79737091064453 -11.415131568908691
47 67.0455551147461 -11.161999702453613
48 67.28121948242188 -10.682392120361328
49 67.56436920166016 -10.287337303161621
50 67.80750274658203 -10.261601448059082
51 68.31269836425781 -10.42581844329834
52 68.5153579711914 -10.575735092163086
53 68.63616180419922 -10.831567764282227
54 70.7511215209961 -24.934720993041992
55 70.73645782470703 -25.00847053527832
56 66.98173522949219 -46.1141357421875
57 66.85919952392578 -46.0338020324707
58 66.70740509033203 -45.90930938720703
59 66.11003112792969 -45.198387145996094
60 65.96724700927734 -44.93592071533203
61 65.79336547851562 -44.51298904418945
62 65.6775131225586 -44.2103385925293
63 65.55511474609375 -44.013065338134766
64 55.47445297241211 -22.08254623413086
65 55.44551467895508 -21.91313934326172
66 55.325382232666016 -21.317163467407227
67 55.2757682800293 -20.964109420776367
68 55.278533935546875 -20.650897979736328
69 55.70079040527344 -19.4678897857666
70 55.85116958618164 -19.220661163330078
71 56.068172454833984 -18.94095230102539
72 56.31032943725586 -18.646203994750977
73 56.577301025390625 -18.317665100097656
74 56.73310852050781 -18.04586410522461
75 56.885887145996094 -17.586231231689453
76 56.91483688354492 -16.862564086914062
77 56.920936584472656 -16.62705421447754
78 56.97145080566406 -16.105379104614258
79 57.0119514465332 -15.622481346130371
80 56.9608039855957 -15.236095428466797
81 56.95269012451172 -14.673601150512695
82 56.99412536621094 -14.278717041015625
83 57.08461380004883 -14.008864402770996
84 57.282142639160156 -13.665416717529297
85 57.38128662109375 -13.565589904785156
86 61.51826477050781 -24.52692413330078
87 61.61433792114258 -24.6783447265625
88 61.8740234375 -24.810335159301758
89 62.32706069946289 -24.993824005126953
90 62.50590896606445 -25.072490692138672
91 62.760589599609375 -25.256624221801758
92 62.83551025390625 -25.378341674804688
93 63.22132110595703 -26.737436294555664
94 63.392356872558594 -26.83167839050293
95 64.35867309570312 -27.37114906311035
96 64.71463775634766 -27.69655418395996
97 65.12726593017578 -27.625547409057617
98 65.27249908447266 -27.390371322631836
99 65.38507843017578 -26.896026611328125
100 65.41756439208984 -26.61856460571289
101 65.38858032226562 -26.07296371459961
102 65.48443603515625 -25.66474723815918
103 65.67280578613281 -25.454957962036133
104 66.1416244506836 -25.25315284729004
105 66.51190948486328 -25.2003173828125
106 66.6954116821289 -25.278907775878906
107 72.0806884765625 -47.43224334716797
108 71.90947723388672 -47.27205276489258
109 71.65133666992188 -47.01526641845703
110 71.42462921142578 -46.798484802246094
111 71.29817199707031 -46.60850524902344
112 70.71842193603516 -45.71458053588867
113 70.55921936035156 -45.38810348510742
114 70.42410278320312 -45.12867736816406
115 69.0735855102539 -40.376216888427734
116 69.03922271728516 -40.0893440246582
117 69.06002044677734 -39.83462142944336
118 69.0376968383789 -39.611446380615234
119 68.64567565917969 -38.78785705566406
120 68.52529907226562 -38.578800201416016
121 56.169857025146484 -25.599544525146484
122 56.22528839111328 -25.520763397216797
123 56.59044647216797 -25.173818588256836
124 57.12498092651367 -24.775928497314453
125 57.3878059387207 -24.65042495727539
126 57.70252990722656 -24.509737014770508
127 57.97889709472656 -24.385469436645508
128 74.96493530273438 -2.5109357833862305
129 74.72428131103516 -2.532407522201538
130 74.43435668945312 -2.5409491062164307
131 73.46599578857422 -2.472822427749634
132 73.00464630126953 -2.5094759464263916
133 72.44960021972656 -2.630739212036133
134 72.22276306152344 -2.694319725036621
135 72.00425720214844 -2.75600266456604
136 71.02579498291016 -3.1257412433624268
137 70.65508270263672 -3.2503840923309326
138 70.53116607666016 -3.2924530506134033
139 70.30902099609375 -3.37648868560791
140 63.73728561401367 -15.710675239562988
141 63.924678802490234 -16.094745635986328
142 64.25740814208984 -16.479549407958984
143 64.43583679199219 -16.637798309326172
144 79.8530044555664 -37.163604736328125
145 79.60294342041016 -37.564537048339844
146 79.49332427978516 -37.71261215209961
147 79.39566802978516 -37.93231964111328
148 79.24354553222656 -38.46607971191406
149 79.03135681152344 -38.8558349609375
150 78.81103515625 -39.36605453491211
151 78.8705062866211 -39.597572326660156
152 79.23678588867188 -40.045654296875
153 79.50015258789062 -40.2786750793457
154 79.82763671875 -40.565853118896484
155 79.98124694824219 -40.819061279296875
156 80.08006286621094 -41.49171447753906
157 79.98731994628906 -41.707000732421875
158 79.18269348144531 -42.0743293762207
159 78.86974334716797 -42.12571716308594
160 78.33489227294922 -42.06573486328125
161 77.94445037841797 -41.9515266418457
162 77.64315032958984 -41.83898162841797
163 77.23521423339844 -41.64802932739258
164 76.83902740478516 -41.53038024902344
165 76.04148864746094 -41.7160758972168
166 75.82843780517578 -41.891929626464844
167 75.74703979492188 -42.21747970581055
168 75.72599792480469 -43.329620361328125
169 75.74874114990234 -43.57659149169922
170 75.89370727539062 -44.13788604736328
171 76.00334930419922 -44.55431365966797
172 76.07939910888672 -44.73102569580078
173 76.1547622680664 -45.45856475830078
174 76.24017333984375 -45.89485549926758
175 76.29280090332031 -46.140419006347656
176 76.2886734008789 -46.29660415649414
177 65.05137634277344 -34.60149383544922
178 64.75989532470703 -34.81214141845703
179 64.57324981689453 -35.0424919128418
180 64.26943969726562 -35.72913360595703
181 64.25978088378906 -35.9863166809082
182 64.32368469238281 -36.45587158203125
183 64.30580139160156 -36.68842315673828
184 64.15412902832031 -36.9984016418457
185 63.923439025878906 -37.334346771240234
186 63.78936004638672 -37.65019226074219
187 63.76140213012695 -38.012367248535156
188 63.72890090942383 -38.588565826416016
189 63.667423248291016 -38.95726013183594
190 63.412845611572266 -39.63435745239258
191 63.35719680786133 -39.8139533996582
192 63.1609001159668 -40.91865921020508
193 63.16561508178711 -40.99053192138672
194 76.16680908203125 -38.632320404052734
195 76.21562194824219 -38.42923355102539
196 76.20841217041016 -38.13051223754883
197 76.04269409179688 -37.76641845703125
198 75.77068328857422 -37.43038558959961
199 75.55115509033203 -37.16558837890625
200 70.12725830078125 -31.278541564941406
201 69.9986801147461 -31.2469425201416
202 69.60896301269531 -31.1468448638916
203 69.27259826660156 -31.05443572998047
204 69.011962890625 -30.954511642456055
205 68.58557891845703 -30.672393798828125
206 68.22244262695312 -30.392391204833984
207 68.0497817993164 -30.163166046142578
208 68.068115234375 -29.619895935058594
209 68.09941101074219 -29.289371490478516
210 68.1762466430664 -28.847925186157227
211 68.25048828125 -28.463573455810547
212 68.0887680053711 -28.194488525390625
213 67.93405151367188 -27.9426326751709
214 67.82990264892578 -27.633460998535156
215 67.67430114746094 -27.124893188476562
216 67.62808990478516 -26.896869659423828
217 59.91249465942383 -22.381391525268555
218 59.78038787841797 -22.313251495361328
219 59.34049987792969 -21.931100845336914
220 58.99068832397461 -21.469715118408203
221 58.92181396484375 -21.230737686157227
222 58.99644088745117 -20.545530319213867
223 58.989437103271484 -20.438770294189453
224 81.82825469970703 -13.825244903564453
225 82.08976745605469 -13.858224868774414
226 82.27862548828125 -13.83896541595459
227 83.04622650146484 -13.932329177856445
228 83.22872161865234 -13.96924877166748
229 83.49335479736328 -14.173935890197754
230 84.06550598144531 -14.556638717651367
231 84.30052185058594 -14.639979362487793
232 84.68109130859375 -14.712238311767578
233 85.12297821044922 -14.680091857910156
234 85.53720092773438 -14.50579833984375
235 86.35693359375 -13.854850769042969
236 86.50687408447266 -13.625811576843262
237 86.66954040527344 -13.352363586425781
238 86.7425308227539 -13.252976417541504
239 67.21867370605469 -1.4383795261383057
240 67.21295166015625 -1.2286440134048462
241 67.27957153320312 -0.3439532220363617
242 67.29884338378906 0.028758831322193146
243 67.3344955444336 0.39982524514198303
244 67.45045471191406 0.8597562909126282
245 67.52918243408203 1.1069302558898926
246 67.65251159667969 1.3241119384765625
247 92.93495178222656 -19.531278610229492
248 92.93165588378906 -19.709863662719727
249 92.89246368408203 -20.419336318969727
250 92.91706085205078 -20.704580307006836
251 93.09310913085938 -20.99552345275879
252 93.50747680664062 -21.695241928100586
253 93.68936920166016 -22.11642837524414
254 93.80504608154297 -22.71355438232422
255 93.79360961914062 -23.20880126953125
256 93.72289276123047 -23.505084991455078
257 93.65374755859375 -23.620067596435547
258 75.79932403564453 -19.726320266723633
259 75.58573913574219 -19.849027633666992
260 75.12217712402344 -20.181127548217773
261 74.72264099121094 -20.460735321044922
262 74.37503814697266 -20.561548233032227
263 73.96459197998047 -20.519189834594727
264 73.65400695800781 -20.438581466674805
265 73.25508880615234 -20.34259605407715
266 73.21581268310547 -20.318323135375977
267 90.71333312988281 -8.8130464553833
268 90.65962219238281 -8.795061111450195
269 90.51448822021484 -8.778661727905273
270 90.37923431396484 -8.769790649414062
271 62.68495559692383 -5.806854724884033
272 62.626258850097656 -5.877172470092773
273 62.603477478027344 -5.955655574798584
274 62.59715270996094 -6.0701003074646
275 66.71878814697266 -15.636381149291992
276 66.86579132080078 -15.814167022705078
277 67.25592803955078 -16.329166412353516
278 67.42619323730469 -16.647798538208008
279 67.411865234375 -16.990211486816406
280 67.2242431640625 -17.275035858154297
281 66.16914367675781 -17.298709869384766
282 66.03491973876953 -17.19222068786621
283 66.00992584228516 -17.069643020629883
284 72.9791259765625 -17.008825302124023
285 73.20484924316406 -16.815317153930664
286 73.39482879638672 -16.392744064331055
287 73.52153015136719 -16.179733276367188
288 73.84526062011719 -15.995817184448242
289 74.07052612304688 -15.881627082824707
290 74.26709747314453 -15.67340087890625
291 74.26752471923828 -15.5092191696167
292 72.38219451904297 -15.30400276184082
293 72.14286804199219 -15.388087272644043
294 71.8585433959961 -15.709153175354004
295 71.55482482910156 -16.151906967163086
296 71.41815948486328 -16.386953353881836
297 70.86797332763672 -16.93816375732422
298 70.68323516845703 -17.08693504333496
299 70.24805450439453 -17.415945053100586
300 69.70291900634766 -17.67315101623535
301 69.37432861328125 -17.751708984375
302 69.2023696899414 -17.787620544433594
303 69.15734100341797 -17.79029083251953
304 80.88868713378906 -10.583223342895508
305 80.96961212158203 -10.467147827148438
306 81.11791229248047 -10.19365119934082
307 81.25770568847656 -9.929813385009766
308 81.42476654052734 -9.65427303314209
309 81.63284301757812 -9.525885581970215
310 82.24859619140625 -9.221892356872559
311 82.47403717041016 -8.934324264526367
312 82.86862182617188 -8.352021217346191
313 82.8436050415039 -8.109527587890625
314 82.81607818603516 -7.5431742668151855
315 82.7157974243164 -7.084573268890381
316 82.6311264038086 -6.657087802886963
317 82.57664489746094 -6.449032306671143
318 82.36775207519531 -6.170640468597412
319 82.00841522216797 -5.928368091583252
320 81.30142211914062 -5.825398921966553
321 80.82978057861328 -5.828985691070557
322 80.34282684326172 -5.901036262512207
323 79.72396087646484 -6.037929058074951
324 79.45417785644531 -6.194591045379639
325 79.13323974609375 -6.676515102386475
326 78.94129943847656 -7.2440385818481445
327 78.89234161376953 -7.839354038238525
328 78.8401107788086 -8.237582206726074
329 78.61833190917969 -8.990452766418457
330 78.48612213134766 -9.298340797424316
331 78.34366607666016 -9.554683685302734
332 78.0452880859375 -9.794098854064941
333 77.8145980834961 -9.897697448730469
334 74.36981201171875 -12.118326187133789
335 74.13998413085938 -12.266508102416992
336 73.9161376953125 -12.317171096801758
337 72.59038543701172 -12.428874969482422
338 72.37727355957031 -12.50977897644043
339 72.11427307128906 -12.747471809387207
340 68.34275817871094 -18.9133358001709
341 68.18863677978516 -18.974658966064453
342 67.91813659667969 -19.067392349243164
343 67.46730041503906 -19.052274703979492
344 66.82466888427734 -19.0967960357666
345 66.65531921386719 -19.092283248901367
346 66.24613189697266 -19.066699981689453
347 65.79100036621094 -18.977333068847656
348 65.5180435180664 -18.885263442993164
349 64.68891143798828 -18.647903442382812
350 64.19216918945312 -18.48482322692871
351 63.89706802368164 -18.432594299316406
352 63.647708892822266 -18.4359130859375
353 62.76655960083008 -18.39917755126953
354 62.051605224609375 -18.39698028564453
355 61.666568756103516 -18.448810577392578
356 61.08279800415039 -18.647071838378906
357 60.47221374511719 -18.866979598999023
358 60.33320999145508 -18.936742782592773
359 60.28662109375 -19.001495361328125
360 79.01246643066406 -31.60382080078125
361 79.24452209472656 -31.709842681884766
362 80.07855987548828 -32.20851516723633
363 80.59125518798828 -32.4785270690918
364 81.2715072631836 -32.7607307434082
365 81.72857666015625 -32.92151641845703
366 81.96917724609375 -33.10063171386719
367 82.33484649658203 -33.4482307434082
368 82.50814056396484 -33.66828155517578
369 82.619384765625 -33.85159683227539
370 85.14838409423828 -39.29376983642578
371 85.0959243774414 -39.368438720703125
372 84.89839172363281 -39.452232360839844
373 84.60514831542969 -39.52076721191406
374 84.08757019042969 -39.57897186279297
375 83.58918762207031 -39.5909538269043
376 83.2293930053711 -39.586666107177734
377 83.11022186279297 -39.616703033447266
378 60.8182487487793 -26.88752555847168
379 60.70771789550781 -26.94437026977539
380 60.36669921875 -27.139453887939453
381 59.89902114868164 -27.38290786743164
382 59.35639572143555 -27.698511123657227
383 58.71762466430664 -28.105262756347656
384 58.160457611083984 -28.51035499572754
385 58.03852844238281 -28.753868103027344
386 58.03165054321289 -29.056461334228516
387 58.27094650268555 -29.697376251220703
388 58.61722183227539 -30.180700302124023
389 58.91082763671875 -30.3857479095459
390 59.45343780517578 -30.49561882019043
391 59.77740478515625 -30.516189575195312
392 60.0309944152832 -30.428192138671875
393 60.908321380615234 -29.912620544433594
394 61.348182678222656 -29.831363677978516
395 61.58192825317383 -30.00457763671875
396 61.75971603393555 -30.30091094970703
397 61.9327507019043 -30.77303695678711
398 61.93942642211914 -31.14784812927246
399 61.637290954589844 -32.12098693847656
400 61.67220687866211 -32.4482421875
401 62.04536437988281 -32.882606506347656
402 62.29183578491211 -32.959556579589844
403 62.492740631103516 -32.983646392822266
404 62.84086227416992 -32.878326416015625
405 63.341732025146484 -32.72800064086914
406 63.6534538269043 -32.53574752807617
407 63.77424240112305 -32.383644104003906
408 63.84025192260742 -31.78326416015625
409 63.94255828857422 -31.344985961914062
410 63.972537994384766 -30.49833869934082
411 63.91191101074219 -30.03694725036621
412 63.88823699951172 -29.809947967529297
413 64.8763656616211 -11.934664726257324
414 64.82516479492188 -12.045524597167969
415 64.61302185058594 -12.812774658203125
416 64.58441925048828 -13.147589683532715
417 64.59014129638672 -13.335118293762207
418 66.62114715576172 -32.787193298339844
419 66.8186264038086 -33.00132369995117
420 67.0030288696289 -33.16645050048828
421 67.28451538085938 -33.55597686767578
422 67.42306518554688 -33.96272659301758
423 67.45276641845703 -34.19945526123047
424 67.13720703125 -34.86491775512695
425 66.97014617919922 -35.360111236572266
426 66.88833618164062 -35.90692138671875
427 66.87673950195312 -36.19560241699219
428 66.74335479736328 -37.243736267089844
429 66.6904525756836 -37.62696838378906
430 66.57063293457031 -38.6072998046875
431 66.5553970336914 -39.052391052246094
432 66.44534301757812 -40.12642288208008
433 66.38461303710938 -40.38640213012695
434 66.19241333007812 -41.23734664916992
435 66.23786926269531 -41.47636413574219
436 66.49272918701172 -41.79338073730469
437 66.75323486328125 -41.93024826049805
438 67.5547866821289 -42.011783599853516
439 67.89000701904297 -42.07984161376953
440 68.05287170410156 -42.15378189086914
441 68.59149169921875 -42.47035217285156
442 69.01377868652344 -42.636985778808594
443 69.53702545166016 -42.84626770019531
444 69.79922485351562 -42.95189666748047
445 70.26641082763672 -43.11838150024414
446 71.10010528564453 -43.394813537597656
447 71.53743743896484 -43.40585708618164
448 71.82181549072266 -43.26914978027344
449 71.90715789794922 -43.06446075439453
450 71.72618103027344 -42.51457977294922
451 71.60102844238281 -42.25877380371094
452 71.43514251708984 -41.90231704711914
453 71.365234375 -41.6690788269043
454 71.27095794677734 -41.04378890991211
455 71.2010269165039 -40.55646514892578
456 71.21430206298828 -40.29242706298828
457 71.43183898925781 -39.19220733642578
458 71.53655242919922 -39.09526824951172
459 71.8276138305664 -39.28586196899414
460 72.21869659423828 -39.65483474731445
461 72.70032501220703 -40.09328842163086
462 73.08306121826172 -40.39615249633789
463 73.42189025878906 -40.44179916381836
464 73.60468292236328 -40.35252380371094
465 73.79015350341797 -39.97913360595703
466 73.83279418945312 -39.568115234375
467 73.79907989501953 -39.15485382080078
468 73.7744140625 -38.87912368774414
469 79.48890686035156 -2.996793270111084
470 79.46703338623047 -3.0021450519561768
471 73.07615661621094 -36.4889030456543
472 72.93604278564453 -36.46852493286133
473 72.5162582397461 -36.44514465332031
474 72.07435607910156 -36.410614013671875
475 71.71102905273438 -36.402976989746094
476 71.36151885986328 -36.4677734375
477 70.93921661376953 -36.61616897583008
478 70.23697662353516 -36.76421356201172
479 69.87110137939453 -36.83298110961914
480 69.69511413574219 -36.734676361083984
481 69.44175720214844 -35.84674072265625
482 69.42826080322266 -35.50069808959961
483 69.477294921875 -35.31372833251953
484 69.51692199707031 -34.843807220458984
485 69.60002136230469 -34.344993591308594
486 69.8219985961914 -33.95158004760742
487 70.12095642089844 -33.72433853149414
488 70.57670593261719 -33.6722412109375
489 71.03125 -33.589752197265625
490 71.47460174560547 -33.42829132080078
491 71.78791046142578 -33.113460540771484
492 71.88138580322266 -32.774139404296875
493 71.90908813476562 -32.41738510131836
494 78.64978790283203 -33.48716735839844
495 78.78315734863281 -33.537384033203125
496 79.45475006103516 -33.72999572753906
497 79.58627319335938 -33.87238693237305
498 79.73833465576172 -34.42631149291992
499 79.71410369873047 -34.91006088256836
500 79.62095642089844 -35.10340881347656
501 79.50613403320312 -35.149417877197266
502 77.95891571044922 -35.499637603759766
503 77.82662963867188 -35.47100067138672
504 77.60418701171875 -35.279232025146484
505 77.42659759521484 -35.19860076904297
506 76.60747528076172 -34.685035705566406
507 76.45056915283203 -34.51103210449219
508 76.31072998046875 -33.98231887817383
509 76.17242431640625 -33.76953887939453
510 75.71725463867188 -33.367652893066406
511 75.59613037109375 -33.169189453125
512 73.51593017578125 -29.98818588256836
513 73.39376831054688 -29.84392738342285
514 73.11892700195312 -29.71870231628418
515 72.6696548461914 -29.247547149658203
516 72.29234313964844 -28.90174674987793
517 72.12144470214844 -28.8289852142334
518 71.9112319946289 -28.876794815063477
519 71.4097900390625 -28.979297637939453
520 70.9272232055664 -29.04538917541504
521 70.7020492553711 -29.158302307128906
522 70.548095703125 -29.15457534790039
523 64.26570129394531 -9.727490425109863
524 64.0960693359375 -9.712912559509277
525 63.90728759765625 -9.756437301635742
526 63.589019775390625 -9.848054885864258
527 62.812721252441406 -9.841090202331543
528 62.49386978149414 -9.766902923583984
529 62.114131927490234 -9.662225723266602
530 61.96493148803711 -9.636019706726074
531 60.349422454833984 -9.416276931762695
532 60.03386306762695 -9.39944839477539
533 59.83959197998047 -9.383634567260742
534 59.53602981567383 -9.358111381530762
535 59.38154602050781 -9.339628219604492
536 86.87445831298828 -32.99079132080078
537 86.79055786132812 -32.8293342590332
538 86.48934173583984 -32.465232849121094
539 86.26273345947266 -32.314125061035156
540 85.77873992919922 -32.047264099121094
541 85.32296752929688 -31.850656509399414
542 84.94547271728516 -31.63983917236328
543 84.67259979248047 -31.4892635345459
544 84.4146957397461 -31.322492599487305
545 84.04808807373047 -31.01374053955078
546 83.03141784667969 -30.422725677490234
547 82.73516845703125 -30.301408767700195
548 82.34972381591797 -30.215137481689453
549 82.00667572021484 -30.2364501953125
550 81.59931945800781 -30.247617721557617
551 81.1512451171875 -30.208351135253906
552 80.61309814453125 -30.064212799072266
553 80.3182144165039 -29.958850860595703
554 79.7974624633789 -29.697601318359375
555 79.72087860107422 -29.613122940063477
556 84.63761138916016 -28.211610794067383
557 84.7588119506836 -28.231250762939453
558 85.26773834228516 -28.49169158935547
559 85.56266784667969 -28.597644805908203
560 85.86040496826172 -28.70714569091797
561 87.17692565917969 -28.95289421081543
562 87.34009552001953 -28.97052574157715
563 87.54553985595703 -29.027372360229492
564 87.8976821899414 -29.045713424682617
565 88.52883911132812 -29.030996322631836
566 88.99474334716797 -29.00771141052246
567 89.2293701171875 -28.914485931396484
568 89.38594055175781 -28.67795753479004
569 89.65446472167969 -27.809627532958984
570 89.81359100341797 -27.585742950439453
571 89.82341003417969 -27.21367645263672
572 89.71786499023438 -26.883617401123047
573 89.4383544921875 -26.703044891357422
574 88.89420318603516 -26.593624114990234
575 88.65684509277344 -26.589702606201172
576 88.36506652832031 -26.63695526123047
577 87.4703140258789 -26.703264236450195
578 87.13014221191406 -26.648696899414062
579 86.86863708496094 -26.39069938659668
580 86.73145294189453 -25.87371826171875
581 86.6969223022461 -25.376739501953125
582 86.62258911132812 -24.87934684753418
583 86.63814544677734 -24.27004051208496
584 86.75981903076172 -23.737064361572266
585 86.80750274658203 -23.402524948120117
586 86.7353744506836 -22.88431739807129
587 86.6740951538086 -22.665403366088867
588 86.67780303955078 -22.556650161743164
589 90.29573059082031 -23.421310424804688
590 90.25704193115234 -23.34271812438965
591 89.6903305053711 -22.559377670288086
592 89.4828109741211 -22.26386070251465
593 89.48087310791016 -22.1407413482666
594 89.18367767333984 -21.478307723999023
595 88.86820220947266 -21.14112091064453
596 88.48650360107422 -20.97291374206543
597 88.03657531738281 -20.790943145751953
598 87.5555191040039 -20.63661003112793
599 87.33250427246094 -20.565460205078125
600 70.71174621582031 -23.19461441040039
601 70.56009674072266 -22.995418548583984
602 70.13909149169922 -22.300643920898438
603 69.89144897460938 -21.939285278320312
604 69.74846649169922 -21.61273956298828
605 69.61925506591797 -21.18280792236328
606 69.61448669433594 -20.7648983001709
607 69.67443084716797 -20.369356155395508
608 69.6323471069336 -20.023027420043945
609 69.48568725585938 -19.909503936767578
610 63.380165100097656 -20.241518020629883
611 63.102420806884766 -20.26982879638672
612 62.63441848754883 -20.33104705810547
613 62.4627799987793 -20.46642303466797
614 62.266658782958984 -21.22449493408203
615 62.30060577392578 -21.67084503173828
616 62.504215240478516 -22.0576114654541
617 62.83883285522461 -22.345966339111328
618 63.73789596557617 -22.695945739746094
619 63.95939254760742 -22.843181610107422
620 64.2601089477539 -23.003313064575195
621 64.71541595458984 -23.208837509155273
622 64.91275024414062 -23.319435119628906
623 81.94849395751953 -36.604576110839844
624 82.03998565673828 -36.66583251953125
625 82.17788696289062 -36.728981018066406
626 82.40342712402344 -36.78731918334961
627 82.80033111572266 -36.902565002441406
628 66.05252838134766 -22.295469284057617
629 66.11161804199219 -22.172853469848633
630 66.25669860839844 -21.97385597229004
631 66.57524871826172 -21.721651077270508
632 66.92240142822266 -21.470937728881836
633 67.11827087402344 -21.245641708374023
634 67.17771911621094 -21.051538467407227
635 65.6925277709961 -20.591947555541992
636 65.35960388183594 -20.54456329345703
637 65.1858901977539 -20.544191360473633
638 61.408077239990234 -16.498546600341797
639 61.309051513671875 -16.30514144897461
640 61.27175521850586 -16.096216201782227
641 61.2628059387207 -15.607772827148438
642 61.25531005859375 -15.031457901000977
643 61.21463394165039 -14.743790626525879
644 61.199119567871094 -14.589620590209961
645 61.23151779174805 -14.203764915466309
646 61.385459899902344 -13.840062141418457
647 61.64244842529297 -13.432330131530762
648 61.737274169921875 -13.308231353759766
649 72.96815490722656 -13.934231758117676
650 73.12726593017578 -13.984723091125488
651 73.50822448730469 -13.91301155090332
652 73.77655029296875 -13.891493797302246
653 74.28945922851562 -13.87446117401123
654 81.81257629394531 -18.78074073791504
655 81.9405517578125 -18.609825134277344
656 82.1304931640625 -18.332595825195312
657 82.25702667236328 -18.09908676147461
658 82.30642700195312 -17.61933708190918
659 81.97809600830078 -17.129032135009766
660 81.79383850097656 -16.922794342041016
661 81.49644470214844 -16.50505828857422
662 81.3631591796875 -16.274829864501953
663 81.1883773803711 -15.987072944641113
664 81.02700805664062 -15.609637260437012
665 80.86807250976562 -15.394749641418457
666 69.58385467529297 -15.10521125793457
667 69.48129272460938 -15.267722129821777
668 69.2347640991211 -15.574567794799805
669 69.05128479003906 -15.831710815429688
670 68.91553497314453 -15.95739459991455
671 84.41323852539062 -11.724919319152832
672 84.47667694091797 -11.521783828735352
673 84.89750671386719 -10.45787525177002
674 85.0392074584961 -10.123838424682617
675 85.24394989013672 -9.705765724182129
676 85.3246841430664 -9.145066261291504
677 85.42677307128906 -8.702271461486816
678 85.55924987792969 -8.433196067810059
679 85.97077178955078 -7.429439067840576
680 86.03717803955078 -7.092418670654297
681 86.03699493408203 -6.673789978027344
682 85.98291015625 -6.0265116691589355
683 85.81158447265625 -4.724024295806885
684 85.765380859375 -4.489626407623291
685 85.64533996582031 -4.166050434112549
686 85.56863403320312 -4.094728946685791
687 75.57603454589844 -9.213851928710938
688 75.4905776977539 -9.350863456726074
689 75.40548706054688 -9.744573593139648
690 75.38856506347656 -10.246794700622559
691 75.8169937133789 -10.879071235656738
692 76.14466857910156 -11.290070533752441
693 76.31227111816406 -11.518741607666016
694 76.3443832397461 -11.763750076293945
695 76.22553253173828 -13.053147315979004
696 76.26911163330078 -13.319462776184082
697 76.31864166259766 -13.838414192199707
698 76.36223602294922 -14.130642890930176
699 76.65865325927734 -14.812310218811035
700 76.92131042480469 -15.14271354675293
701 77.1561050415039 -15.363673210144043
702 77.35877990722656 -15.591475486755371
703 77.95372009277344 -16.234527587890625
704 78.18316650390625 -16.517009735107422
705 78.32032012939453 -16.765798568725586
706 78.278564453125 -16.95154571533203
707 77.91868591308594 -17.618488311767578
708 77.78695678710938 -17.789073944091797
709 77.70785522460938 -17.90656089782715
710 69.912353515625 -9.282767295837402
711 69.98854064941406 -9.150632858276367
712 70.29791259765625 -9.168410301208496
713 70.58087158203125 -9.234387397766113
714 71.1089859008789 -9.5242919921875
715 71.60891723632812 -9.762433052062988
716 72.03133392333984 -9.829244613647461
717 72.38270568847656 -9.96886157989502
718 72.81080627441406 -10.11536979675293
719 73.0409164428711 -10.314521789550781
720 73.23716735839844 -10.531207084655762
721 73.34321594238281 -10.693480491638184
722 77.74639129638672 -22.27533531188965
723 77.85990142822266 -22.33498764038086
724 78.13005828857422 -22.406339645385742
725 83.89147186279297 -23.750221252441406
726 83.97049713134766 -23.897857666015625
727 84.2506332397461 -24.491168975830078
728 84.32457733154297 -25.060983657836914
729 84.26026916503906 -25.4085693359375
730 84.08519744873047 -25.64990997314453
731 83.79283905029297 -25.839473724365234
732 83.48646545410156 -25.900712966918945
733 82.93416595458984 -25.745895385742188
734 82.40338897705078 -25.569137573242188
735 82.12660217285156 -25.46270179748535
736 81.86671447753906 -25.365503311157227
737 81.48837280273438 -25.20465660095215
738 81.016845703125 -24.990135192871094
739 80.44624328613281 -24.66337013244629
740 80.0890121459961 -24.47251319885254
741 79.95562744140625 -24.51869773864746
742 79.5450210571289 -24.8536434173584
743 79.3456802368164 -24.905635833740234
744 78.98339080810547 -24.988401412963867
745 78.66650390625 -25.188899993896484
746 78.38179016113281 -25.485097885131836
747 78.23580169677734 -25.89158821105957
748 78.48188018798828 -26.18690299987793
749 79.19712829589844 -26.649303436279297
750 79.42134094238281 -26.748409271240234
751 79.84569549560547 -26.8944149017334
752 80.45274353027344 -27.13178062438965
753 80.69174194335938 -27.32129669189453
754 81.4029312133789 -27.945608139038086
755 81.71826934814453 -28.0465030670166
756 82.3319091796875 -27.99858283996582
757 82.54864501953125 -27.982824325561523
758 82.6619644165039 -27.93839454650879
759 75.05823516845703 -25.87907600402832
760 74.91607666015625 -25.714431762695312
761 74.8821792602539 -25.60759162902832
762 75.01264190673828 -25.413284301757812
763 75.2214584350586 -25.248661041259766
764 75.99864959716797 -25.03175163269043
765 76.4758529663086 -24.86878204345703
766 76.80216979980469 -24.52614974975586
767 77.01358032226562 -24.09409523010254
768 76.96272277832031 -23.85379409790039
769 76.76775360107422 -23.71268653869629
770 75.89981842041016 -23.229909896850586
771 75.35636138916016 -23.004514694213867
772 75.16790008544922 -22.91493034362793
773 74.88611602783203 -22.692577362060547
774 74.71101379394531 -22.56507110595703
775 74.33365631103516 -22.445735931396484
776 73.86662292480469 -22.56812286376953
777 73.45428466796875 -22.74397087097168
778 73.02769470214844 -22.79950714111328
779 72.77484130859375 -22.699485778808594
780 72.56816864013672 -22.491830825805664
781 72.35025787353516 -22.237838745117188
782 72.06364440917969 -21.88825798034668
783 71.80167388916016 -21.526296615600586
784 71.45622253417969 -21.103513717651367
785 71.33551788330078 -21.02090072631836
786 71.21118927001953 -20.92143440246582
787 66.47728729248047 -7.8997039794921875
788 66.3951644897461 -7.746736526489258
789 66.33844757080078 -7.31542444229126
790 66.2785415649414 -6.842437267303467
791 66.38175201416016 -6.381189346313477
792 66.70954895019531 -5.996938228607178
793 66.91666412353516 -5.838720321655273
794 67.22822570800781 -5.848296165466309
795 68.2347183227539 -6.109469413757324
796 68.6968765258789 -6.316439628601074
797 69.07904815673828 -6.526114463806152
798 69.23905944824219 -6.644176006317139
799 69.93595123291016 -7.130626678466797
800 70.32643127441406 -7.1878461837768555
801 70.62715148925781 -7.202459812164307
802 70.75804901123047 -7.190803050994873
803 65.99797821044922 -30.07316017150879
804 66.03614044189453 -30.177209854125977
805 66.02384948730469 -30.324697494506836
806 65.94952392578125 -30.839027404785156
807 65.91409301757812 -31.006221771240234
808 92.734375 -25.874736785888672
809 93.08119201660156 -25.91813087463379
810 93.31640625 -26.048643112182617
811 93.8662109375 -26.453310012817383
812 94.24171447753906 -26.95039939880371
813 94.36815643310547 -27.305177688598633
814 94.31333923339844 -27.700794219970703
815 94.09534454345703 -28.096439361572266
816 93.38179016113281 -28.869035720825195
817 93.140869140625 -29.20671272277832
818 93.0424575805664 -29.330547332763672
819 85.50004577636719 -35.14576721191406
820 85.09382629394531 -35.1516227722168
821 84.74636840820312 -35.19187545776367
822 84.57835388183594 -35.30684280395508
823 84.07810974121094 -35.48458480834961
824 83.80242156982422 -35.586097717285156
825 74.41813659667969 -35.29457092285156
826 74.24073791503906 -35.16009521484375
827 73.88581848144531 -34.81467056274414
828 73.58541870117188 -34.38962173461914
829 73.51603698730469 -34.078128814697266
830 73.49938201904297 -33.563690185546875
831 73.53140258789062 -33.26076126098633
832 73.6512222290039 -32.259830474853516
833 73.77587890625 -31.811941146850586
834 73.98168182373047 -31.533554077148438
835 74.2292251586914 -31.33692741394043
836 74.30950164794922 -31.208248138427734
837 75.40766906738281 -30.810792922973633
838 75.60914611816406 -30.77747917175293
839 76.08487701416016 -30.674617767333984
840 76.29335021972656 -30.71229362487793
841 76.51560974121094 -30.749420166015625
842 76.93196868896484 -30.864059448242188
843 77.1451416015625 -30.70697784423828
844 77.42121887207031 -30.32247543334961
845 77.68097686767578 -29.93218421936035
846 78.05064392089844 -29.330810546875
847 77.92943572998047 -28.937849044799805
848 77.76253509521484 -28.619314193725586
849 77.53199005126953 -28.323017120361328
850 77.19091796875 -28.03358268737793
851 76.93705749511719 -27.85956573486328
852 76.36402893066406 -27.703214645385742
853 76.06552124023438 -27.729909896850586
854 75.76565551757812 -27.828205108642578
855 75.06023406982422 -28.06204605102539
856 74.62310028076172 -27.974626541137695
857 74.37186431884766 -27.824865341186523
858 74.00128173828125 -27.37965202331543
859 73.49378967285156 -26.93599510192871
860 73.15510559082031 -26.73866081237793
861 72.60617065429688 -26.736492156982422
862 72.35221099853516 -26.766822814941406
863 72.18191528320312 -26.75246238708496
864 79.18163299560547 -20.890275955200195
865 79.4826431274414 -20.641536712646484
866 79.74172973632812 -20.421268463134766
867 80.05020904541016 -19.93787384033203
868 79.94151306152344 -19.515066146850586
869 79.41183471679688 -19.299875259399414
870 79.02123260498047 -19.329273223876953
871 78.45547485351562 -19.6927433013916
872 78.04515838623047 -20.028390884399414
873 77.85662841796875 -20.154502868652344
874 77.50833892822266 -20.364013671875
875 77.23075103759766 -20.501161575317383
876 76.67758178710938 -20.937175750732422
877 76.56019592285156 -21.152952194213867
878 76.55950927734375 -21.265268325805664
879 58.71443176269531 -39.71017837524414
880 58.723506927490234 -39.968841552734375
881 58.78276062011719 -40.261539459228516
882 58.88032913208008 -40.85159683227539
883 59.02600860595703 -41.04179763793945
884 59.235321044921875 -41.33111572265625
885 59.40031433105469 -41.432315826416016
886 59.97766876220703 -41.71640396118164
887 60.12088394165039 -41.733734130859375
888 60.26089859008789 -41.73250198364258
889 82.91581726074219 -20.575428009033203
890 83.09004211425781 -20.627586364746094
891 83.40851593017578 -20.76313591003418
892 83.96585083007812 -20.981706619262695
893 84.32231140136719 -21.026418685913086
894 84.65870666503906 -20.894710540771484
895 84.98523712158203 -20.734800338745117
896 85.26319885253906 -20.473388671875
897 85.4338150024414 -20.17044448852539
898 85.58037567138672 -19.768720626831055
899 85.63134002685547 -19.240720748901367
900 85.63893127441406 -18.845754623413086
901 85.70532989501953 -18.345151901245117
902 85.81768035888672 -18.00996208190918
903 86.26911926269531 -17.496980667114258
904 86.48495483398438 -17.43053436279297
905 87.8186264038086 -17.53173065185547
906 88.15642547607422 -17.52147102355957
907 88.5062255859375 -17.417171478271484
908 88.96697998046875 -17.248825073242188
909 89.25485229492188 -17.130046844482422
910 89.74430084228516 -16.876604080200195
911 90.44071197509766 -16.48634147644043
912 90.87173461914062 -16.219636917114258
913 91.11270141601562 -16.011127471923828
914 91.55464172363281 -15.490584373474121
915 91.76171875 -15.150774002075195
916 91.81385040283203 -14.819769859313965
917 91.77560424804688 -14.434022903442383
918 91.59556579589844 -13.955770492553711
919 91.31591796875 -13.614311218261719
920 90.76908874511719 -13.10792350769043
921 90.41217803955078 -12.82972526550293
922 90.10372924804688 -12.655054092407227
923 89.94752502441406 -12.58607006072998
924 76.65164947509766 -6.208784103393555
925 76.48210906982422 -6.215538024902344
926 76.05633544921875 -6.268857002258301
927 75.51412200927734 -6.220012187957764
928 75.10086059570312 -6.000302314758301
929 74.76105499267578 -5.884846210479736
930 74.32352447509766 -5.745436668395996
931 74.01472473144531 -5.671800136566162
932 73.6136474609375 -5.5087785720825195
933 73.3470230102539 -5.513576507568359
934 72.91214752197266 -5.877389907836914
935 72.78582763671875 -6.705051898956299
936 72.8022689819336 -7.290935516357422
937 72.87521362304688 -7.463290691375732
938 73.28406524658203 -7.852053642272949
939 73.60714721679688 -8.209250450134277
940 78.52349090576172 -12.414514541625977
941 78.79242706298828 -12.464750289916992
942 79.13381958007812 -12.65157699584961
943 79.34869384765625 -12.81926155090332
944 79.44393157958984 -13.056483268737793
945 79.3902816772461 -13.464390754699707
946 78.98375701904297 -14.219114303588867
947 78.77754211425781 -14.430949211120605
948 78.4984359741211 -14.670839309692383
949 76.2513427734375 -17.00042724609375
950 76.04906463623047 -17.157695770263672
951 75.66373443603516 -17.387271881103516
952 75.32098388671875 -17.653656005859375
953 75.07308197021484 -17.836334228515625
954 74.57083129882812 -18.091304779052734
955 73.89826202392578 -18.333616256713867
956 73.64631652832031 -18.40730094909668
957 72.98873901367188 -18.554655075073242
958 72.56920623779297 -18.655969619750977
959 71.87997436523438 -18.593141555786133
960 71.73994445800781 -18.56309700012207
961 71.28578186035156 -18.943790435791016
962 71.08819580078125 -19.03850555419922
963 70.8387451171875 -18.99987030029297
964 70.61976623535156 -14.22471809387207
965 70.60558319091797 -13.872221946716309
966 70.55794525146484 -13.455436706542969
967 70.37615203857422 -12.688210487365723
968 70.19937896728516 -12.59740161895752
969 69.9085693359375 -12.65111255645752
970 69.02176666259766 -13.143387794494629
971 68.6971206665039 -13.211658477783203
972 68.41195678710938 -13.292325973510742
973 67.62992858886719 -13.727770805358887
974 67.39740753173828 -13.831798553466797
975 67.3722152709961 -13.98922348022461
976 72.32951354980469 -24.679933547973633
977 72.4546127319336 -24.750944137573242
978 72.6912841796875 -24.762657165527344
979 73.11553955078125 -24.68482780456543
980 73.32015991210938 -24.54771614074707
981 80.0396957397461 -22.4500732421875
982 80.32020568847656 -22.256399154663086
983 80.51643371582031 -22.18645477294922
984 81.0047378540039 -22.17433738708496
985 81.65164947509766 -22.222734451293945
986 81.98741149902344 -22.406524658203125
987 82.25629425048828 -22.69449806213379
988 82.35823059082031 -22.862104415893555
989 89.78032684326172 -31.22869300842285
990 89.8393325805664 -31.306489944458008
991 90.00146484375 -31.560287475585938
992 90.72249603271484 -32.597984313964844
993 90.84935760498047 -32.81067657470703
994 90.8545913696289 -32.91714859008789
995 90.0331039428711 -33.98374938964844
996 89.86441802978516 -34.154659271240234
997 89.20663452148438 -34.675743103027344
998 89.08739471435547 -34.693199157714844
999 88.99141693115234 -34.66176986694336
