0 24.206323623657227 -13.135940551757812
1 24.175025939941406 -13.152636528015137
2 24.105327606201172 -13.212379455566406
3 24.08112335205078 -13.283564567565918
4 18.45330810546875 -30.95016860961914
5 18.243759155273438 -31.151721954345703
6 18.148542404174805 -31.277755737304688
7 17.969039916992188 -31.46588897705078
8 17.792573928833008 -31.717111587524414
9 17.649900436401367 -31.905879974365234
10 17.566892623901367 -32.04951477050781
11 17.583812713623047 -32.449153900146484
12 17.688854217529297 -32.88449478149414
13 18.050827026367188 -33.11857986450195
14 18.374677658081055 -33.18905258178711
15 18.67133903503418 -33.31401824951172
16 18.970230102539062 -33.408992767333984
17 19.120763778686523 -33.56495666503906
18 19.28485870361328 -34.0171012878418
19 19.52119255065918 -34.402061462402344
20 19.804115295410156 -34.669029235839844
21 20.30045509338379 -34.97355651855469
22 20.4720458984375 -35.01355743408203
23 20.703306198120117 -35.0198974609375
24 20.937238693237305 -34.986083984375
25 21.147436141967773 -34.82273483276367
26 21.43690299987793 -34.53356170654297
27 21.608287811279297 -34.094173431396484
28 21.75545310974121 -33.84016799926758
29 21.78307342529297 -33.589290618896484
30 21.780780792236328 -33.368534088134766
31 21.644243240356445 -33.12049865722656
32 21.45128059387207 -32.9404411315918
33 21.274948120117188 -32.54853439331055
34 21.063806533813477 -32.101898193359375
35 20.963027954101562 -31.84050941467285
36 20.88884925842285 -31.517250061035156
37 20.83338737487793 -31.36122703552246
38 24.308528900146484 -16.078929901123047
39 24.637954711914062 -15.993985176086426
40 25.004322052001953 -15.912076950073242
41 25.300840377807617 -16.017683029174805
42 25.57677459716797 -16.218677520751953
43 25.70056915283203 -16.444480895996094
44 25.63553237915039 -16.776269912719727
45 25.501611709594727 -17.4532527923584
46 25.45655059814453 -17.7216796875
47 25.452381134033203 -17.823869705200195
48 25.466575622558594 -17.920984268188477
49 19.292774200439453 -36.3115119934082
50 19.3429012298584 -36.54433822631836
51 19.404985427856445 -36.7070426940918
52 19.498279571533203 -36.97212600708008
53 19.699729919433594 -37.43375015258789
54 19.82513999938965 -37.653099060058594
55 20.20812225341797 -38.148704528808594
56 20.498258590698242 -38.437957763671875
57 20.540969848632812 -38.66953659057617
58 20.616479873657227 -39.19374084472656
59 20.631742477416992 -39.508209228515625
60 20.604848861694336 -39.90071105957031
61 20.5062313079834 -40.21481704711914
62 20.22471809387207 -40.65294647216797
63 20.06661033630371 -40.873531341552734
64 19.854408264160156 -41.072750091552734
65 19.580753326416016 -41.451133728027344
66 19.397937774658203 -41.746482849121094
67 19.28386688232422 -42.03789138793945
68 18.961286544799805 -42.51251983642578
69 18.51049041748047 -43.04833984375
70 18.221885681152344 -43.39775085449219
71 17.9918155670166 -43.632572174072266
72 17.82516098022461 -43.71410369873047
73 17.55547523498535 -43.940704345703125
74 17.023828506469727 -44.28981018066406
75 16.836305618286133 -44.3471565246582
76 16.486427307128906 -44.25178146362305
77 16.06010627746582 -44.189842224121094
78 15.719996452331543 -44.02106475830078
79 15.277023315429688 -43.74238967895508
80 15.110455513000488 -43.63249206542969
81 14.476323127746582 -43.18107223510742
82 13.994869232177734 -43.07161331176758
83 13.863627433776855 -43.139652252197266
84 13.793641090393066 -43.361419677734375
85 13.669870376586914 -43.895606994628906
86 13.539660453796387 -44.374305725097656
87 13.475080490112305 -44.65420913696289
88 13.44953727722168 -44.822444915771484
89 41.445716857910156 -34.303565979003906
90 41.433197021484375 -34.0746955871582
91 41.38006591796875 -33.83504867553711
92 41.27494812011719 -33.35618591308594
93 41.16621017456055 -33.142417907714844
94 41.02699661254883 -32.93979263305664
95 40.753604888916016 -32.58431625366211
96 40.58930587768555 -32.28213882446289
97 40.49155807495117 -32.06166458129883
98 40.40996551513672 -31.735441207885742
99 40.27082061767578 -31.297523498535156
100 40.060035705566406 -30.573532104492188
101 39.973514556884766 -29.963918685913086
102 39.96147537231445 -29.835983276367188
103 39.94453811645508 -29.582387924194336
104 40.00852584838867 -29.17151641845703
105 40.11062240600586 -28.853240966796875
106 40.152801513671875 -28.64687728881836
107 40.15435028076172 -28.3985595703125
108 40.06764602661133 -27.971858978271484
109 39.952728271484375 -27.675352096557617
110 7.778269290924072 -23.237764358520508
111 7.865079879760742 -23.258943557739258
112 8.141965866088867 -23.338401794433594
113 8.557418823242188 -23.511505126953125
114 8.871753692626953 -23.66456413269043
115 9.195272445678711 -23.760093688964844
116 9.52218246459961 -23.81458282470703
117 9.707670211791992 -23.846052169799805
118 9.9390869140625 -23.89545440673828
119 10.743673324584961 -24.088111877441406
120 10.870105743408203 -24.19122314453125
121 5.434656143188477 -38.95234680175781
122 5.454407691955566 -39.2115478515625
123 5.652339935302734 -39.66344451904297
124 5.775218486785889 -39.74979019165039
125 6.025689125061035 -39.66926956176758
126 6.490842819213867 -39.42786407470703
127 7.185396194458008 -39.012168884277344
128 7.581506252288818 -38.74104309082031
129 10.532286643981934 -34.97345733642578
130 10.74781608581543 -34.83149719238281
131 11.053494453430176 -34.594539642333984
132 11.218717575073242 -34.42469787597656
133 11.472312927246094 -34.2029914855957
134 12.0131254196167 -33.792938232421875
135 12.20844841003418 -33.65054702758789
136 20.037694931030273 -26.37781524658203
137 20.197519302368164 -26.347412109375
138 20.438743591308594 -26.405967712402344
139 20.985212326049805 -26.718902587890625
140 21.170326232910156 -27.07599449157715
141 21.135536193847656 -27.450069427490234
142 21.012340545654297 -27.69672203063965
143 20.96177864074707 -27.856611251831055
144 20.875457763671875 -28.16629409790039
145 20.900497436523438 -28.526416778564453
146 21.06002426147461 -28.951831817626953
147 21.090560913085938 -29.143096923828125
148 21.18431854248047 -29.33328628540039
149 21.40291976928711 -29.535066604614258
150 39.75761032104492 -39.0009651184082
151 39.81638717651367 -38.831092834472656
152 39.93693923950195 -38.35895538330078
153 39.93891906738281 -38.178287506103516
154 39.858245849609375 -37.93035888671875
155 39.714019775390625 -37.68949890136719
156 39.33622360229492 -37.2988166809082
157 38.75443649291992 -36.785892486572266
158 38.56824493408203 -36.63496398925781
159 38.39794921875 -36.550254821777344
160 38.15996170043945 -36.46098709106445
161 37.991580963134766 -36.373191833496094
162 13.52983570098877 -40.636375427246094
163 13.270174980163574 -40.68408203125
164 13.03790283203125 -40.732826232910156
165 12.821813583374023 -40.78990173339844
166 12.407060623168945 -40.93619918823242
167 12.179523468017578 -41.11616897583008
168 12.000096321105957 -41.28155517578125
169 11.776867866516113 -41.47367477416992
170 11.43340015411377 -41.7104377746582
171 10.955222129821777 -42.086177825927734
172 10.818400382995605 -42.29191207885742
173 10.849271774291992 -42.56782150268555
174 11.025331497192383 -42.84776306152344
175 11.230694770812988 -42.83025360107422
176 23.352869033813477 -42.28108596801758
177 23.472591400146484 -42.309078216552734
178 23.602588653564453 -42.29118347167969
179 23.854429244995117 -42.239891052246094
180 24.40699005126953 -42.258060455322266
181 24.711313247680664 -42.33121109008789
182 30.638561248779297 -45.08982849121094
183 30.893190383911133 -45.29568862915039
184 31.079050064086914 -45.54558563232422
185 31.315433502197266 -45.94575119018555
186 31.542095184326172 -46.413856506347656
187 31.734697341918945 -46.72300338745117
188 31.844820022583008 -46.94122314453125
189 31.984163284301758 -47.221778869628906
190 32.27086639404297 -47.46875
191 32.54170227050781 -47.580780029296875
192 32.942527770996094 -47.730098724365234
193 33.34621047973633 -47.800079345703125
194 33.79209518432617 -47.81126403808594
195 34.29203796386719 -47.7834587097168
196 34.725379943847656 -47.69306564331055
197 35.70876693725586 -47.436683654785156
198 35.8838996887207 -47.402835845947266
199 36.08968734741211 -47.28307342529297
200 36.37143325805664 -47.04065704345703
201 36.785953521728516 -46.67325973510742
202 37.178314208984375 -46.308353424072266
203 37.314208984375 -46.13424301147461
204 37.41148376464844 -45.90426254272461
205 37.594993591308594 -45.29825210571289
206 37.73268127441406 -44.806148529052734
207 37.7740478515625 -44.48359680175781
208 37.83571243286133 -44.276283264160156
209 37.8614387512207 -43.75141143798828
210 37.82345962524414 -43.21969223022461
211 37.8118896484375 -43.05883026123047
212 37.696861267089844 -42.93470001220703
213 37.27734375 -42.57633590698242
214 36.967559814453125 -42.36935806274414
215 36.373531341552734 -42.00851058959961
216 36.10289764404297 -41.7988395690918
217 35.83415222167969 -41.54412841796875
218 35.67432403564453 -41.39807891845703
219 35.500579833984375 -41.227867126464844
220 35.17939758300781 -40.89846420288086
221 34.9918098449707 -40.765296936035156
222 34.74357223510742 -40.666038513183594
223 34.31764602661133 -40.51311111450195
224 33.72549057006836 -40.282196044921875
225 33.48240661621094 -40.23723602294922
226 33.128509521484375 -40.28759765625
227 32.792884826660156 -40.372982025146484
228 32.46523666381836 -40.49281692504883
229 32.29481887817383 -40.59442138671875
230 31.898670196533203 -40.80927276611328
231 31.377243041992188 -41.08904266357422
232 30.697866439819336 -41.402137756347656
233 30.38892936706543 -41.528839111328125
234 30.093868255615234 -41.617652893066406
235 29.80135726928711 -41.64111328125
236 29.159404754638672 -41.61556625366211
237 28.73798942565918 -41.55450439453125
238 28.483253479003906 -41.526119232177734
239 23.344711303710938 -40.32978820800781
240 23.03993797302246 -40.23953628540039
241 22.942251205444336 -40.13343048095703
242 22.862972259521484 -39.9139518737793
243 22.78228187561035 -39.52574920654297
244 22.744705200195312 -39.153175354003906
245 22.856338500976562 -38.995121002197266
246 23.461469650268555 -38.85955810546875
247 23.798702239990234 -38.95248031616211
248 24.27314567565918 -39.14369583129883
249 25.015438079833984 -39.52318572998047
250 25.16631507873535 -39.63733673095703
251 25.351938247680664 -39.744258880615234
252 25.767053604125977 -39.920265197753906
253 26.272008895874023 -40.1509895324707
254 26.498489379882812 -40.3258056640625
255 26.5838623046875 -40.77272033691406
256 26.55522918701172 -41.04774856567383
257 26.542774200439453 -41.09976577758789
258 30.782756805419922 -24.16971206665039
259 30.816232681274414 -23.987829208374023
260 30.82602310180664 -23.760583877563477
261 30.86652183532715 -23.603368759155273
262 30.868568420410156 -23.31195068359375
263 30.864707946777344 -23.0364990234375
264 30.860361099243164 -22.784589767456055
265 30.828529357910156 -22.59227180480957
266 30.751190185546875 -22.350120544433594
267 30.567432403564453 -21.914020538330078
268 30.373519897460938 -21.614477157592773
269 30.245113372802734 -21.428930282592773
270 30.137298583984375 -21.340721130371094
271 13.167806625366211 -27.01072120666504
272 12.868426322937012 -26.983835220336914
273 12.597092628479004 -26.912498474121094
274 12.434260368347168 -26.761749267578125
275 12.322128295898438 -26.430505752563477
276 12.325804710388184 -26.047245025634766
277 12.353934288024902 -25.83877182006836
278 22.124603271484375 -15.931307792663574
279 22.130735397338867 -15.69094467163086
280 22.083581924438477 -15.400686264038086
281 21.896190643310547 -14.89692211151123
282 21.64589500427246 -14.415886878967285
283 21.456764221191406 -14.167548179626465
284 21.263933181762695 -14.05695629119873
285 20.815187454223633 -13.886236190795898
286 20.479223251342773 -13.841291427612305
287 20.227455139160156 -14.00648021697998
288 19.9964542388916 -14.280390739440918
289 19.84438705444336 -14.568207740783691
290 19.745630264282227 -14.82008171081543
291 19.611486434936523 -14.975722312927246
292 7.042581558227539 -27.908550262451172
293 7.020596504211426 -28.180925369262695
294 6.930906772613525 -28.484859466552734
295 6.737491607666016 -28.80502700805664
296 6.493898391723633 -29.193483352661133
297 6.409775257110596 -29.493059158325195
298 6.409064769744873 -29.81435203552246
299 6.572319984436035 -29.97441864013672
300 6.951528072357178 -30.071836471557617
301 7.673636436462402 -30.081703186035156
302 8.080964088439941 -30.012208938598633
303 27.080814361572266 -13.278048515319824
304 27.177152633666992 -12.984453201293945
305 27.251569747924805 -12.728615760803223
306 27.405366897583008 -12.376190185546875
307 27.600080490112305 -12.091877937316895
308 27.834428787231445 -11.848846435546875
309 28.112518310546875 -11.65096378326416
310 28.471881866455078 -11.547719955444336
311 28.627552032470703 -11.55576229095459
312 28.912935256958008 -11.790399551391602
313 29.314437866210938 -12.054143905639648
314 29.63199806213379 -12.216683387756348
315 29.882156372070312 -12.257295608520508
316 30.262393951416016 -12.405590057373047
317 30.739702224731445 -12.670278549194336
318 31.011320114135742 -12.852731704711914
319 31.13018798828125 -13.051400184631348
320 31.182113647460938 -13.447481155395508
321 31.217124938964844 -13.788888931274414
322 31.197771072387695 -14.154170036315918
323 31.184070587158203 -14.49111557006836
324 31.016834259033203 -14.870393753051758
325 30.865602493286133 -15.113188743591309
326 30.626697540283203 -15.266623497009277
327 30.181596755981445 -15.431056022644043
328 30.028657913208008 -15.470867156982422
329 9.745790481567383 -26.913402557373047
330 9.708549499511719 -27.046878814697266
331 9.707825660705566 -27.34818458557129
332 9.741642951965332 -27.66179656982422
333 9.908783912658691 -27.904552459716797
334 10.141368865966797 -28.115562438964844
335 10.497654914855957 -28.396257400512695
336 10.774338722229004 -28.606279373168945
337 10.992646217346191 -28.897624969482422
338 11.078617095947266 -29.306766510009766
339 11.190350532531738 -29.59276580810547
340 11.384859085083008 -29.878786087036133
341 11.496313095092773 -30.041542053222656
342 11.521459579467773 -30.265825271606445
343 11.470813751220703 -30.81325912475586
344 11.352375030517578 -31.099119186401367
345 11.181880950927734 -31.27757453918457
346 10.756503105163574 -31.450441360473633
347 10.381406784057617 -31.56338882446289
348 9.945348739624023 -31.811752319335938
349 9.710380554199219 -31.979711532592773
350 9.386614799499512 -32.2392463684082
351 9.08814525604248 -32.52513885498047
352 8.718642234802246 -33.004024505615234
353 8.522989273071289 -33.29008865356445
354 8.347399711608887 -33.55720138549805
355 8.186685562133789 -33.87471008300781
356 7.853708744049072 -34.46565246582031
357 7.731969833374023 -34.671546936035156
358 7.585373401641846 -34.89235305786133
359 7.485803127288818 -35.28916931152344
360 7.439228534698486 -35.814544677734375
361 7.446646690368652 -36.0576171875
362 7.518240451812744 -36.13684844970703
363 21.601852416992188 -42.27553939819336
364 21.66111183166504 -42.58332824707031
365 21.66482925415039 -43.00493240356445
366 21.551315307617188 -43.33671951293945
367 21.40178680419922 -43.573551177978516
368 21.05310821533203 -43.724727630615234
369 20.4980411529541 -43.660850524902344
370 20.18183708190918 -43.520851135253906
371 17.72630500793457 -41.44402313232422
372 17.45884132385254 -41.29939651489258
373 17.138172149658203 -41.07541275024414
374 16.761751174926758 -40.85218048095703
375 16.520458221435547 -40.74458312988281
376 16.322589874267578 -40.61528778076172
377 15.965216636657715 -40.3802375793457
378 15.774374961853027 -40.16496658325195
379 15.877130508422852 -39.84872817993164
380 17.243446350097656 -39.31625747680664
381 17.509767532348633 -39.142208099365234
382 17.620399475097656 -38.918052673339844
383 17.43747901916504 -38.54067611694336
384 17.274627685546875 -38.36334228515625
385 17.011016845703125 -38.26274871826172
386 16.495059967041016 -38.23956298828125
387 16.147958755493164 -38.300376892089844
388 15.742209434509277 -38.362972259521484
389 15.153741836547852 -38.434898376464844
390 14.919086456298828 -38.45283889770508
391 14.59194564819336 -38.43206024169922
392 14.171621322631836 -38.3282356262207
393 13.872161865234375 -38.08620071411133
394 13.6925630569458 -37.84309387207031
395 13.684807777404785 -37.54047775268555
396 13.728161811828613 -37.25132369995117
397 13.57497787475586 -36.08639144897461
398 13.480254173278809 -35.927764892578125
399 13.29977798461914 -36.02265548706055
400 13.07897663116455 -36.19290542602539
401 12.820051193237305 -36.41897201538086
402 12.41769790649414 -36.77545928955078
403 12.136331558227539 -36.94308090209961
404 11.601962089538574 -37.104759216308594
405 11.25869369506836 -37.17319107055664
406 11.022758483886719 -37.28998565673828
407 10.831103324890137 -37.406150817871094
408 10.689495086669922 -37.58491897583008
409 10.279173851013184 -38.06388473510742
410 10.094532012939453 -38.23369598388672
411 10.088777542114258 -38.475372314453125
412 10.125794410705566 -38.70051193237305
413 10.197286605834961 -38.98575973510742
414 10.268288612365723 -39.681339263916016
415 10.210296630859375 -39.98090744018555
416 10.149149894714355 -40.097808837890625
417 10.110711097717285 -40.14669418334961
418 19.130504608154297 -24.58561134338379
419 19.24433135986328 -24.44253158569336
420 19.507875442504883 -24.233434677124023
421 19.78856658935547 -24.00006866455078
422 20.021860122680664 -23.873937606811523
423 20.24782371520996 -23.907880783081055
424 20.605560302734375 -24.03742218017578
425 20.918418884277344 -24.252222061157227
426 21.14352798461914 -24.37816619873047
427 21.419103622436523 -24.538936614990234
428 21.742395401000977 -24.761085510253906
429 22.166057586669922 -24.98895263671875
430 22.554000854492188 -25.14655303955078
431 22.885663986206055 -25.238178253173828
432 23.17982292175293 -25.261474609375
433 23.426027297973633 -25.2370662689209
434 23.539255142211914 -25.301652908325195
435 23.41585350036621 -29.883211135864258
436 23.390348434448242 -30.15830421447754
437 23.41301918029785 -30.344192504882812
438 23.46938705444336 -30.6014347076416
439 23.594533920288086 -30.846620559692383
440 23.644805908203125 -31.16077995300293
441 23.70056915283203 -31.487728118896484
442 23.781845092773438 -31.703935623168945
443 23.90217399597168 -31.862228393554688
444 24.354387283325195 -32.089237213134766
445 24.778705596923828 -32.30314254760742
446 24.977943420410156 -32.40262985229492
447 25.31206512451172 -32.64158630371094
448 29.72471046447754 -37.35554504394531
449 29.8690185546875 -37.52403259277344
450 29.984386444091797 -37.55421829223633
451 30.451736450195312 -37.55803298950195
452 30.745067596435547 -37.4911994934082
453 31.158695220947266 -37.30760955810547
454 31.436452865600586 -37.096458435058594
455 33.510494232177734 -33.473941802978516
456 33.674346923828125 -33.0590705871582
457 33.829769134521484 -32.742061614990234
458 33.9942741394043 -32.523651123046875
459 34.05232620239258 -32.42047119140625
460 34.30546188354492 -32.22513198852539
461 41.6072998046875 -14.380699157714844
462 41.5675048828125 -14.347635269165039
463 41.413333892822266 -14.278158187866211
464 41.25865936279297 -14.209745407104492
465 41.03604507446289 -14.148911476135254
466 40.83274459838867 -14.112115859985352
467 40.51337432861328 -13.995535850524902
468 40.34526824951172 -13.996003150939941
469 39.350120544433594 -14.260268211364746
470 38.86691665649414 -14.436534881591797
471 38.70833206176758 -14.506919860839844
472 38.52827072143555 -14.61782455444336
473 38.37639617919922 -14.721043586730957
474 38.22117614746094 -14.8942232131958
475 35.66190719604492 -37.3114128112793
476 35.38419723510742 -37.54635238647461
477 35.2061882019043 -37.64384841918945
478 35.029048919677734 -37.724151611328125
479 34.892276763916016 -37.79894256591797
480 27.53849983215332 -48.436866760253906
481 27.314586639404297 -48.601097106933594
482 27.103225708007812 -48.81979751586914
483 26.951108932495117 -48.99971389770508
484 26.866796493530273 -49.12523651123047
485 26.79790687561035 -49.18806076049805
486 27.20880699157715 -28.195770263671875
487 27.411720275878906 -28.27330207824707
488 27.697294235229492 -28.417516708374023
489 27.729251861572266 -28.517274856567383
490 27.829647064208984 -28.83629035949707
491 27.816205978393555 -29.345703125
492 27.58123016357422 -29.823505401611328
493 27.345592498779297 -30.31888771057129
494 27.143699645996094 -30.722450256347656
495 26.899736404418945 -31.196311950683594
496 26.811925888061523 -31.37917709350586
497 26.742115020751953 -31.420475006103516
498 26.65223503112793 -31.348108291625977
499 23.36899757385254 -23.14097785949707
500 23.039955139160156 -22.925386428833008
501 22.768953323364258 -22.739913940429688
502 22.604337692260742 -22.712812423706055
503 22.36453628540039 -22.765762329101562
504 22.244457244873047 -22.724573135375977
505 14.254849433898926 -18.617786407470703
506 13.886630058288574 -18.250221252441406
507 13.767948150634766 -17.969024658203125
508 13.700642585754395 -17.74127960205078
509 13.654075622558594 -17.440902709960938
510 13.720064163208008 -17.187101364135742
511 14.02547836303711 -16.788848876953125
512 14.306456565856934 -16.46500015258789
513 14.419906616210938 -16.397090911865234
514 14.57422161102295 -16.35769271850586
515 14.972732543945312 -16.311582565307617
516 15.608436584472656 -16.33905792236328
517 15.889278411865234 -16.36829376220703
518 16.17714500427246 -16.429080963134766
519 16.525218963623047 -16.546167373657227
520 17.01439666748047 -16.710041046142578
521 18.03573989868164 -16.91892433166504
522 18.366666793823242 -17.01541519165039
523 18.68570327758789 -17.10441780090332
524 19.187875747680664 -17.3082332611084
525 19.443941116333008 -17.453584671020508
526 19.661144256591797 -17.568944931030273
527 19.894878387451172 -17.734750747680664
528 20.064327239990234 -17.871822357177734
529 33.8521728515625 -35.2320442199707
530 33.80310821533203 -35.38121795654297
531 33.66427230834961 -35.50893020629883
532 33.37186050415039 -35.702274322509766
533 32.91978454589844 -35.83662414550781
534 32.668304443359375 -35.777496337890625
535 32.361183166503906 -35.544673919677734
536 32.125125885009766 -35.36844253540039
537 31.945724487304688 -35.24817657470703
538 31.451322555541992 -34.88557815551758
539 31.27280044555664 -34.733158111572266
540 31.03935432434082 -34.43034744262695
541 30.853525161743164 -34.248172760009766
542 30.581674575805664 -34.056758880615234
543 30.222658157348633 -33.725982666015625
544 29.842609405517578 -33.39126205444336
545 29.592891693115234 -33.102718353271484
546 29.353261947631836 -32.60110855102539
547 29.22199058532715 -32.1273193359375
548 29.198528289794922 -31.72328758239746
549 29.21697425842285 -31.248193740844727
550 29.253639221191406 -31.010814666748047
551 29.303607940673828 -30.722579956054688
552 31.229318618774414 -19.146160125732422
553 31.33363151550293 -19.005754470825195
554 31.52049446105957 -18.71086883544922
555 31.74980926513672 -18.459625244140625
556 32.089508056640625 -17.99589729309082
557 32.22309494018555 -17.81183624267578
558 32.42055892944336 -17.713302612304688
559 32.778785705566406 -17.373821258544922
560 33.110809326171875 -17.09874725341797
561 33.5814208984375 -16.792102813720703
562 33.83012008666992 -16.678089141845703
563 34.02996063232422 -16.59864616394043
564 34.2260856628418 -16.452173233032227
565 34.43088150024414 -16.276199340820312
566 35.13881301879883 -15.720779418945312
567 35.12887191772461 -15.513727188110352
568 34.97175216674805 -14.937273025512695
569 34.906044006347656 -14.664390563964844
570 34.84121322631836 -14.600818634033203
571 34.71323776245117 -14.483689308166504
572 22.84998321533203 -17.982555389404297
573 22.743534088134766 -18.062089920043945
574 22.64863395690918 -18.231002807617188
575 22.563451766967773 -18.60516929626465
576 22.46197509765625 -19.20062828063965
577 22.455524444580078 -19.50039291381836
578 22.581098556518555 -19.67950439453125
579 22.845653533935547 -19.852249145507812
580 23.62983512878418 -19.890560150146484
581 23.930585861206055 -19.866336822509766
582 24.123933792114258 -19.8688907623291
583 24.48369598388672 -19.897409439086914
584 24.720945358276367 -19.947404861450195
585 25.12747573852539 -20.094200134277344
586 25.272628784179688 -20.2288818359375
587 25.248855590820312 -20.531999588012695
588 25.172195434570312 -20.91791534423828
589 25.124624252319336 -21.14971351623535
590 25.141767501831055 -21.47260284423828
591 25.200607299804688 -21.87514305114746
592 25.211441040039062 -22.071609497070312
593 25.166105270385742 -22.537609100341797
594 25.159160614013672 -22.816930770874023
595 25.174009323120117 -23.295427322387695
596 25.256362915039062 -23.761432647705078
597 25.27769660949707 -24.085128784179688
598 25.343149185180664 -24.640413284301758
599 25.3919734954834 -24.774377822875977
600 25.50433349609375 -24.945310592651367
601 25.78485679626465 -25.285476684570312
602 26.059669494628906 -25.573259353637695
603 26.618772506713867 -25.89012336730957
604 26.864713668823242 -26.15789031982422
605 27.258649826049805 -26.478334426879883
606 27.671316146850586 -26.769329071044922
607 27.919517517089844 -26.865554809570312
608 28.194229125976562 -26.97735595703125
609 28.652301788330078 -27.158599853515625
610 29.14906120300293 -27.448793411254883
611 29.407854080200195 -27.657136917114258
612 29.843812942504883 -28.053207397460938
613 30.04623794555664 -28.228853225708008
614 30.46603775024414 -28.432695388793945
615 30.844404220581055 -28.57745361328125
616 31.081823348999023 -28.727325439453125
617 31.249353408813477 -28.896820068359375
618 31.479663848876953 -29.13553810119629
619 31.90823745727539 -29.555641174316406
620 32.122718811035156 -29.79808807373047
621 32.35618591308594 -29.886905670166016
622 32.8882942199707 -29.983217239379883
623 33.410240173339844 -30.006546020507812
624 33.77328109741211 -30.016897201538086
625 34.23406219482422 -30.061199188232422
626 34.7158088684082 -30.157249450683594
627 34.94227600097656 -30.191444396972656
628 35.25148391723633 -30.184476852416992
629 35.47275161743164 -30.170780181884766
630 35.79457473754883 -30.049545288085938
631 36.14946746826172 -29.886167526245117
632 36.59141159057617 -29.638511657714844
633 36.8331298828125 -29.290557861328125
634 37.02815628051758 -28.682865142822266
635 37.039031982421875 -28.386676788330078
636 36.995445251464844 -28.156084060668945
637 36.805965423583984 -27.963869094848633
638 36.31233215332031 -27.731290817260742
639 36.098209381103516 -27.689579010009766
640 35.24128341674805 -27.510995864868164
641 34.6584358215332 -27.320104598999023
642 34.505306243896484 -27.15651512145996
643 34.47119140625 -26.864810943603516
644 34.513572692871094 -26.44794273376465
645 34.681217193603516 -26.098814010620117
646 34.9055290222168 -25.82088851928711
647 35.28178787231445 -25.604812622070312
648 35.729671478271484 -25.472318649291992
649 36.13557052612305 -25.33228874206543
650 36.71080780029297 -25.092769622802734
651 36.873924255371094 -24.956274032592773
652 36.95984649658203 -24.80324935913086
653 36.9245719909668 -24.40018081665039
654 36.81726837158203 -23.724212646484375
655 36.76807403564453 -23.341182708740234
656 36.714534759521484 -22.954788208007812
657 36.606842041015625 -22.41484832763672
658 36.4574089050293 -21.866472244262695
659 36.30514907836914 -21.547348022460938
660 36.139347076416016 -21.297147750854492
661 35.922061920166016 -21.1200008392334
662 35.26576232910156 -20.651185989379883
663 35.024330139160156 -20.498743057250977
664 34.73908615112305 -20.3438720703125
665 34.17512893676758 -20.168561935424805
666 33.77753829956055 -20.163724899291992
667 33.413307189941406 -20.25600814819336
668 33.03081512451172 -20.48053550720215
669 32.79305648803711 -20.575538635253906
670 32.63267517089844 -20.6744327545166
671 15.710705757141113 -30.984825134277344
672 15.649252891540527 -31.04970359802246
673 2.847440481185913 -35.025604248046875
674 2.5679190158843994 -34.98918533325195
675 2.3606109619140625 -34.891456604003906
676 2.168381929397583 -34.63797378540039
677 1.9558929204940796 -34.264312744140625
678 1.7881994247436523 -33.96340560913086
679 1.6905523538589478 -33.62148666381836
680 1.7036023139953613 -33.37343978881836
681 1.8948111534118652 -33.08529281616211
682 2.190045118331909 -32.71824264526367
683 2.4859328269958496 -32.4222297668457
684 2.7097835540771484 -32.31272888183594
685 3.29826283454895 -32.174434661865234
686 3.644176483154297 -32.18055725097656
687 4.261188507080078 -32.262977600097656
688 4.6937079429626465 -32.33340072631836
689 4.950779438018799 -32.38743591308594
690 19.364030838012695 -45.779788970947266
691 19.38812828063965 -45.89012145996094
692 19.385099411010742 -46.37575149536133
693 19.449825286865234 -46.81208419799805
694 19.567466735839844 -47.0170783996582
695 19.804588317871094 -47.1324577331543
696 20.423656463623047 -47.37762451171875
697 20.84934425354004 -47.57278060913086
698 21.42253875732422 -47.76791763305664
699 21.786989212036133 -47.91121292114258
700 22.463821411132812 -48.12015151977539
701 22.683799743652344 -48.07012176513672
702 23.237354278564453 -47.90856170654297
703 23.606782913208008 -47.64678192138672
704 24.156522750854492 -47.25248718261719
705 24.58292579650879 -47.04399871826172
706 24.91249656677246 -46.88068771362305
707 25.87844467163086 -46.4010124206543
708 26.648300170898438 -45.96992111206055
709 26.824865341186523 -45.800445556640625
710 27.003047943115234 -45.433837890625
711 27.23729705810547 -45.02888870239258
712 27.357210159301758 -44.621978759765625
713 27.32843780517578 -44.41806411743164
714 27.096668243408203 -43.99162673950195
715 26.77574920654297 -43.682987213134766
716 26.54539680480957 -43.593963623046875
717 26.31597137451172 -43.577701568603516
718 26.06824493408203 -43.652347564697266
719 25.876068115234375 -43.72006607055664
720 25.21271324157715 -43.97333526611328
721 24.899173736572266 -44.096378326416016
722 23.92283058166504 -44.63626480102539
723 23.626996994018555 -45.03929138183594
724 23.391984939575195 -45.3342170715332
725 23.13262367248535 -45.644927978515625
726 23.03260612487793 -45.7423210144043
727 33.00262451171875 -24.878707885742188
728 32.99662399291992 -24.706905364990234
729 33.002254486083984 -24.36253547668457
730 33.10215759277344 -23.93031883239746
731 33.27330780029297 -23.556129455566406
732 33.515960693359375 -23.115154266357422
733 33.60483932495117 -22.969043731689453
734 33.5825309753418 -22.94809913635254
735 35.55205154418945 -12.127609252929688
736 35.528472900390625 -11.878342628479004
737 35.42608642578125 -11.693939208984375
738 35.1912956237793 -11.340862274169922
739 34.89995193481445 -10.940192222595215
740 34.69053649902344 -10.580050468444824
741 34.52627944946289 -10.302877426147461
742 34.269622802734375 -10.055139541625977
743 33.98918533325195 -9.847373962402344
744 33.628509521484375 -9.65978717803955
745 33.32088088989258 -9.620285034179688
746 33.14858627319336 -9.701919555664062
747 32.913692474365234 -9.875763893127441
748 11.333894729614258 -21.4250431060791
749 11.124080657958984 -21.506145477294922
750 10.571667671203613 -21.436721801757812
751 10.240301132202148 -21.287769317626953
752 9.757330894470215 -21.05678367614746
753 9.50925064086914 -20.980327606201172
754 9.399148941040039 -20.848018646240234
755 9.268261909484863 -20.562467575073242
756 9.234832763671875 -20.227191925048828
757 9.205953598022461 -19.462678909301758
758 9.334107398986816 -19.25180435180664
759 9.563742637634277 -19.172073364257812
760 10.067300796508789 -19.139678955078125
761 10.482026100158691 -19.171323776245117
762 10.765244483947754 -19.13131332397461
763 37.0030632019043 -33.19529724121094
764 36.86153030395508 -33.32192611694336
765 36.614803314208984 -33.5838737487793
766 36.35520553588867 -33.92582321166992
767 36.158424377441406 -34.16249465942383
768 35.9849853515625 -34.36776351928711
769 28.259151458740234 -38.84714126586914
770 28.103071212768555 -38.81924057006836
771 27.79087257385254 -38.71409225463867
772 27.402637481689453 -38.556766510009766
773 27.13041877746582 -38.39991760253906
774 26.805240631103516 -38.16530990600586
775 26.421512603759766 -37.89265060424805
776 26.098251342773438 -37.63117218017578
777 25.756933212280273 -37.349647521972656
778 25.417978286743164 -37.01762008666992
779 25.220659255981445 -36.69440841674805
780 25.046186447143555 -36.038658142089844
781 25.130298614501953 -35.60978698730469
782 25.254987716674805 -35.12560272216797
783 25.32662010192871 -34.82075881958008
784 25.249948501586914 -34.452056884765625
785 25.04186248779297 -34.29242706298828
786 24.77756690979004 -34.429866790771484
787 24.1977596282959 -34.935428619384766
788 24.027070999145508 -35.144588470458984
789 23.622549057006836 -35.56453323364258
790 23.360660552978516 -35.73576736450195
791 23.21236228942871 -36.049339294433594
792 23.147518157958984 -36.37558364868164
793 22.94468879699707 -36.6761589050293
794 22.42842674255371 -37.05241394042969
795 22.15274429321289 -37.132957458496094
796 21.946592330932617 -37.065086364746094
797 21.811073303222656 -36.787445068359375
798 21.755708694458008 -36.39181137084961
799 21.744468688964844 -36.11636734008789
800 28.111238479614258 -24.98574447631836
801 28.240488052368164 -24.789905548095703
802 28.277280807495117 -24.50052261352539
803 28.32299041748047 -24.161256790161133
804 28.384469985961914 -23.83397674560547
805 28.467660903930664 -23.690479278564453
806 28.6637020111084 -23.613128662109375
807 28.8641300201416 -23.5323543548584
808 39.09266662597656 -22.921825408935547
809 39.40772247314453 -22.881816864013672
810 39.892879486083984 -22.86834716796875
811 40.17295837402344 -22.91294288635254
812 40.424686431884766 -22.831701278686523
813 40.678314208984375 -22.744041442871094
814 40.98126220703125 -22.66355323791504
815 41.162994384765625 -22.439666748046875
816 41.304054260253906 -22.239791870117188
817 41.442447662353516 -21.93483543395996
818 41.499996185302734 -21.6474666595459
819 41.55952072143555 -21.362119674682617
820 41.552303314208984 -21.15642738342285
821 41.17735290527344 -20.096372604370117
822 41.063140869140625 -19.78767967224121
823 40.862674713134766 -19.528697967529297
824 40.69276809692383 -19.385475158691406
825 40.36843490600586 -19.149221420288086
826 40.06396484375 -18.93203353881836
827 39.70880889892578 -18.722530364990234
828 39.45550537109375 -18.6637020111084
829 38.61065673828125 -18.52605628967285
830 38.32172393798828 -18.488012313842773
831 38.121700286865234 -18.408105850219727
832 37.828041076660156 -18.288841247558594
833 37.58127975463867 -18.232101440429688
834 37.22179412841797 -18.21270751953125
835 36.789710998535156 -18.25163459777832
836 36.55168533325195 -18.299911499023438
837 36.391048431396484 -18.34368896484375
838 21.07270050048828 -20.904857635498047
839 20.947345733642578 -20.809284210205078
840 20.828289031982422 -20.775300979614258
841 20.632627487182617 -20.865047454833984
842 19.884794235229492 -21.22032356262207
843 19.57898712158203 -21.36483383178711
844 19.354795455932617 -21.48375129699707
845 19.188899993896484 -21.578327178955078
846 18.8907527923584 -21.743162155151367
847 18.62118148803711 -21.97403335571289
848 18.402095794677734 -22.249183654785156
849 18.25084686279297 -22.42249870300293
850 18.09746551513672 -22.60355567932129
851 17.99509620666504 -22.75324058532715
852 17.955251693725586 -22.853139877319336
853 30.302536010742188 -25.940380096435547
854 30.555301666259766 -25.98080062866211
855 31.00564193725586 -26.07003402709961
856 31.3841609954834 -26.228639602661133
857 31.807174682617188 -26.449329376220703
858 31.976449966430664 -26.6489200592041
859 32.043521881103516 -26.83417320251465
860 32.08988571166992 -27.081199645996094
861 31.368453979492188 -31.070154190063477
862 31.248531341552734 -31.461605072021484
863 31.078310012817383 -31.730812072753906
864 30.907470703125 -31.859027862548828
865 30.577329635620117 -32.009246826171875
866 27.8598690032959 -32.71245193481445
867 27.715373992919922 -32.86360168457031
868 27.70603370666504 -33.125736236572266
869 27.858810424804688 -33.54057312011719
870 27.942256927490234 -33.79020690917969
871 27.965559005737305 -33.94370651245117
872 28.107847213745117 -34.24150085449219
873 28.421890258789062 -34.922203063964844
874 28.482900619506836 -35.434879302978516
875 28.427894592285156 -35.71322250366211
876 28.296777725219727 -35.90121078491211
877 28.01344871520996 -35.98701477050781
878 27.536495208740234 -36.009521484375
879 27.10935401916504 -35.997901916503906
880 26.97028923034668 -35.986297607421875
881 26.71295738220215 -35.970855712890625
882 17.732580184936523 -35.93838882446289
883 17.479368209838867 -35.79277038574219
884 17.240766525268555 -35.62582015991211
885 16.84229278564453 -35.3226203918457
886 16.674530029296875 -35.14899444580078
887 16.150802612304688 -34.73820495605469
888 15.770162582397461 -34.48297119140625
889 15.48647689819336 -34.38497543334961
890 15.32651138305664 -34.341217041015625
891 15.128270149230957 -34.23294448852539
892 14.704026222229004 -33.93888473510742
893 14.52743148803711 -33.73740768432617
894 14.462041854858398 -33.45428466796875
895 14.384919166564941 -33.24805450439453
896 14.164727210998535 -32.78646469116211
897 13.880325317382812 -32.1773681640625
898 13.711543083190918 -31.80601692199707
899 13.65510368347168 -31.504392623901367
900 13.645329475402832 -31.338090896606445
901 13.72164535522461 -30.981088638305664
902 13.836753845214844 -30.43723487854004
903 13.90700912475586 -30.244565963745117
904 13.930009841918945 -29.59684944152832
905 13.930106163024902 -29.241317749023438
906 13.973419189453125 -28.976099014282227
907 14.025113105773926 -28.852962493896484
908 14.160365104675293 -28.6422061920166
909 14.454818725585938 -28.31075668334961
910 15.017765045166016 -27.856578826904297
911 15.511507987976074 -27.779155731201172
912 15.753890991210938 -27.851810455322266
913 15.863775253295898 -27.998090744018555
914 16.200725555419922 -28.449888229370117
915 16.364044189453125 -28.722469329833984
916 16.67643928527832 -28.90928077697754
917 16.996978759765625 -28.926118850708008
918 17.245269775390625 -28.85722541809082
919 17.542057037353516 -28.765470504760742
920 17.641904830932617 -28.59962272644043
921 17.63754653930664 -27.976104736328125
922 17.667560577392578 -27.455114364624023
923 17.808828353881836 -27.235239028930664
924 18.06667709350586 -27.090377807617188
925 18.51563835144043 -27.059852600097656
926 18.653757095336914 -27.208221435546875
927 18.932592391967773 -28.30191993713379
928 19.097753524780273 -29.137727737426758
929 19.272029876708984 -29.637575149536133
930 19.437610626220703 -29.854450225830078
931 19.662321090698242 -29.985750198364258
932 25.15150260925293 -29.700403213500977
933 25.46551513671875 -29.5760440826416
934 25.54163932800293 -29.433881759643555
935 25.630210876464844 -29.125234603881836
936 25.61534881591797 -28.851926803588867
937 25.471097946166992 -28.297813415527344
938 25.313011169433594 -27.953577041625977
939 25.116552352905273 -27.636093139648438
940 24.91672706604004 -27.416576385498047
941 24.73832130432129 -27.138643264770508
942 24.630054473876953 -26.944305419921875
943 24.364171981811523 -26.85595703125
944 23.869993209838867 -26.87145233154297
945 23.53656768798828 -26.964508056640625
946 23.34358787536621 -27.164527893066406
947 23.16408920288086 -27.438032150268555
948 23.062484741210938 -27.817670822143555
949 23.100126266479492 -28.0938777923584
950 23.131635665893555 -28.24028968811035
951 27.401063919067383 -21.937698364257812
952 27.597068786621094 -21.664615631103516
953 27.736907958984375 -21.409515380859375
954 27.940893173217773 -21.0236759185791
955 28.09001350402832 -20.700040817260742
956 28.161954879760742 -20.481096267700195
957 28.216066360473633 -20.16511344909668
958 28.31450653076172 -19.825328826904297
959 28.439128875732422 -19.42583656311035
960 28.52348518371582 -18.970354080200195
961 28.566274642944336 -18.468158721923828
962 28.57010841369629 -18.123876571655273
963 28.484771728515625 -17.801740646362305
964 28.364395141601562 -17.455974578857422
965 28.229185104370117 -17.22075653076172
966 27.95830726623535 -16.86920738220215
967 27.76659393310547 -16.66222381591797
968 17.650930404663086 -19.645448684692383
969 17.49956512451172 -19.775514602661133
970 17.161287307739258 -20.007835388183594
971 16.819650650024414 -20.140657424926758
972 16.41789436340332 -20.262252807617188
973 16.070911407470703 -20.42113494873047
974 15.513933181762695 -20.799104690551758
975 15.303550720214844 -20.960203170776367
976 15.053421974182129 -21.1491641998291
977 14.643848419189453 -21.35385513305664
978 14.302206993103027 -21.491586685180664
979 14.044325828552246 -21.608488082885742
980 13.848902702331543 -21.86681365966797
981 13.788847923278809 -22.07936668395996
982 13.743304252624512 -22.313108444213867
983 13.799314498901367 -22.836271286010742
984 13.871722221374512 -23.328630447387695
985 13.927937507629395 -23.716039657592773
986 14.019558906555176 -24.149946212768555
987 14.222670555114746 -24.531274795532227
988 14.563943862915039 -24.787986755371094
989 14.831271171569824 -24.911041259765625
990 15.110101699829102 -24.902652740478516
991 15.298603057861328 -24.885347366333008
992 15.580338478088379 -24.73168182373047
993 16.51145362854004 -24.485904693603516
994 16.796178817749023 -24.485933303833008
995 16.960224151611328 -24.66139030456543
996 17.08245849609375 -25.018640518188477
997 17.089269638061523 -25.458066940307617
998 17.020071029663086 -25.681243896484375
999 17.00103187561035 -25.748777389526367
