0 24.982147216796875 -13.449737548828125
1 24.944122314453125 -13.458417892456055
2 24.86161994934082 -13.493380546569824
3 24.82850456237793 -13.561741828918457
4 19.036428451538086 -29.81731605529785
5 18.835651397705078 -30.02641487121582
6 18.735506057739258 -30.151355743408203
7 18.52621841430664 -30.308021545410156
8 18.298152923583984 -30.49158477783203
9 18.126262664794922 -30.644018173217773
10 18.003952026367188 -30.762802124023438
11 17.888404846191406 -31.166881561279297
12 17.8560733795166 -31.63507652282715
13 18.13404083251953 -31.91675567626953
14 18.423429489135742 -32.03718948364258
15 18.691251754760742 -32.2060432434082
16 18.979721069335938 -32.32761764526367
17 19.138362884521484 -32.46839904785156
18 19.313146591186523 -32.89693832397461
19 19.57029151916504 -33.245758056640625
20 19.874774932861328 -33.475650787353516
21 20.39861488342285 -33.72267532348633
22 20.56383514404297 -33.74264907836914
23 20.784503936767578 -33.713809967041016
24 21.004859924316406 -33.63828659057617
25 21.17416000366211 -33.44182205200195
26 21.39902687072754 -33.10672378540039
27 21.482723236083984 -32.64830017089844
28 21.575037002563477 -32.37318420410156
29 21.60875701904297 -32.13030242919922
30 21.62347412109375 -31.919376373291016
31 21.500869750976562 -31.681488037109375
32 21.336458206176758 -31.51638412475586
33 21.20215606689453 -31.12343406677246
34 21.047607421875 -30.671777725219727
35 20.960962295532227 -30.41242027282715
36 20.90577507019043 -30.095123291015625
37 20.859901428222656 -29.929914474487305
38 24.148115158081055 -16.124128341674805
39 24.455551147460938 -16.045513153076172
40 24.809589385986328 -15.942998886108398
41 25.110139846801758 -16.00592041015625
42 25.398122787475586 -16.161800384521484
43 25.531696319580078 -16.352794647216797
44 25.486621856689453 -16.674972534179688
45 25.378286361694336 -17.37896728515625
46 25.405132293701172 -17.66985511779785
47 25.440853118896484 -17.787677764892578
48 25.46660041809082 -17.88018226623535
49 19.408763885498047 -34.980194091796875
50 19.477752685546875 -35.20840835571289
51 19.55654525756836 -35.35775375366211
52 19.669891357421875 -35.6060905456543
53 19.89057159423828 -36.03388214111328
54 20.033262252807617 -36.23762512207031
55 20.4581356048584 -36.67560577392578
56 20.776628494262695 -36.92247772216797
57 20.836910247802734 -37.14832305908203
58 20.95047378540039 -37.66265869140625
59 20.996681213378906 -37.97022247314453
60 21.012115478515625 -38.3544921875
61 20.944622039794922 -38.67158889770508
62 20.73518943786621 -39.11471939086914
63 20.60260009765625 -39.32647705078125
64 20.397747039794922 -39.51493453979492
65 20.140047073364258 -39.842674255371094
66 19.95989418029785 -40.10887908935547
67 19.852130889892578 -40.36820602416992
68 19.526466369628906 -40.76310729980469
69 19.054473876953125 -41.21658706665039
70 18.73843765258789 -41.51321792602539
71 18.476694107055664 -41.703346252441406
72 18.289323806762695 -41.75437545776367
73 17.997718811035156 -41.930789947509766
74 17.45193862915039 -42.20725631713867
75 17.26565170288086 -42.27039337158203
76 16.919723510742188 -42.23086929321289
77 16.509925842285156 -42.231815338134766
78 16.16439437866211 -42.126834869384766
79 15.701559066772461 -41.957393646240234
80 15.52220630645752 -41.903961181640625
81 14.872564315795898 -41.67621612548828
82 14.396965026855469 -41.70741271972656
83 14.2826509475708 -41.816062927246094
84 14.25876522064209 -42.0528678894043
85 14.270559310913086 -42.60810470581055
86 14.286304473876953 -43.1046142578125
87 14.328892707824707 -43.399478912353516
88 14.370492935180664 -43.579593658447266
89 31.598079681396484 -42.793251037597656
90 31.832353591918945 -42.736122131347656
91 32.04935073852539 -42.64513397216797
92 32.516090393066406 -42.47687911987305
93 32.69462585449219 -42.32050323486328
94 32.833560943603516 -42.13874435424805
95 33.04897689819336 -41.79166793823242
96 33.222251892089844 -41.518306732177734
97 33.34001922607422 -41.32444763183594
98 33.45714569091797 -41.100364685058594
99 33.55339813232422 -40.862300872802734
100 37.69041442871094 -31.426790237426758
101 37.918495178222656 -31.13349151611328
102 37.972530364990234 -31.043174743652344
103 38.117591857910156 -30.859954833984375
104 38.45555114746094 -30.632169723510742
105 38.76996612548828 -30.51158905029297
106 38.959285736083984 -30.42429542541504
107 39.16609573364258 -30.28057861328125
108 39.46217346191406 -29.957616806030273
109 39.621482849121094 -29.70903205871582
110 6.928081035614014 -23.190845489501953
111 7.014594078063965 -23.19403648376465
112 7.289560794830322 -23.23275375366211
113 7.7046685218811035 -23.350934982299805
114 8.017305374145508 -23.475187301635742
115 8.337252616882324 -23.549697875976562
116 8.66274642944336 -23.591806411743164
117 8.845536231994629 -23.619579315185547
118 9.072946548461914 -23.67736053466797
119 9.81704044342041 -23.954605102539062
120 9.940735816955566 -24.081087112426758
121 6.2408447265625 -38.20650100708008
122 6.273687839508057 -38.46269989013672
123 6.490220069885254 -38.9091911315918
124 6.615192890167236 -38.989349365234375
125 6.8605475425720215 -38.897865295410156
126 7.317093849182129 -38.631996154785156
127 7.990464210510254 -38.18170166015625
128 8.376089096069336 -37.8803825378418
129 10.816760063171387 -34.21085739135742
130 11.013384819030762 -34.04305648803711
131 11.28581428527832 -33.7644157409668
132 11.425348281860352 -33.57403564453125
133 11.646432876586914 -33.3296012878418
134 12.122603416442871 -32.86005401611328
135 12.291711807250977 -32.696048736572266
136 19.00278663635254 -25.448749542236328
137 19.16194725036621 -25.389820098876953
138 19.40456771850586 -25.42028045654297
139 19.960874557495117 -25.67717933654785
140 20.16710662841797 -26.01665496826172
141 20.15641975402832 -26.38417625427246
142 20.05263900756836 -26.62763214111328
143 20.01365852355957 -26.781618118286133
144 19.937166213989258 -27.077526092529297
145 19.97736167907715 -27.42231559753418
146 20.14735984802246 -27.807783126831055
147 20.177717208862305 -27.98600196838379
148 20.281591415405273 -28.14899253845215
149 20.52995491027832 -28.302459716796875
150 39.706871032714844 -34.08634567260742
151 39.64694595336914 -34.25730514526367
152 39.43828201293945 -34.68332290649414
153 39.32449722290039 -34.819580078125
154 39.1141357421875 -34.97093963623047
155 38.85841751098633 -35.082183837890625
156 38.325340270996094 -35.19586181640625
157 37.54212951660156 -35.30722427368164
158 37.30070495605469 -35.33474349975586
159 37.10645294189453 -35.3713264465332
160 36.85568618774414 -35.42302703857422
161 36.670204162597656 -35.436607360839844
162 13.968502044677734 -39.4791259765625
163 13.707244873046875 -39.53877258300781
164 13.478377342224121 -39.58734893798828
165 13.258207321166992 -39.63120651245117
166 12.835641860961914 -39.75966262817383
167 12.595462799072266 -39.92470932006836
168 12.40610122680664 -40.075523376464844
169 12.175139427185059 -40.24891662597656
170 11.8341703414917 -40.4843864440918
171 11.366015434265137 -40.86751174926758
172 11.245895385742188 -41.07588577270508
173 11.2958984375 -41.34792709350586
174 11.50278377532959 -41.61919403076172
175 11.717473030090332 -41.595245361328125
176 23.189517974853516 -40.818878173828125
177 23.314167022705078 -40.86122512817383
178 23.440332412719727 -40.85898971557617
179 23.684322357177734 -40.8253173828125
180 24.218355178833008 -40.866546630859375
181 24.50316047668457 -40.95648956298828
182 29.890642166137695 -45.12180709838867
183 30.119342803955078 -45.357086181640625
184 30.319883346557617 -45.603302001953125
185 30.63315773010254 -45.9613151550293
186 30.964265823364258 -46.361663818359375
187 31.240249633789062 -46.62114715576172
188 31.41124153137207 -46.80557632446289
189 31.644500732421875 -47.02677536010742
190 32.013729095458984 -47.146827697753906
191 32.315948486328125 -47.14089584350586
192 32.74485397338867 -47.10952377319336
193 33.161094665527344 -47.000732421875
194 33.60291290283203 -46.8284912109375
195 34.084651947021484 -46.608436584472656
196 34.48784255981445 -46.37374496459961
197 35.45766830444336 -45.742496490478516
198 35.61158752441406 -45.64803695678711
199 35.80513000488281 -45.485015869140625
200 36.069618225097656 -45.19396209716797
201 36.466407775878906 -44.75433349609375
202 36.84687042236328 -44.31488800048828
203 36.978546142578125 -44.12717819213867
204 37.09590148925781 -43.89303970336914
205 37.359275817871094 -43.26237869262695
206 37.54716491699219 -42.750282287597656
207 37.62895965576172 -42.41331481933594
208 37.70867919921875 -42.19806671142578
209 37.80256652832031 -41.65534973144531
210 37.846527099609375 -41.10966873168945
211 37.856571197509766 -40.942039489746094
212 37.78275680541992 -40.78358459472656
213 37.49462127685547 -40.306522369384766
214 37.253746032714844 -40.00534439086914
215 36.78324508666992 -39.463253021240234
216 36.57804489135742 -39.1792106628418
217 36.364105224609375 -38.82365417480469
218 36.22807312011719 -38.63060760498047
219 36.064029693603516 -38.41716384887695
220 35.76013946533203 -38.02909851074219
221 35.57534408569336 -37.86664581298828
222 35.323089599609375 -37.72593688964844
223 34.882789611816406 -37.526695251464844
224 34.26759338378906 -37.24192810058594
225 34.02381134033203 -37.1958122253418
226 33.67790985107422 -37.27186965942383
227 33.35184860229492 -37.414634704589844
228 33.026344299316406 -37.60703659057617
229 32.86114501953125 -37.75077819824219
230 32.446510314941406 -38.058265686035156
231 31.848478317260742 -38.46516418457031
232 31.02098846435547 -38.96657943725586
233 30.696168899536133 -39.16227340698242
234 30.38862419128418 -39.320892333984375
235 30.08864974975586 -39.420169830322266
236 29.43149185180664 -39.53942108154297
237 28.99588394165039 -39.55754852294922
238 28.732637405395508 -39.57540512084961
239 23.818405151367188 -38.96593475341797
240 23.49249839782715 -38.911293029785156
241 23.378284454345703 -38.82309341430664
242 23.255048751831055 -38.62873458862305
243 23.082788467407227 -38.264163970947266
244 22.957420349121094 -37.90769577026367
245 23.02706527709961 -37.73405456542969
246 23.578262329101562 -37.506221771240234
247 23.935590744018555 -37.558712005615234
248 24.459590911865234 -37.70541763305664
249 25.276086807250977 -38.018951416015625
250 25.43445587158203 -38.1164436340332
251 25.627958297729492 -38.20260238647461
252 26.05674934387207 -38.32968521118164
253 26.577783584594727 -38.508995056152344
254 26.7929630279541 -38.67251205444336
255 26.80558967590332 -39.13311767578125
256 26.73491096496582 -39.42189407348633
257 26.6928768157959 -39.47428894042969
258 30.181772232055664 -23.91454315185547
259 30.20508575439453 -23.720388412475586
260 30.190696716308594 -23.47389793395996
261 30.18932342529297 -23.309783935546875
262 30.117177963256836 -23.015541076660156
263 30.069061279296875 -22.73185920715332
264 30.0202693939209 -22.476972579956055
265 29.953895568847656 -22.276002883911133
266 29.871065139770508 -22.03072738647461
267 29.67101287841797 -21.589540481567383
268 29.471176147460938 -21.293983459472656
269 29.3309268951416 -21.122587203979492
270 29.214345932006836 -21.049787521362305
271 16.041963577270508 -29.246091842651367
272 15.743880271911621 -29.299467086791992
273 15.461079597473145 -29.30722999572754
274 15.300944328308105 -29.222579956054688
275 15.17702579498291 -28.968040466308594
276 15.178442001342773 -28.62421226501465
277 15.210293769836426 -28.45688247680664
278 22.623592376708984 -14.493027687072754
279 22.499439239501953 -14.343703269958496
280 22.303735733032227 -14.160656929016113
281 21.907196044921875 -13.847870826721191
282 21.480459213256836 -13.553496360778809
283 21.192424774169922 -13.437878608703613
284 20.973037719726562 -13.41877269744873
285 20.501270294189453 -13.447883605957031
286 20.1683406829834 -13.496119499206543
287 19.951091766357422 -13.704235076904297
288 19.7684326171875 -13.999993324279785
289 19.64639663696289 -14.283023834228516
290 19.58055877685547 -14.527324676513672
291 19.474754333496094 -14.682435035705566
292 6.923973083496094 -27.95673942565918
293 6.908615589141846 -28.219907760620117
294 6.819614887237549 -28.510480880737305
295 6.610137462615967 -28.825439453125
296 6.327101230621338 -29.209749221801758
297 6.216086387634277 -29.510215759277344
298 6.1909499168396 -29.840129852294922
299 6.3413405418396 -30.00547981262207
300 6.713968276977539 -30.103540420532227
301 7.443553447723389 -30.078750610351562
302 7.835723400115967 -29.981937408447266
303 29.79845428466797 -10.200945854187012
304 29.668102264404297 -9.993863105773926
305 29.450206756591797 -9.915386199951172
306 29.092615127563477 -9.93539047241211
307 28.748760223388672 -10.063994407653809
308 28.421127319335938 -10.260076522827148
309 28.148508071899414 -10.491518020629883
310 27.906208038330078 -10.848164558410645
311 27.84195899963379 -11.015048027038574
312 27.889284133911133 -11.411609649658203
313 28.022157669067383 -11.909194946289062
314 28.296024322509766 -12.171026229858398
315 28.49768829345703 -12.299768447875977
316 28.906957626342773 -12.450355529785156
317 29.445018768310547 -12.649706840515137
318 29.753433227539062 -12.783452987670898
319 29.900074005126953 -12.952737808227539
320 29.990039825439453 -13.315801620483398
321 30.033687591552734 -13.637211799621582
322 29.98253059387207 -13.99348258972168
323 29.920978546142578 -14.315793991088867
324 29.668346405029297 -14.651638984680176
325 29.456161499023438 -14.852291107177734
326 29.2004337310791 -14.941122055053711
327 28.72511100769043 -15.003410339355469
328 28.56300163269043 -15.02029037475586
329 9.977428436279297 -26.18124008178711
330 9.854669570922852 -26.30268096923828
331 9.68605899810791 -26.589595794677734
332 9.583183288574219 -26.887453079223633
333 9.674582481384277 -27.14984130859375
334 9.873144149780273 -27.37676429748535
335 10.203194618225098 -27.67091941833496
336 10.456609725952148 -27.882678985595703
337 10.636585235595703 -28.179306030273438
338 10.6304931640625 -28.608306884765625
339 10.687414169311523 -28.895544052124023
340 10.827609062194824 -29.16944694519043
341 10.94987964630127 -29.312150955200195
342 11.022804260253906 -29.53139305114746
343 11.113361358642578 -30.058876037597656
344 11.065069198608398 -30.36116600036621
345 10.947189331054688 -30.565095901489258
346 10.574962615966797 -30.802295684814453
347 10.229353904724121 -30.95542335510254
348 9.834009170532227 -31.235652923583984
349 9.625575065612793 -31.411792755126953
350 9.344651222229004 -31.68300437927246
351 9.093522071838379 -31.994701385498047
352 8.801980972290039 -32.505035400390625
353 8.65938949584961 -32.80847930908203
354 8.523725509643555 -33.088314056396484
355 8.416651725769043 -33.41413116455078
356 8.18993854522705 -34.03153991699219
357 8.11976146697998 -34.25543212890625
358 8.03801441192627 -34.504127502441406
359 8.102550506591797 -34.900962829589844
360 8.283190727233887 -35.381263732910156
361 8.391074180603027 -35.60036087036133
362 8.49407958984375 -35.66508102416992
363 21.727947235107422 -41.341949462890625
364 21.812898635864258 -41.65235900878906
365 21.83808135986328 -42.07177734375
366 21.72453498840332 -42.378326416015625
367 21.562952041625977 -42.58888244628906
368 21.199674606323242 -42.69295120239258
369 20.64813995361328 -42.550018310546875
370 20.347867965698242 -42.36716842651367
371 18.153596878051758 -39.85124969482422
372 17.908336639404297 -39.70267868041992
373 17.604034423828125 -39.494991302490234
374 17.238067626953125 -39.297325134277344
375 16.999488830566406 -39.223609924316406
376 16.79432487487793 -39.13469314575195
377 16.420326232910156 -38.96333694458008
378 16.212610244750977 -38.78546142578125
379 16.289306640625 -38.47663497924805
380 17.695472717285156 -37.82623291015625
381 17.935909271240234 -37.64348220825195
382 18.020965576171875 -37.41038513183594
383 17.796045303344727 -37.05460739135742
384 17.622272491455078 -36.89873123168945
385 17.358253479003906 -36.83182144165039
386 16.86358642578125 -36.875186920166016
387 16.530895233154297 -36.979305267333984
388 16.141246795654297 -37.092830657958984
389 15.566699028015137 -37.24189758300781
390 15.334562301635742 -37.28984069824219
391 15.011478424072266 -37.29959487915039
392 14.595906257629395 -37.21721267700195
393 14.309959411621094 -36.97591781616211
394 14.144067764282227 -36.728179931640625
395 14.162211418151855 -36.42628479003906
396 14.2601900100708 -36.12886428833008
397 14.4493989944458 -34.87236022949219
398 14.405532836914062 -34.700504302978516
399 14.235265731811523 -34.76516342163086
400 14.018826484680176 -34.88143539428711
401 13.737791061401367 -35.039337158203125
402 13.287711143493652 -35.3369255065918
403 12.986287117004395 -35.48244857788086
404 12.425443649291992 -35.707759857177734
405 12.072717666625977 -35.845401763916016
406 11.899276733398438 -36.04764175415039
407 11.787251472473145 -36.23286819458008
408 11.797683715820312 -36.481136322021484
409 11.761929512023926 -37.091251373291016
410 11.681085586547852 -37.297542572021484
411 11.521013259887695 -37.44944763183594
412 11.380166053771973 -37.58744812011719
413 11.213834762573242 -37.79438018798828
414 10.837339401245117 -38.3635368347168
415 10.626181602478027 -38.598026275634766
416 10.51057243347168 -38.666160583496094
417 10.442131042480469 -38.685935974121094
418 18.213016510009766 -23.569005966186523
419 18.308454513549805 -23.41950798034668
420 18.533479690551758 -23.191373825073242
421 18.77819061279297 -22.93003273010254
422 18.985431671142578 -22.790042877197266
423 19.205188751220703 -22.836772918701172
424 19.549266815185547 -22.982051849365234
425 19.849069595336914 -23.20003890991211
426 20.0657901763916 -23.30792999267578
427 20.335979461669922 -23.437267303466797
428 20.625728607177734 -23.630142211914062
429 21.012123107910156 -23.833511352539062
430 21.369604110717773 -23.966567993164062
431 21.687576293945312 -24.03704833984375
432 21.966291427612305 -24.04524040222168
433 22.19173240661621 -24.01597785949707
434 22.315656661987305 -24.081905364990234
435 22.785985946655273 -27.76363754272461
436 22.781938552856445 -28.043739318847656
437 22.806184768676758 -28.220653533935547
438 22.862092971801758 -28.46352195739746
439 22.97797393798828 -28.69581413269043
440 23.034446716308594 -28.99290657043457
441 23.099428176879883 -29.305028915405273
442 23.197132110595703 -29.503387451171875
443 23.33404541015625 -29.625730514526367
444 23.848697662353516 -29.705127716064453
445 24.321556091308594 -29.781448364257812
446 24.532588958740234 -29.820194244384766
447 24.8817195892334 -29.983741760253906
448 30.079586029052734 -33.51907730102539
449 30.27911949157715 -33.6357536315918
450 30.407804489135742 -33.65257263183594
451 30.90700340270996 -33.61632537841797
452 31.231081008911133 -33.568721771240234
453 31.71446990966797 -33.430458068847656
454 32.13096618652344 -33.229896545410156
455 32.64509201049805 -32.80975341796875
456 32.98771286010742 -32.36306381225586
457 33.17323684692383 -32.07423782348633
458 33.320167541503906 -31.88255500793457
459 33.357826232910156 -31.798194885253906
460 40.13344955444336 -15.613421440124512
461 40.6228141784668 -14.607830047607422
462 40.630367279052734 -14.514089584350586
463 40.5458984375 -14.349587440490723
464 40.4461784362793 -14.201531410217285
465 40.26845169067383 -14.048836708068848
466 40.093326568603516 -13.95468807220459
467 39.82630157470703 -13.71493148803711
468 39.66386413574219 -13.680086135864258
469 38.61823654174805 -13.899150848388672
470 38.12007522583008 -14.015142440795898
471 37.95289611816406 -14.05656623840332
472 37.746437072753906 -14.123117446899414
473 37.57708740234375 -14.188960075378418
474 37.398983001708984 -14.328067779541016
475 35.41292190551758 -32.766780853271484
476 35.24705505371094 -33.1345100402832
477 35.140480041503906 -33.314353942871094
478 35.02704620361328 -33.47172546386719
479 34.93026351928711 -33.59700012207031
480 26.01779556274414 -46.581581115722656
481 25.777976989746094 -46.71269607543945
482 25.550220489501953 -46.89799880981445
483 25.38304328918457 -47.052433013916016
484 25.289878845214844 -47.164432525634766
485 25.20956802368164 -47.21403121948242
486 26.1737060546875 -25.47317123413086
487 26.389848709106445 -25.497821807861328
488 26.659311294555664 -25.573514938354492
489 26.696571350097656 -25.656784057617188
490 26.843631744384766 -25.942157745361328
491 26.88558578491211 -26.37651824951172
492 26.729001998901367 -26.70817756652832
493 24.641448974609375 -31.415550231933594
494 24.496780395507812 -31.70280647277832
495 24.294288635253906 -32.091495513916016
496 24.226919174194336 -32.22328186035156
497 24.164325714111328 -32.25224685668945
498 24.083890914916992 -32.182106018066406
499 21.700515747070312 -21.59172248840332
500 21.389135360717773 -21.4287166595459
501 21.117704391479492 -21.26976203918457
502 20.953062057495117 -21.261194229125977
503 20.728618621826172 -21.33538055419922
504 20.600326538085938 -21.305435180664062
505 13.362284660339355 -17.97066307067871
506 12.960705757141113 -17.617101669311523
507 12.826654434204102 -17.349292755126953
508 12.74980640411377 -17.128808975219727
509 12.69228744506836 -16.83711814880371
510 12.751662254333496 -16.587539672851562
511 13.040566444396973 -16.188398361206055
512 13.297972679138184 -15.853808403015137
513 13.40532398223877 -15.78034782409668
514 13.554694175720215 -15.734536170959473
515 13.944766998291016 -15.66462516784668
516 14.568151473999023 -15.64975643157959
517 14.845186233520508 -15.660135269165039
518 15.130949974060059 -15.698158264160156
519 15.478846549987793 -15.787453651428223
520 15.956759452819824 -15.914057731628418
521 16.88728904724121 -16.02692985534668
522 17.203371047973633 -16.09662628173828
523 17.50966453552246 -16.168853759765625
524 17.979896545410156 -16.356216430664062
525 18.209999084472656 -16.498249053955078
526 18.417072296142578 -16.606441497802734
527 18.642255783081055 -16.758352279663086
528 18.80665397644043 -16.885948181152344
529 30.91971206665039 -30.145099639892578
530 31.02043914794922 -30.333784103393555
531 31.02105712890625 -30.543724060058594
532 30.942100524902344 -30.88042449951172
533 30.679096221923828 -31.238746643066406
534 30.46123695373535 -31.361059188842773
535 30.09310531616211 -31.38357925415039
536 29.81418800354004 -31.366315841674805
537 29.619205474853516 -31.25960922241211
538 29.091175079345703 -30.982593536376953
539 28.89317512512207 -30.867935180664062
540 28.615388870239258 -30.579214096069336
541 28.399751663208008 -30.42352294921875
542 28.077377319335938 -30.300996780395508
543 27.568721771240234 -30.089677810668945
544 26.991819381713867 -29.920289993286133
545 26.675373077392578 -29.760391235351562
546 26.500822067260742 -29.43169593811035
547 26.533334732055664 -29.081790924072266
548 26.703990936279297 -28.751346588134766
549 26.974149703979492 -28.38814353942871
550 27.10176658630371 -28.207059860229492
551 27.19186019897461 -27.986785888671875
552 30.24241065979004 -18.075897216796875
553 30.355396270751953 -17.928945541381836
554 30.559612274169922 -17.6390438079834
555 30.80533218383789 -17.3955078125
556 31.17649269104004 -16.944334030151367
557 31.322031021118164 -16.765426635742188
558 31.520177841186523 -16.675737380981445
559 31.899784088134766 -16.342039108276367
560 32.242347717285156 -16.074256896972656
561 32.73173904418945 -15.77860164642334
562 32.985843658447266 -15.67780876159668
563 33.185020446777344 -15.609992027282715
564 33.372093200683594 -15.475777626037598
565 33.57356262207031 -15.304943084716797
566 34.27620315551758 -14.725903511047363
567 34.25282287597656 -14.523134231567383
568 34.0539436340332 -13.949239730834961
569 33.968990325927734 -13.690325736999512
570 33.89653015136719 -13.634498596191406
571 33.75628662109375 -13.522271156311035
572 22.055377960205078 -16.433940887451172
573 21.912199020385742 -16.472795486450195
574 21.748016357421875 -16.594467163085938
575 21.49415397644043 -16.892229080200195
576 21.14165496826172 -17.40578842163086
577 20.95899200439453 -17.68303871154785
578 20.94447135925293 -17.888769149780273
579 21.068702697753906 -18.166765213012695
580 21.743139266967773 -18.521753311157227
581 22.01133155822754 -18.650548934936523
582 22.1943302154541 -18.703962326049805
583 22.545602798461914 -18.702241897583008
584 22.780969619750977 -18.633121490478516
585 23.196006774902344 -18.508460998535156
586 23.388992309570312 -18.543046951293945
587 23.540342330932617 -18.756593704223633
588 23.754640579223633 -19.02735137939453
589 23.90090560913086 -19.204587936401367
590 23.985973358154297 -19.526094436645508
591 24.010801315307617 -19.927846908569336
592 23.979570388793945 -20.112010955810547
593 23.756431579589844 -20.543277740478516
594 23.66303825378418 -20.790122985839844
595 23.582584381103516 -21.221553802490234
596 23.582908630371094 -21.6175479888916
597 23.563016891479492 -21.918582916259766
598 23.48862075805664 -22.421659469604492
599 23.468996047973633 -22.539867401123047
600 23.54946517944336 -22.70330047607422
601 23.806316375732422 -23.01084327697754
602 24.067304611206055 -23.252613067626953
603 24.554718017578125 -23.42911148071289
604 24.770463943481445 -23.60536003112793
605 25.10389518737793 -23.825756072998047
606 25.441648483276367 -24.014066696166992
607 25.61810302734375 -24.041269302368164
608 25.807680130004883 -24.059179306030273
609 26.105939865112305 -24.056560516357422
610 31.32421112060547 -25.673189163208008
611 31.53734588623047 -25.821868896484375
612 31.88617515563965 -26.1169490814209
613 32.06004333496094 -26.289892196655273
614 32.289222717285156 -26.687162399291992
615 32.47264862060547 -27.02211570739746
616 32.44155502319336 -27.31306266784668
617 32.33416748046875 -27.58831787109375
618 32.26416778564453 -27.945960998535156
619 32.26837921142578 -28.573631286621094
620 32.31017303466797 -28.922435760498047
621 32.48170852661133 -29.087093353271484
622 32.99897003173828 -29.30256462097168
623 33.564666748046875 -29.377031326293945
624 33.956966400146484 -29.38506507873535
625 34.42804718017578 -29.363679885864258
626 34.92012405395508 -29.343599319458008
627 35.13644027709961 -29.301271438598633
628 35.40507125854492 -29.161827087402344
629 35.58968734741211 -29.040639877319336
630 35.84714889526367 -28.79888343811035
631 36.14556121826172 -28.54157066345215
632 36.53887176513672 -28.232364654541016
633 36.78244400024414 -27.902347564697266
634 37.05149841308594 -27.332509994506836
635 37.08146286010742 -27.04977035522461
636 37.050987243652344 -26.821855545043945
637 36.84952163696289 -26.625368118286133
638 36.325077056884766 -26.383026123046875
639 36.11703872680664 -26.343786239624023
640 35.242862701416016 -26.185802459716797
641 34.66869354248047 -26.035045623779297
642 34.46571731567383 -25.893035888671875
643 34.34480667114258 -25.627490997314453
644 34.19662857055664 -25.235620498657227
645 34.20793151855469 -24.882421493530273
646 34.30591583251953 -24.570785522460938
647 34.5568962097168 -24.276830673217773
648 34.89033508300781 -24.02246856689453
649 35.19657516479492 -23.771507263183594
650 35.62133026123047 -23.399185180664062
651 35.72963333129883 -23.223438262939453
652 35.78105926513672 -23.051013946533203
653 35.72121047973633 -22.65682029724121
654 35.604976654052734 -22.00143051147461
655 35.54036331176758 -21.62380027770996
656 35.472496032714844 -21.250202178955078
657 35.31916809082031 -20.732830047607422
658 35.10943603515625 -20.209611892700195
659 34.917579650878906 -19.90680503845215
660 34.727848052978516 -19.677133560180664
661 34.49260711669922 -19.523101806640625
662 33.80995178222656 -19.141279220581055
663 33.550559997558594 -19.038198471069336
664 33.247398376464844 -18.968059539794922
665 32.66159439086914 -18.968549728393555
666 32.266448974609375 -19.077205657958984
667 31.910520553588867 -19.23699188232422
668 31.5346622467041 -19.503955841064453
669 31.29758644104004 -19.621002197265625
670 31.140396118164062 -19.72663116455078
671 15.993881225585938 -30.76680564880371
672 15.919897079467773 -30.8109188079834
673 2.9232826232910156 -31.066513061523438
674 2.662306070327759 -31.176715850830078
675 2.4878196716308594 -31.334707260131836
676 2.3632242679595947 -31.663331985473633
677 2.216818332672119 -32.122161865234375
678 2.085202932357788 -32.4632453918457
679 2.0090858936309814 -32.79808044433594
680 2.0426859855651855 -33.02757263183594
681 2.267219305038452 -33.244056701660156
682 2.599557399749756 -33.50553894042969
683 2.914926528930664 -33.75514221191406
684 3.135044574737549 -33.85212326049805
685 3.6842167377471924 -33.986671447753906
686 4.005434989929199 -34.02632141113281
687 4.563407897949219 -34.191864013671875
688 4.953817367553711 -34.40278244018555
689 5.183622360229492 -34.54426956176758
690 18.38296890258789 -44.11873245239258
691 18.387563705444336 -44.225032806396484
692 18.327308654785156 -44.69194030761719
693 18.347261428833008 -45.13719940185547
694 18.444963455200195 -45.34478759765625
695 18.668720245361328 -45.4615364074707
696 19.259302139282227 -45.69979476928711
697 19.652496337890625 -45.89439010620117
698 20.174423217773438 -46.089115142822266
699 20.510875701904297 -46.22627258300781
700 21.107494354248047 -46.40144729614258
701 21.306447982788086 -46.33495330810547
702 21.76163101196289 -46.16550064086914
703 22.0562686920166 -45.90663146972656
704 22.458467483520508 -45.55474090576172
705 22.745676040649414 -45.3886833190918
706 22.955751419067383 -45.321346282958984
707 27.10472869873047 -44.04710388183594
708 27.543241500854492 -43.7012825012207
709 27.65098762512207 -43.51339340209961
710 27.692020416259766 -43.08177947998047
711 27.749704360961914 -42.61360549926758
712 27.68475341796875 -42.201141357421875
713 27.55853271484375 -42.041507720947266
714 27.1348934173584 -41.85023498535156
715 26.690168380737305 -41.782676696777344
716 26.439205169677734 -41.83302307128906
717 26.22650146484375 -41.91646957397461
718 26.0247859954834 -42.064720153808594
719 25.863710403442383 -42.15967559814453
720 25.288400650024414 -42.416839599609375
721 25.011022567749023 -42.577850341796875
722 24.272327423095703 -43.20097732543945
723 24.14990997314453 -43.706459045410156
724 24.14211082458496 -44.080039978027344
725 24.19396209716797 -44.48289489746094
726 24.237525939941406 -44.637271881103516
727 32.28965759277344 -23.927692413330078
728 32.269344329833984 -23.741865158081055
729 32.23819351196289 -23.380239486694336
730 32.27649688720703 -22.924030303955078
731 32.376346588134766 -22.52663230895996
732 32.53628921508789 -22.060434341430664
733 32.61043930053711 -21.90306854248047
734 32.635780334472656 -21.81890869140625
735 32.775447845458984 -21.519336700439453
736 34.553924560546875 -11.16977310180664
737 34.45576858520508 -11.008343696594238
738 34.23569869995117 -10.675314903259277
739 33.96078109741211 -10.287172317504883
740 33.780357360839844 -9.92766284942627
741 33.641021728515625 -9.640670776367188
742 33.40727615356445 -9.375543594360352
743 33.14014434814453 -9.14931869506836
744 32.79916000366211 -8.939690589904785
745 32.50899887084961 -8.884087562561035
746 32.34321212768555 -8.963043212890625
747 32.11396789550781 -9.139360427856445
748 10.135986328125 -21.032495498657227
749 9.944732666015625 -21.103681564331055
750 9.397809028625488 -21.03723907470703
751 9.06241512298584 -20.88535499572754
752 8.571873664855957 -20.64325714111328
753 8.330418586730957 -20.549474716186523
754 8.250240325927734 -20.40271759033203
755 8.193037986755371 -20.095495223999023
756 8.257248878479004 -19.756511688232422
757 8.394317626953125 -19.01668357849121
758 8.568632125854492 -18.829185485839844
759 8.81112289428711 -18.779930114746094
760 9.312150955200195 -18.800752639770508
761 9.726727485656738 -18.87005043029785
762 10.014577865600586 -18.859575271606445
763 31.750173568725586 -35.612308502197266
764 31.587688446044922 -35.639068603515625
765 31.255342483520508 -35.73991012573242
766 30.889345169067383 -35.913211822509766
767 30.601213455200195 -36.05550765991211
768 30.165544509887695 -36.297550201416016
769 29.314231872558594 -36.69497299194336
770 29.04405975341797 -36.80403518676758
771 28.632131576538086 -36.92485809326172
772 28.220806121826172 -36.9725456237793
773 27.938505172729492 -36.925819396972656
774 27.5877742767334 -36.7833366394043
775 27.177858352661133 -36.60235595703125
776 26.821674346923828 -36.42523956298828
777 26.43128204345703 -36.24840545654297
778 26.0118465423584 -36.025367736816406
779 25.723628997802734 -35.78672790527344
780 25.3934268951416 -35.282901763916016
781 25.41497039794922 -34.905181884765625
782 25.493927001953125 -34.477561950683594
783 25.52991485595703 -34.179954528808594
784 25.420392990112305 -33.84208297729492
785 25.202239990234375 -33.72844314575195
786 24.950153350830078 -33.89309310913086
787 24.42172622680664 -34.401206970214844
788 24.25843048095703 -34.586605072021484
789 23.84836196899414 -34.9442024230957
790 23.560121536254883 -35.08073043823242
791 23.327848434448242 -35.33859634399414
792 23.152484893798828 -35.555442810058594
793 22.8491153717041 -35.672855377197266
794 22.262393951416016 -35.677303314208984
795 22.03141975402832 -35.555755615234375
796 21.929584503173828 -35.35367202758789
797 22.009157180786133 -34.95759201049805
798 22.193389892578125 -34.48619079589844
799 22.32574462890625 -34.158260345458984
800 27.854827880859375 -24.544628143310547
801 27.931772232055664 -24.330503463745117
802 27.89381980895996 -24.022600173950195
803 27.859439849853516 -23.665828704833984
804 27.82288932800293 -23.310457229614258
805 27.853242874145508 -23.154552459716797
806 27.99928855895996 -23.07221031188965
807 28.172189712524414 -22.980926513671875
808 38.06563949584961 -22.99938201904297
809 38.38033676147461 -22.973295211791992
810 38.86626052856445 -22.972576141357422
811 39.14702606201172 -23.021772384643555
812 39.394264221191406 -22.941205978393555
813 39.64337921142578 -22.851472854614258
814 39.94362258911133 -22.773408889770508
815 40.11656188964844 -22.538570404052734
816 40.248924255371094 -22.334508895874023
817 40.373626708984375 -22.017114639282227
818 40.411643981933594 -21.73051643371582
819 40.45576477050781 -21.445465087890625
820 40.443668365478516 -21.246685028076172
821 40.04856872558594 -20.1961669921875
822 39.93581771850586 -19.901569366455078
823 39.73996353149414 -19.64111328125
824 39.58305358886719 -19.490947723388672
825 39.275535583496094 -19.22719955444336
826 38.99675369262695 -18.983646392822266
827 38.67738342285156 -18.731224060058594
828 38.44811248779297 -18.618330001831055
829 37.710567474365234 -18.20071029663086
830 37.46998977661133 -18.045854568481445
831 37.317237854003906 -17.875398635864258
832 37.0836067199707 -17.635555267333984
833 36.876121520996094 -17.49022102355957
834 36.5362434387207 -17.365753173828125
835 36.1042594909668 -17.298330307006836
836 35.86519241333008 -17.298118591308594
837 35.7047004699707 -17.320323944091797
838 19.554767608642578 -19.4507999420166
839 19.432113647460938 -19.363283157348633
840 19.30919075012207 -19.338024139404297
841 19.1126708984375 -19.445817947387695
842 18.380247116088867 -19.86616325378418
843 18.1016902923584 -20.058744430541992
844 17.914798736572266 -20.23246192932129
845 17.799161911010742 -20.3831844329834
846 17.602102279663086 -20.634201049804688
847 17.45731544494629 -20.95262908935547
848 17.36724853515625 -21.291236877441406
849 17.309181213378906 -21.50478744506836
850 17.2558650970459 -21.727092742919922
851 17.24422264099121 -21.91424560546875
852 17.262470245361328 -22.034963607788086
853 28.660423278808594 -25.77767562866211
854 28.875268936157227 -25.82046890258789
855 29.232967376708984 -25.926969528198242
856 29.507410049438477 -26.135744094848633
857 29.77317237854004 -26.442262649536133
858 29.83596420288086 -26.70052719116211
859 29.807132720947266 -26.930091857910156
860 29.738649368286133 -27.24860191345215
861 29.515762329101562 -27.82938003540039
862 29.28582763671875 -28.311120986938477
863 29.08400535583496 -28.606718063354492
864 28.915189743041992 -28.76403045654297
865 28.65380859375 -29.004133224487305
866 26.470394134521484 -31.010324478149414
867 26.42246437072754 -31.188861846923828
868 26.560928344726562 -31.440156936645508
869 26.922042846679688 -31.78591537475586
870 27.056316375732422 -31.97806739807129
871 27.11730194091797 -32.098663330078125
872 27.324880599975586 -32.344139099121094
873 27.77318572998047 -32.842308044433594
874 28.041772842407227 -33.26230239868164
875 28.188228607177734 -33.54099655151367
876 28.26674461364746 -33.786582946777344
877 28.11854362487793 -34.01520919799805
878 27.806612014770508 -34.30790710449219
879 27.507680892944336 -34.56883239746094
880 27.414113998413086 -34.64598083496094
881 27.166521072387695 -34.71520233154297
882 17.78523826599121 -34.582733154296875
883 17.528974533081055 -34.423526763916016
884 17.29131317138672 -34.24376678466797
885 16.902618408203125 -33.90926742553711
886 16.743209838867188 -33.711299896240234
887 16.216100692749023 -33.24147033691406
888 15.826746940612793 -32.959625244140625
889 15.53541374206543 -32.85248565673828
890 15.369782447814941 -32.80390548706055
891 15.142253875732422 -32.74455642700195
892 14.640759468078613 -32.552730560302734
893 14.417329788208008 -32.400333404541016
894 14.293825149536133 -32.14490509033203
895 14.179678916931152 -31.959266662597656
896 13.889705657958984 -31.529499053955078
897 13.523100852966309 -30.9436092376709
898 13.310147285461426 -30.581497192382812
899 13.239391326904297 -30.278608322143555
900 13.198745727539062 -30.102025985717773
901 13.175135612487793 -29.712867736816406
902 13.168022155761719 -29.098064422607422
903 13.185704231262207 -28.877979278564453
904 13.058286666870117 -28.09697914123535
905 12.976147651672363 -27.688152313232422
906 12.980316162109375 -27.392175674438477
907 13.025554656982422 -27.26178550720215
908 13.18536376953125 -27.075929641723633
909 13.545750617980957 -26.825244903564453
910 14.242530822753906 -26.501224517822266
911 14.803245544433594 -26.433338165283203
912 15.069717407226562 -26.496185302734375
913 15.22376823425293 -26.601932525634766
914 15.71042537689209 -26.85890769958496
915 15.966755867004395 -27.010299682617188
916 16.324573516845703 -27.028034210205078
917 16.6401424407959 -26.88621711730957
918 16.841861724853516 -26.693641662597656
919 17.068660736083984 -26.496109008789062
920 17.088773727416992 -26.33153533935547
921 16.876428604125977 -25.836772918701172
922 16.677967071533203 -25.37847137451172
923 16.650075912475586 -25.109312057495117
924 16.719541549682617 -24.823781967163086
925 16.89739990234375 -24.5139102935791
926 16.98524284362793 -24.528343200683594
927 17.921098709106445 -27.3763370513916
928 18.000703811645508 -27.938278198242188
929 18.148771286010742 -28.318737030029297
930 18.293739318847656 -28.477008819580078
931 18.47832679748535 -28.5357723236084
932 24.894105911254883 -27.972850799560547
933 25.12229347229004 -27.795846939086914
934 25.148134231567383 -27.64800262451172
935 25.137554168701172 -27.352460861206055
936 25.0484619140625 -27.100494384765625
937 24.77890968322754 -26.631921768188477
938 24.53294563293457 -26.342060089111328
939 24.252826690673828 -26.09555435180664
940 24.004928588867188 -25.922603607177734
941 23.85396385192871 -25.65056610107422
942 23.769493103027344 -25.45365333557129
943 23.510435104370117 -25.36545181274414
944 23.03093147277832 -25.36903190612793
945 22.702058792114258 -25.446462631225586
946 22.477766036987305 -25.60732650756836
947 22.243566513061523 -25.830734252929688
948 22.0743465423584 -26.136491775512695
949 22.069557189941406 -26.357654571533203
950 22.08837890625 -26.479703903198242
951 25.9939022064209 -21.872514724731445
952 26.22445297241211 -21.624711990356445
953 26.390249252319336 -21.40152931213379
954 26.658641815185547 -21.068754196166992
955 26.863489151000977 -20.79615020751953
956 26.975955963134766 -20.60829734802246
957 27.089120864868164 -20.33501434326172
958 27.262434005737305 -20.036779403686523
959 27.50560760498047 -19.703689575195312
960 27.719547271728516 -19.30857276916504
961 27.889192581176758 -18.845006942749023
962 27.971256256103516 -18.521352767944336
963 27.95524787902832 -18.19867706298828
964 27.90131378173828 -17.84678840637207
965 27.822059631347656 -17.596811294555664
966 27.643404006958008 -17.202342987060547
967 27.503389358520508 -16.970151901245117
968 15.99138355255127 -19.02614402770996
969 15.868367195129395 -19.170921325683594
970 15.577629089355469 -19.450439453125
971 15.25731086730957 -19.61808967590332
972 14.877938270568848 -19.750600814819336
973 14.547924995422363 -19.906131744384766
974 14.006014823913574 -20.27273178100586
975 13.802803993225098 -20.433155059814453
976 13.562703132629395 -20.625259399414062
977 13.159944534301758 -20.85117530822754
978 12.834415435791016 -21.01013946533203
979 12.600179672241211 -21.15339469909668
980 12.426044464111328 -21.431367874145508
981 12.366511344909668 -21.656570434570312
982 12.303643226623535 -21.896228790283203
983 12.28637409210205 -22.42596435546875
984 12.270957946777344 -22.953941345214844
985 12.251107215881348 -23.377948760986328
986 12.262407302856445 -23.875534057617188
987 12.414092063903809 -24.287677764892578
988 12.730438232421875 -24.527585983276367
989 13.011087417602539 -24.616500854492188
990 13.317967414855957 -24.560569763183594
991 13.521622657775879 -24.50943374633789
992 13.806894302368164 -24.310640335083008
993 14.636734008789062 -23.91798210144043
994 14.881192207336426 -23.78728485107422
995 15.045592308044434 -23.639249801635742
996 15.199792861938477 -23.40351104736328
997 15.270613670349121 -22.98855972290039
998 15.233903884887695 -22.73906898498535
999 15.221071243286133 -22.637619018554688
