0 -58.21154022216797 -66.62542724609375
1 -58.255638122558594 -66.70817565917969
2 -58.33389663696289 -66.81591796875
3 -58.51730728149414 -67.029052734375
4 -58.757347106933594 -67.31393432617188
5 -59.0350456237793 -67.7497329711914
6 -59.27598571777344 -68.32516479492188
7 -59.35712814331055 -68.75967407226562
8 -59.41386413574219 -69.4471435546875
9 -59.35968017578125 -69.66267395019531
10 -59.29698944091797 -69.95491027832031
11 -59.2072868347168 -70.1461181640625
12 -58.98975372314453 -70.25436401367188
13 -58.65861511230469 -70.18778228759766
14 -58.32275390625 -70.09176635742188
15 -57.78126907348633 -69.87882232666016
16 -57.47673034667969 -69.711669921875
17 -52.734928131103516 -59.80694580078125
18 -52.5628776550293 -59.687599182128906
19 -52.28295135498047 -59.60503005981445
20 -51.53877639770508 -59.495811462402344
21 -51.23727035522461 -59.45344543457031
22 -51.0350341796875 -59.38899612426758
23 -50.72736740112305 -59.31303024291992
24 -50.45667266845703 -59.23326873779297
25 -49.92844009399414 -59.1195182800293
26 -49.40531539916992 -59.015689849853516
27 -48.94023513793945 -58.90815353393555
28 -48.19211959838867 -58.890960693359375
29 -47.85231018066406 -59.051536560058594
30 -47.51487350463867 -59.320465087890625
31 -47.36298370361328 -59.59769058227539
32 -47.20643997192383 -60.03929138183594
33 -47.153072357177734 -60.220638275146484
34 -47.15277099609375 -60.470882415771484
35 -47.16644287109375 -60.5142707824707
36 -48.337989807128906 -41.41697311401367
37 -48.40697479248047 -41.32115936279297
38 -48.558921813964844 -41.099266052246094
39 -48.87654495239258 -40.64475631713867
40 -49.25054168701172 -40.28076171875
41 -49.428855895996094 -40.19859313964844
42 -49.840518951416016 -40.18733596801758
43 -50.37533187866211 -40.2538948059082
44 -50.497535705566406 -40.33158874511719
45 -50.744930267333984 -40.46377944946289
46 -51.100589752197266 -40.65420150756836
47 -51.336822509765625 -40.76895523071289
48 -51.58402633666992 -40.96974182128906
49 -51.89134216308594 -41.18673324584961
50 -52.10348892211914 -41.208251953125
51 -52.35205078125 -41.09170913696289
52 -52.61555862426758 -40.80674362182617
53 -52.795772552490234 -40.449851989746094
54 -52.8829345703125 -39.90234375
55 -52.911502838134766 -39.71603012084961
56 -52.978721618652344 -39.40081024169922
57 -53.12160110473633 -39.088096618652344
58 -53.26954650878906 -38.97418212890625
59 -53.79296875 -38.74190139770508
60 -54.162105560302734 -38.561153411865234
61 -54.41297149658203 -38.22763442993164
62 -54.47307586669922 -37.9383659362793
63 -54.372947692871094 -37.645206451416016
64 -54.114097595214844 -37.22764587402344
65 -53.9818115234375 -36.9249267578125
66 -53.81997299194336 -36.71591567993164
67 -53.6055793762207 -36.66617202758789
68 -53.273006439208984 -36.6044807434082
69 -52.85670471191406 -36.50216293334961
70 -52.69819641113281 -36.332801818847656
71 -52.822322845458984 -35.367462158203125
72 -52.83527374267578 -35.0444221496582
73 -52.71976852416992 -34.48081588745117
74 -52.554954528808594 -34.04829406738281
75 -52.19883346557617 -33.545082092285156
76 -51.8197135925293 -33.16344451904297
77 -51.3922004699707 -32.77656555175781
78 -51.170806884765625 -32.8204231262207
79 -50.568904876708984 -33.2000846862793
80 -50.124534606933594 -33.63228225708008
81 -49.979209899902344 -33.83606719970703
82 -49.87544250488281 -34.06332015991211
83 -49.82326126098633 -34.36290740966797
84 -49.75430679321289 -34.77470397949219
85 -49.764991760253906 -35.30436706542969
86 -49.819847106933594 -35.701820373535156
87 -49.856651306152344 -35.99666976928711
88 -49.871742248535156 -36.243526458740234
89 -49.78810119628906 -36.48419189453125
90 -49.625003814697266 -36.64455032348633
91 -49.48807144165039 -36.8285026550293
92 -29.84278106689453 -51.682640075683594
93 -29.76758575439453 -51.60737991333008
94 -29.505239486694336 -51.42549514770508
95 -29.415172576904297 -51.34783935546875
96 -29.222061157226562 -50.87543869018555
97 -29.135326385498047 -50.50654220581055
98 -29.106172561645508 -50.32581329345703
99 -29.207412719726562 -49.93467712402344
100 -29.235441207885742 -49.74245834350586
101 -28.995853424072266 -49.32608413696289
102 -28.777000427246094 -48.96907424926758
103 -28.618127822875977 -48.735816955566406
104 -28.474510192871094 -48.469520568847656
105 -28.21143913269043 -48.019954681396484
106 -28.047561645507812 -47.76337432861328
107 -27.928497314453125 -47.4013671875
108 -27.88152313232422 -47.16667556762695
109 -27.9417667388916 -46.749839782714844
110 -27.9530086517334 -46.468135833740234
111 -28.009611129760742 -46.061885833740234
112 -28.137929916381836 -45.728546142578125
113 -28.292062759399414 -45.52714157104492
114 -28.55328369140625 -45.35368728637695
115 -28.961645126342773 -45.20153045654297
116 -29.374160766601562 -45.053497314453125
117 -35.09427261352539 -42.81447982788086
118 -35.401763916015625 -42.64091110229492
119 -35.5583381652832 -42.49569320678711
120 -35.688560485839844 -42.439064025878906
121 -36.09822082519531 -42.635528564453125
122 -36.4069709777832 -42.91888427734375
123 -36.51273727416992 -43.14155578613281
124 -36.644596099853516 -43.44255065917969
125 -36.68074035644531 -43.66122055053711
126 -36.66030502319336 -44.07491683959961
127 -36.53640365600586 -44.603858947753906
128 -36.390567779541016 -45.01410675048828
129 -36.33689498901367 -45.23118591308594
130 -36.42392349243164 -45.32219696044922
131 -49.78793716430664 -49.125038146972656
132 -49.969581604003906 -49.105743408203125
133 -50.22562026977539 -49.06669998168945
134 -50.4393310546875 -49.06687927246094
135 -50.85686492919922 -49.080631256103516
136 -51.08905792236328 -49.02098083496094
137 -51.617919921875 -48.73014450073242
138 -51.870445251464844 -48.583396911621094
139 -52.052467346191406 -48.31624984741211
140 -52.15646743774414 -47.9694938659668
141 -52.193626403808594 -47.652957916259766
142 -52.01177978515625 -47.312015533447266
143 -51.75768280029297 -46.925514221191406
144 -51.57646942138672 -46.592220306396484
145 -51.461082458496094 -46.16754913330078
146 -51.42340850830078 -45.6591796875
147 -51.359413146972656 -45.21199417114258
148 -51.32525634765625 -44.947418212890625
149 -51.292396545410156 -44.7989616394043
150 -51.038753509521484 -44.498294830322266
151 -50.81998062133789 -44.40530014038086
152 -50.51801681518555 -44.33551788330078
153 -49.89796447753906 -44.308536529541016
154 -49.5628547668457 -44.28335189819336
155 -49.166778564453125 -44.24886703491211
156 -48.77096939086914 -44.18539810180664
157 -48.20695114135742 -44.02754592895508
158 -47.96800231933594 -43.9233512878418
159 -47.842369079589844 -43.92993927001953
160 -47.632442474365234 -44.00841522216797
161 -47.28113555908203 -44.19978713989258
162 -47.02703857421875 -44.376487731933594
163 -46.8402214050293 -44.49058151245117
164 -46.578983306884766 -44.59174346923828
165 -45.493690490722656 -44.834842681884766
166 -44.59079360961914 -44.92341995239258
167 -44.17061233520508 -44.944053649902344
168 -43.691558837890625 -44.97576141357422
169 -43.39922332763672 -45.032196044921875
170 -43.189964294433594 -45.20627975463867
171 -42.954402923583984 -45.548744201660156
172 -42.83273696899414 -45.94212341308594
173 -42.861305236816406 -46.32719039916992
174 -42.974464416503906 -46.60889434814453
175 -43.229610443115234 -46.83938217163086
176 -43.749610900878906 -46.990570068359375
177 -44.103553771972656 -47.02178955078125
178 -44.83627700805664 -46.98636245727539
179 -45.44987869262695 -46.982112884521484
180 -46.12978744506836 -47.02412796020508
181 -46.36066436767578 -47.05025863647461
182 -46.547340393066406 -47.150535583496094
183 -47.0281982421875 -47.43147659301758
184 -47.22518539428711 -47.57212829589844
185 -47.31366729736328 -47.72734832763672
186 -47.45003128051758 -48.040523529052734
187 -47.57213592529297 -48.436981201171875
188 -47.63741683959961 -48.658267974853516
189 -28.45966339111328 -57.29011154174805
190 -28.249149322509766 -57.347251892089844
191 -27.929168701171875 -57.39303207397461
192 -27.674955368041992 -57.460533142089844
193 -27.41864776611328 -57.5681266784668
194 -27.097572326660156 -57.79671096801758
195 -26.877201080322266 -58.008384704589844
196 -26.68787384033203 -58.189483642578125
197 -26.465757369995117 -58.37300109863281
198 -26.255695343017578 -58.467647552490234
199 -25.884397506713867 -58.59107971191406
200 -25.422910690307617 -58.654266357421875
201 -24.811269760131836 -58.73662185668945
202 -24.438989639282227 -58.69691848754883
203 -24.074604034423828 -58.58056640625
204 -23.938865661621094 -58.414031982421875
205 -23.8758602142334 -58.20447540283203
206 -23.762935638427734 -57.89602279663086
207 -23.64143180847168 -57.388248443603516
208 -23.67949104309082 -56.98698043823242
209 -23.754152297973633 -56.576416015625
210 -23.797130584716797 -56.173492431640625
211 -23.877460479736328 -55.94242477416992
212 -24.078989028930664 -55.4678840637207
213 -24.151451110839844 -55.14689636230469
214 -24.223154067993164 -54.58810043334961
215 -24.402507781982422 -53.798343658447266
216 -24.677446365356445 -53.16343307495117
217 -24.956480026245117 -52.658023834228516
218 -25.038433074951172 -52.44456481933594
219 -24.941558837890625 -52.27830505371094
220 -24.7222900390625 -52.00712585449219
221 -24.35614013671875 -51.73635482788086
222 -24.12509536743164 -51.57891845703125
223 -23.6850643157959 -51.19169235229492
224 -23.523147583007812 -51.01763916015625
225 -23.47584342956543 -50.88923645019531
226 -58.575313568115234 -51.13911819458008
227 -58.93315124511719 -51.15855407714844
228 -59.20885467529297 -51.160701751708984
229 -59.581790924072266 -51.27654266357422
230 -60.09282302856445 -51.53378677368164
231 -60.331336975097656 -51.614845275878906
232 -60.501060485839844 -51.86014938354492
233 -60.53061294555664 -52.01884460449219
234 -60.491615295410156 -52.36222839355469
235 -60.42208480834961 -52.58953094482422
236 -60.35884094238281 -52.80224609375
237 -59.98711395263672 -53.406009674072266
238 -59.804290771484375 -53.66984558105469
239 -59.49379348754883 -53.92364501953125
240 -59.24479675292969 -54.037845611572266
241 -58.88754653930664 -54.358055114746094
242 -58.655975341796875 -54.699737548828125
243 -58.55970764160156 -54.91920471191406
244 -58.51067352294922 -55.26930236816406
245 -58.57410430908203 -55.70895004272461
246 -58.867950439453125 -56.089717864990234
247 -59.209938049316406 -56.3792610168457
248 -59.59725570678711 -56.60825729370117
249 -60.0762825012207 -56.84773254394531
250 -60.53218078613281 -57.11119079589844
251 -60.915977478027344 -57.30743408203125
252 -61.12651443481445 -57.36451721191406
253 -61.340763092041016 -57.398773193359375
254 -61.72892379760742 -57.38490295410156
255 -62.33478546142578 -57.257530212402344
256 -62.691898345947266 -57.108829498291016
257 -62.89586639404297 -57.020599365234375
258 -63.06534957885742 -56.94570541381836
259 -63.3353271484375 -56.85148620605469
260 -63.73617935180664 -56.69688415527344
261 -64.63314056396484 -56.311614990234375
262 -64.8427963256836 -56.24485397338867
263 -65.32593536376953 -56.08858108520508
264 -65.5633316040039 -56.017520904541016
265 -65.8754653930664 -55.98624801635742
266 -66.25756072998047 -55.995121002197266
267 -66.3925552368164 -56.1709098815918
268 -66.69013214111328 -56.76186752319336
269 -66.81737518310547 -57.21149444580078
270 -66.83488464355469 -57.590904235839844
271 -66.81649017333984 -58.00828552246094
272 -66.7172622680664 -58.397579193115234
273 -66.51891326904297 -58.857913970947266
274 -66.4040298461914 -59.085384368896484
275 -66.31185913085938 -59.381744384765625
276 -66.25492858886719 -59.69546890258789
277 -66.18096160888672 -60.1493034362793
278 -66.10311126708984 -60.38850784301758
279 -65.98567199707031 -60.6810188293457
280 -65.89170837402344 -60.87009811401367
281 -65.75405883789062 -61.06975555419922
282 -65.47404479980469 -61.562313079833984
283 -65.42339324951172 -61.9763069152832
284 -65.34915161132812 -62.42328643798828
285 -65.31565856933594 -62.79049301147461
286 -65.23033142089844 -63.36422348022461
287 -65.23941802978516 -63.522361755371094
288 -65.38652038574219 -63.9733772277832
289 -65.53512573242188 -64.36897277832031
290 -65.7064208984375 -64.66500091552734
291 -65.89363098144531 -64.9150161743164
292 -66.22261047363281 -65.28536224365234
293 -66.37716674804688 -65.46216583251953
294 -66.7071762084961 -65.93820190429688
295 -66.93966674804688 -66.34516143798828
296 -66.96964263916016 -66.54551696777344
297 -66.82463836669922 -66.76792907714844
298 -66.62589263916016 -66.98884582519531
299 -66.09376525878906 -67.65367126464844
300 -65.84293365478516 -67.91026306152344
301 -65.59487915039062 -68.14832305908203
302 -65.22833251953125 -68.27914428710938
303 -64.86404418945312 -68.39993286132812
304 -64.43730926513672 -68.51787567138672
305 -64.13556671142578 -68.53977966308594
306 -63.758392333984375 -68.49016571044922
307 -63.31183624267578 -68.4619369506836
308 -63.08225631713867 -68.4150390625
309 -62.833641052246094 -68.27738189697266
310 -62.68305969238281 -68.0938720703125
311 -62.61955642700195 -67.81559753417969
312 -62.584930419921875 -67.41918182373047
313 -62.54924392700195 -67.06414794921875
314 -62.50960922241211 -66.64773559570312
315 -62.429534912109375 -65.60995483398438
316 -62.39104080200195 -65.2795181274414
317 -62.328216552734375 -64.9993896484375
318 -62.08063888549805 -64.82933044433594
319 -61.84303283691406 -64.7895278930664
320 -61.203224182128906 -64.97248077392578
321 -60.92637634277344 -65.04576110839844
322 -60.80261993408203 -64.9293441772461
323 -60.74043273925781 -64.60629272460938
324 -60.64977264404297 -64.10315704345703
325 -60.65807342529297 -63.618858337402344
326 -60.62211227416992 -63.36980056762695
327 -60.72467803955078 -63.2554817199707
328 -60.837947845458984 -63.05778121948242
329 -61.178192138671875 -62.693931579589844
330 -61.387718200683594 -62.49772644042969
331 -61.53782653808594 -62.26085662841797
332 -61.65046310424805 -62.022830963134766
333 -61.69397735595703 -61.77916717529297
334 -61.63724899291992 -61.46316909790039
335 -61.55842208862305 -61.205806732177734
336 -61.352291107177734 -60.86882019042969
337 -61.09370422363281 -60.491485595703125
338 -60.91071319580078 -60.3119010925293
339 -60.78596115112305 -60.212032318115234
340 -23.977548599243164 -42.70391082763672
341 -24.351762771606445 -42.630531311035156
342 -24.61164093017578 -42.597076416015625
343 -24.977127075195312 -42.56846618652344
344 -25.77329444885254 -42.52305221557617
345 -26.259361267089844 -42.49706268310547
346 -26.692461013793945 -42.465576171875
347 -26.99494743347168 -42.51023483276367
348 -27.315135955810547 -42.528804779052734
349 -27.57250213623047 -42.49397659301758
350 -27.822525024414062 -42.36005401611328
351 -28.084571838378906 -42.118324279785156
352 -28.12085723876953 -42.003204345703125
353 -28.362857818603516 -41.55674743652344
354 -28.580142974853516 -41.163516998291016
355 -28.64266014099121 -40.833866119384766
356 -28.69746208190918 -40.44218444824219
357 -28.74739646911621 -40.097206115722656
358 -28.85921287536621 -39.620975494384766
359 -29.06915855407715 -39.159706115722656
360 -29.490604400634766 -38.69682312011719
361 -29.91851043701172 -38.455265045166016
362 -30.607662200927734 -38.15104293823242
363 -30.934127807617188 -38.10026550292969
364 -31.256044387817383 -38.13743209838867
365 -31.68761444091797 -38.11305618286133
366 -32.061607360839844 -38.14653396606445
367 -32.510284423828125 -38.274967193603516
368 -32.670188903808594 -38.37663269042969
369 -32.750335693359375 -38.694671630859375
370 -32.822174072265625 -38.9776725769043
371 -32.856327056884766 -39.281986236572266
372 -32.888427734375 -40.11358642578125
373 -32.896324157714844 -40.30035400390625
374 -32.85824203491211 -40.64238739013672
375 -32.763973236083984 -41.106605529785156
376 -32.457698822021484 -41.37067794799805
377 -32.280906677246094 -41.510833740234375
378 -32.013301849365234 -41.716796875
379 -31.75983238220215 -41.91733169555664
380 -31.362783432006836 -42.414306640625
381 -31.347537994384766 -42.57143020629883
382 -31.490184783935547 -42.66890335083008
383 -32.020328521728516 -43.178062438964844
384 -32.183372497558594 -43.45014953613281
385 -32.460594177246094 -43.91997528076172
386 -32.61820602416992 -44.239601135253906
387 -32.69144821166992 -44.597999572753906
388 -32.721221923828125 -45.30278396606445
389 -32.73984146118164 -45.57707214355469
390 -32.83442687988281 -45.90076446533203
391 -33.02138900756836 -46.35157012939453
392 -33.24917984008789 -46.632789611816406
393 -33.36387634277344 -46.76350784301758
394 -33.55445861816406 -46.90406799316406
395 -33.7120246887207 -46.97482681274414
396 -43.79804992675781 -50.0098991394043
397 -44.0821418762207 -50.07368850708008
398 -44.309940338134766 -50.0928840637207
399 -44.738651275634766 -50.13706970214844
400 -45.18834686279297 -50.12129211425781
401 -45.309112548828125 -50.16910934448242
402 -45.37563705444336 -50.28204345703125
403 -45.42609405517578 -50.84187316894531
404 -45.442474365234375 -51.33483123779297
405 -45.593441009521484 -51.7757682800293
406 -45.71180725097656 -52.060585021972656
407 -45.899169921875 -52.34928894042969
408 -46.1675910949707 -52.71400833129883
409 -46.436344146728516 -53.06252670288086
410 -46.64670181274414 -53.26025390625
411 -55.4255256652832 -59.236419677734375
412 -55.584781646728516 -59.360164642333984
413 -55.916770935058594 -59.68024444580078
414 -56.083831787109375 -59.848289489746094
415 -56.39073181152344 -60.189979553222656
416 -56.669334411621094 -60.509979248046875
417 -56.93276596069336 -60.782413482666016
418 -56.98323059082031 -60.9384765625
419 -56.96711730957031 -61.181907653808594
420 -56.90178680419922 -61.46669387817383
421 -56.71687316894531 -61.69969940185547
422 -56.484012603759766 -61.95263671875
423 -56.0480842590332 -62.29092788696289
424 -55.53045654296875 -62.67029571533203
425 -55.21827697753906 -62.91132736206055
426 -54.93559265136719 -63.148494720458984
427 -54.70227813720703 -63.36747741699219
428 -54.15781784057617 -63.981815338134766
429 -53.95703887939453 -64.1751937866211
430 -53.84081268310547 -64.4732894897461
431 -53.679901123046875 -64.82051849365234
432 -53.497920989990234 -65.20246887207031
433 -53.35369873046875 -65.47052764892578
434 -53.1674919128418 -65.86527252197266
435 -53.028099060058594 -66.14704132080078
436 -52.846370697021484 -66.50331115722656
437 -52.6348762512207 -66.87825775146484
438 -52.303016662597656 -67.33482360839844
439 -52.10630798339844 -67.59368896484375
440 -51.87408447265625 -67.93323516845703
441 -51.5473747253418 -68.41730499267578
442 -51.36819839477539 -68.65096282958984
443 -51.160377502441406 -68.89093017578125
444 -50.89520263671875 -69.24453735351562
445 -50.709449768066406 -69.50984954833984
446 -50.536705017089844 -69.81929779052734
447 -50.39826583862305 -69.96167755126953
448 -50.06435012817383 -70.1061782836914
449 -49.8260498046875 -70.12347412109375
450 -49.49287414550781 -69.98369598388672
451 -49.04338455200195 -69.81157684326172
452 -48.78811264038086 -69.57958984375
453 -48.590240478515625 -69.37068939208984
454 -48.314422607421875 -68.84860229492188
455 -48.17527389526367 -68.57352447509766
456 -48.055946350097656 -68.30680084228516
457 -48.0111083984375 -67.99711608886719
458 -48.015132904052734 -67.57730865478516
459 -48.04551696777344 -67.3248291015625
460 -48.11876678466797 -67.04900360107422
461 -48.21001434326172 -66.75308227539062
462 -48.33267593383789 -66.37187957763672
463 -48.387046813964844 -66.10523986816406
464 -48.44610595703125 -65.79202270507812
465 -48.49842071533203 -65.37420654296875
466 -48.540184020996094 -64.65060424804688
467 -48.63739013671875 -64.30453491210938
468 -48.87138366699219 -63.954227447509766
469 -49.18536376953125 -63.61553955078125
470 -49.37441635131836 -63.406410217285156
471 -49.59829330444336 -63.148990631103516
472 -49.88423538208008 -62.885719299316406
473 -50.0103759765625 -62.68613815307617
474 -50.074031829833984 -62.512939453125
475 -50.01555252075195 -62.298370361328125
476 -49.80009460449219 -61.81920623779297
477 -49.714569091796875 -61.63413619995117
478 -49.64934158325195 -61.17148971557617
479 -49.582984924316406 -56.849491119384766
480 -49.40024185180664 -56.3798828125
481 -49.19451141357422 -55.953495025634766
482 -49.05988311767578 -55.61485290527344
483 -48.94070053100586 -55.510807037353516
484 -48.54001235961914 -55.31539535522461
485 -48.081329345703125 -55.22690200805664
486 -47.614471435546875 -55.31966018676758
487 -47.1236686706543 -55.50934600830078
488 -46.931663513183594 -55.66253662109375
489 -46.76823806762695 -55.89371871948242
490 -46.54972457885742 -56.25865173339844
491 -46.406578063964844 -56.49555206298828
492 -46.24961471557617 -56.6611328125
493 -46.01439666748047 -56.9539680480957
494 -45.877506256103516 -57.08440017700195
495 -45.58562088012695 -57.39144515991211
496 -45.18617630004883 -57.681541442871094
497 -44.95201110839844 -57.85128402709961
498 -44.7186393737793 -57.875762939453125
499 -44.44790267944336 -57.67013931274414
500 -44.05694580078125 -57.414154052734375
501 -43.840999603271484 -57.30924987792969
502 -43.58365249633789 -57.26752853393555
503 -43.381107330322266 -57.41981506347656
504 -43.001983642578125 -57.76790237426758
505 -42.66331481933594 -58.15378189086914
506 -42.62338638305664 -58.34777069091797
507 -42.610538482666016 -58.67319869995117
508 -42.70835494995117 -59.23516845703125
509 -42.78839874267578 -59.4249153137207
510 -42.95201110839844 -59.73250198364258
511 -43.2449951171875 -59.95361328125
512 -43.59000015258789 -60.11240005493164
513 -43.9830436706543 -60.2603759765625
514 -44.224586486816406 -60.47355270385742
515 -44.372772216796875 -60.702213287353516
516 -44.36011505126953 -60.95983123779297
517 -44.26476287841797 -61.29288864135742
518 -44.21735763549805 -61.533203125
519 -44.14889144897461 -61.88793182373047
520 -44.107704162597656 -62.07640838623047
521 -44.2214469909668 -62.4085578918457
522 -44.40131759643555 -62.73958969116211
523 -44.49803924560547 -63.07499694824219
524 -44.56550598144531 -63.52415466308594
525 -44.55440139770508 -63.83464813232422
526 -44.495059967041016 -64.12942504882812
527 -44.45589065551758 -64.53166198730469
528 -44.403438568115234 -64.82246398925781
529 -39.0079231262207 -73.69254302978516
530 -38.887901306152344 -73.83291625976562
531 -38.73649597167969 -74.03756713867188
532 -38.504878997802734 -74.30028533935547
533 -38.264339447021484 -74.57168579101562
534 -37.97407531738281 -74.96621704101562
535 -37.8369255065918 -75.21366119384766
536 -37.78074645996094 -75.5445556640625
537 -37.7922477722168 -75.78667449951172
538 -37.775421142578125 -76.0706558227539
539 -37.60973358154297 -76.24160766601562
540 -37.477928161621094 -76.32946014404297
541 -37.14704132080078 -76.50226593017578
542 -36.89672088623047 -76.59761810302734
543 -36.69388961791992 -76.46082305908203
544 -36.39536666870117 -76.31266021728516
545 -36.147132873535156 -76.22164154052734
546 -35.89805603027344 -76.05381774902344
547 -35.72329330444336 -75.98082733154297
548 -35.50751876831055 -75.84040832519531
549 -35.41566848754883 -75.76191711425781
550 -34.995262145996094 -75.50931549072266
551 -34.62016296386719 -75.30307006835938
552 -34.349876403808594 -75.1641616821289
553 -33.96006774902344 -74.95823669433594
554 -33.66435623168945 -74.82943725585938
555 -33.01597595214844 -74.54509735107422
556 -32.659000396728516 -74.37896728515625
557 -32.43888854980469 -74.2651596069336
558 -32.17384338378906 -74.13115692138672
559 -31.943038940429688 -73.99630737304688
560 -31.647024154663086 -73.77854919433594
561 -31.37128448486328 -73.56183624267578
562 -31.180824279785156 -73.4176254272461
563 -30.894590377807617 -73.21221160888672
564 -30.7379207611084 -73.09993743896484
565 -30.57848358154297 -72.96704864501953
566 -30.350412368774414 -72.7518310546875
567 -30.00733184814453 -72.42965698242188
568 -29.788259506225586 -72.22117614746094
569 -29.650556564331055 -72.04456329345703
570 -29.579992294311523 -71.80403137207031
571 -29.5269832611084 -71.34017944335938
572 -29.450429916381836 -70.81095886230469
573 -29.373210906982422 -70.52493286132812
574 -29.202726364135742 -70.04490661621094
575 -29.031652450561523 -69.7094955444336
576 -28.88805389404297 -69.49822235107422
577 -28.756322860717773 -69.26763153076172
578 -28.659629821777344 -69.09158325195312
579 -28.502731323242188 -68.87332153320312
580 -28.22189712524414 -68.46758270263672
581 -27.640897750854492 -67.90919494628906
582 -27.48304557800293 -67.75202178955078
583 -27.218050003051758 -67.75826263427734
584 -26.996376037597656 -67.79867553710938
585 -26.736326217651367 -67.87380981445312
586 -26.360124588012695 -67.96953582763672
587 -26.037572860717773 -67.99068450927734
588 -25.818115234375 -67.97103118896484
589 -25.659469604492188 -67.8846206665039
590 -25.316757202148438 -67.63521575927734
591 -25.01963996887207 -67.34078979492188
592 -24.853816986083984 -67.02290344238281
593 -24.606563568115234 -66.52941131591797
594 -24.5365047454834 -66.10799407958984
595 -24.598373413085938 -65.7153091430664
596 -24.756385803222656 -65.45795440673828
597 -25.111888885498047 -65.12692260742188
598 -25.38389015197754 -64.88418579101562
599 -25.661893844604492 -64.62265014648438
600 -25.904396057128906 -64.5052490234375
601 -26.365583419799805 -64.28939056396484
602 -26.577077865600586 -64.11717224121094
603 -38.777748107910156 -54.15345764160156
604 -38.86631774902344 -54.141605377197266
605 -39.054866790771484 -54.232421875
606 -39.334205627441406 -54.443599700927734
607 -39.622528076171875 -54.71416473388672
608 -39.844825744628906 -54.888118743896484
609 -40.17149353027344 -55.086647033691406
610 -40.45432662963867 -55.148799896240234
611 -40.979400634765625 -55.112728118896484
612 -41.351531982421875 -55.046531677246094
613 -41.76462173461914 -54.92750549316406
614 -42.262115478515625 -54.72655487060547
615 -42.51950454711914 -54.597408294677734
616 -42.78882598876953 -54.42060852050781
617 -43.25071334838867 -54.20790481567383
618 -43.527713775634766 -54.04777908325195
619 -43.73137283325195 -53.75563049316406
620 -43.87322235107422 -53.45549011230469
621 -43.83823013305664 -53.188846588134766
622 -43.68572998046875 -52.89322280883789
623 -43.48872375488281 -52.745296478271484
624 -43.17116928100586 -52.620723724365234
625 -42.50398635864258 -52.38260269165039
626 -42.103904724121094 -52.231388092041016
627 -41.67814636230469 -51.99004364013672
628 -41.47145080566406 -51.88425064086914
629 -41.20484161376953 -51.79579162597656
630 -40.6737174987793 -51.7127571105957
631 -40.341331481933594 -51.632511138916016
632 -40.02244567871094 -51.558170318603516
633 -39.797245025634766 -51.504024505615234
634 -39.63661193847656 -51.4993782043457
635 -39.30206298828125 -51.53943634033203
636 -39.047672271728516 -51.55887985229492
637 -38.743839263916016 -51.54863357543945
638 -38.490394592285156 -51.53842544555664
639 -38.19017791748047 -51.57083511352539
640 -37.83121871948242 -51.57007598876953
641 -37.49429702758789 -51.63013458251953
642 -37.20672607421875 -51.700958251953125
643 -36.94425964355469 -51.76460266113281
644 -36.5650749206543 -51.892295837402344
645 -36.265838623046875 -52.0190544128418
646 -35.49919128417969 -52.40484619140625
647 -35.21369934082031 -52.552757263183594
648 -34.90644454956055 -52.64006805419922
649 -34.28882598876953 -52.741085052490234
650 -33.794795989990234 -52.77248001098633
651 -33.63199996948242 -52.66791915893555
652 -33.3251953125 -52.39778137207031
653 -33.12345504760742 -51.979679107666016
654 -32.905120849609375 -51.561954498291016
655 -32.85218048095703 -51.3214225769043
656 -32.95330047607422 -50.980342864990234
657 -33.137908935546875 -50.632015228271484
658 -33.3062858581543 -50.400272369384766
659 -33.63041687011719 -50.22080612182617
660 -34.04791259765625 -49.966217041015625
661 -34.35427474975586 -49.82505416870117
662 -34.69563293457031 -49.79057693481445
663 -34.972023010253906 -49.74085235595703
664 -35.27043151855469 -49.697757720947266
665 -35.56256866455078 -49.585044860839844
666 -36.164676666259766 -49.19452667236328
667 -36.59454345703125 -48.738887786865234
668 -36.76784133911133 -48.42683792114258
669 -36.99026107788086 -48.22981262207031
670 -37.153499603271484 -48.05545425415039
671 -37.517578125 -47.88022232055664
672 -37.80673599243164 -47.63916778564453
673 -38.10722732543945 -47.136226654052734
674 -38.223018646240234 -46.90411376953125
675 -38.312870025634766 -46.838443756103516
676 -38.580284118652344 -46.815406799316406
677 -38.99502944946289 -46.78248596191406
678 -39.401611328125 -46.809104919433594
679 -39.72756576538086 -46.81412887573242
680 -40.104881286621094 -46.860721588134766
681 -40.36695861816406 -47.10166931152344
682 -40.509037017822266 -47.46284103393555
683 -40.572975158691406 -47.79560089111328
684 -40.60737991333008 -48.17152404785156
685 -40.677486419677734 -48.47637939453125
686 -40.852108001708984 -48.842105865478516
687 -41.131431579589844 -49.024532318115234
688 -41.62267303466797 -49.30286407470703
689 -41.89128494262695 -49.369022369384766
690 -42.29804229736328 -49.487327575683594
691 -47.63755416870117 -51.05414962768555
692 -47.946250915527344 -51.22229766845703
693 -48.22692108154297 -51.397987365722656
694 -48.602108001708984 -51.567169189453125
695 -48.952449798583984 -51.719173431396484
696 -49.17778396606445 -51.8049201965332
697 -49.71367263793945 -51.968841552734375
698 -50.05329132080078 -52.06837463378906
699 -50.44538879394531 -52.22972869873047
700 -50.84185028076172 -52.46982192993164
701 -51.08860397338867 -52.60303497314453
702 -51.328468322753906 -52.759521484375
703 -51.53318405151367 -52.962772369384766
704 -51.823509216308594 -53.26980972290039
705 -52.137760162353516 -53.67165756225586
706 -52.30939483642578 -53.96483612060547
707 -52.44135665893555 -54.166343688964844
708 -52.637123107910156 -54.8021125793457
709 -52.810733795166016 -55.22460174560547
710 -52.94122314453125 -55.46302795410156
711 -53.1405029296875 -55.67788314819336
712 -53.51876449584961 -55.940208435058594
713 -53.78543472290039 -56.007774353027344
714 -54.064632415771484 -55.8372917175293
715 -54.3629264831543 -55.32958221435547
716 -54.45724868774414 -55.076072692871094
717 -54.46467208862305 -54.77143478393555
718 -54.55992126464844 -54.417720794677734
719 -54.7197151184082 -53.804691314697266
720 -54.90700912475586 -53.29233932495117
721 -54.946388244628906 -52.898719787597656
722 -54.918243408203125 -52.59668731689453
723 -54.65388107299805 -51.612491607666016
724 -54.590335845947266 -51.36466979980469
725 -54.62264633178711 -51.13734817504883
726 -54.72332763671875 -50.707618713378906
727 -54.83197784423828 -50.43000030517578
728 -54.981990814208984 -50.19477462768555
729 -55.43018341064453 -49.74737548828125
730 -55.66015625 -49.532352447509766
731 -55.99268341064453 -49.25797653198242
732 -56.4354133605957 -48.90073776245117
733 -56.84406661987305 -48.56775665283203
734 -57.01655960083008 -48.42742156982422
735 -57.2806282043457 -48.17531967163086
736 -57.6877326965332 -47.757774353027344
737 -58.14030456542969 -47.34523010253906
738 -58.30951690673828 -47.223541259765625
739 -58.57155990600586 -47.20464324951172
740 -58.96084976196289 -47.08124923706055
741 -59.33730697631836 -46.931190490722656
742 -59.64024353027344 -46.702064514160156
743 -59.9121208190918 -46.30547332763672
744 -60.066925048828125 -45.982566833496094
745 -60.20365524291992 -45.536231994628906
746 -60.18703079223633 -45.25556182861328
747 -59.9799690246582 -44.84433364868164
748 -59.94047546386719 -44.62273025512695
749 -59.86954116821289 -44.45866012573242
750 -59.5425910949707 -44.10383224487305
751 -59.41855239868164 -43.91813278198242
752 -59.302268981933594 -43.67422103881836
753 -59.13283157348633 -43.38427734375
754 -58.93777847290039 -43.089813232421875
755 -58.65336990356445 -42.95848083496094
756 -58.38002014160156 -42.85502243041992
757 -57.940467834472656 -42.816219329833984
758 -57.64128112792969 -42.86025619506836
759 -57.40556335449219 -42.93844985961914
760 -57.1003303527832 -43.07569885253906
761 -56.88823699951172 -43.224910736083984
762 -56.6397705078125 -43.40578842163086
763 -56.29415512084961 -43.761898040771484
764 -56.016510009765625 -44.05004119873047
765 -55.79302978515625 -44.247859954833984
766 -55.4632568359375 -44.394100189208984
767 -55.08744812011719 -44.502464294433594
768 -54.81748580932617 -44.48744583129883
769 -54.56107711791992 -44.43449783325195
770 -54.26962661743164 -44.401344299316406
771 -44.5833625793457 -42.52558517456055
772 -44.28961944580078 -42.45952606201172
773 -43.999759674072266 -42.39107131958008
774 -43.61727523803711 -42.24030685424805
775 -43.29136276245117 -42.09477615356445
776 -43.08672332763672 -42.07806396484375
777 -42.864688873291016 -42.145668029785156
778 -42.21382522583008 -42.445518493652344
779 -41.9902458190918 -42.58549118041992
780 -41.593772888183594 -42.79106903076172
781 -40.959922790527344 -43.14119338989258
782 -40.501163482666016 -43.353763580322266
783 -40.17315673828125 -43.34406661987305
784 -39.907440185546875 -43.22342300415039
785 -39.63648986816406 -42.99105453491211
786 -39.56121063232422 -42.70173645019531
787 -39.27461242675781 -42.067413330078125
788 -39.15287399291992 -41.77436065673828
789 -39.059349060058594 -41.603416442871094
790 -38.99260330200195 -41.450157165527344
791 -38.87481689453125 -41.04261016845703
792 -38.936622619628906 -40.560333251953125
793 -39.06346893310547 -40.314659118652344
794 -39.29556655883789 -39.87006759643555
795 -39.43153762817383 -39.62786102294922
796 -39.62124252319336 -39.23334503173828
797 -39.72511291503906 -38.877281188964844
798 -39.879276275634766 -38.4736442565918
799 -40.02568817138672 -38.25725173950195
800 -40.16667556762695 -38.04718017578125
801 -40.39022445678711 -37.804073333740234
802 -40.56788635253906 -37.72452163696289
803 -40.86028289794922 -37.654170989990234
804 -41.23643112182617 -37.65058517456055
805 -41.660919189453125 -37.6768913269043
806 -42.080135345458984 -37.774986267089844
807 -42.34077072143555 -37.85564422607422
808 -42.64474868774414 -37.9462890625
809 -43.0180778503418 -38.03274154663086
810 -43.209983825683594 -38.007144927978516
811 -43.43886184692383 -37.98448944091797
812 -43.73550033569336 -37.86967468261719
813 -44.16217803955078 -37.670997619628906
814 -44.37435531616211 -37.46915817260742
815 -44.61384201049805 -37.219791412353516
816 -44.7640266418457 -36.95354461669922
817 -44.732486724853516 -36.68507766723633
818 -44.67454147338867 -36.47200393676758
819 -44.60463333129883 -36.1029052734375
820 -44.60303497314453 -35.85646057128906
821 -44.553916931152344 -35.40562438964844
822 -44.51686096191406 -34.686527252197266
823 -44.534088134765625 -34.41579818725586
824 -44.56790542602539 -33.921791076660156
825 -44.51255798339844 -33.590328216552734
826 -44.403011322021484 -33.23428726196289
827 -44.25770568847656 -32.97568893432617
828 -43.98649597167969 -32.73353576660156
829 -43.57858657836914 -32.62370300292969
830 -43.242431640625 -32.6444091796875
831 -42.73225021362305 -32.73727035522461
832 -42.50365447998047 -32.748779296875
833 -42.08689880371094 -32.80059814453125
834 -41.788883209228516 -32.83219528198242
835 -41.186683654785156 -32.93655776977539
836 -40.82447052001953 -32.95331954956055
837 -40.59269332885742 -32.9959602355957
838 -40.1309700012207 -33.12838363647461
839 -39.70844268798828 -33.25579833984375
840 -39.32101058959961 -33.406131744384766
841 -39.07370376586914 -33.51826858520508
842 -38.56596755981445 -33.794212341308594
843 -38.24164581298828 -33.93513870239258
844 -38.00886154174805 -34.05379104614258
845 -37.7412223815918 -34.20770263671875
846 -37.4908332824707 -34.31595993041992
847 -37.20785140991211 -34.453643798828125
848 -37.022003173828125 -34.592987060546875
849 -36.79601287841797 -34.762325286865234
850 -36.61430740356445 -34.898799896240234
851 -31.372812271118164 -58.95817565917969
852 -31.382259368896484 -59.08967208862305
853 -31.430313110351562 -59.319549560546875
854 -31.518247604370117 -59.66884994506836
855 -31.480649948120117 -59.958431243896484
856 -31.328100204467773 -60.209510803222656
857 -31.017045974731445 -60.50176239013672
858 -30.79027557373047 -60.725181579589844
859 -30.41755485534668 -61.00461959838867
860 -30.177888870239258 -61.136688232421875
861 -29.869525909423828 -61.3988151550293
862 -29.688756942749023 -61.583900451660156
863 -29.493087768554688 -61.824256896972656
864 -29.45469093322754 -62.144893646240234
865 -29.460535049438477 -62.5478630065918
866 -29.57273292541504 -62.86432647705078
867 -29.715076446533203 -63.06320571899414
868 -29.87348747253418 -63.22136306762695
869 -30.362674713134766 -63.5047492980957
870 -30.741592407226562 -63.70242691040039
871 -30.921112060546875 -63.77082443237305
872 -31.238039016723633 -63.87314987182617
873 -31.877769470214844 -64.05532836914062
874 -32.122127532958984 -64.14531707763672
875 -32.36894989013672 -64.38131713867188
876 -32.49573516845703 -64.7242202758789
877 -32.547847747802734 -65.03942108154297
878 -32.5983772277832 -65.50482940673828
879 -32.80269241333008 -65.97919464111328
880 -32.99567794799805 -66.13558959960938
881 -33.21959686279297 -66.20484161376953
882 -33.58322525024414 -66.16737365722656
883 -33.96809387207031 -66.03685760498047
884 -34.2932014465332 -65.87960052490234
885 -34.68730163574219 -65.71295928955078
886 -34.92799377441406 -65.72785949707031
887 -35.217498779296875 -65.99064636230469
888 -35.439002990722656 -66.27349090576172
889 -35.61320495605469 -66.6941146850586
890 -35.7120361328125 -66.82764434814453
891 -35.958187103271484 -66.99227905273438
892 -36.179969787597656 -67.10395050048828
893 -36.38915252685547 -67.16857147216797
894 -36.66166687011719 -67.31065368652344
895 -36.957637786865234 -67.6204605102539
896 -37.14533996582031 -67.90220642089844
897 -37.243953704833984 -68.0716781616211
898 -37.38409423828125 -68.41629028320312
899 -37.5084114074707 -68.65660858154297
900 -37.82713317871094 -68.98572540283203
901 -38.18482971191406 -69.21761322021484
902 -38.563758850097656 -69.32343292236328
903 -38.98271179199219 -69.39955139160156
904 -39.284385681152344 -69.30705261230469
905 -39.591800689697266 -69.14342498779297
906 -39.818634033203125 -68.83824157714844
907 -40.14908218383789 -68.6117172241211
908 -40.4691047668457 -68.37932586669922
909 -40.89938735961914 -67.93688201904297
910 -41.113258361816406 -67.64373016357422
911 -41.18958282470703 -67.38078308105469
912 -41.262855529785156 -66.89341735839844
913 -41.258113861083984 -66.42484283447266
914 -41.215328216552734 -66.00630187988281
915 -41.10558319091797 -65.57731628417969
916 -41.00809860229492 -65.24647521972656
917 -40.74449920654297 -64.68791961669922
918 -40.41310119628906 -64.20296478271484
919 -40.284912109375 -64.02066802978516
920 -40.011962890625 -63.73337173461914
921 -39.792179107666016 -63.49748611450195
922 -39.48509216308594 -63.24492263793945
923 -39.089935302734375 -63.002655029296875
924 -38.84082794189453 -62.88231658935547
925 -38.60737228393555 -62.8351936340332
926 -38.35102462768555 -62.84404373168945
927 -37.63225173950195 -62.98051452636719
928 -37.10824203491211 -63.28086471557617
929 -36.894569396972656 -63.43613815307617
930 -36.73353576660156 -63.425010681152344
931 -36.45809555053711 -63.356075286865234
932 -36.275489807128906 -63.23404312133789
933 -36.12339401245117 -63.04075241088867
934 -35.985260009765625 -62.8399772644043
935 -35.78205490112305 -62.50471878051758
936 -35.6346549987793 -62.15113830566406
937 -35.488441467285156 -61.97832107543945
938 -35.40904235839844 -61.85020065307617
939 -35.29897689819336 -61.551231384277344
940 -35.15266799926758 -61.34744644165039
941 -35.09090805053711 -60.95758056640625
942 -35.10462188720703 -60.65039825439453
943 -35.07048416137695 -60.41685104370117
944 -34.902809143066406 -60.0078125
945 -34.635414123535156 -59.61922836303711
946 -34.40308380126953 -59.430511474609375
947 -34.187049865722656 -59.3199348449707
948 -33.98862075805664 -59.034324645996094
949 -33.87025833129883 -58.66980743408203
950 -33.82419204711914 -58.356956481933594
951 -33.96222686767578 -58.08714294433594
952 -34.341033935546875 -57.69597625732422
953 -34.646156311035156 -57.6488151550293
954 -35.09431838989258 -57.76356887817383
955 -35.6046028137207 -58.02009582519531
956 -36.12625503540039 -58.30693817138672
957 -37.378971099853516 -59.231109619140625
958 -37.52204132080078 -59.36271667480469
959 -37.8270263671875 -59.48508834838867
960 -38.20648193359375 -59.533145904541016
961 -38.69833755493164 -59.43263626098633
962 -39.03055953979492 -59.36104965209961
963 -39.2566032409668 -59.31816864013672
964 -39.42953109741211 -59.14426040649414
965 -39.42485809326172 -58.879032135009766
966 -39.32099151611328 -58.498268127441406
967 -39.22379684448242 -58.22866439819336
968 -39.028690338134766 -58.02760314941406
969 -38.76752471923828 -57.8213005065918
970 -38.54193878173828 -57.53695297241211
971 -38.244415283203125 -57.21403503417969
972 -38.01459503173828 -56.85921859741211
973 -37.83485794067383 -56.4623908996582
974 -37.61814880371094 -56.084224700927734
975 -37.34693908691406 -55.57541275024414
976 -37.050819396972656 -55.1578369140625
977 -36.8423957824707 -54.9957389831543
978 -36.442928314208984 -54.965335845947266
979 -36.059356689453125 -55.01193618774414
980 -35.8307991027832 -55.008663177490234
981 -35.466670989990234 -55.07255172729492
982 -35.052066802978516 -55.072269439697266
983 -34.53732681274414 -55.132511138916016
984 -34.03341293334961 -55.34400177001953
985 -33.60466003417969 -55.6037483215332
986 -33.2614860534668 -55.76039505004883
987 -32.92106628417969 -55.833457946777344
988 -32.63645553588867 -55.885807037353516
989 -32.296592712402344 -55.676109313964844
990 -32.060218811035156 -55.441551208496094
991 -31.84780502319336 -55.37694549560547
992 -31.58297348022461 -55.267555236816406
993 -31.271337509155273 -55.1413688659668
994 -30.84746742248535 -55.171173095703125
995 -30.56696128845215 -55.16505432128906
996 -30.220170974731445 -55.15864562988281
997 -29.942367553710938 -55.14208984375
998 -29.743209838867188 -55.128089904785156
999 -29.6444091796875 -55.12828826904297
