0 -68.64614868164062 25.475854873657227
1 -68.61922454833984 25.38259506225586
2 -68.54952239990234 25.098731994628906
3 -68.54258728027344 24.791109085083008
4 -68.64689636230469 24.5175838470459
5 -68.78425598144531 24.218217849731445
6 -68.98494720458984 23.84050178527832
7 -69.20248413085938 23.421010971069336
8 -69.29716491699219 23.169649124145508
9 -69.35986328125 22.86195945739746
10 -69.3827133178711 22.39271354675293
11 -69.30360412597656 21.978214263916016
12 -69.0733642578125 21.407339096069336
13 -68.82891845703125 20.936447143554688
14 -68.55535888671875 20.50156021118164
15 -68.2453842163086 20.146995544433594
16 -68.06909942626953 19.98609161376953
17 -67.82518768310547 19.788188934326172
18 -67.39432525634766 19.434192657470703
19 -66.93329620361328 19.0859317779541
20 -66.57769775390625 18.8505916595459
21 -66.02579498291016 18.567358016967773
22 -65.47005462646484 18.326496124267578
23 -65.06604766845703 18.188514709472656
24 -64.78423309326172 18.0744686126709
25 -64.24311828613281 17.81731414794922
26 -63.76023483276367 17.539594650268555
27 -63.448829650878906 17.301523208618164
28 -63.20285415649414 17.028417587280273
29 -62.85042190551758 16.537683486938477
30 -62.75353240966797 16.37068748474121
31 -62.56102752685547 15.732372283935547
32 -62.53532409667969 15.243855476379395
33 -62.72747802734375 14.94625473022461
34 -63.161163330078125 14.676815032958984
35 -63.65007019042969 14.569925308227539
36 -64.05232238769531 14.589306831359863
37 -64.55165100097656 14.697912216186523
38 -65.26648712158203 14.759772300720215
39 -65.64950561523438 14.764612197875977
40 -66.14085388183594 14.716805458068848
41 -66.68119812011719 14.622258186340332
42 -67.09657287597656 14.542155265808105
43 -67.55773162841797 14.395100593566895
44 -67.85256958007812 14.220608711242676
45 -68.09857177734375 13.959762573242188
46 -68.37205505371094 13.723738670349121
47 -68.78241729736328 13.498905181884766
48 -69.02913665771484 13.486263275146484
49 -69.31410217285156 13.728165626525879
50 -69.62589263916016 14.183109283447266
51 -69.79779052734375 14.56132698059082
52 -70.01380157470703 15.077305793762207
53 -70.24878692626953 15.552051544189453
54 -70.52635192871094 16.08857536315918
55 -70.72906494140625 16.342548370361328
56 -71.10466766357422 16.525066375732422
57 -71.59058380126953 16.597675323486328
58 -72.0123291015625 16.538923263549805
59 -72.41486358642578 16.35565757751465
60 -72.69828033447266 16.087600708007812
61 -72.83876037597656 15.807348251342773
62 -72.95838928222656 15.411941528320312
63 -73.09454345703125 14.94991683959961
64 -73.23150634765625 14.513297080993652
65 -73.36034393310547 14.213485717773438
66 -73.68648529052734 13.567313194274902
67 -73.96139526367188 13.089323043823242
68 -74.29871368408203 12.516762733459473
69 -74.3927993774414 12.157458305358887
70 -74.3846664428711 11.879898071289062
71 -74.3648681640625 11.646568298339844
72 -74.20455932617188 11.158438682556152
73 -73.9447021484375 10.591509819030762
74 -73.74015808105469 10.32383918762207
75 -73.2417984008789 9.83751106262207
76 -73.09259033203125 9.711777687072754
77 -72.78289794921875 9.607755661010742
78 -72.46387481689453 9.507135391235352
79 -72.2468032836914 9.471592903137207
80 -71.924560546875 9.44299602508545
81 -70.98419189453125 9.227956771850586
82 -70.57281494140625 9.100984573364258
83 -70.14417266845703 8.946121215820312
84 -68.90640258789062 8.402868270874023
85 -68.51050567626953 8.273297309875488
86 -68.25052642822266 8.25262451171875
87 -67.89625549316406 8.318170547485352
88 -67.02454376220703 8.657756805419922
89 -66.8447036743164 8.74183177947998
90 -66.63143157958984 8.85586929321289
91 -66.01171875 9.12849235534668
92 -65.5484848022461 9.2713041305542
93 -64.99906921386719 9.31006145477295
94 -64.37141418457031 9.302506446838379
95 -63.997703552246094 9.271721839904785
96 -63.66231918334961 9.227983474731445
97 -63.05437088012695 9.110747337341309
98 -62.5018196105957 8.964051246643066
99 -62.107173919677734 8.81296443939209
100 -61.84614944458008 8.667780876159668
101 -61.594627380371094 8.45481014251709
102 -61.45719909667969 8.330755233764648
103 -76.677001953125 17.350852966308594
104 -76.78968048095703 17.530548095703125
105 -77.0479736328125 17.97779083251953
106 -77.28893280029297 18.3837890625
107 -77.63603210449219 18.898292541503906
108 -78.0684585571289 19.471134185791016
109 -78.2968521118164 19.799182891845703
110 -78.38202667236328 20.105167388916016
111 -78.43136596679688 20.663097381591797
112 -78.37773895263672 20.89189910888672
113 -78.11591339111328 20.989709854125977
114 -77.65531158447266 21.037385940551758
115 -77.45809936523438 21.019685745239258
116 -77.10777282714844 20.88033103942871
117 -76.35187530517578 20.575237274169922
118 -75.93988800048828 20.438190460205078
119 -75.34223175048828 20.228116989135742
120 -74.92559051513672 20.092145919799805
121 -74.68360900878906 20.017393112182617
122 -59.81815719604492 18.89298439025879
123 -59.618370056152344 18.803808212280273
124 -59.30514144897461 18.66756248474121
125 -58.47708511352539 18.322816848754883
126 -58.20681381225586 18.227542877197266
127 -57.96552658081055 18.063058853149414
128 -57.63077926635742 17.788013458251953
129 -57.356929779052734 17.538185119628906
130 -57.11750793457031 17.28379249572754
131 -57.018802642822266 16.994670867919922
132 -57.012786865234375 16.48786163330078
133 -57.06068801879883 16.152297973632812
134 -57.16180419921875 15.927184104919434
135 -57.358917236328125 15.633373260498047
136 -57.82704544067383 14.806367874145508
137 -58.05305099487305 14.375194549560547
138 -58.23975372314453 13.982170104980469
139 -58.340335845947266 13.782580375671387
140 -58.41279220581055 13.467489242553711
141 -58.394527435302734 13.038623809814453
142 -58.232200622558594 12.624981880187988
143 -58.0732307434082 12.260397911071777
144 -57.88739776611328 11.89084243774414
145 -57.63339614868164 11.463835716247559
146 -57.3857536315918 11.024604797363281
147 -57.12336730957031 10.468067169189453
148 -57.04603576660156 10.150127410888672
149 -57.009647369384766 9.870157241821289
150 -56.999263763427734 9.400749206542969
151 -57.065093994140625 8.92800521850586
152 -57.05653381347656 8.47480297088623
153 -56.95067596435547 8.079194068908691
154 -56.76508331298828 7.781968593597412
155 -56.433319091796875 7.5604729652404785
156 -56.06178665161133 7.541810512542725
157 -55.721099853515625 7.598302841186523
158 -55.36515808105469 7.683053493499756
159 -55.0996208190918 7.784209251403809
160 -54.56444549560547 8.028252601623535
161 -54.11970520019531 8.256448745727539
162 -53.929256439208984 8.381370544433594
163 -53.43867111206055 8.766515731811523
164 -53.032020568847656 9.142953872680664
165 -52.75877380371094 9.441563606262207
166 -52.346588134765625 9.752323150634766
167 -51.29885482788086 10.185184478759766
168 -51.07312774658203 10.266607284545898
169 -51.01266098022461 10.377847671508789
170 -51.036346435546875 10.68367862701416
171 -51.153079986572266 11.366822242736816
172 -51.208152770996094 11.584775924682617
173 -51.280433654785156 11.79587173461914
174 -51.51348876953125 12.293462753295898
175 -51.91211700439453 13.054417610168457
176 -52.17464065551758 13.51711368560791
177 -52.375282287597656 13.801098823547363
178 -52.549163818359375 14.044698715209961
179 -52.66250228881836 14.212911605834961
180 -52.94417190551758 14.638916969299316
181 -53.206031799316406 15.076766014099121
182 -53.37594985961914 15.465832710266113
183 -53.552581787109375 16.0186767578125
184 -53.59164047241211 16.4527530670166
185 -53.57707977294922 16.87921714782715
186 -53.50431823730469 17.335430145263672
187 -53.4219856262207 17.70521354675293
188 -53.341033935546875 17.9505615234375
189 -53.1915168762207 18.41592025756836
190 -53.14460372924805 18.800256729125977
191 -53.134765625 19.12044906616211
192 -53.15970993041992 19.54438018798828
193 -53.18529510498047 20.002582550048828
194 -53.23849105834961 20.385154724121094
195 -53.364044189453125 20.60985565185547
196 -53.559600830078125 20.78857421875
197 -53.86740493774414 21.009479522705078
198 -54.21754455566406 21.367271423339844
199 -54.49506378173828 21.69795036315918
200 -54.645301818847656 21.91614532470703
201 -54.64130783081055 22.139877319335938
202 -54.31134796142578 22.920351028442383
203 -54.196041107177734 23.23100471496582
204 -54.111778259277344 23.54081916809082
205 -54.02390670776367 23.91710662841797
206 -53.94517517089844 24.347455978393555
207 -53.84834671020508 24.91684341430664
208 -53.74515914916992 25.311080932617188
209 -53.703861236572266 25.608652114868164
210 -53.6982421875 25.917821884155273
211 -53.712196350097656 26.42169761657715
212 -53.760562896728516 26.840375900268555
213 -53.84782028198242 27.029218673706055
214 -54.0577507019043 27.173961639404297
215 -54.33755874633789 27.29735565185547
216 -54.801761627197266 27.462289810180664
217 -55.28864288330078 27.615591049194336
218 -55.97317123413086 27.86068344116211
219 -56.220916748046875 27.912490844726562
220 -56.5087776184082 27.93914794921875
221 -56.9401969909668 27.969558715820312
222 -57.5372314453125 28.022747039794922
223 -57.9924201965332 28.08023452758789
224 -58.4343376159668 28.141448974609375
225 -58.86302185058594 28.201845169067383
226 -59.198265075683594 28.243473052978516
227 -66.75570678710938 28.14647102355957
228 -67.02482604980469 28.309829711914062
229 -67.3472671508789 28.564241409301758
230 -67.72355651855469 28.885356903076172
231 -68.0674819946289 29.224632263183594
232 -68.25894927978516 29.54286003112793
233 -68.24794006347656 29.748483657836914
234 -67.78721618652344 30.246458053588867
235 -67.50911712646484 30.49431800842285
236 -66.7439956665039 31.106008529663086
237 -66.37512969970703 31.328826904296875
238 -65.96025848388672 31.442575454711914
239 -65.49028778076172 31.41318702697754
240 -65.03778839111328 31.264135360717773
241 -64.72396850585938 31.113523483276367
242 -64.51963806152344 30.967548370361328
243 -64.23945617675781 30.78704833984375
244 -63.71936798095703 30.489091873168945
245 -63.36899948120117 30.308115005493164
246 -63.103084564208984 30.19719123840332
247 -62.538787841796875 30.00200843811035
248 -62.12984848022461 29.843467712402344
249 -61.92426300048828 29.608905792236328
250 -61.94668197631836 29.348691940307617
251 -62.16315460205078 28.763809204101562
252 -62.30326843261719 28.290681838989258
253 -62.32065200805664 27.865062713623047
254 -62.28461837768555 27.520244598388672
255 -62.138702392578125 27.075668334960938
256 -61.9649543762207 26.602807998657227
257 -61.826534271240234 26.233999252319336
258 -61.74469757080078 25.879608154296875
259 -61.75325393676758 25.533700942993164
260 -61.84032440185547 25.17462730407715
261 -62.05366134643555 24.844961166381836
262 -62.290000915527344 24.633934020996094
263 -62.68388366699219 24.283069610595703
264 -62.963661193847656 24.021495819091797
265 -63.148895263671875 23.87896156311035
266 -63.254783630371094 23.7270450592041
267 -63.26412582397461 23.408178329467773
268 -63.2589111328125 23.06730079650879
269 -63.19402313232422 22.592670440673828
270 -63.11188888549805 22.200286865234375
271 -62.971839904785156 21.709896087646484
272 -62.91459655761719 21.378488540649414
273 -62.94590759277344 21.16733169555664
274 -93.70679473876953 21.327198028564453
275 -93.76090240478516 21.119497299194336
276 -93.76978302001953 20.8649845123291
277 -93.68697357177734 20.64475440979004
278 -93.4281997680664 20.292903900146484
279 -93.1012954711914 19.920963287353516
280 -92.81853485107422 19.676944732666016
281 -92.28829956054688 19.363624572753906
282 -92.06114196777344 19.238605499267578
283 -91.5812759399414 19.2204647064209
284 -91.17243957519531 19.27192497253418
285 -90.90672302246094 19.403242111206055
286 -90.68974304199219 19.738157272338867
287 -90.53421020507812 20.245075225830078
288 -90.39563751220703 20.51354217529297
289 -90.02975463867188 20.678802490234375
290 -89.75293731689453 20.682601928710938
291 -89.48428344726562 20.65314292907715
292 -89.05708312988281 20.48357582092285
293 -88.71898651123047 20.296201705932617
294 -88.39115905761719 20.112031936645508
295 -88.15165710449219 20.01369857788086
296 -87.43048858642578 19.837974548339844
297 -87.00428009033203 19.73976707458496
298 -86.38550567626953 19.632488250732422
299 -85.43697357177734 19.46748161315918
300 -85.03950500488281 19.394838333129883
301 -84.7642593383789 19.332805633544922
302 -84.65319061279297 19.189218521118164
303 -84.37367248535156 18.679744720458984
304 -84.06721496582031 18.14044761657715
305 -83.61600494384766 17.384586334228516
306 -83.21993255615234 16.741947174072266
307 -83.03610229492188 16.441864013671875
308 -82.84161376953125 16.14116668701172
309 -82.5907211303711 15.721031188964844
310 -82.39444732666016 15.428897857666016
311 -82.19152069091797 15.184403419494629
312 -81.98696899414062 14.967086791992188
313 -81.63047790527344 14.524258613586426
314 -81.48734283447266 14.21904468536377
315 -81.41011047363281 13.654800415039062
316 -81.35546112060547 12.978281021118164
317 -81.34870147705078 12.558300971984863
318 -81.45599365234375 12.195747375488281
319 -81.67469024658203 11.761289596557617
320 -81.88910675048828 11.6478271484375
321 -82.43267822265625 11.674972534179688
322 -83.26593780517578 11.738468170166016
323 -83.83863067626953 11.760266304016113
324 -84.26429748535156 11.751208305358887
325 -84.91466522216797 11.752523422241211
326 -85.54669189453125 11.83059024810791
327 -86.39965057373047 12.03717041015625
328 -86.75874328613281 12.201175689697266
329 -87.38542938232422 12.626688957214355
330 -87.75617218017578 12.901693344116211
331 -88.0112075805664 13.128938674926758
332 -88.27387237548828 13.430658340454102
333 -88.3981704711914 13.635689735412598
334 -88.4866714477539 13.89492130279541
335 -88.5394058227539 14.044636726379395
336 -75.57968139648438 40.11583709716797
337 -75.45646667480469 40.13185501098633
338 -75.2436294555664 40.0925407409668
339 -74.96505737304688 40.00371551513672
340 -74.7364501953125 39.89231491088867
341 -74.34522247314453 39.67556381225586
342 -73.79043579101562 39.33195877075195
343 -73.46137237548828 39.108497619628906
344 -73.2638931274414 38.98234558105469
345 -73.01168823242188 38.829933166503906
346 -59.253883361816406 32.756439208984375
347 -59.10161590576172 32.814735412597656
348 -58.86559295654297 32.96155548095703
349 -58.659271240234375 33.21247482299805
350 -58.480079650878906 33.443565368652344
351 -58.17947006225586 33.684688568115234
352 -57.88582229614258 33.811092376708984
353 -57.520660400390625 33.83811950683594
354 -57.07957458496094 33.78281021118164
355 -56.70465087890625 33.65534591674805
356 -56.22395706176758 33.412540435791016
357 -55.95695877075195 33.183143615722656
358 -55.646690368652344 32.759742736816406
359 -55.23673629760742 32.423160552978516
360 -54.86374282836914 32.263946533203125
361 -54.113365173339844 32.103919982910156
362 -53.5762939453125 32.03052520751953
363 -53.228607177734375 32.08329391479492
364 -52.81547546386719 32.278472900390625
365 -52.031005859375 32.8950309753418
366 -51.375709533691406 33.37651062011719
367 -51.13897705078125 33.61385726928711
368 -50.969825744628906 33.870361328125
369 -50.65251159667969 34.30306625366211
370 -50.335453033447266 34.727027893066406
371 -50.13063049316406 35.047119140625
372 -49.80171203613281 35.549217224121094
373 -49.31534957885742 36.071441650390625
374 -48.76057052612305 36.57571792602539
375 -48.42876052856445 36.877586364746094
376 -48.14789581298828 37.14593505859375
377 -47.80155563354492 37.4604606628418
378 -47.38435363769531 37.768653869628906
379 -47.14423370361328 37.9093017578125
380 -46.98627471923828 37.95054244995117
381 -45.560489654541016 38.31808090209961
382 -45.26797866821289 38.360618591308594
383 -44.81508255004883 38.35643005371094
384 -44.36411666870117 38.28058624267578
385 -44.08671569824219 38.13594055175781
386 -43.751617431640625 37.81877136230469
387 -43.62173080444336 37.59933090209961
388 -43.57586669921875 37.34989929199219
389 -43.57655715942383 36.41637420654297
390 -43.57820510864258 36.09395217895508
391 -43.580223083496094 35.62873840332031
392 -43.58951950073242 35.10698699951172
393 -43.58503341674805 34.76636505126953
394 -43.56012725830078 34.27584457397461
395 -43.5485954284668 33.620426177978516
396 -43.519107818603516 33.053863525390625
397 -43.42557144165039 32.711997985839844
398 -43.149818420410156 32.519290924072266
399 -42.58435821533203 32.25598907470703
400 -42.20408630371094 32.117958068847656
401 -41.777854919433594 32.06215286254883
402 -41.406158447265625 32.112518310546875
403 -41.087913513183594 32.25852966308594
404 -40.74422073364258 32.5943489074707
405 -40.44927215576172 32.92387390136719
406 -40.25629806518555 33.120513916015625
407 -40.05280685424805 33.38159942626953
408 -39.672481536865234 33.899330139160156
409 -39.401336669921875 34.24639892578125
410 -39.125789642333984 34.56009292602539
411 -38.860389709472656 34.815242767333984
412 -38.50862503051758 35.11909484863281
413 -38.299495697021484 35.25887680053711
414 -37.9191780090332 35.41434097290039
415 -37.583091735839844 35.51726531982422
416 -37.34214401245117 35.57909393310547
417 -36.97928237915039 35.66332244873047
418 -36.45868682861328 35.79378890991211
419 -35.964176177978516 35.930938720703125
420 -35.50848388671875 36.05275344848633
421 -34.946292877197266 36.188209533691406
422 -34.50664520263672 36.307735443115234
423 -34.22227096557617 36.42560958862305
424 -33.950950622558594 36.59770202636719
425 -33.592506408691406 36.82646942138672
426 -33.32094955444336 37.0180549621582
427 -33.04315948486328 37.36406707763672
428 -32.75853729248047 37.805755615234375
429 -32.685001373291016 38.0179443359375
430 -32.60525131225586 38.38996124267578
431 -32.557674407958984 38.86527633666992
432 -32.605770111083984 39.0626335144043
433 -32.65167236328125 39.25179672241211
434 -32.75644302368164 39.53510665893555
435 -33.01019287109375 39.91850280761719
436 -33.642234802246094 40.616031646728516
437 -33.83332061767578 40.807613372802734
438 -34.09212112426758 41.004859924316406
439 -34.43390655517578 41.19661331176758
440 -34.7901611328125 41.34832763671875
441 -35.8061408996582 41.640647888183594
442 -36.103153228759766 41.646949768066406
443 -36.595455169677734 41.52302169799805
444 -37.14957809448242 41.28708267211914
445 -37.572059631347656 41.09944152832031
446 -37.98677062988281 40.93309783935547
447 -38.394287109375 40.83289337158203
448 -38.8643684387207 40.765419006347656
449 -39.333492279052734 40.74564743041992
450 -39.716888427734375 40.80575180053711
451 -40.08677291870117 41.031131744384766
452 -40.41481018066406 41.372032165527344
453 -40.48894119262695 41.54545211791992
454 -40.53757095336914 42.11245346069336
455 -40.480079650878906 42.821815490722656
456 -40.45589828491211 43.26340103149414
457 -40.5357551574707 43.68571853637695
458 -40.75598907470703 44.17338180541992
459 -40.98491668701172 44.51392364501953
460 -41.29579544067383 44.75951385498047
461 -41.64181900024414 44.913700103759766
462 -41.984188079833984 44.95249557495117
463 -42.569984436035156 45.046112060546875
464 -42.87239074707031 44.9725227355957
465 -43.2059440612793 44.702999114990234
466 -43.417640686035156 44.39501190185547
467 -43.71035385131836 43.90683364868164
468 -43.97711944580078 43.20880889892578
469 -44.13174057006836 42.91815185546875
470 -44.38351058959961 42.65166473388672
471 -44.67699432373047 42.49721908569336
472 -45.10418701171875 42.43462371826172
473 -45.6966667175293 42.433650970458984
474 -45.98000717163086 42.49130630493164
475 -46.43193054199219 42.715850830078125
476 -46.89861297607422 42.98899841308594
477 -47.45298767089844 43.31541061401367
478 -47.73268508911133 43.438655853271484
479 -48.1065788269043 43.51194381713867
480 -48.54484176635742 43.538658142089844
481 -48.906925201416016 43.53339385986328
482 -49.49788284301758 43.44272232055664
483 -50.00263214111328 43.32307434082031
484 -50.355960845947266 43.182376861572266
485 -50.694480895996094 42.988685607910156
486 -51.094783782958984 42.65790557861328
487 -51.25933074951172 42.413970947265625
488 -51.573299407958984 41.86415100097656
489 -51.88100814819336 41.451595306396484
490 -52.21321487426758 41.1546745300293
491 -52.39305877685547 40.96870422363281
492 -52.438167572021484 40.75312805175781
493 -52.422359466552734 40.10402297973633
494 -52.373374938964844 39.87060546875
495 -52.26873016357422 39.23187255859375
496 -52.308189392089844 38.53025436401367
497 -52.42146301269531 38.1042366027832
498 -52.59907150268555 37.836280822753906
499 -52.7789306640625 37.661834716796875
500 -53.09772491455078 37.46432876586914
501 -53.405887603759766 37.21919631958008
502 -53.677120208740234 36.94320297241211
503 -53.908504486083984 36.61685562133789
504 -53.91488265991211 36.342979431152344
505 -53.70137405395508 35.78012466430664
506 -53.519222259521484 35.58736038208008
507 -53.29826736450195 35.34588623046875
508 -52.849029541015625 35.0129280090332
509 -52.59457015991211 34.802242279052734
510 -49.796165466308594 32.22905349731445
511 -49.53944396972656 32.091739654541016
512 -49.325340270996094 32.04615783691406
513 -48.79674530029297 32.05302047729492
514 -48.356903076171875 32.11704635620117
515 -48.19012451171875 32.16288375854492
516 -82.5749740600586 52.07761001586914
517 -82.89472198486328 51.99778747558594
518 -83.20164489746094 51.95886993408203
519 -83.41168212890625 51.91740798950195
520 -83.74457550048828 51.82231521606445
521 -84.1013412475586 51.711761474609375
522 -84.39006805419922 51.55250930786133
523 -84.55838775634766 51.369327545166016
524 -84.63128662109375 51.057254791259766
525 -84.72150421142578 50.61207962036133
526 -84.78424072265625 50.35614776611328
527 -84.8187026977539 50.24932098388672
528 -84.85914611816406 50.12717819213867
529 -85.0119857788086 49.727108001708984
530 -85.30107879638672 49.04704284667969
531 -85.5687255859375 48.370845794677734
532 -85.92437744140625 47.42531204223633
533 -86.0679931640625 47.07801818847656
534 -86.2054443359375 46.81186294555664
535 -86.41576385498047 46.49262619018555
536 -86.62825012207031 46.2692985534668
537 -86.8993148803711 46.0323486328125
538 -87.25345611572266 45.73866653442383
539 -87.60066986083984 45.39898681640625
540 -87.93260192871094 44.900516510009766
541 -88.03660583496094 44.648460388183594
542 -88.01403045654297 44.357765197753906
543 -87.98339080810547 44.05711364746094
544 -87.92547607421875 43.76380920410156
545 -87.80350494384766 43.5147705078125
546 -87.4378433227539 43.132972717285156
547 -87.23096466064453 42.85863494873047
548 -87.052490234375 42.543785095214844
549 -86.97730255126953 42.360477447509766
550 -86.84696197509766 41.88587951660156
551 -86.75373840332031 41.38980484008789
552 -86.7317886352539 41.06132507324219
553 -86.76936340332031 40.72736740112305
554 -86.88014221191406 40.21046447753906
555 -87.00332641601562 39.7263298034668
556 -87.21504974365234 39.196510314941406
557 -87.4099349975586 38.777339935302734
558 -87.50940704345703 38.453067779541016
559 -87.34742736816406 38.11469268798828
560 -86.97998046875 37.967323303222656
561 -86.52816772460938 37.88917922973633
562 -86.11344146728516 37.829307556152344
563 -85.75391387939453 37.78301239013672
564 -85.472900390625 37.6966552734375
565 -85.10025024414062 37.4693489074707
566 -84.87657165527344 37.155189514160156
567 -84.87490844726562 36.86595916748047
568 -84.97309875488281 36.690940856933594
569 -85.67323303222656 36.307430267333984
570 -86.16239929199219 36.08631896972656
571 -86.43508911132812 35.88846969604492
572 -86.62515258789062 35.6585693359375
573 -87.19099426269531 34.81073760986328
574 -87.54964447021484 34.269752502441406
575 -87.80169677734375 34.05404281616211
576 -88.07689666748047 34.05279541015625
577 -88.3555679321289 34.14753341674805
578 -88.78145599365234 34.315792083740234
579 -89.06806182861328 34.350372314453125
580 -89.81472778320312 34.34879684448242
581 -90.04598236083984 34.39801788330078
582 -90.31712341308594 34.59172058105469
583 -90.6124267578125 34.88788604736328
584 -90.80265808105469 35.12177276611328
585 -90.98749542236328 35.4072151184082
586 -91.1457290649414 35.719444274902344
587 -91.25724029541016 36.10865783691406
588 -91.36859130859375 36.52054214477539
589 -91.40693664550781 36.78858184814453
590 -91.38998413085938 36.99808120727539
591 -91.35560607910156 37.35771179199219
592 -75.65387725830078 46.06901550292969
593 -75.37689208984375 46.1583366394043
594 -74.78298950195312 46.3589973449707
595 -74.36085510253906 46.48323059082031
596 -73.93270111083984 46.5899543762207
597 -73.41716766357422 46.708736419677734
598 -73.02654266357422 46.794342041015625
599 -72.79473114013672 46.82393264770508
600 -72.23474884033203 46.8385009765625
601 -71.79855346679688 46.85065841674805
602 -71.25373077392578 46.878318786621094
603 -70.61528778076172 46.936378479003906
604 -70.18355560302734 46.98683166503906
605 -69.87593841552734 47.00477600097656
606 -69.52775573730469 46.998046875
607 -69.22622680664062 46.96227264404297
608 -68.78590393066406 46.910648345947266
609 -67.89384460449219 46.81349182128906
610 -67.65702819824219 46.81127166748047
611 -67.37061309814453 46.860111236572266
612 -66.835693359375 46.9717903137207
613 -66.17909240722656 47.149723052978516
614 -65.63758087158203 47.25800323486328
615 -65.12565612792969 47.282955169677734
616 -64.76429748535156 47.198524475097656
617 -64.40726470947266 46.999881744384766
618 -64.11509704589844 46.71579360961914
619 -63.912593841552734 46.4926872253418
620 -63.72067642211914 46.22624588012695
621 -63.61357879638672 45.960514068603516
622 -63.60177230834961 45.62042236328125
623 -63.773048400878906 45.299713134765625
624 -64.1485824584961 44.84859085083008
625 -64.5328369140625 44.28239059448242
626 -64.7527084350586 43.86824035644531
627 -64.87488555908203 43.54988098144531
628 -64.98487091064453 43.225101470947266
629 -65.08155822753906 42.99737548828125
630 -65.22123718261719 42.73051834106445
631 -65.47071838378906 42.28128433227539
632 -65.66519165039062 41.9898796081543
633 -65.92401885986328 41.69609069824219
634 -66.33789825439453 41.376407623291016
635 -66.5309829711914 41.20465087890625
636 -66.63678741455078 40.99930953979492
637 -66.7529525756836 40.69529342651367
638 -66.87739562988281 40.30119705200195
639 -67.04631805419922 39.7796516418457
640 -67.20729064941406 39.305870056152344
641 -67.37406921386719 38.736026763916016
642 -67.5138931274414 38.1512565612793
643 -67.56417083740234 37.5584831237793
644 -67.57821655273438 37.09755325317383
645 -67.637939453125 36.712371826171875
646 -67.7298355102539 36.295352935791016
647 -67.77009582519531 35.96949768066406
648 -67.81082916259766 35.62687301635742
649 -67.82299041748047 35.284523010253906
650 -67.90499114990234 34.64146041870117
651 -68.0564956665039 34.12761688232422
652 -68.14031982421875 33.95305252075195
653 -80.05948638916016 23.890005111694336
654 -80.3110580444336 23.81643295288086
655 -80.76390838623047 23.759708404541016
656 -81.27995300292969 23.836816787719727
657 -81.90845489501953 24.044212341308594
658 -82.18232727050781 24.219881057739258
659 -82.44039916992188 24.583316802978516
660 -82.59400939941406 24.936716079711914
661 -82.73081970214844 25.293245315551758
662 -82.98825073242188 25.73466682434082
663 -83.18865203857422 25.98700714111328
664 -83.55081176757812 26.118806838989258
665 -84.08609771728516 26.093849182128906
666 -84.54278564453125 26.068971633911133
667 -84.81401062011719 26.07572364807129
668 -85.0613784790039 26.16202163696289
669 -85.29084014892578 26.380285263061523
670 -85.4582748413086 26.56169891357422
671 -85.71806335449219 26.973432540893555
672 -86.02327728271484 27.323270797729492
673 -86.53620147705078 27.847732543945312
674 -86.80460357666016 28.18297004699707
675 -87.1948471069336 28.695240020751953
676 -87.4009780883789 29.094646453857422
677 -87.54290771484375 29.425785064697266
678 -87.54236602783203 29.819753646850586
679 -87.33187103271484 30.40797233581543
680 -87.14250946044922 30.62984848022461
681 -86.90393829345703 30.773433685302734
682 -86.4482421875 30.915361404418945
683 -85.97449493408203 31.03611946105957
684 -85.48900604248047 31.139963150024414
685 -85.1600570678711 31.192262649536133
686 -77.43388366699219 30.120092391967773
687 -77.2793960571289 30.225587844848633
688 -77.07797241210938 30.512134552001953
689 -76.83467102050781 30.919471740722656
690 -76.66858673095703 31.365140914916992
691 -76.62812042236328 31.745328903198242
692 -76.68488311767578 32.142005920410156
693 -76.8053207397461 32.61572265625
694 -77.10671997070312 33.32539749145508
695 -77.45912170410156 34.02109146118164
696 -77.60770416259766 34.357994079589844
697 -77.74169158935547 34.692012786865234
698 -77.89329528808594 34.999839782714844
699 -78.2171401977539 35.57045364379883
700 -78.47623443603516 35.89012145996094
701 -79.0081787109375 36.35614013671875
702 -79.28816986083984 36.528846740722656
703 -79.64815521240234 36.65040969848633
704 -79.93636322021484 36.68290328979492
705 -80.29358673095703 36.5347785949707
706 -80.73809051513672 36.310550689697266
707 -80.84579467773438 36.17438507080078
708 -80.93490600585938 35.480777740478516
709 -81.11134338378906 34.80541229248047
710 -81.35271453857422 33.832115173339844
711 -81.53428649902344 33.2650146484375
712 -81.62672424316406 33.05066680908203
713 -81.71955871582031 32.84922790527344
714 -81.80854034423828 32.500850677490234
715 -81.90052032470703 32.010780334472656
716 -81.84893035888672 31.712553024291992
717 -81.76148986816406 31.523746490478516
718 -81.51142883300781 31.356029510498047
719 -81.10553741455078 31.12572479248047
720 -80.8355712890625 31.04823875427246
721 -80.4389877319336 31.006746292114258
722 -80.18579864501953 31.00506591796875
723 -79.88397216796875 31.060625076293945
724 -74.32540893554688 33.420166015625
725 -73.92110443115234 33.54189682006836
726 -73.56295013427734 33.63819885253906
727 -73.26473999023438 33.68596267700195
728 -72.70745849609375 33.73094940185547
729 -72.32657623291016 33.73857116699219
730 -71.48095703125 33.73651123046875
731 -71.1517105102539 33.74303436279297
732 -70.8615493774414 33.76493835449219
733 -63.70486068725586 34.412837982177734
734 -63.541664123535156 34.55359649658203
735 -63.42704772949219 34.75431442260742
736 -63.33961868286133 35.024742126464844
737 -63.31319046020508 35.455806732177734
738 -63.39430618286133 35.99054718017578
739 -63.48930740356445 36.32366943359375
740 -63.630470275878906 36.94668197631836
741 -63.70610046386719 37.29848098754883
742 -63.74440383911133 37.5819091796875
743 -63.63654327392578 37.88615798950195
744 -63.44841766357422 38.34174346923828
745 -63.24076843261719 38.54644775390625
746 -62.89447784423828 38.67222595214844
747 -62.55304718017578 38.73841857910156
748 -62.14629364013672 38.803382873535156
749 -61.35430908203125 38.85843276977539
750 -60.85370635986328 38.91410446166992
751 -60.48997116088867 38.971065521240234
752 -60.051883697509766 39.09025192260742
753 -59.68169403076172 39.2075080871582
754 -59.340946197509766 39.3454704284668
755 -58.60841369628906 39.72402572631836
756 -58.045257568359375 40.16279220581055
757 -57.804595947265625 40.49425506591797
758 -57.54701614379883 41.08009719848633
759 -57.38538360595703 41.60558319091797
760 -57.347599029541016 41.94517517089844
761 -57.33819580078125 42.6115837097168
762 -57.309200286865234 42.89227294921875
763 -57.230979919433594 43.171443939208984
764 -57.12397003173828 43.497642517089844
765 -57.06454086303711 43.660614013671875
766 -56.90483856201172 44.313209533691406
767 -56.847721099853516 44.62725830078125
768 -56.83772659301758 45.043312072753906
769 -56.85032653808594 45.20167541503906
770 -71.35685729980469 29.440452575683594
771 -71.46986389160156 29.341520309448242
772 -71.66349029541016 29.15871810913086
773 -71.7894515991211 29.00409698486328
774 -72.0213623046875 28.617769241333008
775 -72.22090148925781 28.160802841186523
776 -72.41171264648438 27.806011199951172
777 -72.65860748291016 27.5035457611084
778 -72.95573425292969 27.323551177978516
779 -73.4296646118164 27.17790412902832
780 -74.0091323852539 27.05401611328125
781 -74.43575286865234 26.996746063232422
782 -75.05070495605469 26.95117950439453
783 -75.41867065429688 26.91764259338379
784 -75.68049621582031 26.867176055908203
785 -75.99981689453125 26.777631759643555
786 -76.78426361083984 26.572877883911133
787 -76.9907455444336 26.411909103393555
788 -77.04467010498047 26.215984344482422
789 -77.03932189941406 25.926591873168945
790 -76.90686798095703 25.456470489501953
791 -76.63105010986328 25.006620407104492
792 -76.21063995361328 24.587825775146484
793 -75.99410247802734 24.425615310668945
794 -75.65718078613281 24.314102172851562
795 -75.22789764404297 24.22213363647461
796 -74.89859771728516 24.144941329956055
797 -74.36180877685547 23.971206665039062
798 -73.86683654785156 23.773738861083984
799 -73.62324523925781 23.644962310791016
800 -73.35752868652344 23.49317169189453
801 -73.11600494384766 23.370071411132812
802 -72.97441101074219 23.293581008911133
803 -41.26173400878906 25.18456268310547
804 -41.162010192871094 25.324796676635742
805 -41.01142883300781 25.562728881835938
806 -40.7637825012207 25.916505813598633
807 -40.55389404296875 26.171382904052734
808 -40.261016845703125 26.46739387512207
809 -39.95671081542969 26.758886337280273
810 -39.68183135986328 27.006349563598633
811 -39.33012771606445 27.330007553100586
812 -38.85976791381836 27.743122100830078
813 -38.447662353515625 28.098527908325195
814 -38.27059555053711 28.243545532226562
815 -38.02145767211914 28.346603393554688
816 -37.77677917480469 28.434572219848633
817 -37.548030853271484 28.468000411987305
818 -37.186492919921875 28.484031677246094
819 -36.78560256958008 28.5094051361084
820 -36.35441207885742 28.493465423583984
821 -36.042137145996094 28.43758773803711
822 -35.54397964477539 28.304065704345703
823 -35.17001724243164 28.162832260131836
824 -34.87084197998047 27.99892234802246
825 -34.44437789916992 27.696735382080078
826 -34.27505874633789 27.519527435302734
827 -34.19078063964844 27.23139762878418
828 -34.20533752441406 26.938880920410156
829 -34.29568862915039 26.638999938964844
830 -34.610008239746094 25.67911720275879
831 -34.71840286254883 25.326738357543945
832 -34.83659744262695 24.985334396362305
833 -34.98529815673828 24.586551666259766
834 -35.19763946533203 24.17294692993164
835 -35.417030334472656 23.836362838745117
836 -35.673553466796875 23.497087478637695
837 -35.91611862182617 23.2247257232666
838 -36.20037841796875 22.93850326538086
839 -36.5567741394043 22.59857177734375
840 -36.926048278808594 22.22531509399414
841 -37.34352493286133 21.764339447021484
842 -37.67368698120117 21.373558044433594
843 -37.897315979003906 21.094388961791992
844 -38.183349609375 20.713956832885742
845 -38.40628433227539 20.363651275634766
846 -38.63306427001953 19.97808074951172
847 -39.07844543457031 19.289615631103516
848 -39.481685638427734 18.79759979248047
849 -39.75873565673828 18.552642822265625
850 -40.15000915527344 18.306270599365234
851 -40.44792175292969 18.117773056030273
852 -40.857994079589844 17.82379722595215
853 -41.339881896972656 17.51988410949707
854 -41.65639877319336 17.379873275756836
855 -42.260841369628906 17.209075927734375
856 -42.64649963378906 17.133655548095703
857 -43.178314208984375 17.168170928955078
858 -43.79692840576172 17.185922622680664
859 -44.32561111450195 17.1370792388916
860 -44.6709098815918 16.99827003479004
861 -44.97081756591797 16.66830062866211
862 -45.06105422973633 16.332244873046875
863 -45.07593536376953 15.736854553222656
864 -45.121768951416016 15.275093078613281
865 -45.28807067871094 14.8601713180542
866 -45.62143325805664 14.615063667297363
867 -45.78368377685547 14.458634376525879
868 -45.9809455871582 14.41054916381836
869 -46.3722038269043 14.567883491516113
870 -46.93658447265625 14.89171314239502
871 -47.20117950439453 15.166769027709961
872 -47.4244270324707 15.634163856506348
873 -47.6136589050293 16.0170955657959
874 -47.90993118286133 16.64240837097168
875 -48.06015396118164 16.944955825805664
876 -48.227073669433594 17.22223472595215
877 -48.418846130371094 17.570371627807617
878 -48.75303649902344 18.20536994934082
879 -48.93428039550781 18.676511764526367
880 -49.05393981933594 19.082284927368164
881 -49.156028747558594 19.477153778076172
882 -49.271358489990234 19.956003189086914
883 -49.36915969848633 20.35968780517578
884 -49.43058395385742 20.678796768188477
885 -49.50794219970703 21.033498764038086
886 -49.64059829711914 21.56123161315918
887 -49.692386627197266 21.844938278198242
888 -49.761512756347656 22.27475929260254
889 -49.84243392944336 22.89560890197754
890 -49.858184814453125 23.250972747802734
891 -49.844146728515625 23.60320472717285
892 -49.799964904785156 23.915771484375
893 -49.63680648803711 24.5628719329834
894 -49.47255325317383 25.009395599365234
895 -49.18883514404297 25.572643280029297
896 -48.975791931152344 25.97394371032715
897 -48.8876838684082 26.199298858642578
898 -48.790218353271484 26.42816734313965
899 -48.58012008666992 26.695850372314453
900 -48.249698638916016 27.248870849609375
901 -48.046844482421875 27.60481071472168
902 -47.772247314453125 27.85723304748535
903 -47.31277084350586 28.20458984375
904 -46.94504165649414 28.323091506958008
905 -46.175689697265625 28.350549697875977
906 -45.75228500366211 28.24152946472168
907 -45.425575256347656 28.098867416381836
908 -45.11296844482422 27.86562156677246
909 -44.911582946777344 27.628358840942383
910 -44.802085876464844 27.311580657958984
911 -44.78657913208008 26.913862228393555
912 -44.847103118896484 26.52953338623047
913 -44.99998092651367 25.94381332397461
914 -45.11482620239258 25.37715721130371
915 -45.164241790771484 24.972501754760742
916 -45.20674133300781 24.54057502746582
917 -45.26564025878906 24.13418960571289
918 -45.35710906982422 23.7004451751709
919 -45.462215423583984 23.209003448486328
920 -45.526126861572266 22.840383529663086
921 -45.56840133666992 22.522335052490234
922 -45.58771514892578 22.2315673828125
923 -45.586891174316406 21.874799728393555
924 -45.50165939331055 21.554780960083008
925 -45.1993293762207 20.88768768310547
926 -45.0732421875 20.588951110839844
927 -45.01115036010742 20.422094345092773
928 -78.80789184570312 45.55454635620117
929 -78.73890686035156 45.3480339050293
930 -78.56001281738281 44.92009735107422
931 -78.34134674072266 44.38159942626953
932 -78.2333984375 44.07783126831055
933 -78.11726379394531 43.81159591674805
934 -77.87071228027344 43.35658264160156
935 -77.6072769165039 42.97797775268555
936 -77.41903686523438 42.73110580444336
937 -57.68464279174805 23.596588134765625
938 -57.71957778930664 23.526151657104492
939 -57.85775375366211 23.44156265258789
940 -58.17417526245117 23.269554138183594
941 -58.79291915893555 22.94013786315918
942 -59.047237396240234 22.825519561767578
943 -59.16907501220703 22.741397857666016
944 -39.58325958251953 14.693597793579102
945 -39.441444396972656 14.71757984161377
946 -39.07339096069336 14.921233177185059
947 -38.67677307128906 15.139213562011719
948 -38.3143310546875 15.291460037231445
949 -38.02959442138672 15.41434383392334
950 -37.62254333496094 15.59260082244873
951 -37.20866775512695 15.774011611938477
952 -36.63238525390625 15.980023384094238
953 -36.16108322143555 16.142154693603516
954 -35.78038787841797 16.253084182739258
955 -35.40660858154297 16.324565887451172
956 -34.953372955322266 16.38577651977539
957 -34.50417709350586 16.417560577392578
958 -33.67596435546875 16.418310165405273
959 -33.42454528808594 16.40495491027832
960 -33.01744842529297 16.405031204223633
961 -32.56206512451172 16.466894149780273
962 -32.23469924926758 16.594789505004883
963 -31.516525268554688 17.022001266479492
964 -31.129100799560547 17.236299514770508
965 -30.76580238342285 17.448331832885742
966 -30.260766983032227 17.72279930114746
967 -30.0545654296875 17.87378692626953
968 -29.583532333374023 18.27298355102539
969 -29.464065551757812 18.49730682373047
970 -29.445608139038086 18.745471954345703
971 -29.500459671020508 19.203794479370117
972 -29.649642944335938 19.75065803527832
973 -29.699947357177734 20.11949348449707
974 -29.708763122558594 20.613086700439453
975 -29.703475952148438 21.087238311767578
976 -29.697940826416016 21.422706604003906
977 -29.695972442626953 21.68486976623535
978 -29.694091796875 22.074445724487305
979 -29.697099685668945 22.446531295776367
980 -29.719221115112305 22.841276168823242
981 -29.75408935546875 23.236286163330078
982 -29.79412841796875 23.573503494262695
983 -29.851964950561523 24.11448860168457
984 -29.923288345336914 25.111854553222656
985 -29.882875442504883 25.41281509399414
986 -29.771472930908203 25.751873016357422
987 -29.60475730895996 26.07123374938965
988 -29.286376953125 26.646486282348633
989 -29.17824935913086 26.87165069580078
990 -28.90530776977539 27.71053695678711
991 -28.88852882385254 28.07914924621582
992 -28.9837646484375 28.363819122314453
993 -29.222959518432617 28.73653793334961
994 -29.3618106842041 28.860721588134766
995 -29.632152557373047 28.998430252075195
996 -29.95524024963379 29.122425079345703
997 -30.262798309326172 29.187461853027344
998 -31.732629776000977 29.109554290771484
999 -31.804908752441406 29.108043670654297
