0 21.261058807373047 -77.13644409179688
1 21.25371551513672 -77.01265716552734
2 21.181411743164062 -76.73564910888672
3 20.744705200195312 -75.71529388427734
4 20.596080780029297 -75.51957702636719
5 19.883893966674805 -74.9502182006836
6 19.590919494628906 -74.69702911376953
7 19.236364364624023 -74.47608184814453
8 18.80471420288086 -74.33676147460938
9 17.904611587524414 -74.11334991455078
10 17.685117721557617 -74.06692504882812
11 17.39400291442871 -74.0257339477539
12 17.1720027923584 -73.97559356689453
13 17.0013370513916 -73.94149780273438
14 5.976901531219482 -71.09465789794922
15 5.744796276092529 -71.00235748291016
16 5.465766429901123 -70.90866088867188
17 5.215950012207031 -70.83686828613281
18 4.775593280792236 -70.83773040771484
19 4.001235008239746 -71.00630950927734
20 3.566953182220459 -71.03755950927734
21 3.2917020320892334 -70.97538757324219
22 3.0992159843444824 -70.83158111572266
23 2.5488758087158203 -70.6492691040039
24 2.380094528198242 -70.60623168945312
25 2.0651519298553467 -70.30583953857422
26 1.8397778272628784 -70.03108978271484
27 -5.586909294128418 -60.610191345214844
28 -5.7280964851379395 -60.466793060302734
29 -6.041719913482666 -60.18168640136719
30 -6.492153644561768 -59.70867156982422
31 -6.7102460861206055 -59.441646575927734
32 -6.824625492095947 -59.17197799682617
33 -6.877307415008545 -58.821285247802734
34 -6.925107955932617 -58.38429641723633
35 -6.899834632873535 -58.11623001098633
36 -6.86150598526001 -57.92863464355469
37 22.318628311157227 -73.75139617919922
38 22.494436264038086 -73.63819885253906
39 22.78649139404297 -73.38969421386719
40 23.021745681762695 -73.29328918457031
41 23.39613914489746 -73.22737884521484
42 23.767215728759766 -73.23822784423828
43 24.045236587524414 -73.27375793457031
44 24.427352905273438 -73.39726257324219
45 24.702232360839844 -73.48533630371094
46 25.021333694458008 -73.52405548095703
47 25.57807731628418 -73.52989196777344
48 25.955034255981445 -73.51077270507812
49 26.344566345214844 -73.47393035888672
50 26.746267318725586 -73.43318176269531
51 27.1512393951416 -73.44725036621094
52 27.68024253845215 -73.55640411376953
53 28.22723960876465 -73.88394927978516
54 28.495563507080078 -74.06855010986328
55 28.816679000854492 -74.54412841796875
56 28.86518096923828 -74.76920318603516
57 28.77996063232422 -74.98922729492188
58 28.569887161254883 -75.30919647216797
59 28.318565368652344 -75.65185546875
60 25.670480728149414 -78.94488525390625
61 25.480464935302734 -79.26030731201172
62 25.36629295349121 -79.5273666381836
63 25.370304107666016 -80.14652252197266
64 25.357192993164062 -80.48809051513672
65 25.27820587158203 -81.12080383300781
66 25.17197608947754 -81.47063446044922
67 25.0477352142334 -81.88568115234375
68 24.91921043395996 -82.42633056640625
69 24.70507049560547 -83.06372833251953
70 24.5595645904541 -83.52544403076172
71 24.435274124145508 -83.8735580444336
72 24.27151870727539 -84.1629638671875
73 24.14280128479004 -84.29859924316406
74 14.00239086151123 -85.96977233886719
75 13.614599227905273 -85.9500503540039
76 13.33872127532959 -85.92433166503906
77 13.044479370117188 -85.82929992675781
78 12.669023513793945 -85.63558959960938
79 12.234468460083008 -85.42874145507812
80 11.617457389831543 -85.20425415039062
81 11.321606636047363 -85.18516540527344
82 10.60782527923584 -85.26902770996094
83 10.162471771240234 -85.27896118164062
84 9.788862228393555 -85.1963882446289
85 9.502089500427246 -85.10112762451172
86 9.099623680114746 -84.96456146240234
87 8.370711326599121 -84.80567932128906
88 7.635426998138428 -84.7861328125
89 7.352597236633301 -84.77730560302734
90 6.824988842010498 -84.6843032836914
91 6.411800861358643 -84.57814025878906
92 5.831179141998291 -84.38216400146484
93 5.416999340057373 -84.28592681884766
94 5.159615993499756 -84.22136688232422
95 4.660658836364746 -84.12078094482422
96 4.338522434234619 -84.04969787597656
97 3.733442783355713 -83.94945526123047
98 3.4045252799987793 -83.91909790039062
99 2.930455446243286 -83.72171020507812
100 2.549492835998535 -83.65308380126953
101 2.1423118114471436 -83.66449737548828
102 1.8668891191482544 -83.7857666015625
103 1.488551139831543 -84.23748779296875
104 1.339141607284546 -84.69519805908203
105 1.3171743154525757 -85.12255096435547
106 1.4207075834274292 -85.33927154541016
107 1.6515517234802246 -85.49008178710938
108 1.9041017293930054 -85.65465545654297
109 2.2839057445526123 -85.84849548339844
110 2.6093051433563232 -86.15493774414062
111 2.8387198448181152 -86.3055191040039
112 3.0363588333129883 -86.4290542602539
113 24.423683166503906 -61.277366638183594
114 24.336864471435547 -61.40266418457031
115 24.139860153198242 -61.60097122192383
116 23.954225540161133 -61.78345489501953
117 23.328397750854492 -62.56613540649414
118 23.269819259643555 -62.7248420715332
119 23.284265518188477 -63.315372467041016
120 23.290706634521484 -63.605133056640625
121 23.28035545349121 -64.13296508789062
122 23.24492835998535 -64.94508361816406
123 23.20370864868164 -65.19527435302734
124 22.926305770874023 -65.55496978759766
125 22.596332550048828 -65.9593505859375
126 22.37692642211914 -66.20330047607422
127 22.26395606994629 -66.3364028930664
128 22.15102767944336 -66.67591094970703
129 21.944849014282227 -67.12527465820312
130 20.048320770263672 -70.74710845947266
131 19.83915138244629 -70.9504165649414
132 19.572256088256836 -71.18363189697266
133 19.311016082763672 -71.33088684082031
134 18.941680908203125 -71.35287475585938
135 18.608131408691406 -71.245361328125
136 18.323917388916016 -70.96710205078125
137 17.919031143188477 -70.48043823242188
138 17.707599639892578 -70.15348815917969
139 17.461315155029297 -69.71342468261719
140 17.328250885009766 -69.49103546142578
141 4.974807262420654 -49.81897735595703
142 5.033079147338867 -49.81908416748047
143 5.157543659210205 -49.92289733886719
144 5.872389316558838 -50.6053352355957
145 6.07125997543335 -50.8656005859375
146 6.165837287902832 -51.07331085205078
147 6.299767971038818 -51.47758102416992
148 7.954044342041016 -62.74410629272461
149 7.789920806884766 -62.635135650634766
150 7.656378746032715 -62.43791580200195
151 7.416281700134277 -62.032283782958984
152 7.276101112365723 -61.749027252197266
153 7.198239326477051 -61.59486770629883
154 7.080206394195557 -61.12085723876953
155 6.7968621253967285 -59.879730224609375
156 6.602200508117676 -59.61563491821289
157 6.123300552368164 -59.62779998779297
158 5.858399868011475 -59.76741409301758
159 5.745644569396973 -59.86099624633789
160 5.658082962036133 -60.04612731933594
161 5.622443199157715 -60.214603424072266
162 17.815799713134766 -56.108062744140625
163 17.83802604675293 -56.33869171142578
164 17.85237693786621 -56.6672248840332
165 17.731857299804688 -56.91721725463867
166 17.43062400817871 -57.295467376708984
167 17.194765090942383 -57.39183044433594
168 16.929519653320312 -57.452476501464844
169 16.52417755126953 -57.58264923095703
170 15.636570930480957 -57.944419860839844
171 14.95776081085205 -58.43335723876953
172 14.53219223022461 -58.893001556396484
173 14.297776222229004 -59.23125457763672
174 14.104467391967773 -59.587669372558594
175 13.941259384155273 -59.958251953125
176 13.837512969970703 -60.32532501220703
177 13.76392650604248 -60.54962921142578
178 13.807443618774414 -60.79296112060547
179 14.153207778930664 -61.10072326660156
180 14.461545944213867 -61.6917724609375
181 14.533032417297363 -62.01054000854492
182 14.661677360534668 -62.54050827026367
183 14.849048614501953 -62.84393310546875
184 14.988677024841309 -63.07143020629883
185 14.961332321166992 -63.27834701538086
186 14.788775444030762 -63.73558044433594
187 14.586946487426758 -64.15042877197266
188 14.399345397949219 -64.27322387695312
189 13.953253746032715 -64.1592788696289
190 13.105283737182617 -63.62151336669922
191 12.866270065307617 -63.523956298828125
192 12.670332908630371 -63.417484283447266
193 12.368051528930664 -63.22623825073242
194 12.232321739196777 -63.107093811035156
195 12.061588287353516 -62.770137786865234
196 11.928825378417969 -62.39481735229492
197 11.79248332977295 -61.68586730957031
198 11.534324645996094 -61.436893463134766
199 11.062301635742188 -61.02326583862305
200 10.79102611541748 -60.99799346923828
201 10.500746726989746 -61.18296432495117
202 10.282435417175293 -61.59016799926758
203 10.200927734375 -61.916419982910156
204 10.174339294433594 -62.1834602355957
205 10.147859573364258 -62.85267639160156
206 10.161983489990234 -63.27950668334961
207 10.144231796264648 -63.782386779785156
208 10.037400245666504 -64.29338836669922
209 9.970010757446289 -64.50431060791016
210 9.890305519104004 -64.6507797241211
211 9.610922813415527 -65.06359100341797
212 9.435023307800293 -65.44523620605469
213 9.069326400756836 -66.02889251708984
214 8.939971923828125 -66.13545227050781
215 8.620670318603516 -66.39102172851562
216 8.172327041625977 -66.5866928100586
217 7.902272701263428 -66.42254638671875
218 7.528581142425537 -66.09719848632812
219 7.401587009429932 -65.93213653564453
220 7.22125768661499 -65.41575622558594
221 7.1696577072143555 -65.03509521484375
222 7.242973327636719 -64.64724731445312
223 7.3841705322265625 -64.21520233154297
224 8.580063819885254 -60.657630920410156
225 8.572953224182129 -60.30663299560547
226 8.545561790466309 -59.96673583984375
227 8.55163860321045 -59.704856872558594
228 8.645214080810547 -59.37347412109375
229 9.01128101348877 -59.059513092041016
230 9.22158432006836 -58.99327087402344
231 9.490134239196777 -58.945472717285156
232 9.92867660522461 -58.85013961791992
233 10.304350852966309 -58.76744079589844
234 10.623801231384277 -58.66801834106445
235 10.944587707519531 -58.54412841796875
236 11.107210159301758 -58.42054748535156
237 11.14376163482666 -57.94922637939453
238 11.053099632263184 -57.599388122558594
239 11.119868278503418 -57.51060104370117
240 11.491915702819824 -57.193931579589844
241 11.755217552185059 -57.045692443847656
242 12.088799476623535 -56.873191833496094
243 12.475111961364746 -56.69189453125
244 12.758718490600586 -56.548606872558594
245 13.211214065551758 -56.257938385009766
246 13.684927940368652 -55.94612503051758
247 13.926660537719727 -55.715824127197266
248 14.252281188964844 -55.2393684387207
249 14.402926445007324 -54.82463455200195
250 14.370306015014648 -54.40105438232422
251 14.355785369873047 -54.08074188232422
252 14.028373718261719 -53.93734359741211
253 13.587489128112793 -53.832454681396484
254 12.847325325012207 -53.761600494384766
255 12.284832954406738 -53.898414611816406
256 11.815225601196289 -54.08806228637695
257 11.239727973937988 -54.3154182434082
258 10.855916976928711 -54.412994384765625
259 10.408262252807617 -54.45232009887695
260 9.957444190979004 -54.518409729003906
261 9.67546558380127 -54.400611877441406
262 9.284242630004883 -54.16095733642578
263 8.835424423217773 -53.92399978637695
264 8.31646728515625 -53.83447265625
265 7.95026969909668 -53.8791618347168
266 7.651107311248779 -54.22528076171875
267 7.53485631942749 -54.528011322021484
268 7.499042987823486 -54.877288818359375
269 7.495245933532715 -55.325965881347656
270 7.489698886871338 -55.53204345703125
271 7.459571361541748 -55.75611877441406
272 7.478579998016357 -56.00234603881836
273 7.514337062835693 -56.64637756347656
274 7.524054527282715 -57.13105773925781
275 7.488565921783447 -57.5480842590332
276 7.413449764251709 -57.73201370239258
277 -0.3727421462535858 -68.4051742553711
278 -0.42998918890953064 -68.59799194335938
279 -0.7273723483085632 -69.18389892578125
280 -0.836186408996582 -69.51598358154297
281 -0.8739321827888489 -69.74795532226562
282 -0.8240519762039185 -70.08231353759766
283 -0.6054315567016602 -70.55079650878906
284 -0.3383621573448181 -70.80087280273438
285 -0.2096841037273407 -70.85795593261719
286 0.008862437680363655 -70.94646453857422
287 0.35695210099220276 -71.20492553710938
288 0.7225894927978516 -71.56232452392578
289 0.8885430693626404 -71.7762222290039
290 8.30115032196045 -80.7744140625
291 8.367037773132324 -80.86750793457031
292 8.412751197814941 -81.1708984375
293 8.334616661071777 -81.60992431640625
294 8.212798118591309 -81.9124755859375
295 7.986168384552002 -82.26793670654297
296 7.762457370758057 -82.58984375
297 7.629178524017334 -82.48465728759766
298 7.479655742645264 -82.41216278076172
299 6.82674503326416 -82.130859375
300 6.550865173339844 -82.01407623291016
301 6.245517253875732 -81.7139663696289
302 6.016831874847412 -81.50299072265625
303 5.779033660888672 -81.23037719726562
304 5.621618747711182 -80.92037200927734
305 5.456700325012207 -80.46322631835938
306 5.522489070892334 -80.3067855834961
307 5.651797294616699 -80.1047592163086
308 5.88367223739624 -79.8453369140625
309 6.150557994842529 -79.59623718261719
310 6.494365692138672 -79.39994812011719
311 6.790792465209961 -78.97186279296875
312 6.86893367767334 -78.63016510009766
313 3.7267167568206787 -61.43527603149414
314 3.591738700866699 -61.27399444580078
315 3.3116679191589355 -61.1034049987793
316 2.8600270748138428 -60.826141357421875
317 2.4408769607543945 -60.477272033691406
318 2.144329786300659 -60.12019348144531
319 2.0924999713897705 -59.80280303955078
320 2.2253153324127197 -59.53744888305664
321 2.718369483947754 -59.36370849609375
322 3.1526265144348145 -59.27326202392578
323 3.3766543865203857 -59.29055404663086
324 5.039008140563965 -64.93730926513672
325 5.078490734100342 -65.20336151123047
326 5.137396812438965 -65.71259307861328
327 5.178210735321045 -66.0353012084961
328 5.224256992340088 -66.39846801757812
329 5.265614986419678 -66.85369873046875
330 5.3071441650390625 -67.11839294433594
331 5.430332660675049 -67.37042236328125
332 5.792152404785156 -67.87176513671875
333 6.224562644958496 -68.10204315185547
334 6.604543209075928 -68.2939224243164
335 6.946218967437744 -68.44226837158203
336 7.1850786209106445 -68.61498260498047
337 7.475522041320801 -69.03548431396484
338 7.636672019958496 -69.40531158447266
339 7.804802417755127 -69.66999053955078
340 8.05001449584961 -69.88479614257812
341 8.379925727844238 -70.16195678710938
342 8.765530586242676 -70.50978088378906
343 9.04668140411377 -70.77276611328125
344 9.216720581054688 -70.97259521484375
345 11.410880088806152 -76.6448974609375
346 11.466324806213379 -76.85983276367188
347 11.4556303024292 -77.36235046386719
348 11.283648490905762 -77.75753021240234
349 11.092297554016113 -78.0545883178711
350 10.798575401306152 -78.46855926513672
351 10.37861156463623 -79.23524475097656
352 10.370315551757812 -79.52731323242188
353 10.539828300476074 -79.6978530883789
354 10.908100128173828 -79.5912857055664
355 11.214873313903809 -79.47261047363281
356 11.611930847167969 -79.26119232177734
357 12.130319595336914 -79.00992584228516
358 12.34151840209961 -78.96915435791016
359 12.722655296325684 -78.92473602294922
360 12.959146499633789 -78.95214080810547
361 13.231163024902344 -79.02717590332031
362 13.593727111816406 -79.13382720947266
363 13.947711944580078 -79.18448638916016
364 14.212165832519531 -79.25511932373047
365 14.662297248840332 -79.3718032836914
366 15.376431465148926 -79.34798431396484
367 15.655622482299805 -79.22467803955078
368 15.772910118103027 -79.05839538574219
369 15.947157859802246 -78.6143798828125
370 16.328487396240234 -77.49320220947266
371 16.364601135253906 -77.30459594726562
372 16.494321823120117 -77.06217193603516
373 16.722293853759766 -76.86548614501953
374 17.105308532714844 -76.75530242919922
375 17.597158432006836 -76.82096099853516
376 17.808887481689453 -76.99708557128906
377 18.06000328063965 -77.28318786621094
378 18.36154556274414 -77.77286529541016
379 18.644329071044922 -78.12958526611328
380 18.69942855834961 -78.46610260009766
381 18.56583023071289 -79.02142333984375
382 18.494285583496094 -79.61799621582031
383 18.502466201782227 -79.87891387939453
384 18.4630069732666 -79.9952163696289
385 17.199525833129883 -85.11351013183594
386 17.201955795288086 -85.28887176513672
387 17.20732879638672 -85.65674591064453
388 17.18904685974121 -86.04725646972656
389 17.14772605895996 -86.45453643798828
390 17.08812141418457 -86.77709197998047
391 16.940502166748047 -87.25614929199219
392 16.733665466308594 -87.4930191040039
393 16.497358322143555 -87.60418701171875
394 16.03382682800293 -87.62409973144531
395 10.277226448059082 -83.3857421875
396 10.203453063964844 -83.27347564697266
397 10.092903137207031 -82.89009857177734
398 9.957772254943848 -82.56896209716797
399 9.908540725708008 -82.34282684326172
400 10.198071479797363 -69.30986022949219
401 10.14494514465332 -69.04080200195312
402 10.137166976928711 -68.58747863769531
403 10.225044250488281 -68.00062561035156
404 10.438902854919434 -67.45954132080078
405 10.693243980407715 -67.10137176513672
406 11.119945526123047 -66.65824890136719
407 11.307001113891602 -66.4897689819336
408 11.527830123901367 -66.34508514404297
409 12.203679084777832 -66.0152816772461
410 12.629676818847656 -65.98735046386719
411 13.067933082580566 -66.0040512084961
412 13.275708198547363 -66.11959838867188
413 13.308549880981445 -66.39190673828125
414 13.358491897583008 -66.90717315673828
415 13.359637260437012 -67.2254638671875
416 13.232613563537598 -67.4637451171875
417 13.06993579864502 -67.83880615234375
418 12.84531021118164 -68.12242889404297
419 12.56486701965332 -68.5208740234375
420 12.47654914855957 -68.70988464355469
421 13.258552551269531 -75.85501861572266
422 13.329033851623535 -76.08441925048828
423 13.517671585083008 -76.25953674316406
424 13.653069496154785 -76.53618621826172
425 13.692620277404785 -76.80593872070312
426 13.691500663757324 -77.24504852294922
427 12.645949363708496 -80.6146240234375
428 12.422176361083984 -80.92044830322266
429 12.262431144714355 -81.1747817993164
430 12.150696754455566 -81.38252258300781
431 12.072118759155273 -81.60950469970703
432 12.2504243850708 -82.47315979003906
433 12.32905101776123 -82.66758728027344
434 12.528411865234375 -82.75531768798828
435 12.930318832397461 -82.8091049194336
436 13.736163139343262 -82.76748657226562
437 14.03967571258545 -82.73392486572266
438 14.283426284790039 -82.77136993408203
439 14.492502212524414 -82.85861206054688
440 14.893083572387695 -83.10079193115234
441 15.211610794067383 -83.27924346923828
442 15.516434669494629 -83.31258392333984
443 15.965085983276367 -83.01454162597656
444 16.32935905456543 -82.66649627685547
445 16.667034149169922 -82.37665557861328
446 17.07260513305664 -81.99723052978516
447 17.267484664916992 -81.75405883789062
448 17.271900177001953 -81.6047134399414
449 11.258451461791992 -72.10636138916016
450 11.257834434509277 -71.93785858154297
451 11.29247760772705 -71.8300552368164
452 11.466094970703125 -71.37450408935547
453 11.630155563354492 -71.00672912597656
454 11.790157318115234 -70.78767395019531
455 12.134087562561035 -70.66303253173828
456 12.6382474899292 -70.56004333496094
457 13.023028373718262 -70.47029876708984
458 13.25465202331543 -70.38648986816406
459 19.1449031829834 -68.00481414794922
460 19.503503799438477 -68.02741241455078
461 19.82005500793457 -68.09847259521484
462 20.203752517700195 -68.29800415039062
463 20.49928092956543 -68.47362518310547
464 20.962003707885742 -68.78595733642578
465 21.623659133911133 -69.34751892089844
466 21.91095542907715 -69.66789245605469
467 22.114892959594727 -70.05635070800781
468 22.19432830810547 -70.3227310180664
469 22.302522659301758 -70.78746032714844
470 22.340116500854492 -70.93094635009766
471 -2.658189535140991 -74.3529052734375
472 -2.655118703842163 -74.62564849853516
473 -2.674884796142578 -75.11137390136719
474 -2.5934646129608154 -75.26507568359375
475 -2.334399938583374 -75.39807891845703
476 -1.9970139265060425 -75.6650619506836
477 -1.8258143663406372 -76.0981674194336
478 -1.703705906867981 -76.71826934814453
479 -1.5545519590377808 -76.99462890625
480 -1.327081561088562 -77.12242126464844
481 -0.8041890859603882 -77.04551696777344
482 -0.5689329504966736 -76.94036102294922
483 -0.2914199233055115 -76.4951171875
484 -0.1455971747636795 -76.14894104003906
485 -0.12152466922998428 -75.92832946777344
486 -0.09012255817651749 -75.6709213256836
487 -0.07507503777742386 -75.31348419189453
488 -0.335173100233078 -73.96302032470703
489 -0.43817973136901855 -73.50553131103516
490 -0.7355867028236389 -73.21935272216797
491 -0.9489600658416748 -73.2635269165039
492 -1.3294175863265991 -73.4317398071289
493 -1.5096335411071777 -73.67740631103516
494 -3.5952951908111572 -77.10926055908203
495 -3.7012155055999756 -77.28907775878906
496 -3.8361358642578125 -77.51390838623047
497 -3.995795249938965 -77.70726013183594
498 -4.511776924133301 -78.14940643310547
499 -4.764608860015869 -78.23751068115234
500 -5.143001556396484 -78.12806701660156
501 -5.508084297180176 -78.0325698852539
502 -5.622347831726074 -77.83928680419922
503 -5.596705913543701 -77.4997329711914
504 -5.5698113441467285 -76.91756439208984
505 -5.50473690032959 -76.35334014892578
506 -5.389075756072998 -76.04977416992188
507 -5.27772855758667 -75.68970489501953
508 -5.1766180992126465 -74.79076385498047
509 -5.222761154174805 -74.30870056152344
510 -5.292855262756348 -74.11140441894531
511 -5.386902332305908 -73.72028350830078
512 -5.507876396179199 -73.24201965332031
513 -5.542117118835449 -72.96807861328125
514 -5.461610317230225 -72.75108337402344
515 -5.3613600730896 -72.59066009521484
516 -4.813802719116211 -72.32765197753906
517 -4.599569797515869 -72.23665618896484
518 -3.813234806060791 -72.01130676269531
519 -3.5443115234375 -71.88196563720703
520 -3.2634103298187256 -71.90581512451172
521 -3.0264501571655273 -71.95378112792969
522 -2.7136003971099854 -72.07406616210938
523 0.7717236280441284 -73.7391128540039
524 1.0484346151351929 -73.98538970947266
525 1.417358160018921 -74.25521850585938
526 1.6324044466018677 -74.29119110107422
527 1.8030483722686768 -74.23728942871094
528 2.118539810180664 -73.7937240600586
529 2.312720537185669 -73.29954528808594
530 2.417815923690796 -72.95154571533203
531 2.6477584838867188 -72.57878875732422
532 2.80001163482666 -72.34637451171875
533 3.8516149520874023 -69.57322692871094
534 3.869769811630249 -69.41097259521484
535 3.828362464904785 -69.09223175048828
536 3.714672327041626 -68.84175109863281
537 3.4834673404693604 -68.55535125732422
538 3.2604849338531494 -68.31952667236328
539 -1.9876198768615723 -57.60176467895508
540 -1.9994008541107178 -57.452762603759766
541 -1.9967288970947266 -57.27304458618164
542 -1.9974409341812134 -56.856937408447266
543 -2.122169017791748 -56.08641052246094
544 -2.265861988067627 -55.60608673095703
545 -2.44606351852417 -55.07700729370117
546 -2.4938318729400635 -54.87407684326172
547 -2.562445640563965 -54.63166427612305
548 4.479709625244141 -75.6313705444336
549 4.351115703582764 -75.71408081054688
550 4.055464744567871 -75.79859161376953
551 3.7348268032073975 -75.74944305419922
552 3.416609287261963 -75.56441497802734
553 3.083327293395996 -75.4885025024414
554 2.732588291168213 -75.6266860961914
555 2.4159092903137207 -75.95307159423828
556 1.9921700954437256 -76.46843719482422
557 1.9411836862564087 -76.43426513671875
558 1.8842830657958984 -76.28449249267578
559 -4.748082637786865 -68.43629455566406
560 -4.679597854614258 -68.17333984375
561 -4.528461456298828 -67.93367004394531
562 -4.242353916168213 -67.6577377319336
563 -3.935831308364868 -67.3408203125
564 -3.608992099761963 -67.10040283203125
565 -3.3110084533691406 -66.9722900390625
566 -2.8500821590423584 -66.8772201538086
567 -2.5949814319610596 -66.82009887695312
568 -2.1469061374664307 -66.6941146850586
569 -1.7100059986114502 -66.48060607910156
570 -1.5335882902145386 -66.20643615722656
571 -1.5708516836166382 -65.76348876953125
572 -1.839950442314148 -65.22875213623047
573 -2.189347267150879 -64.73445129394531
574 -2.6294336318969727 -64.17362976074219
575 -2.828929901123047 -63.92579650878906
576 -2.8615291118621826 -63.64860534667969
577 -2.8407857418060303 -63.36557388305664
578 -2.768681526184082 -62.942195892333984
579 -2.5869481563568115 -62.45055389404297
580 -2.31868314743042 -62.038089752197266
581 -2.0691380500793457 -61.630496978759766
582 -1.5673644542694092 -60.9428596496582
583 -1.3943696022033691 -60.68545913696289
584 -1.1367570161819458 -60.359214782714844
585 -1.0018994808197021 -60.24518966674805
586 -6.0536274909973145 -86.32875061035156
587 -5.900836944580078 -86.53164672851562
588 -5.6843485832214355 -86.76349639892578
589 -5.465540409088135 -86.96078491210938
590 -5.176053524017334 -87.2186050415039
591 -4.801083564758301 -87.64421844482422
592 -4.553802013397217 -88.04190063476562
593 -4.412456512451172 -88.31001281738281
594 -4.2222580909729 -88.59384155273438
595 -3.9635989665985107 -88.87030792236328
596 -3.5831501483917236 -89.16475677490234
597 -2.8400774002075195 -89.5235824584961
598 -2.3393640518188477 -89.69527435302734
599 -1.8128548860549927 -89.818603515625
600 -1.4782466888427734 -89.83810424804688
601 -1.1151516437530518 -89.79962158203125
602 -0.5823367238044739 -89.6462631225586
603 -0.2846112549304962 -89.56796264648438
604 0.13165511190891266 -89.50772857666016
605 0.4651268720626831 -89.4206771850586
606 0.788740873336792 -89.32306671142578
607 1.0701096057891846 -89.21768188476562
608 8.71469783782959 -79.18865966796875
609 8.820338249206543 -78.95439910888672
610 8.8876314163208 -78.60680389404297
611 8.904294967651367 -78.25397491455078
612 8.827832221984863 -78.01709747314453
613 8.553546905517578 -77.6373062133789
614 8.435266494750977 -77.5619888305664
615 -1.370432734489441 -84.96691131591797
616 -1.5656688213348389 -84.83036804199219
617 -1.774505615234375 -84.63664245605469
618 -1.9663156270980835 -84.33334350585938
619 -2.140727996826172 -83.64922332763672
620 -2.1437108516693115 -83.19136810302734
621 -2.1213107109069824 -82.83600616455078
622 -2.187812089920044 -82.63652038574219
623 -2.317108154296875 -82.44837188720703
624 -3.4687013626098633 -82.21485900878906
625 -3.7714993953704834 -82.19379425048828
626 -4.140346527099609 -82.22636413574219
627 -4.361745834350586 -82.18292236328125
628 -4.790796756744385 -82.05220794677734
629 -5.120420932769775 -81.8652572631836
630 -5.826161861419678 -81.6018295288086
631 -6.253920555114746 -81.54364776611328
632 -6.684710502624512 -81.41775512695312
633 -6.998010158538818 -81.33326721191406
634 -7.374743461608887 -81.19083404541016
635 -7.8317389488220215 -80.97331237792969
636 -8.152873039245605 -80.72486877441406
637 -8.409972190856934 -80.43647766113281
638 -8.77750015258789 -79.97773742675781
639 -8.994874954223633 -79.6366958618164
640 -9.466318130493164 -78.74047088623047
641 -9.632481575012207 -78.41304779052734
642 -9.832879066467285 -78.04004669189453
643 -9.959834098815918 -77.69306182861328
644 -10.198409080505371 -76.9917221069336
645 -10.272676467895508 -76.70497131347656
646 -10.330280303955078 -76.25755310058594
647 -10.337112426757812 -75.83969116210938
648 -10.279403686523438 -75.42096710205078
649 -10.165121078491211 -75.13142395019531
650 -9.960156440734863 -74.7199935913086
651 -9.871514320373535 -74.41531372070312
652 -9.783592224121094 -73.79208374023438
653 -9.792033195495605 -73.21661376953125
654 -9.800803184509277 -72.54603576660156
655 -9.771646499633789 -71.76686096191406
656 -9.717494010925293 -71.48318481445312
657 -9.622293472290039 -71.14009094238281
658 -9.484536170959473 -70.74736785888672
659 -9.270459175109863 -70.1399154663086
660 -9.172691345214844 -69.84721374511719
661 -9.030667304992676 -69.52546691894531
662 -8.8785400390625 -69.32278442382812
663 -8.71923542022705 -69.1298828125
664 -8.409490585327148 -68.555908203125
665 -8.023805618286133 -67.81262969970703
666 -7.824206829071045 -67.50328063964844
667 -7.668556213378906 -67.29070281982422
668 -7.34580135345459 -66.8065185546875
669 -7.167381286621094 -66.48281860351562
670 -6.933473110198975 -66.0584716796875
671 -6.717495918273926 -65.53340148925781
672 -6.644525051116943 -65.32791137695312
673 -6.526321887969971 -65.14694213867188
674 -5.889354228973389 -64.25733947753906
675 -5.678480625152588 -63.95368194580078
676 -5.496924877166748 -63.74664306640625
677 -5.264503479003906 -63.64139938354492
678 -5.020202159881592 -63.61226272583008
679 3.020198345184326 -66.18083190917969
680 3.0973565578460693 -66.25149536132812
681 3.216794013977051 -66.22037506103516
682 8.969771385192871 -72.17667388916016
683 8.981992721557617 -72.3779525756836
684 8.945290565490723 -72.66744232177734
685 8.795232772827148 -73.09033966064453
686 8.713315963745117 -73.47025299072266
687 8.415718078613281 -73.83116912841797
688 8.23003101348877 -73.78227233886719
689 7.339553356170654 -73.19295501708984
690 7.009099960327148 -73.08893585205078
691 6.733989238739014 -73.08629608154297
692 6.402807235717773 -73.17700958251953
693 6.230645179748535 -73.3263931274414
694 6.147957801818848 -73.41236114501953
695 5.703943252563477 -73.81085205078125
696 5.372735023498535 -74.0579605102539
697 5.037748336791992 -74.22933959960938
698 4.777760982513428 -74.22874450683594
699 4.548613548278809 -74.0628433227539
700 4.138916969299316 -73.5326156616211
701 4.117421627044678 -73.2419662475586
702 4.2874979972839355 -72.758056640625
703 4.399329662322998 -72.6428451538086
704 16.570663452148438 -61.087501525878906
705 16.707942962646484 -60.816688537597656
706 16.876712799072266 -60.46357345581055
707 17.039920806884766 -60.29184341430664
708 17.787734985351562 -60.00736999511719
709 18.767471313476562 -59.634620666503906
710 19.129648208618164 -59.55470657348633
711 19.469684600830078 -59.47846984863281
712 19.71000862121582 -59.58790588378906
713 19.923095703125 -59.766510009765625
714 20.076305389404297 -60.15589141845703
715 20.1236629486084 -61.11616897583008
716 20.081663131713867 -61.637474060058594
717 19.995731353759766 -62.01639938354492
718 19.848793029785156 -62.418548583984375
719 19.677230834960938 -62.61260986328125
720 19.29642677307129 -62.81534194946289
721 18.914836883544922 -62.93398666381836
722 18.338804244995117 -62.98426055908203
723 18.160076141357422 -63.045982360839844
724 17.932119369506836 -63.09212875366211
725 17.533517837524414 -63.09800338745117
726 2.3510258197784424 -56.843448638916016
727 2.274604558944702 -56.74858856201172
728 2.174795389175415 -56.60118103027344
729 1.9683057069778442 -56.34749984741211
730 1.7980070114135742 -56.01838684082031
731 1.615282654762268 -55.63395309448242
732 1.6853103637695312 -55.2420654296875
733 1.8679924011230469 -54.9378776550293
734 2.112328052520752 -54.59354782104492
735 2.539696216583252 -54.30253219604492
736 2.9147472381591797 -54.16476058959961
737 3.319854259490967 -54.13816452026367
738 3.4731202125549316 -54.2014045715332
739 3.7690839767456055 -54.43888473510742
740 4.085116863250732 -54.860599517822266
741 4.33131217956543 -55.24355697631836
742 4.5055389404296875 -55.550106048583984
743 4.758156776428223 -56.02560806274414
744 4.953556060791016 -56.42898941040039
745 5.065725803375244 -56.93117904663086
746 5.148472309112549 -57.40626525878906
747 5.182381629943848 -57.70801544189453
748 5.580601215362549 -62.36659240722656
749 5.552463054656982 -62.55725860595703
750 5.36098051071167 -62.862396240234375
751 5.022505283355713 -63.24205017089844
752 4.570169448852539 -63.53271484375
753 4.079433917999268 -63.68415069580078
754 3.5768635272979736 -63.725738525390625
755 3.2898988723754883 -63.6741943359375
756 2.9697506427764893 -63.62916564941406
757 2.6787312030792236 -63.53504943847656
758 1.8984264135360718 -62.96645736694336
759 1.5769093036651611 -62.83745193481445
760 1.2972784042358398 -62.89122009277344
761 1.1405304670333862 -63.00858688354492
762 0.9985449910163879 -63.20557403564453
763 0.9040374755859375 -63.82267761230469
764 0.8197096586227417 -64.36084747314453
765 0.7776435613632202 -64.57453155517578
766 0.7492135167121887 -64.8484878540039
767 0.772598385810852 -65.35662078857422
768 0.8220676183700562 -65.77534484863281
769 0.8995946049690247 -66.17549896240234
770 1.0414881706237793 -66.4815673828125
771 1.3216906785964966 -66.91815185546875
772 1.46031653881073 -67.26142883300781
773 1.5078184604644775 -67.54837036132812
774 1.5151054859161377 -67.69853210449219
775 1.169984221458435 -78.26344299316406
776 1.064459204673767 -78.62945556640625
777 0.956801176071167 -78.9978256225586
778 0.9056872129440308 -79.30669403076172
779 0.8015488982200623 -79.94245147705078
780 0.7343897223472595 -80.25917053222656
781 0.6270098686218262 -80.7889633178711
782 0.32698291540145874 -81.50901794433594
783 0.21626867353916168 -81.63722229003906
784 -0.0757681205868721 -81.58268737792969
785 -0.3559362590312958 -81.42781066894531
786 -0.72407066822052 -80.96089172363281
787 -0.920476496219635 -80.7528305053711
788 -1.2587066888809204 -80.2713623046875
789 -1.4422885179519653 -80.02652740478516
790 -1.632392168045044 -79.70475006103516
791 -1.6945202350616455 -79.47877502441406
792 -1.770856499671936 -79.11494445800781
793 -1.7989294528961182 -79.00016784667969
794 3.9164533615112305 -90.6748046875
795 4.065710544586182 -90.72554779052734
796 4.345821857452393 -90.76209259033203
797 4.8973493576049805 -90.78610229492188
798 5.3050150871276855 -90.78724670410156
799 5.555166244506836 -90.958740234375
800 5.783701419830322 -91.3608627319336
801 5.96535062789917 -91.67102813720703
802 6.187241554260254 -92.03018951416016
803 6.403972625732422 -92.32723999023438
804 7.015815734863281 -93.00534057617188
805 7.324443817138672 -93.23773956298828
806 7.732999324798584 -93.43058776855469
807 8.044724464416504 -93.48076629638672
808 8.4878568649292 -93.4200210571289
809 8.98796272277832 -93.19707489013672
810 9.500335693359375 -92.92990112304688
811 10.031972885131836 -92.71701049804688
812 10.366133689880371 -92.59492492675781
813 10.742157936096191 -92.43159484863281
814 11.034161567687988 -92.23649597167969
815 11.264092445373535 -92.00230407714844
816 11.491637229919434 -91.79206085205078
817 11.780797004699707 -91.56275939941406
818 12.276594161987305 -91.21099853515625
819 12.924015045166016 -90.8287353515625
820 13.193775177001953 -90.59944915771484
821 13.576672554016113 -90.16107177734375
822 13.841455459594727 -89.83819580078125
823 14.000404357910156 -89.43739318847656
824 13.980365753173828 -89.24432373046875
825 13.82794189453125 -89.04121398925781
826 13.49454116821289 -88.94200134277344
827 12.802255630493164 -88.549560546875
828 12.424844741821289 -88.31088256835938
829 12.250991821289062 -88.14522552490234
830 11.870565414428711 -87.855712890625
831 11.514410018920898 -87.63911437988281
832 11.364532470703125 -87.50420379638672
833 14.7534818649292 -69.62442779541016
834 14.829626083374023 -69.44402313232422
835 15.123246192932129 -68.91636657714844
836 15.366022109985352 -68.63021087646484
837 15.591678619384766 -68.48263549804688
838 15.84233283996582 -68.21651458740234
839 16.175003051757812 -67.80718231201172
840 16.284156799316406 -67.63048553466797
841 16.318344116210938 -67.5689468383789
842 3.470444917678833 -81.8109130859375
843 3.269416570663452 -81.82925415039062
844 3.0576281547546387 -81.79248046875
845 2.7503774166107178 -81.41146850585938
846 2.7235281467437744 -81.12841033935547
847 2.811948776245117 -80.74610900878906
848 2.857201337814331 -80.61590576171875
849 2.961259365081787 -80.3608169555664
850 3.145533800125122 -79.39413452148438
851 3.176622152328491 -79.17369842529297
852 3.262470006942749 -78.91316986083984
853 3.3685805797576904 -78.63145446777344
854 3.4544150829315186 -78.40828704833984
855 3.983705520629883 -77.93702697753906
856 4.134693622589111 -77.84713745117188
857 4.48020076751709 -77.62906646728516
858 4.860053062438965 -77.44084930419922
859 5.240434646606445 -77.26034545898438
860 5.675909996032715 -76.99274444580078
861 6.092670917510986 -76.8076400756836
862 6.632854461669922 -76.63876342773438
863 6.8912458419799805 -76.48552703857422
864 7.089405536651611 -76.33355712890625
865 7.195837497711182 -76.25799560546875
866 20.42749786376953 -86.5158920288086
867 20.511924743652344 -86.3004379272461
868 20.530948638916016 -86.11223602294922
869 20.54058074951172 -85.64503479003906
870 20.555126190185547 -85.2033920288086
871 20.554094314575195 -84.38094329833984
872 20.55027198791504 -83.7038803100586
873 20.59939193725586 -83.2586441040039
874 20.65266227722168 -82.9815444946289
875 20.664735794067383 -82.84149169921875
876 20.806371688842773 -82.46297454833984
877 20.917539596557617 -82.13497924804688
878 20.962112426757812 -81.8913803100586
879 21.08483123779297 -81.36703491210938
880 21.160327911376953 -80.79976654052734
881 21.190675735473633 -80.47716522216797
882 21.311323165893555 -79.982177734375
883 21.6887264251709 -79.63478088378906
884 22.027341842651367 -79.55785369873047
885 22.288074493408203 -79.54901123046875
886 22.668115615844727 -79.58179473876953
887 22.997482299804688 -79.70948791503906
888 27.54053497314453 -82.45612335205078
889 27.667476654052734 -82.52328491210938
890 28.08185386657715 -82.47010040283203
891 28.71990203857422 -82.41786193847656
892 28.922731399536133 -82.35579681396484
893 29.035831451416016 -82.2448959350586
894 29.23801040649414 -82.03172302246094
895 29.39510726928711 -81.87171936035156
896 29.789411544799805 -81.19723510742188
897 30.080904006958008 -80.67768096923828
898 30.253829956054688 -80.33151245117188
899 30.360382080078125 -80.00395965576172
900 30.299402236938477 -79.78865051269531
901 30.084035873413086 -79.52657318115234
902 29.70397186279297 -79.14176940917969
903 29.353940963745117 -78.83454895019531
904 29.207565307617188 -78.72685241699219
905 28.865493774414062 -78.52240753173828
906 28.394134521484375 -78.25129699707031
907 27.335693359375 -77.61466217041016
908 27.033292770385742 -77.41567993164062
909 26.804250717163086 -77.2365493774414
910 26.516101837158203 -77.06515502929688
911 26.10692024230957 -76.96283721923828
912 25.285306930541992 -76.70711517333984
913 25.09883689880371 -76.65455627441406
914 24.798181533813477 -76.57164764404297
915 24.208707809448242 -76.48143005371094
916 23.632923126220703 -76.3597183227539
917 23.281877517700195 -76.30477905273438
918 23.015365600585938 -76.31812286376953
919 9.416573524475098 -86.8243408203125
920 9.222261428833008 -86.90855407714844
921 8.978768348693848 -86.94175720214844
922 8.391919136047363 -86.91871643066406
923 7.791983604431152 -87.03980255126953
924 7.311592102050781 -87.27963256835938
925 7.134637832641602 -87.53498840332031
926 7.055060386657715 -87.75686645507812
927 7.065250873565674 -88.25714874267578
928 7.281455993652344 -88.77714538574219
929 7.595898628234863 -89.15888214111328
930 8.024054527282715 -89.56925964355469
931 8.243524551391602 -89.77926635742188
932 8.339874267578125 -89.79743957519531
933 16.050506591796875 -71.66240692138672
934 15.866097450256348 -71.71311950683594
935 15.584881782531738 -71.78912353515625
936 15.265311241149902 -71.96570587158203
937 14.780436515808105 -72.26795959472656
938 14.717855453491211 -72.41989135742188
939 14.6908540725708 -72.80535888671875
940 14.766477584838867 -73.34312438964844
941 14.846053123474121 -73.78640747070312
942 14.777642250061035 -73.98521423339844
943 14.412823677062988 -74.2356948852539
944 14.066039085388184 -74.25409698486328
945 13.59225845336914 -74.13011169433594
946 13.2539644241333 -74.0422592163086
947 13.082611083984375 -74.00482940673828
948 12.853221893310547 -74.10531616210938
949 12.538703918457031 -74.20736694335938
950 11.974273681640625 -74.24636840820312
951 11.423954963684082 -74.32292938232422
952 10.780179977416992 -74.62267303466797
953 10.56381607055664 -74.74163055419922
954 10.333049774169922 -74.96186828613281
955 10.031207084655762 -75.259521484375
956 9.843793869018555 -75.49881744384766
957 9.675780296325684 -75.6502685546875
958 9.513199806213379 -75.74430084228516
959 9.344910621643066 -75.76654815673828
960 16.170673370361328 -65.74079895019531
961 16.390369415283203 -65.60469055175781
962 16.76154899597168 -65.46334838867188
963 17.072439193725586 -65.3858871459961
964 17.438217163085938 -65.38114166259766
965 17.70981216430664 -65.40384674072266
966 17.97202491760254 -65.41253662109375
967 18.478008270263672 -65.46623992919922
968 18.821544647216797 -65.48942565917969
969 19.024904251098633 -65.49736022949219
970 19.268190383911133 -65.5050048828125
971 19.48078155517578 -65.56150817871094
972 24.0374698638916 -68.27356719970703
973 24.184486389160156 -68.42842864990234
974 24.422876358032227 -68.65684509277344
975 25.072458267211914 -69.19325256347656
976 25.524127960205078 -69.46297454833984
977 25.787477493286133 -69.59078979492188
978 26.105594635009766 -69.65428924560547
979 26.63783073425293 -69.53146362304688
980 27.137306213378906 -69.43301391601562
981 27.60296058654785 -69.2383041381836
982 28.016077041625977 -69.02203369140625
983 28.164289474487305 -68.86953735351562
984 28.36484718322754 -68.43522644042969
985 28.418596267700195 -68.14665222167969
986 28.396324157714844 -67.87074279785156
987 28.188325881958008 -67.53285217285156
988 27.877052307128906 -67.19731140136719
989 27.58155059814453 -66.98998260498047
990 26.74010467529297 -66.49544525146484
991 26.63958168029785 -66.31300354003906
992 26.64452362060547 -66.04009246826172
993 26.605772018432617 -65.76561737060547
994 26.60987091064453 -65.51657104492188
995 26.890913009643555 -64.9367446899414
996 27.071857452392578 -64.5782470703125
997 27.325275421142578 -64.03195190429688
998 27.356374740600586 -63.83689880371094
999 27.394145965576172 -63.73604202270508
