0 12.665534019470215 -52.61053466796875
1 12.70323371887207 -52.5118408203125
2 12.675127983093262 -52.27912521362305
3 12.506516456604004 -51.48464584350586
4 12.43469524383545 -51.319190979003906
5 11.966132164001465 -50.72478485107422
6 11.817659378051758 -50.571807861328125
7 11.676033973693848 -50.467369079589844
8 11.514883995056152 -50.43855285644531
9 1.6771944761276245 -39.238590240478516
10 1.672006607055664 -39.25566482543945
11 1.7653872966766357 -39.345943450927734
12 1.9102493524551392 -39.44367218017578
13 2.123441696166992 -39.56648635864258
14 5.310845851898193 -40.7299919128418
15 5.4184346199035645 -40.665611267089844
16 5.484715938568115 -40.52019500732422
17 5.494057655334473 -40.32688903808594
18 5.453962326049805 -40.084678649902344
19 5.306157112121582 -39.76398468017578
20 5.201820373535156 -39.6043815612793
21 5.1981401443481445 -39.4464111328125
22 5.180713653564453 -39.33711242675781
23 4.886362552642822 -39.14205551147461
24 4.8028974533081055 -39.07752990722656
25 4.706020355224609 -38.96858215332031
26 2.5222809314727783 -33.260250091552734
27 2.3260011672973633 -32.99369430541992
28 2.1684389114379883 -32.82123565673828
29 1.8288991451263428 -32.57133483886719
30 1.3492116928100586 -32.09218978881836
31 1.0946073532104492 -31.89455223083496
32 0.8728344440460205 -31.833829879760742
33 0.5966655611991882 -31.94906997680664
34 0.244402214884758 -32.05301284790039
35 0.077877938747406 -32.14878845214844
36 -0.020409993827342987 -32.25260543823242
37 16.649744033813477 -49.05788803100586
38 16.821969985961914 -49.03114318847656
39 17.11391258239746 -48.91651153564453
40 17.31196403503418 -48.94368362426758
41 17.525981903076172 -49.08340835571289
42 17.66460609436035 -49.32789993286133
43 17.77964210510254 -49.54460525512695
44 17.936290740966797 -49.81996536254883
45 18.05059051513672 -49.95747756958008
46 18.260234832763672 -50.04838562011719
47 18.64534568786621 -50.117244720458984
48 18.92859649658203 -50.10424041748047
49 19.23224449157715 -50.11063003540039
50 19.509525299072266 -50.160396575927734
51 19.818010330200195 -50.30338668823242
52 20.261600494384766 -50.62752151489258
53 20.554540634155273 -51.12886428833008
54 20.68320083618164 -51.398033142089844
55 20.68224334716797 -51.87755584716797
56 20.602108001708984 -52.05410385131836
57 20.433330535888672 -52.150455474853516
58 20.092761993408203 -52.2552490234375
59 19.66684341430664 -52.371612548828125
60 16.570480346679688 -53.08988571166992
61 16.235261917114258 -53.13750076293945
62 15.99204158782959 -53.07767868041992
63 15.733064651489258 -52.96272659301758
64 15.599859237670898 -52.788936614990234
65 15.422223091125488 -52.44170379638672
66 15.297977447509766 -52.17755126953125
67 15.153658866882324 -51.920108795166016
68 14.998724937438965 -51.65828323364258
69 14.695416450500488 -51.27609634399414
70 14.462984085083008 -51.14533233642578
71 14.282074928283691 -51.15336608886719
72 14.085240364074707 -51.24069595336914
73 13.954707145690918 -51.31386947631836
74 4.653365135192871 -54.24531173706055
75 4.4457316398620605 -54.15842056274414
76 4.317724704742432 -54.12358093261719
77 4.248702526092529 -53.974735260009766
78 4.2510666847229 -53.666282653808594
79 4.23698091506958 -53.32155990600586
80 4.044785976409912 -52.9139404296875
81 3.86116099357605 -52.83243179321289
82 3.3131980895996094 -52.921661376953125
83 2.8583567142486572 -53.18977355957031
84 2.6931097507476807 -53.30061721801758
85 2.7362961769104004 -53.15848922729492
86 2.9764368534088135 -52.72391128540039
87 3.5400946140289307 -51.90583419799805
88 3.7560081481933594 -51.371578216552734
89 3.8419430255889893 -51.17472839355469
90 4.064914703369141 -50.84980392456055
91 4.259520053863525 -50.58222579956055
92 4.484836101531982 -50.21244430541992
93 4.625953197479248 -50.007896423339844
94 4.739587306976318 -49.93339920043945
95 4.992789268493652 -49.859683990478516
96 5.18634033203125 -49.79450607299805
97 8.502857208251953 -48.37608337402344
98 8.690540313720703 -48.334632873535156
99 8.885438919067383 -48.20744705200195
100 9.064969062805176 -48.18365478515625
101 9.274320602416992 -48.14170455932617
102 9.4913969039917 -48.0932502746582
103 9.919876098632812 -47.9636116027832
104 10.230210304260254 -47.91267395019531
105 10.395119667053223 -47.89185333251953
106 10.532781600952148 -47.9633674621582
107 10.661614418029785 -48.00608825683594
108 10.88959789276123 -48.137874603271484
109 11.189825057983398 -48.35917282104492
110 11.599055290222168 -48.63124084472656
111 11.91324234008789 -48.72649383544922
112 12.416675567626953 -48.683868408203125
113 13.00823974609375 -48.463321685791016
114 13.29276180267334 -48.409873962402344
115 13.480772018432617 -48.31825256347656
116 13.593673706054688 -48.27428436279297
117 14.280943870544434 -48.032962799072266
118 14.454566955566406 -48.02111053466797
119 14.751763343811035 -48.117488861083984
120 14.90868854522705 -48.16746520996094
121 15.178706169128418 -48.11138153076172
122 15.953039169311523 -47.6584587097168
123 16.12110137939453 -47.5300178527832
124 16.145965576171875 -47.23206329345703
125 15.919231414794922 -46.923343658447266
126 15.753933906555176 -46.697479248046875
127 15.62147045135498 -46.6099739074707
128 15.357136726379395 -46.603355407714844
129 14.933147430419922 -46.56369400024414
130 14.546197891235352 -46.54801559448242
131 14.298005104064941 -46.53211212158203
132 13.989843368530273 -46.540348052978516
133 13.776067733764648 -46.47987365722656
134 13.64059066772461 -46.29500198364258
135 13.595497131347656 -46.06962203979492
136 13.517637252807617 -45.812984466552734
137 13.426460266113281 -45.4047966003418
138 13.30014705657959 -45.17229461669922
139 13.116908073425293 -44.86109924316406
140 12.980969429016113 -44.66389083862305
141 -0.972062349319458 -38.90202713012695
142 -1.0318812131881714 -38.847877502441406
143 -1.0121207237243652 -38.83418273925781
144 9.088101387023926 -31.025615692138672
145 9.149765014648438 -31.077770233154297
146 9.150287628173828 -31.205944061279297
147 9.11806583404541 -38.66059494018555
148 9.41825008392334 -38.832733154296875
149 9.80466365814209 -39.007301330566406
150 10.024375915527344 -38.99684524536133
151 10.252741813659668 -38.82878112792969
152 10.439050674438477 -38.682315826416016
153 10.49438190460205 -38.622589111328125
154 10.706520080566406 -38.390403747558594
155 12.606315612792969 -35.45053482055664
156 12.803423881530762 -35.332740783691406
157 13.245549201965332 -35.4979133605957
158 13.526748657226562 -35.588314056396484
159 13.703163146972656 -35.54820251464844
160 13.87764835357666 -35.52131652832031
161 14.207524299621582 -35.32432174682617
162 14.741926193237305 -34.677490234375
163 15.05978775024414 -34.28131103515625
164 15.268916130065918 -33.995941162109375
165 15.440032958984375 -33.82792663574219
166 15.796887397766113 -33.62437438964844
167 16.038389205932617 -33.50560760498047
168 16.251523971557617 -33.47477340698242
169 16.41164779663086 -33.60932922363281
170 16.41739273071289 -34.01996994018555
171 15.127941131591797 -38.34895324707031
172 14.960135459899902 -38.74213409423828
173 14.813909530639648 -39.043846130371094
174 14.667061805725098 -39.34932327270508
175 14.476807594299316 -39.62847137451172
176 14.315360069274902 -39.882808685302734
177 14.24709701538086 -40.0164794921875
178 14.132553100585938 -40.216217041015625
179 14.05782413482666 -40.54716873168945
180 13.674910545349121 -41.072261810302734
181 13.404537200927734 -41.21929931640625
182 13.001700401306152 -41.45315170288086
183 12.821855545043945 -41.61724853515625
184 12.757342338562012 -41.58818054199219
185 12.614095687866211 -41.57904052734375
186 12.212791442871094 -41.621978759765625
187 11.817416191101074 -41.637535095214844
188 11.647552490234375 -41.6060905456543
189 11.478348731994629 -41.33659744262695
190 11.220630645751953 -40.51749038696289
191 11.121227264404297 -40.293697357177734
192 11.119125366210938 -40.113712310791016
193 11.177125930786133 -39.881107330322266
194 11.239645957946777 -39.7752571105957
195 11.450369834899902 -39.568939208984375
196 11.704302787780762 -39.293033599853516
197 12.08185863494873 -38.84397888183594
198 12.283641815185547 -38.71990966796875
199 12.610572814941406 -38.55638885498047
200 12.84274959564209 -38.48174285888672
201 13.07107162475586 -38.47730255126953
202 13.306418418884277 -38.560768127441406
203 13.466259956359863 -38.640193939208984
204 13.588593482971191 -38.726802825927734
205 15.60516357421875 -42.00829315185547
206 15.588704109191895 -42.25954818725586
207 15.434072494506836 -42.521968841552734
208 15.286759376525879 -42.70576477050781
209 15.16244888305664 -42.764869689941406
210 14.97000503540039 -42.74037170410156
211 14.418537139892578 -42.608219146728516
212 14.073328971862793 -42.66691970825195
213 13.827412605285645 -42.738922119140625
214 13.78582763671875 -42.67555618286133
215 13.64404010772705 -42.65180969238281
216 8.321065902709961 -36.96224594116211
217 8.381455421447754 -37.00002670288086
218 8.431391716003418 -37.05742263793945
219 8.45643424987793 -37.16931915283203
220 8.627435684204102 -37.528141021728516
221 8.825849533081055 -37.62287521362305
222 9.164878845214844 -37.52277755737305
223 9.630101203918457 -37.34470748901367
224 10.221129417419434 -37.31657409667969
225 10.535588264465332 -37.231781005859375
226 10.776939392089844 -37.12717056274414
227 10.967280387878418 -37.068058013916016
228 11.218099594116211 -37.06108856201172
229 11.553393363952637 -37.217445373535156
230 11.657702445983887 -37.2791633605957
231 11.793479919433594 -37.2344856262207
232 11.992252349853516 -36.966426849365234
233 12.212259292602539 -36.77175521850586
234 12.453092575073242 -36.74848556518555
235 12.730552673339844 -36.794681549072266
236 12.926541328430176 -36.94308853149414
237 13.270151138305664 -36.946876525878906
238 13.487799644470215 -36.895259857177734
239 13.563486099243164 -37.0252571105957
240 13.999105453491211 -37.32353210449219
241 14.234249114990234 -37.35506820678711
242 14.539752006530762 -37.315853118896484
243 14.853177070617676 -37.12238311767578
244 15.078709602355957 -37.02253341674805
245 15.48034954071045 -36.83552551269531
246 15.859354972839355 -36.63258743286133
247 16.046476364135742 -36.49588394165039
248 16.388256072998047 -36.102264404296875
249 16.68937110900879 -35.76081466674805
250 17.0328369140625 -35.552574157714844
251 17.32880401611328 -35.38768005371094
252 17.533937454223633 -35.53639602661133
253 17.71879005432129 -35.77061080932617
254 17.935272216796875 -36.22300720214844
255 17.8783016204834 -36.69194030761719
256 17.782743453979492 -37.019493103027344
257 17.756000518798828 -37.37310028076172
258 17.875415802001953 -37.59353256225586
259 18.17376136779785 -37.79349136352539
260 18.457992553710938 -37.956031799316406
261 18.735719680786133 -38.01362228393555
262 19.091297149658203 -38.165260314941406
263 19.351402282714844 -38.48088073730469
264 19.445831298828125 -38.894134521484375
265 19.42347526550293 -39.211944580078125
266 19.091840744018555 -39.47554016113281
267 18.83411407470703 -39.5627326965332
268 18.509143829345703 -39.58294677734375
269 18.12833023071289 -39.503211975097656
270 17.94620132446289 -39.48472595214844
271 17.770793914794922 -39.433753967285156
272 17.549152374267578 -39.35140609741211
273 16.837444305419922 -39.082759857177734
274 16.45200538635254 -38.96031951904297
275 16.209354400634766 -38.94948196411133
276 16.079978942871094 -39.02024459838867
277 6.774805545806885 -41.22810745239258
278 6.614966869354248 -41.317344665527344
279 6.284702301025391 -41.639041900634766
280 6.066872596740723 -41.80242919921875
281 5.94584321975708 -41.88217544555664
282 5.7017903327941895 -41.957584381103516
283 5.286228656768799 -42.029422760009766
284 5.07470178604126 -42.103973388671875
285 5.063128471374512 -42.14628982543945
286 5.081168174743652 -42.27103805541992
287 5.084797382354736 -42.617794036865234
288 5.160200595855713 -42.97191619873047
289 5.170759677886963 -43.23073196411133
290 2.0964674949645996 -48.05970001220703
291 2.0755605697631836 -48.1629524230957
292 2.136845588684082 -48.3337516784668
293 2.3652119636535645 -48.54108810424805
294 2.5277695655822754 -48.644222259521484
295 2.807387113571167 -48.70035934448242
296 3.074617862701416 -48.78227996826172
297 3.201418161392212 -48.6842041015625
298 3.276317596435547 -48.61503982543945
299 3.6207265853881836 -48.26836395263672
300 3.810765266418457 -48.1120719909668
301 4.123076438903809 -47.96440505981445
302 4.3054633140563965 -47.90994644165039
303 4.52805233001709 -47.8653564453125
304 4.761964321136475 -47.90629959106445
305 5.031683921813965 -48.07809066772461
306 5.077592849731445 -48.1787109375
307 5.091545104980469 -48.39472961425781
308 5.155521869659424 -48.6380500793457
309 5.364922523498535 -48.7568359375
310 5.590755939483643 -48.90976333618164
311 5.939817428588867 -48.796695709228516
312 6.126745223999023 -48.568199157714844
313 14.781364440917969 -41.18132400512695
314 14.971181869506836 -41.058204650878906
315 15.21302318572998 -40.91132736206055
316 15.566191673278809 -40.76068878173828
317 15.9453763961792 -40.58632278442383
318 16.3189697265625 -40.529788970947266
319 16.602354049682617 -40.624717712402344
320 16.8174991607666 -40.80350112915039
321 16.984813690185547 -40.9576301574707
322 17.20153045654297 -41.15065383911133
323 17.415695190429688 -41.27199935913086
324 17.918163299560547 -41.5849609375
325 18.201478958129883 -41.79890823364258
326 18.711429595947266 -42.1550407409668
327 18.74711036682129 -42.40842056274414
328 18.65608024597168 -42.687252044677734
329 18.536714553833008 -42.96015548706055
330 18.417762756347656 -43.081886291503906
331 18.13558006286621 -43.11293029785156
332 17.449134826660156 -43.07231140136719
333 17.160737991333008 -43.1247673034668
334 16.961713790893555 -43.30559539794922
335 16.78260612487793 -43.48969650268555
336 16.70456886291504 -43.62374496459961
337 12.515761375427246 -47.10196304321289
338 12.242328643798828 -47.23112106323242
339 12.084734916687012 -47.36341857910156
340 12.037283897399902 -47.588531494140625
341 11.925399780273438 -47.94465637207031
342 11.154247283935547 -49.17029571533203
343 10.811851501464844 -49.37656784057617
344 10.484418869018555 -49.444114685058594
345 9.91730785369873 -49.500213623046875
346 9.641757011413574 -49.56776809692383
347 7.758927345275879 -50.744232177734375
348 7.409533977508545 -50.81047439575195
349 7.125082015991211 -50.780155181884766
350 6.654854774475098 -50.69889450073242
351 6.054436683654785 -50.63797378540039
352 5.919278144836426 -50.707191467285156
353 5.916337490081787 -50.84569549560547
354 6.144989490509033 -51.01774978637695
355 6.354907512664795 -51.161556243896484
356 6.6269330978393555 -51.39177322387695
357 7.028474807739258 -51.667083740234375
358 7.146785259246826 -51.78718948364258
359 7.340886116027832 -52.03867721557617
360 7.432253360748291 -52.18034362792969
361 7.56579065322876 -52.299774169921875
362 7.783890724182129 -52.37751007080078
363 8.052210807800293 -52.472877502441406
364 8.201398849487305 -52.56882095336914
365 8.34324836730957 -52.89509582519531
366 8.56254768371582 -53.44274139404297
367 8.655858039855957 -53.70704650878906
368 8.703132629394531 -53.82293701171875
369 8.780647277832031 -54.069759368896484
370 10.17223072052002 -57.358978271484375
371 10.202409744262695 -57.45065689086914
372 10.220906257629395 -57.353424072265625
373 10.250636100769043 -57.14833450317383
374 10.245766639709473 -56.7402458190918
375 10.189655303955078 -56.14533615112305
376 10.164161682128906 -55.73382568359375
377 10.17248249053955 -55.15018844604492
378 10.263995170593262 -54.632755279541016
379 10.455818176269531 -54.34913635253906
380 10.480284690856934 -54.18682861328125
381 12.782341003417969 -50.005130767822266
382 13.084805488586426 -49.78947448730469
383 13.23481273651123 -49.785369873046875
384 13.199281692504883 -49.792236328125
385 7.167664527893066 -56.492862701416016
386 7.11863899230957 -56.64753341674805
387 7.0073161125183105 -56.93748092651367
388 6.847870349884033 -57.187992095947266
389 6.627155780792236 -57.4425163269043
390 6.384627342224121 -57.60200500488281
391 5.98219108581543 -57.7917366027832
392 5.717626094818115 -57.75313949584961
393 5.519162654876709 -57.60963439941406
394 5.258004665374756 -57.23253631591797
395 2.7936689853668213 -50.38652801513672
396 2.841996431350708 -50.29920196533203
397 3.0907270908355713 -50.08881378173828
398 3.2973668575286865 -49.85859680175781
399 3.4649434089660645 -49.67750930786133
400 7.317584991455078 -40.52958679199219
401 7.4536590576171875 -40.34507369995117
402 7.743452072143555 -40.0316047668457
403 8.221261024475098 -39.64508819580078
404 8.68500804901123 -39.54705810546875
405 9.039199829101562 -39.79026794433594
406 9.47728443145752 -40.09996795654297
407 9.627058982849121 -40.26951217651367
408 9.771641731262207 -40.38566589355469
409 11.985981941223145 -42.646240234375
410 12.177088737487793 -42.90684127807617
411 12.33427906036377 -43.06694412231445
412 12.359624862670898 -43.17137908935547
413 12.188703536987305 -43.260677337646484
414 12.008101463317871 -43.48967361450195
415 11.862380027770996 -43.61600875854492
416 11.643919944763184 -43.61482620239258
417 11.450105667114258 -43.70037078857422
418 11.20410442352295 -43.72771453857422
419 10.777791976928711 -43.87495422363281
420 10.600030899047852 -43.94718551635742
421 10.346372604370117 -44.273128509521484
422 10.123505592346191 -44.465415954589844
423 10.054746627807617 -44.5565299987793
424 9.877096176147461 -44.694801330566406
425 9.726181030273438 -44.82551193237305
426 9.49259090423584 -45.037296295166016
427 7.32667875289917 -48.18999481201172
428 7.237748622894287 -48.49150466918945
429 7.156026363372803 -48.673545837402344
430 7.0921549797058105 -48.76189041137695
431 7.005378246307373 -48.90338897705078
432 7.059229850769043 -49.377479553222656
433 7.097248077392578 -49.508811950683594
434 7.275530815124512 -49.57136917114258
435 7.665170192718506 -49.61423873901367
436 8.403138160705566 -49.70576858520508
437 8.640175819396973 -49.77554702758789
438 8.751791000366211 -49.94408416748047
439 8.817374229431152 -50.13056564331055
440 8.890113830566406 -50.52869415283203
441 8.921346664428711 -50.8729133605957
442 8.993352890014648 -51.13302230834961
443 9.294367790222168 -51.27964782714844
444 9.606230735778809 -51.2975959777832
445 9.917805671691895 -51.293670654296875
446 10.280123710632324 -51.232276916503906
447 10.490514755249023 -51.16219711303711
448 10.503095626831055 -51.04803466796875
449 5.531847953796387 -37.825923919677734
450 5.5650177001953125 -37.69012451171875
451 5.622014999389648 -37.60816955566406
452 5.879393577575684 -37.154510498046875
453 6.096132755279541 -36.7792854309082
454 6.2721147537231445 -36.6253547668457
455 6.57411003112793 -36.520389556884766
456 6.859185218811035 -36.285064697265625
457 7.073503017425537 -36.076316833496094
458 7.304401397705078 -35.84279251098633
459 7.591434001922607 -35.44482421875
460 7.705173969268799 -35.10856628417969
461 7.769262790679932 -34.839900970458984
462 7.755366325378418 -34.55076217651367
463 7.730161190032959 -34.42551040649414
464 7.70912504196167 -34.38887023925781
465 11.224101066589355 -52.627052307128906
466 11.161490440368652 -52.7169075012207
467 11.006093978881836 -52.72498321533203
468 10.793396949768066 -52.70344924926758
469 10.489021301269531 -52.67302703857422
470 10.391158103942871 -52.72964096069336
471 -0.26161453127861023 -42.20417404174805
472 -0.5213223099708557 -42.30522537231445
473 -1.046301245689392 -42.52595520019531
474 -1.0672904253005981 -42.60366439819336
475 -0.8004145622253418 -42.694889068603516
476 -0.516360342502594 -42.95099639892578
477 -0.5162225961685181 -43.34138107299805
478 -0.6856269836425781 -43.870872497558594
479 -0.67027747631073 -44.08687210083008
480 -0.5441715121269226 -44.177635192871094
481 -0.13045595586299896 -44.08417510986328
482 0.07597988098859787 -43.97486114501953
483 0.4061836004257202 -43.66693115234375
484 0.6172274947166443 -43.58060836791992
485 0.7465178370475769 -43.6353645324707
486 0.9993511438369751 -43.736175537109375
487 1.2575913667678833 -43.64582061767578
488 1.7280642986297607 -43.047122955322266
489 1.8978890180587769 -42.90391159057617
490 1.9633362293243408 -42.971290588378906
491 1.9849413633346558 -43.22667694091797
492 1.9162358045578003 -43.743167877197266
493 1.7273635864257812 -44.41400146484375
494 1.4506232738494873 -45.326045989990234
495 1.3805676698684692 -45.49366760253906
496 1.3099380731582642 -45.65009689331055
497 1.273197054862976 -45.84126663208008
498 1.0304993391036987 -46.40702438354492
499 0.8940839171409607 -46.595802307128906
500 0.6692550778388977 -46.66968536376953
501 0.4741828441619873 -46.74833679199219
502 0.40237003564834595 -46.69797134399414
503 0.3363471031188965 -46.48613739013672
504 0.23594634234905243 -46.051998138427734
505 0.1390065997838974 -45.618125915527344
506 0.2029259204864502 -45.41447830200195
507 0.33216628432273865 -45.215335845947266
508 1.3286428451538086 -41.90104293823242
509 1.362379550933838 -41.629268646240234
510 1.3261008262634277 -41.529415130615234
511 1.1860405206680298 -41.28075408935547
512 1.0389513969421387 -40.962196350097656
513 0.9250449538230896 -40.811405181884766
514 0.8086594343185425 -40.732364654541016
515 0.6907588839530945 -40.671043395996094
516 0.40219646692276 -40.68716812133789
517 0.27888864278793335 -40.68655776977539
518 -0.38711369037628174 -40.79127502441406
519 -0.6960638165473938 -40.773983001708984
520 -0.9209089875221252 -40.799442291259766
521 -1.0072879791259766 -40.775184631347656
522 -1.0257288217544556 -40.79689407348633
523 2.4204845428466797 -41.9771842956543
524 2.698328971862793 -42.28330612182617
525 2.9873085021972656 -42.5919303894043
526 3.1352107524871826 -42.653968811035156
527 3.1989426612854004 -42.65790557861328
528 3.359339952468872 -42.365577697753906
529 3.4742400646209717 -41.99323654174805
530 3.511249303817749 -41.71138381958008
531 3.57470440864563 -41.52157974243164
532 3.503735303878784 -41.383975982666016
533 3.2429425716400146 -40.83277130126953
534 3.2268524169921875 -40.67593002319336
535 3.463625431060791 -40.53205490112305
536 3.707808494567871 -40.47282791137695
537 3.993208169937134 -40.44526672363281
538 4.203705787658691 -40.386592864990234
539 6.824960708618164 -32.53669357299805
540 6.878696918487549 -32.40045928955078
541 6.942599773406982 -32.3001708984375
542 7.0445075035095215 -32.02606201171875
543 7.134519577026367 -31.43575668334961
544 7.069295883178711 -31.05364418029785
545 6.932019233703613 -30.65779685974121
546 6.907966613769531 -30.519580841064453
547 6.816438674926758 -30.378387451171875
548 5.1156697273254395 -44.443931579589844
549 5.059908866882324 -44.541446685791016
550 4.945263862609863 -44.59060287475586
551 4.751641750335693 -44.476531982421875
552 4.6072587966918945 -44.22833251953125
553 4.433475017547607 -43.97761535644531
554 4.213428020477295 -43.848663330078125
555 3.9832308292388916 -43.86442565917969
556 3.716263771057129 -43.92924499511719
557 3.7378320693969727 -43.842796325683594
558 3.766552448272705 -43.662376403808594
559 4.303092002868652 -36.510589599609375
560 4.458576679229736 -36.408668518066406
561 4.642826557159424 -36.404876708984375
562 4.943434238433838 -36.529335021972656
563 5.300652027130127 -36.64738464355469
564 6.741640090942383 -37.645782470703125
565 6.940298557281494 -37.82987976074219
566 7.120493412017822 -38.11289978027344
567 7.174263954162598 -38.29357147216797
568 7.257797718048096 -38.656044006347656
569 7.280551910400391 -39.00897979736328
570 7.15410041809082 -39.27284240722656
571 6.971923828125 -39.42118453979492
572 6.877593994140625 -39.32212448120117
573 4.638788223266602 -31.71554183959961
574 4.445817947387695 -31.523242950439453
575 4.321491241455078 -31.460983276367188
576 4.316017150878906 -31.781940460205078
577 4.372988700866699 -32.111881256103516
578 4.513533115386963 -32.58774185180664
579 4.716041088104248 -33.102378845214844
580 4.974738597869873 -33.50798797607422
581 5.21312952041626 -33.76972961425781
582 5.704200267791748 -34.02189636230469
583 5.880481719970703 -34.11871337890625
584 6.063501834869385 -34.25578308105469
585 6.125492572784424 -34.430484771728516
586 -4.394081115722656 -46.675628662109375
587 -4.380625247955322 -46.889373779296875
588 -4.306760787963867 -47.1240119934082
589 -4.168485641479492 -47.331268310546875
590 -4.017134189605713 -47.616024017333984
591 -3.912522077560425 -48.049373626708984
592 -3.9937334060668945 -48.46030807495117
593 -4.1059770584106445 -48.71796417236328
594 -4.188415050506592 -48.98847961425781
595 -4.198385238647461 -49.306358337402344
596 -4.0777812004089355 -49.67039108276367
597 -3.6487274169921875 -50.144615173339844
598 -3.2960965633392334 -50.38238525390625
599 -2.910356044769287 -50.54045867919922
600 -2.6472549438476562 -50.55855941772461
601 -2.33170223236084 -50.51358413696289
602 -1.8620898723602295 -50.36296463012695
603 -1.6067677736282349 -50.30531311035156
604 -1.3440544605255127 -50.31189727783203
605 -1.0429737567901611 -50.320133209228516
606 -0.7401295304298401 -50.342384338378906
607 -0.33641737699508667 -50.3305549621582
608 0.19070932269096375 -50.24077606201172
609 0.6433976292610168 -50.08760070800781
610 0.9480578303337097 -49.85431671142578
611 1.0798333883285522 -49.61235809326172
612 1.111595630645752 -49.35488510131836
613 0.9341896176338196 -48.93764114379883
614 0.7978311777114868 -48.75251770019531
615 0.395020067691803 -48.52157974243164
616 0.056180935353040695 -48.483436584472656
617 -0.27141624689102173 -48.44501876831055
618 -0.5873503088951111 -48.35025405883789
619 -0.997061550617218 -48.01369094848633
620 -1.0278939008712769 -47.69623565673828
621 -0.9594452381134033 -47.472816467285156
622 -0.9912917613983154 -47.341705322265625
623 -1.0012966394424438 -47.163455963134766
624 -1.6251548528671265 -46.611228942871094
625 -1.7568860054016113 -46.45173263549805
626 -1.9485080242156982 -46.3158073425293
627 -1.9365477561950684 -46.15212631225586
628 -1.9925364255905151 -45.83229446411133
629 -1.966241717338562 -45.458560943603516
630 -2.1307175159454346 -44.87779235839844
631 -2.398296594619751 -44.6412239074707
632 -2.6371099948883057 -44.430667877197266
633 -2.8626856803894043 -44.33294677734375
634 -3.130986213684082 -44.23004150390625
635 -3.44580078125 -44.07612609863281
636 -3.6095569133758545 -43.850826263427734
637 -3.6528403759002686 -43.55205535888672
638 -3.673156499862671 -43.106475830078125
639 -3.6354401111602783 -42.791969299316406
640 -3.5464975833892822 -42.21506881713867
641 -3.615363836288452 -41.98485565185547
642 -3.7985763549804688 -41.72730255126953
643 -3.913285970687866 -41.49907684326172
644 -4.186910629272461 -41.04450607299805
645 -4.259739875793457 -40.83646774291992
646 -4.258921146392822 -40.521209716796875
647 -4.180466651916504 -40.21873474121094
648 -3.9958815574645996 -39.96622848510742
649 -3.7539870738983154 -39.848209381103516
650 -3.3991241455078125 -39.71713638305664
651 -3.2578985691070557 -39.53929138183594
652 -3.111842393875122 -39.09422302246094
653 -3.0880186557769775 -38.5403938293457
654 -3.0424275398254395 -37.9384880065918
655 -2.9562129974365234 -37.25950622558594
656 -2.8561785221099854 -37.06214904785156
657 -2.700068235397339 -36.8236083984375
658 -2.485645294189453 -36.51664733886719
659 -2.1797876358032227 -36.04045486450195
660 -2.0468688011169434 -35.82297897338867
661 -1.8561915159225464 -35.6475715637207
662 -1.6530829668045044 -35.6219367980957
663 -1.426576018333435 -35.628623962402344
664 -0.9067453742027283 -35.42152786254883
665 -0.2129918783903122 -35.15447998046875
666 0.1188080683350563 -35.11745071411133
667 0.3586587607860565 -35.12278747558594
668 0.9220048785209656 -35.17742156982422
669 1.2665841579437256 -35.22160339355469
670 1.7271513938903809 -35.16072463989258
671 2.170337200164795 -34.98469924926758
672 2.3234782218933105 -34.947566986083984
673 2.5179688930511475 -34.92814254760742
674 3.4818179607391357 -34.75651550292969
675 3.7725610733032227 -34.70318603515625
676 3.972175359725952 -34.695892333984375
677 4.139380931854248 -34.780357360839844
678 4.289140701293945 -34.875694274902344
679 8.404034614562988 -40.48194122314453
680 8.41885757446289 -40.62733459472656
681 8.547813415527344 -40.71693801879883
682 8.667052268981934 -43.306968688964844
683 8.633655548095703 -43.564510345458984
684 8.62343978881836 -43.83164978027344
685 8.637568473815918 -44.22723388671875
686 8.5867280960083 -44.61952209472656
687 8.553970336914062 -45.14790344238281
688 8.481444358825684 -45.124576568603516
689 7.988789081573486 -44.82120132446289
690 7.7285075187683105 -44.72895050048828
691 7.531576633453369 -44.70753860473633
692 7.2482452392578125 -44.69851303100586
693 7.0914387702941895 -44.729496002197266
694 7.077427864074707 -44.62519454956055
695 6.83854866027832 -44.382022857666016
696 6.521819591522217 -44.32377243041992
697 6.275877952575684 -44.357337951660156
698 6.16123104095459 -44.28447723388672
699 6.107071399688721 -44.069400787353516
700 6.028204917907715 -43.554569244384766
701 6.138020038604736 -43.33376693725586
702 6.524473190307617 -43.065101623535156
703 6.698764324188232 -43.014896392822266
704 12.190890312194824 -40.41546630859375
705 12.474462509155273 -40.230377197265625
706 12.78388500213623 -40.0726318359375
707 12.931050300598145 -40.017547607421875
708 13.159638404846191 -40.04928970336914
709 21.48394012451172 -38.255775451660156
710 21.678396224975586 -38.25344467163086
711 21.871074676513672 -38.23965835571289
712 22.062772750854492 -38.3270149230957
713 22.251325607299805 -38.44984817504883
714 22.41263198852539 -38.70175552368164
715 22.511329650878906 -39.11861038208008
716 11.868697166442871 -46.19196701049805
717 11.7251558303833 -46.19335174560547
718 11.582512855529785 -46.19080352783203
719 11.506900787353516 -46.11909484863281
720 11.424616813659668 -45.902774810791016
721 11.478323936462402 -45.611263275146484
722 11.736259460449219 -45.129737854003906
723 11.700630187988281 -45.09815216064453
724 11.577733039855957 -45.060176849365234
725 11.484549522399902 -44.85057067871094
726 8.975752830505371 -33.08202362060547
727 9.0264310836792 -33.1124267578125
728 9.178566932678223 -33.37668228149414
729 9.354327201843262 -33.527862548828125
730 9.556333541870117 -33.521968841552734
731 9.77103042602539 -33.438270568847656
732 10.038115501403809 -33.271728515625
733 10.261069297790527 -33.08247375488281
734 10.470073699951172 -32.80801010131836
735 10.735438346862793 -32.527652740478516
736 10.984798431396484 -32.3603630065918
737 11.205142974853516 -32.29145812988281
738 11.325904846191406 -32.30076599121094
739 11.595876693725586 -32.43130874633789
740 11.920089721679688 -32.69396209716797
741 12.172286987304688 -32.86385726928711
742 12.356122970581055 -33.00489044189453
743 12.602021217346191 -33.18757247924805
744 12.691908836364746 -33.46244430541992
745 12.757098197937012 -33.83405685424805
746 12.846026420593262 -34.110416412353516
747 12.889893531799316 -34.293033599853516
748 10.687177658081055 -41.40498733520508
749 10.692178726196289 -41.5316047668457
750 10.634394645690918 -41.767704010009766
751 10.566271781921387 -42.121273040771484
752 10.352092742919922 -42.372406005859375
753 10.068897247314453 -42.507713317871094
754 9.890953063964844 -42.6323356628418
755 9.838047981262207 -42.63459777832031
756 9.71312427520752 -42.63973617553711
757 9.663352966308594 -42.66450119018555
758 21.066984176635742 -41.5797119140625
759 21.212480545043945 -41.57459259033203
760 21.317760467529297 -41.60166549682617
761 21.350303649902344 -41.60710906982422
762 21.366962432861328 -41.619361877441406
763 9.196767807006836 -41.693870544433594
764 8.98709487915039 -41.80446243286133
765 8.887011528015137 -41.81324768066406
766 8.731371879577637 -41.84307098388672
767 8.398824691772461 -41.86431884765625
768 8.107745170593262 -41.872222900390625
769 7.853933811187744 -41.89374542236328
770 7.714023590087891 -41.95090866088867
771 7.64213228225708 -42.14481735229492
772 7.670336723327637 -42.45724868774414
773 7.61641263961792 -42.72612380981445
774 7.493041038513184 -42.8342399597168
775 7.209641456604004 -43.0677375793457
776 4.088706016540527 -45.428504943847656
777 3.937330484390259 -45.63812255859375
778 3.852177381515503 -45.84003829956055
779 3.6788318157196045 -46.23110580444336
780 3.5630619525909424 -46.41236877441406
781 3.4095373153686523 -46.62116241455078
782 3.0 -46.921504974365234
783 2.8830442428588867 -46.97738265991211
784 2.7403695583343506 -46.87311935424805
785 2.604011297225952 -46.730743408203125
786 2.566279172897339 -46.296287536621094
787 2.581486225128174 -46.0615348815918
788 2.6454436779022217 -45.496612548828125
789 2.6605331897735596 -45.22799301147461
790 2.6663782596588135 -44.93118667602539
791 2.68204927444458 -44.79107666015625
792 2.6101951599121094 -44.541595458984375
793 2.5500221252441406 -44.470314025878906
794 -1.7159056663513184 -53.32898712158203
795 -1.614193320274353 -53.37784957885742
796 -1.3591748476028442 -53.39311599731445
797 -0.7925820350646973 -53.361045837402344
798 -0.31911978125572205 -53.27419662475586
799 -0.1173672303557396 -53.402587890625
800 -0.04658416286110878 -53.702880859375
801 -0.020130494609475136 -53.98524475097656
802 -0.024584513157606125 -54.31620407104492
803 -0.054171398282051086 -54.63909912109375
804 -0.10728005319833755 -55.41623306274414
805 -0.03342565894126892 -55.73523712158203
806 0.1469220519065857 -56.043949127197266
807 0.34322410821914673 -56.19232177734375
808 0.6848471760749817 -56.26102828979492
809 1.133759617805481 -56.15660095214844
810 1.603234052658081 -56.01310729980469
811 2.042750597000122 -56.02201843261719
812 2.3090620040893555 -56.087459564208984
813 2.5932185649871826 -56.14470291137695
814 2.845318078994751 -56.12340545654297
815 3.068159580230713 -56.003211975097656
816 3.281032085418701 -55.92117691040039
817 3.5517070293426514 -55.86940383911133
818 4.044516086578369 -55.7779655456543
819 4.6883625984191895 -55.68703079223633
820 5.002765655517578 -55.57524871826172
821 5.484665870666504 -55.332725524902344
822 5.809906482696533 -55.17982864379883
823 6.066739082336426 -54.95936965942383
824 6.1405463218688965 -54.83056640625
825 6.180550575256348 -54.653812408447266
826 6.162405014038086 -54.44972610473633
827 6.220373153686523 -53.83952713012695
828 6.2371826171875 -53.52384948730469
829 6.184379577636719 -53.329097747802734
830 6.056417942047119 -52.95524978637695
831 5.869442939758301 -52.68345260620117
832 5.792818546295166 -52.543357849121094
833 9.416104316711426 -35.634220123291016
834 9.550862312316895 -35.64258575439453
835 9.957884788513184 -35.69034194946289
836 10.238837242126465 -35.618045806884766
837 10.373607635498047 -35.555118560791016
838 10.594944953918457 -35.37755584716797
839 10.901151657104492 -35.148197174072266
840 11.06239128112793 -35.08366012573242
841 11.124191284179688 -35.082427978515625
842 9.180802345275879 -46.219032287597656
843 9.271276473999023 -46.35718536376953
844 9.372485160827637 -46.49130630493164
845 9.907594680786133 -46.55287170410156
846 9.995834350585938 -46.49610137939453
847 9.963143348693848 -46.40678405761719
848 9.941847801208496 -46.373779296875
849 9.832294464111328 -46.3111457824707
850 4.992900371551514 -46.649925231933594
851 4.889946460723877 -46.63220977783203
852 4.918304920196533 -46.5323371887207
853 5.044674396514893 -46.34651565551758
854 5.148748397827148 -46.14093780517578
855 5.428823471069336 -45.809608459472656
856 5.512228012084961 -45.767494201660156
857 5.717933177947998 -45.69338607788086
858 5.938777446746826 -45.7215576171875
859 6.101507186889648 -45.922706604003906
860 6.269805431365967 -46.1834602355957
861 6.324262619018555 -46.55329513549805
862 6.303031921386719 -47.02490234375
863 6.370759963989258 -47.17983627319336
864 6.481435298919678 -47.30548095703125
865 6.528558254241943 -47.416507720947266
866 8.145774841308594 -55.17921447753906
867 8.314873695373535 -55.433895111083984
868 8.412437438964844 -55.54065704345703
869 8.654740333557129 -55.66923904418945
870 8.980873107910156 -55.69525909423828
871 11.042755126953125 -55.29258346557617
872 11.477996826171875 -55.36492919921875
873 11.874520301818848 -55.615684509277344
874 12.100218772888184 -55.67413330078125
875 12.194906234741211 -55.725765228271484
876 12.373275756835938 -55.4446907043457
877 12.540642738342285 -55.25323486328125
878 12.594654083251953 -55.05158615112305
879 12.766975402832031 -54.63628387451172
880 12.939423561096191 -54.177249908447266
881 13.046459197998047 -53.89461898803711
882 13.312325477600098 -53.6096305847168
883 13.690528869628906 -53.60896301269531
884 13.941676139831543 -53.79567337036133
885 14.0791654586792 -53.980342864990234
886 14.30473518371582 -54.356021881103516
887 14.519887924194336 -54.82626724243164
888 14.748804092407227 -55.3985710144043
889 14.843794822692871 -55.61773681640625
890 15.16030502319336 -55.85444259643555
891 15.605215072631836 -56.179935455322266
892 15.764050483703613 -56.253753662109375
893 15.862957954406738 -56.26673889160156
894 16.062767028808594 -56.29511260986328
895 16.26830291748047 -56.315067291259766
896 17.025209426879883 -56.200138092041016
897 17.600000381469727 -56.122100830078125
898 17.93707847595215 -56.04930877685547
899 18.190561294555664 -55.95296096801758
900 18.272628784179688 -55.80256652832031
901 18.274642944335938 -55.520320892333984
902 18.22292137145996 -55.038612365722656
903 18.204872131347656 -54.66008377075195
904 18.205081939697266 -54.529624938964844
905 18.146121978759766 -54.25351333618164
906 18.052705764770508 -53.814937591552734
907 17.8649959564209 -52.891326904296875
908 17.788372039794922 -52.57571029663086
909 17.770156860351562 -52.37425231933594
910 17.642271041870117 -52.12311553955078
911 17.343822479248047 -51.82299041748047
912 16.719038009643555 -51.08305358886719
913 16.56497573852539 -50.92207336425781
914 16.331106185913086 -50.66213607788086
915 15.801913261413574 -50.22198486328125
916 15.287420272827148 -49.792022705078125
917 15.013381004333496 -49.621150970458984
918 14.744206428527832 -49.57044219970703
919 4.984445095062256 -51.66319274902344
920 4.726612567901611 -51.78673553466797
921 4.519911766052246 -51.78495788574219
922 3.14032244682312 -51.521934509277344
923 2.5755484104156494 -51.506099700927734
924 2.1803719997406006 -51.57920455932617
925 1.965010643005371 -51.616172790527344
926 1.8056482076644897 -51.64971923828125
927 1.443137288093567 -51.61842346191406
928 1.0790460109710693 -51.622127532958984
929 0.7780182957649231 -51.71935272216797
930 0.4595620930194855 -51.90774154663086
931 0.245989590883255 -51.976318359375
932 0.18726924061775208 -51.897254943847656
933 0.25096845626831055 -37.898170471191406
934 0.3613342046737671 -37.878177642822266
935 0.5684962868690491 -37.88450622558594
936 0.887454628944397 -37.87604522705078
937 1.424104928970337 -37.52963638305664
938 1.5684679746627808 -37.444705963134766
939 1.8289703130722046 -37.35062026977539
940 2.2531139850616455 -37.122459411621094
941 2.5987281799316406 -36.98081970214844
942 2.761646270751953 -37.05322265625
943 2.989588975906372 -37.40658950805664
944 3.070582389831543 -37.7370719909668
945 3.1833059787750244 -38.08610534667969
946 3.2241272926330566 -38.30772399902344
947 3.253248453140259 -38.42006301879883
948 3.2895679473876953 -38.63258743286133
949 3.309936761856079 -38.90913009643555
950 3.3300976753234863 -39.2377815246582
951 3.3493034839630127 -39.443138122558594
952 7.686132907867432 -46.12995147705078
953 7.731905937194824 -46.2119026184082
954 7.7332963943481445 -46.38750457763672
955 7.801200866699219 -46.75236892700195
956 7.861870765686035 -46.93385696411133
957 7.962806701660156 -47.05348587036133
958 8.074530601501465 -47.102386474609375
959 8.25577163696289 -47.12272644042969
960 13.569493293762207 -44.18763732910156
961 13.884941101074219 -44.13032913208008
962 14.270992279052734 -44.11861038208008
963 14.545902252197266 -44.136783599853516
964 14.794169425964355 -44.274757385253906
965 14.971661567687988 -44.3719482421875
966 15.093706130981445 -44.462947845458984
967 15.450270652770996 -44.651824951171875
968 15.738945960998535 -44.700462341308594
969 15.899091720581055 -44.749568939208984
970 16.06343650817871 -44.885955810546875
971 16.26373863220215 -45.026546478271484
972 16.784162521362305 -45.53126525878906
973 16.97410774230957 -45.77358627319336
974 17.175039291381836 -45.98658752441406
975 17.576488494873047 -46.540714263916016
976 17.895750045776367 -46.88975143432617
977 18.021278381347656 -47.064823150634766
978 18.21796226501465 -47.23488235473633
979 18.651098251342773 -47.39168930053711
980 19.123355865478516 -47.57502365112305
981 19.600622177124023 -47.66115188598633
982 20.0513916015625 -47.674102783203125
983 20.204586029052734 -47.620811462402344
984 20.41579818725586 -47.361122131347656
985 20.49127197265625 -47.157291412353516
986 20.525062561035156 -46.96372604370117
987 20.363258361816406 -46.68555450439453
988 20.090675354003906 -46.391387939453125
989 19.793561935424805 -46.1850700378418
990 18.997785568237305 -45.7021598815918
991 18.960830688476562 -45.55144500732422
992 19.054601669311523 -45.414085388183594
993 19.087562561035156 -45.25101089477539
994 19.186708450317383 -45.119712829589844
995 19.694459915161133 -44.897457122802734
996 20.049224853515625 -44.765625
997 20.538164138793945 -44.58899688720703
998 20.63991928100586 -44.49943542480469
999 20.736492156982422 -44.45915985107422
