0 -60.245052337646484 -58.587642669677734
1 -60.24602127075195 -58.673099517822266
2 -60.220603942871094 -58.80091857910156
3 -60.15916061401367 -59.03639221191406
4 -60.06821060180664 -59.35496139526367
5 -59.971900939941406 -59.804779052734375
6 -59.92068862915039 -60.351951599121094
7 -59.91714859008789 -60.7552604675293
8 -59.95641326904297 -61.35490036010742
9 -59.894432067871094 -61.564327239990234
10 -59.86354446411133 -61.82773971557617
11 -59.8082389831543 -62.01225662231445
12 -59.62847137451172 -62.13916015625
13 -59.31774139404297 -62.14564514160156
14 -59.00132751464844 -62.14225387573242
15 -58.58464050292969 -62.089412689208984
16 -48.23113250732422 -55.381099700927734
17 -47.88398361206055 -55.289894104003906
18 -47.59164047241211 -55.24958801269531
19 -47.228302001953125 -55.306514739990234
20 -46.419525146484375 -55.56028366088867
21 -46.11147689819336 -55.64517593383789
22 -45.91000747680664 -55.61161804199219
23 -45.61048889160156 -55.56340408325195
24 -45.3502311706543 -55.525760650634766
25 -45.04880905151367 -55.179805755615234
26 -44.74461364746094 -54.860145568847656
27 -44.53913497924805 -54.475990295410156
28 -44.19326400756836 -53.8478889465332
29 -44.20474624633789 -53.53826141357422
30 -44.28512191772461 -53.27797317504883
31 -44.56972885131836 -53.184059143066406
32 -44.972023010253906 -53.16385269165039
33 -45.181671142578125 -53.17436981201172
34 -45.67092514038086 -53.27204513549805
35 -45.96600341796875 -53.28805923461914
36 -46.41154098510742 -53.302276611328125
37 -46.64353942871094 -53.258121490478516
38 -46.73115539550781 -53.22713088989258
39 -50.71702575683594 -40.31273651123047
40 -50.84089279174805 -40.05178451538086
41 -50.955291748046875 -39.96379089355469
42 -51.36735153198242 -39.8482551574707
43 -51.99265670776367 -39.686920166015625
44 -52.0638542175293 -39.59336471557617
45 -52.131046295166016 -39.398284912109375
46 -52.198997497558594 -38.974578857421875
47 -52.12857437133789 -38.72793197631836
48 -51.92887496948242 -38.52556228637695
49 -51.6151008605957 -38.326683044433594
50 -51.444419860839844 -38.16309356689453
51 -51.25485610961914 -37.90951156616211
52 -51.299560546875 -37.613338470458984
53 -51.59632873535156 -37.3758430480957
54 -52.22088623046875 -37.204750061035156
55 -52.41709518432617 -37.18583679199219
56 -52.72660446166992 -37.101951599121094
57 -53.00954055786133 -36.971923828125
58 -53.18245315551758 -36.93999099731445
59 -53.733604431152344 -36.88674545288086
60 -54.132225036621094 -36.801109313964844
61 -54.43449783325195 -36.52580642700195
62 -54.55192947387695 -36.259403228759766
63 -54.51832580566406 -35.963497161865234
64 -54.368282318115234 -35.51935958862305
65 -54.291648864746094 -35.198116302490234
66 -54.16305160522461 -34.98151397705078
67 -53.95479965209961 -34.92731475830078
68 -53.60567092895508 -34.88031005859375
69 -53.14652633666992 -34.82725524902344
70 -52.96131896972656 -34.68679428100586
71 -53.04314422607422 -33.78547668457031
72 -53.063079833984375 -33.46550369262695
73 -52.944236755371094 -32.91682052612305
74 -52.77108383178711 -32.5028190612793
75 -52.413780212402344 -32.03337478637695
76 -52.018882751464844 -31.667095184326172
77 -51.58802795410156 -31.27404022216797
78 -51.39091873168945 -31.323694229125977
79 -50.846431732177734 -31.721908569335938
80 -50.45768737792969 -32.168880462646484
81 -50.34014129638672 -32.37592697143555
82 -50.268341064453125 -32.59511947631836
83 -50.24679946899414 -32.88923263549805
84 -50.228668212890625 -33.29175567626953
85 -50.30734634399414 -33.78498077392578
86 -50.39357376098633 -34.14596176147461
87 -50.448211669921875 -34.4272575378418
88 -50.46470260620117 -34.64950180053711
89 -50.36758041381836 -34.85498809814453
90 -50.15956497192383 -34.976924896240234
91 -49.98381805419922 -35.1374397277832
92 -31.288043975830078 -44.36111068725586
93 -31.232505798339844 -44.28822708129883
94 -31.078550338745117 -44.088523864746094
95 -31.034414291381836 -44.00455856323242
96 -30.971946716308594 -43.538490295410156
97 -30.946895599365234 -43.178932189941406
98 -30.943511962890625 -43.001399993896484
99 -31.113439559936523 -42.65937423706055
100 -31.163578033447266 -42.48845291137695
101 -30.934688568115234 -42.05805206298828
102 -30.73846435546875 -41.68022537231445
103 -30.586589813232422 -41.4412956237793
104 -30.455364227294922 -41.19150161743164
105 -30.208768844604492 -40.764060974121094
106 -30.032804489135742 -40.518367767333984
107 -29.904172897338867 -40.17449188232422
108 -29.851438522338867 -39.94279479980469
109 -29.904949188232422 -39.53517150878906
110 -29.90369415283203 -39.26301193237305
111 -29.93351173400879 -38.84895706176758
112 -30.054710388183594 -38.52022933959961
113 -30.223079681396484 -38.343345642089844
114 -30.49504852294922 -38.207881927490234
115 -30.890478134155273 -38.124698638916016
116 -31.257606506347656 -38.05545425415039
117 -39.723716735839844 -36.84482955932617
118 -40.004051208496094 -36.79636764526367
119 -40.152339935302734 -36.685203552246094
120 -40.273109436035156 -36.62676239013672
121 -40.662025451660156 -36.84059524536133
122 -40.9580078125 -37.0975227355957
123 -41.02370071411133 -37.33628845214844
124 -41.132957458496094 -37.64160919189453
125 -41.139488220214844 -37.86560821533203
126 -41.09434127807617 -38.2656135559082
127 -40.9808464050293 -38.79499435424805
128 -40.8777961730957 -39.16026306152344
129 -40.82476806640625 -39.38263702392578
130 -40.884517669677734 -39.53926086425781
131 -46.2669792175293 -48.4180908203125
132 -46.27886199951172 -48.610599517822266
133 -46.2447509765625 -48.7972297668457
134 -46.23039245605469 -48.9638671875
135 -46.14913558959961 -49.37024688720703
136 -46.0889892578125 -49.63780212402344
137 -45.88021469116211 -50.31251525878906
138 -45.842952728271484 -50.58714294433594
139 -45.88499069213867 -50.85430145263672
140 -45.974483489990234 -51.1090202331543
141 -46.12584686279297 -51.29664993286133
142 -46.42388153076172 -51.29195785522461
143 -46.789371490478516 -51.14578628540039
144 -47.00910949707031 -50.967071533203125
145 -47.17393493652344 -50.76539993286133
146 -52.844825744628906 -45.19297409057617
147 -53.11796188354492 -45.10035705566406
148 -53.29816818237305 -45.05445098876953
149 -53.44990921020508 -45.08026885986328
150 -53.97289276123047 -45.19175338745117
151 -54.228755950927734 -45.202396392822266
152 -54.5956916809082 -45.16511535644531
153 -55.30853271484375 -45.17633056640625
154 -55.658084869384766 -45.21275329589844
155 -56.034488677978516 -45.36348342895508
156 -56.39927291870117 -45.52546691894531
157 -57.00895309448242 -45.82118606567383
158 -57.24828338623047 -45.95933151245117
159 -57.279014587402344 -46.09815216064453
160 -57.27832794189453 -46.34532165527344
161 -57.10123062133789 -46.75979232788086
162 -56.83807373046875 -46.97394561767578
163 -56.636566162109375 -47.046783447265625
164 -56.47446060180664 -47.09080123901367
165 -37.141090393066406 -41.02632522583008
166 -36.99079132080078 -40.708045959472656
167 -36.88159942626953 -40.42306137084961
168 -36.82548522949219 -40.06318664550781
169 -36.85552978515625 -39.815956115722656
170 -37.02204513549805 -39.588409423828125
171 -37.310062408447266 -39.3659782409668
172 -37.58932876586914 -39.18986511230469
173 -37.928375244140625 -39.20164108276367
174 -38.21671676635742 -39.355953216552734
175 -38.52021408081055 -39.421630859375
176 -38.85100173950195 -39.38218688964844
177 -39.0240478515625 -39.37132263183594
178 -39.29812240600586 -39.43655014038086
179 -59.78037643432617 -44.94349670410156
180 -60.093109130859375 -45.171485900878906
181 -60.24399185180664 -45.30329513549805
182 -60.34894943237305 -45.536075592041016
183 -60.55258560180664 -46.16853713989258
184 -60.600196838378906 -46.43478012084961
185 -60.571292877197266 -46.565277099609375
186 -60.510231018066406 -46.75840377807617
187 -48.67898178100586 -53.364437103271484
188 -48.590614318847656 -53.382041931152344
189 -30.28298568725586 -49.84958267211914
190 -30.058019638061523 -49.85652160644531
191 -29.752573013305664 -49.823822021484375
192 -29.506139755249023 -49.8145751953125
193 -29.247873306274414 -49.855045318603516
194 -28.901708602905273 -49.98257827758789
195 -28.660959243774414 -50.12702560424805
196 -28.467769622802734 -50.24765396118164
197 -28.26272964477539 -50.37257766723633
198 -28.07248878479004 -50.44535446166992
199 -27.733837127685547 -50.5173454284668
200 -27.29179573059082 -50.54914093017578
201 -26.679899215698242 -50.61662292480469
202 -26.313430786132812 -50.595035552978516
203 -25.95684814453125 -50.49453353881836
204 -25.84527015686035 -50.33689880371094
205 -25.812000274658203 -50.13655090332031
206 -25.748048782348633 -49.837974548339844
207 -25.69033432006836 -49.34069061279297
208 -25.797819137573242 -48.976966857910156
209 -25.936843872070312 -48.60879135131836
210 -26.031660079956055 -48.26076889038086
211 -26.136747360229492 -48.057796478271484
212 -26.376190185546875 -47.646785736083984
213 -26.41853141784668 -47.34895324707031
214 -26.372390747070312 -46.80131912231445
215 -26.33449935913086 -45.99110794067383
216 -26.25560760498047 -45.28667449951172
217 -26.10247802734375 -44.68619918823242
218 -26.076847076416016 -44.44304275512695
219 -26.235458374023438 -44.347412109375
220 -26.55072021484375 -44.231483459472656
221 -26.9990177154541 -44.24480056762695
222 -27.229267120361328 -44.2800178527832
223 -27.76767921447754 -44.32390213012695
224 -28.021209716796875 -44.33723831176758
225 -28.215728759765625 -44.302337646484375
226 -43.43829345703125 -42.82819366455078
227 -43.433265686035156 -42.633033752441406
228 -43.44032669067383 -42.50714874267578
229 -43.53178024291992 -42.44488525390625
230 -53.068138122558594 -47.528072357177734
231 -53.18275833129883 -47.5499382019043
232 -53.258419036865234 -47.72288131713867
233 -53.31574630737305 -47.836978912353516
234 -53.40882110595703 -48.12930679321289
235 -53.47425079345703 -48.32415771484375
236 -53.530792236328125 -48.50235366821289
237 -53.471256256103516 -49.06568908691406
238 -53.45258712768555 -49.36197280883789
239 -53.317474365234375 -49.66116714477539
240 -53.2263069152832 -49.83445358276367
241 -52.94660186767578 -50.14223861694336
242 -52.815372467041016 -50.469825744628906
243 -52.80953598022461 -50.68729019165039
244 -52.865962982177734 -50.97586441040039
245 -53.025726318359375 -51.34015655517578
246 -53.364845275878906 -51.605628967285156
247 -53.71200180053711 -51.77956008911133
248 -54.088523864746094 -51.89936447143555
249 -54.503684997558594 -52.0324592590332
250 -54.88246154785156 -52.269622802734375
251 -55.2237434387207 -52.45575714111328
252 -55.41952896118164 -52.50143814086914
253 -55.609683990478516 -52.5068473815918
254 -55.952720642089844 -52.434959411621094
255 -56.446659088134766 -52.16316604614258
256 -56.732383728027344 -51.92427062988281
257 -56.90941619873047 -51.820289611816406
258 -57.062278747558594 -51.757869720458984
259 -57.328521728515625 -51.72032165527344
260 -57.71961212158203 -51.66154861450195
261 -58.59853744506836 -51.5066032409668
262 -58.808250427246094 -51.491851806640625
263 -59.283203125 -51.458370208740234
264 -59.52501678466797 -51.45076370239258
265 -59.812931060791016 -51.51049041748047
266 -60.180110931396484 -51.604209899902344
267 -60.24449157714844 -51.80058670043945
268 -60.32425308227539 -52.43161392211914
269 -60.28115463256836 -52.865753173828125
270 -60.145877838134766 -53.203094482421875
271 -59.954139709472656 -53.54653549194336
272 -59.69880676269531 -53.817626953125
273 -59.30154800415039 -54.089752197265625
274 -59.0931282043457 -54.21418762207031
275 -58.928733825683594 -54.45135498046875
276 -58.80731964111328 -54.72069549560547
277 -58.649322509765625 -55.11003875732422
278 -58.52394104003906 -55.29568099975586
279 -58.32432556152344 -55.510982513427734
280 -58.15517807006836 -55.591453552246094
281 -57.92695236206055 -55.64079284667969
282 -57.4031867980957 -55.775779724121094
283 -57.2205810546875 -56.03790283203125
284 -56.957374572753906 -56.31833267211914
285 -53.99736785888672 -58.38694763183594
286 -53.60630416870117 -58.59556198120117
287 -53.56098175048828 -58.71004867553711
288 -53.48543167114258 -59.15058517456055
289 -53.34471130371094 -59.5003547668457
290 -53.23905563354492 -59.773414611816406
291 -53.10381317138672 -60.015960693359375
292 -52.8371467590332 -60.38686752319336
293 -52.70671081542969 -60.567848205566406
294 -52.43696212768555 -61.02762985229492
295 -52.2301025390625 -61.410797119140625
296 -52.19721603393555 -61.599605560302734
297 -52.279579162597656 -61.78150177001953
298 -52.449974060058594 -61.97654724121094
299 -52.96876907348633 -62.59931564331055
300 -53.218505859375 -62.839324951171875
301 -53.46720504760742 -63.06492614746094
302 -53.827117919921875 -63.11453628540039
303 -54.18661880493164 -63.14725112915039
304 -54.59233474731445 -63.155372619628906
305 -54.86103820800781 -63.08055114746094
306 -55.20029067993164 -62.91302490234375
307 -55.6102409362793 -62.757904052734375
308 -55.80148696899414 -62.65812683105469
309 -55.97669219970703 -62.47615051269531
310 -56.04325866699219 -62.270320892333984
311 -56.059268951416016 -62.0002555847168
312 -56.03560256958008 -61.63310241699219
313 -55.996150970458984 -61.28539276123047
314 -55.95211410522461 -60.87239456176758
315 -55.774898529052734 -59.90330123901367
316 -55.794925689697266 -59.6168098449707
317 -55.807865142822266 -59.37583923339844
318 -55.907554626464844 -59.1305046081543
319 -56.05731201171875 -58.98030471801758
320 -56.71778106689453 -58.81211471557617
321 -57.01218795776367 -58.724220275878906
322 -57.034908294677734 -58.5754280090332
323 -56.82726287841797 -58.31135940551758
324 -56.432525634765625 -57.932010650634766
325 -55.96813201904297 -57.6508903503418
326 -55.76112747192383 -57.52225875854492
327 -55.64577865600586 -57.44813919067383
328 -55.461978912353516 -57.268497467041016
329 -55.19242858886719 -56.9125862121582
330 -54.99159622192383 -56.743167877197266
331 -54.80339050292969 -56.58937454223633
332 -54.56340026855469 -56.44525146484375
333 -54.34636306762695 -56.283992767333984
334 -54.28400421142578 -56.002838134765625
335 -54.30828094482422 -55.743709564208984
336 -54.42517852783203 -55.387638092041016
337 -54.59508514404297 -54.970726013183594
338 -54.69694900512695 -54.7618293762207
339 -54.73897933959961 -54.64207458496094
340 -28.906696319580078 -34.01449203491211
341 -29.231454849243164 -34.16536331176758
342 -29.445812225341797 -34.280860900878906
343 -29.739953994750977 -34.45929718017578
344 -30.354318618774414 -34.83794021606445
345 -30.739032745361328 -35.049110412597656
346 -31.0987548828125 -35.22001266479492
347 -31.313444137573242 -35.40816116333008
348 -31.559524536132812 -35.56667709350586
349 -31.789348602294922 -35.652748107910156
350 -32.05767822265625 -35.63762283325195
351 -32.38368606567383 -35.533756256103516
352 -32.447357177734375 -35.44695281982422
353 -32.83669662475586 -35.15624237060547
354 -33.19119644165039 -34.908538818359375
355 -33.36888885498047 -34.63772964477539
356 -33.568511962890625 -34.29388427734375
357 -33.75657272338867 -33.99279022216797
358 -34.051578521728516 -33.60309982299805
359 -34.42939376831055 -33.28483963012695
360 -35.0024299621582 -33.09208297729492
361 -35.47724533081055 -33.126495361328125
362 -36.17354965209961 -33.22506332397461
363 -36.43682861328125 -33.381980895996094
364 -36.63870620727539 -33.62693405151367
365 -36.93474578857422 -33.879730224609375
366 -37.12550735473633 -34.14499282836914
367 -37.27117919921875 -34.51249313354492
368 -37.31376647949219 -34.675804138183594
369 -37.24884033203125 -34.93730545043945
370 -37.19978332519531 -35.18574523925781
371 -37.12936782836914 -35.451229095458984
372 -37.01860427856445 -36.15028381347656
373 -36.98910903930664 -36.30992889404297
374 -36.80500030517578 -36.56382369995117
375 -36.54248046875 -36.83848571777344
376 -36.10671615600586 -36.82234573364258
377 -35.87759017944336 -36.792659759521484
378 -35.55720901489258 -36.78480529785156
379 -35.229984283447266 -36.77123260498047
380 -34.633060455322266 -36.9249382019043
381 -34.54533004760742 -37.0318603515625
382 -34.6414680480957 -37.180503845214844
383 -34.89971923828125 -37.80189895629883
384 -34.93873977661133 -38.09669494628906
385 -34.946380615234375 -38.55997085571289
386 -34.89821243286133 -38.84281921386719
387 -34.73971939086914 -39.133094787597656
388 -34.253055572509766 -39.634891510009766
389 -34.083309173583984 -39.83747482299805
390 -34.02411651611328 -40.1385612487793
391 -34.07011795043945 -40.59373474121094
392 -34.24380111694336 -40.9024772644043
393 -34.33391571044922 -41.046348571777344
394 -34.50389099121094 -41.21063995361328
395 -34.65353012084961 -41.290321350097656
396 -43.59380340576172 -44.505916595458984
397 -43.86945343017578 -44.56669616699219
398 -44.083316802978516 -44.57328414916992
399 -44.502906799316406 -44.576080322265625
400 -44.9472770690918 -44.57389450073242
401 -45.05078887939453 -44.62793731689453
402 -45.0838623046875 -44.73058319091797
403 -45.04546356201172 -45.197174072265625
404 -44.92768096923828 -45.61444091796875
405 -44.96625518798828 -45.9876594543457
406 -45.018165588378906 -46.21696090698242
407 -45.14683151245117 -46.44463348388672
408 -45.33804702758789 -46.74777603149414
409 -45.54438400268555 -46.98333740234375
410 -45.717018127441406 -47.1618766784668
411 -50.64800262451172 -53.56123733520508
412 -50.7570686340332 -53.71185302734375
413 -50.98527145385742 -54.09668731689453
414 -51.088680267333984 -54.29270553588867
415 -51.253902435302734 -54.67714309692383
416 -51.40903091430664 -55.0139045715332
417 -51.575599670410156 -55.295555114746094
418 -51.608463287353516 -55.435569763183594
419 -51.59115219116211 -55.64775848388672
420 -51.52430725097656 -55.88990020751953
421 -51.36900329589844 -56.091617584228516
422 -51.174644470214844 -56.311737060546875
423 -50.78715133666992 -56.57093811035156
424 -50.31015396118164 -56.83600997924805
425 -49.98060607910156 -56.993534088134766
426 -49.669498443603516 -57.13623046875
427 -49.39303970336914 -57.23440170288086
428 -48.696353912353516 -57.48728561401367
429 -48.42897033691406 -57.53990936279297
430 -48.20170211791992 -57.64639663696289
431 -47.85734939575195 -57.709224700927734
432 -47.466609954833984 -57.750267028808594
433 -47.168643951416016 -57.78329849243164
434 -46.80269241333008 -57.87955856323242
435 -46.534629821777344 -57.97274398803711
436 -46.23827362060547 -58.16493606567383
437 -46.048194885253906 -58.504154205322266
438 -45.86711502075195 -58.948055267333984
439 -45.826419830322266 -59.23712921142578
440 -45.80294418334961 -59.61623764038086
441 -45.80608367919922 -60.19510269165039
442 -45.81626892089844 -60.47800064086914
443 -45.77820587158203 -60.75686264038086
444 -45.71405029296875 -61.172279357910156
445 -45.6478157043457 -61.47770690917969
446 -45.49237060546875 -61.79302978515625
447 -45.443885803222656 -61.98096466064453
448 -45.46045684814453 -62.34243392944336
449 -45.536643981933594 -62.54818344116211
450 -45.80292892456055 -62.73872756958008
451 -46.14900588989258 -63.005680084228516
452 -46.436336517333984 -63.004432678222656
453 -46.67136001586914 -62.9711799621582
454 -47.21865463256836 -62.79261016845703
455 -47.54053497314453 -62.710235595703125
456 -47.81406784057617 -62.60591506958008
457 -48.0102653503418 -62.381103515625
458 -48.20884704589844 -62.057193756103516
459 -48.41114044189453 -61.86851501464844
460 -48.54187774658203 -61.63460159301758
461 -48.653533935546875 -61.345027923583984
462 -48.7324104309082 -60.90237808227539
463 -48.7393913269043 -60.609291076660156
464 -48.73332595825195 -60.29598617553711
465 -48.56528854370117 -60.08381652832031
466 -43.70229721069336 -59.04095458984375
467 -43.439693450927734 -59.19685745239258
468 -43.06400680541992 -59.495967864990234
469 -42.71818923950195 -59.84904861450195
470 -42.54014205932617 -60.0240592956543
471 -42.31376266479492 -60.26099395751953
472 -41.97541809082031 -60.532161712646484
473 -41.82996368408203 -60.67146301269531
474 -41.75300216674805 -60.837215423583984
475 -41.79341125488281 -61.09005355834961
476 -41.88324737548828 -61.60124588012695
477 -41.916439056396484 -61.73088073730469
478 -41.9572639465332 -62.029422760009766
479 -49.00810623168945 -39.26198196411133
480 -48.73692321777344 -39.38533020019531
481 -48.44404220581055 -39.53462219238281
482 -48.21174240112305 -39.64659881591797
483 -48.122371673583984 -39.7212028503418
484 -47.82601547241211 -39.9294319152832
485 -47.56482696533203 -40.176212310791016
486 -47.383583068847656 -40.37087631225586
487 -44.145103454589844 -48.732505798339844
488 -44.0935173034668 -48.88245391845703
489 -44.019649505615234 -49.127655029296875
490 -43.92095184326172 -49.49763870239258
491 -43.84825134277344 -49.754173278808594
492 -43.75535583496094 -49.9525260925293
493 -43.6685791015625 -50.29542922973633
494 -43.62107849121094 -50.45374298095703
495 -43.46030807495117 -50.82318878173828
496 -43.166053771972656 -51.1465950012207
497 -42.94516372680664 -51.31743240356445
498 -42.744258880615234 -51.32019805908203
499 -42.527130126953125 -51.051307678222656
500 -42.19840621948242 -50.66374969482422
501 -42.04035949707031 -50.501243591308594
502 -41.84457778930664 -50.40578079223633
503 -41.66461181640625 -50.516761779785156
504 -41.325286865234375 -50.808326721191406
505 -41.032066345214844 -51.16228103637695
506 -40.97493362426758 -51.34882354736328
507 -40.88374710083008 -51.62641143798828
508 -40.81626892089844 -52.13825988769531
509 -40.83411407470703 -52.32649230957031
510 -40.91218566894531 -52.661109924316406
511 -41.14923095703125 -52.883453369140625
512 -41.480674743652344 -53.02703857421875
513 -41.8825569152832 -53.10261917114258
514 -42.10460662841797 -53.275665283203125
515 -42.236454010009766 -53.463111877441406
516 -42.19460678100586 -53.70463943481445
517 -42.04630661010742 -54.013267517089844
518 -41.9857177734375 -54.24528884887695
519 -41.88822555541992 -54.593650817871094
520 -41.88259506225586 -54.7498779296875
521 -42.05339431762695 -55.045223236083984
522 -42.283111572265625 -55.32695007324219
523 -42.400909423828125 -55.64027786254883
524 -42.49675750732422 -56.0465087890625
525 -42.47505569458008 -56.314579010009766
526 -42.387271881103516 -56.57490539550781
527 -42.322391510009766 -56.93152618408203
528 -42.23820495605469 -57.216163635253906
529 -38.70204162597656 -63.033077239990234
530 -38.59122848510742 -63.19780349731445
531 -38.46236801147461 -63.43962478637695
532 -38.252620697021484 -63.73128890991211
533 -38.020782470703125 -63.99909591674805
534 -37.74738311767578 -64.40538024902344
535 -37.62094497680664 -64.64111328125
536 -37.58328628540039 -64.9744873046875
537 -37.60868453979492 -65.21468353271484
538 -37.60282516479492 -65.48639678955078
539 -37.449005126953125 -65.63780212402344
540 -37.32494354248047 -65.71709442138672
541 -37.01522445678711 -65.88504791259766
542 -36.783382415771484 -65.98602294921875
543 -36.58792495727539 -65.86202239990234
544 -36.2979850769043 -65.73638153076172
545 -36.054351806640625 -65.6583023071289
546 -35.82429504394531 -65.5215835571289
547 -35.663414001464844 -65.47276306152344
548 -35.45582962036133 -65.3363037109375
549 -35.38031005859375 -65.25948333740234
550 -34.97506332397461 -64.9951400756836
551 -34.6156120300293 -64.79399871826172
552 -34.362823486328125 -64.67216491699219
553 -33.993648529052734 -64.47357940673828
554 -33.69491958618164 -64.35928344726562
555 -33.057220458984375 -64.11481475830078
556 -32.69636917114258 -63.95635986328125
557 -32.47928237915039 -63.84865951538086
558 -32.223388671875 -63.72248458862305
559 -32.00396728515625 -63.58877944946289
560 -31.727737426757812 -63.36840057373047
561 -31.4910888671875 -63.14622497558594
562 -31.32145118713379 -63.00382614135742
563 -31.06194496154785 -62.80011749267578
564 -30.9180850982666 -62.68887710571289
565 -30.784780502319336 -62.55681610107422
566 -30.59014892578125 -62.333335876464844
567 -30.28810691833496 -61.9969367980957
568 -30.100200653076172 -61.776466369628906
569 -29.996074676513672 -61.59764862060547
570 -29.972028732299805 -61.356964111328125
571 -30.012845993041992 -60.89799118041992
572 -30.057130813598633 -60.38286590576172
573 -30.043004989624023 -60.09212112426758
574 -29.945100784301758 -59.61146926879883
575 -29.80974769592285 -59.271278381347656
576 -29.69748306274414 -59.06178665161133
577 -29.602680206298828 -58.827781677246094
578 -29.53461456298828 -58.664085388183594
579 -29.424686431884766 -58.43256759643555
580 -29.228694915771484 -58.00483703613281
581 -28.691097259521484 -57.42673873901367
582 -28.55377960205078 -57.275123596191406
583 -28.28323745727539 -57.311309814453125
584 -28.064977645874023 -57.37335968017578
585 -27.820396423339844 -57.48286437988281
586 -27.470687866210938 -57.6107063293457
587 -27.167200088500977 -57.66423416137695
588 -26.964805603027344 -57.67164611816406
589 -26.811845779418945 -57.60734176635742
590 -26.44758415222168 -57.391754150390625
591 -26.130407333374023 -57.13361358642578
592 -25.952173233032227 -56.83940505981445
593 -25.68762969970703 -56.377811431884766
594 -25.607990264892578 -55.97165298461914
595 -25.667591094970703 -55.60765075683594
596 -25.835567474365234 -55.36763000488281
597 -26.210416793823242 -55.084503173828125
598 -26.500612258911133 -54.882469177246094
599 -26.786903381347656 -54.681026458740234
600 -27.042198181152344 -54.60317611694336
601 -27.499984741210938 -54.46322250366211
602 -27.7076416015625 -54.325626373291016
603 -39.067569732666016 -44.688011169433594
604 -39.14078903198242 -44.6048469543457
605 -39.33344268798828 -44.59141159057617
606 -39.613094329833984 -44.68927001953125
607 -39.89643478393555 -44.81686782836914
608 -40.09599685668945 -44.934844970703125
609 -40.36109924316406 -45.10345458984375
610 -40.600887298583984 -45.210628509521484
611 -41.02804946899414 -45.36015701293945
612 -41.3450813293457 -45.47646713256836
613 -41.70234298706055 -45.578556060791016
614 -42.130577087402344 -45.73522186279297
615 -42.339576721191406 -45.83598709106445
616 -42.554779052734375 -45.94863510131836
617 -42.86909866333008 -46.25910186767578
618 -42.9974365234375 -46.49498748779297
619 -43.029327392578125 -46.81282043457031
620 -43.01172637939453 -47.13557434082031
621 -42.89542007446289 -47.38148880004883
622 -42.690635681152344 -47.69119644165039
623 -42.499755859375 -47.8906364440918
624 -42.2027587890625 -48.08678436279297
625 -41.558162689208984 -48.30938720703125
626 -41.13327407836914 -48.34709930419922
627 -40.72801208496094 -48.29785919189453
628 -40.545223236083984 -48.222476959228516
629 -40.33738708496094 -48.094505310058594
630 -39.996517181396484 -47.76920700073242
631 -39.78114318847656 -47.56235122680664
632 -39.55937576293945 -47.363887786865234
633 -39.391075134277344 -47.209259033203125
634 -39.25874710083008 -47.12894058227539
635 -38.99415588378906 -46.951759338378906
636 -38.802181243896484 -46.82869338989258
637 -38.563751220703125 -46.6334342956543
638 -38.36216735839844 -46.465431213378906
639 -38.114280700683594 -46.276798248291016
640 -37.847652435302734 -46.07065963745117
641 -37.578460693359375 -45.895511627197266
642 -37.34897232055664 -45.75844955444336
643 -37.123863220214844 -45.64507293701172
644 -36.778526306152344 -45.56047821044922
645 -36.48822784423828 -45.55094909667969
646 -35.74248123168945 -45.6768684387207
647 -35.46076202392578 -45.74085235595703
648 -35.1585578918457 -45.775516510009766
649 -34.63911056518555 -45.82930374145508
650 -34.17017364501953 -45.821022033691406
651 -34.02985763549805 -45.69728088378906
652 -33.79298400878906 -45.41482162475586
653 -33.6871452331543 -45.00091552734375
654 -33.58396911621094 -44.56486892700195
655 -33.60810089111328 -44.344154357910156
656 -33.80927658081055 -44.0947380065918
657 -34.076202392578125 -43.860897064208984
658 -34.2916259765625 -43.725303649902344
659 -34.64192581176758 -43.68351745605469
660 -35.07273864746094 -43.57707214355469
661 -35.36298751831055 -43.523033142089844
662 -35.6436767578125 -43.57988357543945
663 -35.8890380859375 -43.60380935668945
664 -36.157020568847656 -43.663169860839844
665 -36.45554733276367 -43.67172622680664
666 -37.099239349365234 -43.566165924072266
667 -37.61107635498047 -43.289363861083984
668 -37.83637237548828 -43.06308364868164
669 -38.060142517089844 -42.89577865600586
670 -38.21050262451172 -42.72913360595703
671 -38.57816696166992 -42.61228561401367
672 -38.862979888916016 -42.405399322509766
673 -39.16082000732422 -41.95884323120117
674 -39.25260543823242 -41.72868347167969
675 -39.329620361328125 -41.67063903808594
676 -39.56705856323242 -41.66312789916992
677 -39.92940139770508 -41.607154846191406
678 -40.29357147216797 -41.587913513183594
679 -40.59951400756836 -41.53047180175781
680 -41.01535415649414 -41.4882926940918
681 -41.277713775634766 -41.64039993286133
682 -41.361141204833984 -41.95941162109375
683 -41.332576751708984 -42.283836364746094
684 -41.24431610107422 -42.62200927734375
685 -41.198909759521484 -42.8885498046875
686 -41.23638153076172 -43.202449798583984
687 -41.469749450683594 -43.391944885253906
688 -41.87306213378906 -43.680301666259766
689 -42.090084075927734 -43.749755859375
690 -46.798095703125 -44.58430480957031
691 -47.04740905761719 -44.626747131347656
692 -47.3606071472168 -44.69757843017578
693 -47.65538787841797 -44.71663284301758
694 -48.06189727783203 -44.723915100097656
695 -48.43898010253906 -44.77266311645508
696 -48.68843078613281 -44.807456970214844
697 -49.25516128540039 -45.01308059692383
698 -49.58808517456055 -45.191123962402344
699 -49.919189453125 -45.52506637573242
700 -50.30040740966797 -45.951072692871094
701 -50.49000930786133 -46.203609466552734
702 -50.610652923583984 -46.493289947509766
703 -50.65080642700195 -46.84339141845703
704 -50.67811965942383 -47.35330581665039
705 -50.60744857788086 -47.970943450927734
706 -50.49005126953125 -48.34363555908203
707 -50.4879035949707 -48.59911346435547
708 -50.47501754760742 -49.38214111328125
709 -50.48029708862305 -49.85952377319336
710 -50.437217712402344 -50.14817810058594
711 -50.39909362792969 -50.44550704956055
712 -50.255306243896484 -50.92142105102539
713 -50.15751647949219 -51.15043258666992
714 -49.88840866088867 -51.2515754699707
715 -49.304229736328125 -51.23762130737305
716 -49.05307388305664 -51.182376861572266
717 -48.90556335449219 -50.94046401977539
718 -48.79457092285156 -50.65113830566406
719 -48.64360046386719 -50.13369369506836
720 -48.657493591308594 -49.69535446166992
721 -48.63960647583008 -49.370018005371094
722 -48.58987808227539 -49.12800598144531
723 -48.217063903808594 -48.410133361816406
724 -48.11186981201172 -48.19108963012695
725 -48.108890533447266 -47.99089813232422
726 -48.072418212890625 -47.58681869506836
727 -48.12962341308594 -47.315032958984375
728 -48.175079345703125 -47.090030670166016
729 -48.5029182434082 -46.78466033935547
730 -48.613380432128906 -46.66086959838867
731 -48.74671173095703 -46.585018157958984
732 -58.235897064208984 -41.98951721191406
733 -58.31669235229492 -41.741371154785156
734 -58.34435272216797 -41.583988189697266
735 -58.36189270019531 -41.29517364501953
736 -58.241920471191406 -40.83366775512695
737 -58.09779739379883 -40.28580093383789
738 -57.995582580566406 -40.102027893066406
739 -57.781314849853516 -40.013023376464844
740 -57.41081237792969 -40.038909912109375
741 -57.12716293334961 -40.02456283569336
742 -56.83735656738281 -40.14627456665039
743 -56.46038818359375 -40.379608154296875
744 -56.194854736328125 -40.5825309753418
745 -55.85404968261719 -40.81620788574219
746 -55.63358688354492 -40.958778381347656
747 -55.23981857299805 -41.20584487915039
748 -55.07819366455078 -41.30234146118164
749 -54.93880844116211 -41.386409759521484
750 -54.511756896972656 -41.647621154785156
751 -54.31817626953125 -41.80399703979492
752 -54.112178802490234 -41.89487075805664
753 -53.8233757019043 -42.026824951171875
754 -53.53007125854492 -42.12309265136719
755 -53.22010803222656 -42.225975036621094
756 -52.9530029296875 -42.340232849121094
757 -52.54509735107422 -42.499908447265625
758 -52.27278518676758 -42.571754455566406
759 -52.04561996459961 -42.62628936767578
760 -51.71405792236328 -42.69114303588867
761 -51.474552154541016 -42.74073028564453
762 -51.1597785949707 -42.7850341796875
763 -50.6580696105957 -42.84038543701172
764 -50.2484130859375 -42.87693405151367
765 -49.96601486206055 -42.88762283325195
766 -49.58716583251953 -42.85282516479492
767 -49.158504486083984 -42.79104995727539
768 -48.86180877685547 -42.68201446533203
769 -48.515438079833984 -42.638614654541016
770 -48.02870178222656 -42.63637161254883
771 -47.33489227294922 -42.62006759643555
772 -46.8393440246582 -42.522518157958984
773 -46.504634857177734 -42.399452209472656
774 -46.16576385498047 -42.19972229003906
775 -45.92942428588867 -42.00887680053711
776 -45.818450927734375 -41.861690521240234
777 -45.685081481933594 -41.68854904174805
778 -45.278656005859375 -41.25373458862305
779 -45.05231857299805 -41.13796615600586
780 -44.66499710083008 -40.939998626708984
781 -43.9938850402832 -40.73377227783203
782 -43.479766845703125 -40.619117736816406
783 -43.226322174072266 -40.4439811706543
784 -43.08827209472656 -40.224754333496094
785 -42.984764099121094 -39.917015075683594
786 -43.0977783203125 -39.6538200378418
787 -43.1769905090332 -38.98066711425781
788 -43.272979736328125 -38.66862869262695
789 -43.36039733886719 -38.53068161010742
790 -43.458740234375 -38.455875396728516
791 -43.77730178833008 -38.43984603881836
792 -44.27909469604492 -38.631832122802734
793 -44.55467224121094 -38.7424430847168
794 -45.03875732421875 -38.72071075439453
795 -45.29016876220703 -38.660587310791016
796 -45.6842041015625 -38.50235366821289
797 -45.98394775390625 -38.28214645385742
798 -46.37816619873047 -38.0688591003418
799 -46.615177154541016 -37.9625358581543
800 -46.7918586730957 -37.784603118896484
801 -47.00237274169922 -37.527652740478516
802 -47.10228729248047 -37.36337661743164
803 -47.18365478515625 -37.1130256652832
804 -47.0770149230957 -36.77811813354492
805 -46.85099792480469 -36.4030876159668
806 -46.51806640625 -36.09422302246094
807 -46.312068939208984 -35.94551086425781
808 -46.08087921142578 -35.818458557128906
809 -45.71302032470703 -35.83366775512695
810 -45.53251647949219 -35.85326385498047
811 -45.33683776855469 -35.88566207885742
812 -45.00539016723633 -35.83422088623047
813 -44.5634651184082 -35.69744110107422
814 -44.37449264526367 -35.489376068115234
815 -44.30121612548828 -35.21210861206055
816 -44.27583312988281 -34.919822692871094
817 -44.424598693847656 -34.707923889160156
818 -44.532371520996094 -34.551490783691406
819 -44.69729995727539 -34.27199172973633
820 -44.894683837890625 -34.083221435546875
821 -45.16465377807617 -33.75758743286133
822 -45.626548767089844 -33.189170837402344
823 -45.78369140625 -32.970420837402344
824 -46.11054229736328 -32.59502410888672
825 -46.26329803466797 -32.31365203857422
826 -46.37258529663086 -31.959918975830078
827 -46.40724182128906 -31.67768669128418
828 -46.340267181396484 -31.34084701538086
829 -46.07925033569336 -31.073162078857422
830 -45.78234100341797 -30.962783813476562
831 -45.31232452392578 -30.882442474365234
832 -45.096656799316406 -30.8392333984375
833 -44.71211624145508 -30.812253952026367
834 -44.43556213378906 -30.808019638061523
835 -43.86497497558594 -30.857404708862305
836 -43.524566650390625 -30.82002067565918
837 -43.32928466796875 -30.853979110717773
838 -42.96523666381836 -30.997020721435547
839 -42.61731719970703 -31.15519142150879
840 -42.31208038330078 -31.341411590576172
841 -42.132137298583984 -31.48934555053711
842 -41.799705505371094 -31.884784698486328
843 -41.56208801269531 -32.07565689086914
844 -41.382713317871094 -32.229698181152344
845 -41.2059211730957 -32.423465728759766
846 -41.00127029418945 -32.535194396972656
847 -40.76145935058594 -32.677764892578125
848 -40.592445373535156 -32.802120208740234
849 -40.39413833618164 -32.946353912353516
850 -40.22554016113281 -33.0577392578125
851 -32.46285629272461 -50.63126754760742
852 -32.44156265258789 -50.74386978149414
853 -32.497093200683594 -50.96498489379883
854 -32.58220291137695 -51.30240249633789
855 -32.52499771118164 -51.56480407714844
856 -32.35001754760742 -51.778099060058594
857 -32.02055740356445 -51.994361877441406
858 -31.779863357543945 -52.157005310058594
859 -31.368850708007812 -52.33256530761719
860 -31.106040954589844 -52.41337966918945
861 -30.77362060546875 -52.627132415771484
862 -30.562673568725586 -52.76527786254883
863 -30.32968521118164 -52.96788787841797
864 -30.25301742553711 -53.25615692138672
865 -30.214529037475586 -53.63639450073242
866 -30.296463012695312 -53.923301696777344
867 -30.437366485595703 -54.09042739868164
868 -30.596481323242188 -54.21861267089844
869 -31.118942260742188 -54.411354064941406
870 -31.512725830078125 -54.49342346191406
871 -31.701801300048828 -54.49296951293945
872 -32.024940490722656 -54.466636657714844
873 -32.67430877685547 -54.41468811035156
874 -32.92091751098633 -54.45135498046875
875 -33.101593017578125 -54.656585693359375
876 -33.12820053100586 -54.99757766723633
877 -33.056068420410156 -55.326019287109375
878 -32.85004806518555 -55.83876037597656
879 -32.86591720581055 -56.325504302978516
880 -32.996158599853516 -56.4743766784668
881 -33.17929458618164 -56.53934860229492
882 -33.532432556152344 -56.50623321533203
883 -33.933467864990234 -56.359947204589844
884 -34.267555236816406 -56.201141357421875
885 -34.67426681518555 -56.03065872192383
886 -34.89925003051758 -56.0372314453125
887 -35.13518142700195 -56.294498443603516
888 -35.33308029174805 -56.57184600830078
889 -35.430458068847656 -56.981964111328125
890 -35.466129302978516 -57.12425994873047
891 -35.37504196166992 -57.395965576171875
892 -35.25687789916992 -57.607261657714844
893 -35.22351837158203 -57.770225524902344
894 -35.148868560791016 -58.000770568847656
895 -35.05758285522461 -58.370784759521484
896 -34.936092376708984 -58.67903137207031
897 -34.900638580322266 -58.85747146606445
898 -34.83715057373047 -59.19139099121094
899 -34.84292221069336 -59.42700958251953
900 -35.01708984375 -59.80540084838867
901 -35.30398178100586 -60.06538391113281
902 -35.65961837768555 -60.18054962158203
903 -36.05089569091797 -60.26723098754883
904 -36.34593963623047 -60.19001007080078
905 -36.652435302734375 -60.05685806274414
906 -36.912017822265625 -59.772098541259766
907 -37.24944305419922 -59.65976333618164
908 -37.620357513427734 -59.576873779296875
909 -38.18073654174805 -59.41046142578125
910 -38.48511505126953 -59.26168441772461
911 -38.65546417236328 -59.078758239746094
912 -38.91560363769531 -58.712528228759766
913 -39.09546661376953 -58.32393264770508
914 -39.23952102661133 -57.9720573425293
915 -39.34880447387695 -57.612422943115234
916 -39.405433654785156 -57.310752868652344
917 -39.39005661010742 -56.76704406738281
918 -39.29079055786133 -56.28615951538086
919 -39.247459411621094 -56.0888671875
920 -39.128787994384766 -55.74344253540039
921 -39.051727294921875 -55.46967697143555
922 -38.903778076171875 -55.152862548828125
923 -38.673099517822266 -54.79471206665039
924 -38.520992279052734 -54.593570709228516
925 -38.346336364746094 -54.47056579589844
926 -38.14506530761719 -54.43528366088867
927 -37.51585388183594 -54.4891242980957
928 -37.0578727722168 -54.758941650390625
929 -36.869537353515625 -54.898681640625
930 -36.743534088134766 -54.87940216064453
931 -36.50503158569336 -54.776527404785156
932 -36.37492370605469 -54.64262008666992
933 -36.275325775146484 -54.456138610839844
934 -36.17435836791992 -54.27523422241211
935 -36.027748107910156 -53.97415542602539
936 -35.92605972290039 -53.644630432128906
937 -35.782142639160156 -53.5067253112793
938 -35.709068298339844 -53.40810775756836
939 -35.63121795654297 -53.134300231933594
940 -35.494110107421875 -52.97529983520508
941 -35.46953582763672 -52.625247955322266
942 -35.53407669067383 -52.34703063964844
943 -35.53218460083008 -52.134464263916016
944 -35.4123649597168 -51.766815185546875
945 -35.156333923339844 -51.4211540222168
946 -34.92967224121094 -51.27898406982422
947 -34.72020721435547 -51.23378372192383
948 -34.51032638549805 -50.99388122558594
949 -34.38072204589844 -50.65164566040039
950 -34.2765007019043 -50.35265350341797
951 -34.3289680480957 -50.082515716552734
952 -34.56772994995117 -49.69755172729492
953 -34.814109802246094 -49.66402816772461
954 -35.240318298339844 -49.78644561767578
955 -35.73182678222656 -50.06593704223633
956 -36.23725128173828 -50.388484954833984
957 -37.3756217956543 -51.47761917114258
958 -37.51765441894531 -51.62156677246094
959 -37.77239990234375 -51.71737289428711
960 -38.08116912841797 -51.68977355957031
961 -38.4379997253418 -51.42255783081055
962 -38.652305603027344 -51.225975036621094
963 -38.810752868652344 -51.132171630859375
964 -38.93406677246094 -50.9345588684082
965 -38.91214370727539 -50.718318939208984
966 -38.7844123840332 -50.44746398925781
967 -38.66379928588867 -50.23124694824219
968 -38.46687316894531 -50.07649612426758
969 -38.24136734008789 -49.9281120300293
970 -38.06521224975586 -49.682861328125
971 -37.808998107910156 -49.41444778442383
972 -37.62062454223633 -49.12618637084961
973 -37.48440933227539 -48.79940414428711
974 -37.291343688964844 -48.50004196166992
975 -37.02470016479492 -48.12147521972656
976 -36.71905517578125 -47.83563232421875
977 -36.51750564575195 -47.74695587158203
978 -36.138851165771484 -47.728721618652344
979 -35.78526306152344 -47.74958419799805
980 -35.580230712890625 -47.71720504760742
981 -35.22604751586914 -47.72433090209961
982 -34.82744216918945 -47.667076110839844
983 -34.32984924316406 -47.663848876953125
984 -33.895137786865234 -47.83102035522461
985 -33.50471496582031 -48.07566452026367
986 -33.16757583618164 -48.212501525878906
987 -32.85758590698242 -48.24484634399414
988 -32.60151672363281 -48.234920501708984
989 -32.3724479675293 -47.92387390136719
990 -32.20323944091797 -47.616580963134766
991 -32.021297454833984 -47.52162551879883
992 -31.79109001159668 -47.3739128112793
993 -31.50748062133789 -47.229766845703125
994 -31.079984664916992 -47.2008171081543
995 -30.80168914794922 -47.153568267822266
996 -30.45525360107422 -47.13105392456055
997 -30.174009323120117 -47.12179183959961
998 -29.985593795776367 -47.115020751953125
999 -29.890844345092773 -47.11848068237305
