0 61.69997024536133 46.516117095947266
1 61.7573127746582 46.64873504638672
2 61.853729248046875 46.94364929199219
3 61.96098327636719 47.172218322753906
4 62.080299377441406 47.41624450683594
5 62.46592330932617 48.02960968017578
6 62.590782165527344 48.19682312011719
7 62.89715576171875 48.495662689208984
8 63.37605667114258 48.88865280151367
9 63.7314567565918 49.02582550048828
10 64.26520538330078 48.95121383666992
11 64.97459411621094 48.54652786254883
12 65.27047729492188 48.322242736816406
13 65.6199722290039 47.87747573852539
14 65.84196472167969 47.56529998779297
15 66.02472686767578 47.27129364013672
16 66.11568450927734 47.13448715209961
17 66.98330688476562 46.49103927612305
18 67.17289733886719 46.40441131591797
19 67.39099884033203 46.35587692260742
20 68.79589080810547 46.169578552246094
21 69.03770446777344 46.11513900756836
22 69.08038330078125 46.10202407836914
23 62.38523864746094 16.59432601928711
24 62.62063980102539 16.477663040161133
25 62.88089370727539 16.294490814208984
26 63.271236419677734 15.957622528076172
27 63.562381744384766 15.58791732788086
28 63.6944465637207 15.557413101196289
29 63.98953628540039 15.585371971130371
30 64.24808502197266 15.6577730178833
31 64.66577911376953 15.718379020690918
32 64.83724975585938 15.727614402770996
33 64.8724594116211 15.753020286560059
34 70.9202651977539 21.731250762939453
35 71.02742004394531 21.409194946289062
36 71.13009643554688 20.799196243286133
37 71.10462951660156 20.65026092529297
38 71.026611328125 20.665424346923828
39 69.23388671875 21.358081817626953
40 69.11531829833984 21.21342658996582
41 68.97176361083984 20.93692970275879
42 69.06310272216797 20.588537216186523
43 69.23251342773438 20.140626907348633
44 69.47636413574219 19.765941619873047
45 69.717041015625 19.47092628479004
46 69.85527038574219 19.007247924804688
47 69.71369934082031 18.64459991455078
48 69.3488540649414 18.51053810119629
49 68.79501342773438 18.46426773071289
50 68.4333267211914 18.52256965637207
51 68.03239440917969 18.77787971496582
52 67.3520736694336 19.242996215820312
53 67.16400909423828 19.441190719604492
54 66.9385986328125 19.737503051757812
55 66.64915466308594 20.15261459350586
56 66.41451263427734 20.46636199951172
57 66.44034576416016 20.687763214111328
58 66.77973937988281 21.4327449798584
59 66.9912109375 21.721282958984375
60 67.06973266601562 21.846559524536133
61 68.43373107910156 25.31391716003418
62 68.7636947631836 25.73716163635254
63 68.9163589477539 25.89719009399414
64 69.28005981445312 26.038148880004883
65 69.61204528808594 26.12635040283203
66 70.1673812866211 26.18313217163086
67 70.52613067626953 26.200803756713867
68 71.05859375 26.0919246673584
69 71.31995391845703 25.863426208496094
70 71.70668029785156 25.397747039794922
71 71.8510513305664 25.088523864746094
72 72.59521484375 23.03142738342285
73 72.64439392089844 22.796113967895508
74 72.8417739868164 22.20745849609375
75 73.07817840576172 21.65096092224121
76 73.18287658691406 21.36510467529297
77 73.1707763671875 21.234838485717773
78 72.28631591796875 19.33353042602539
79 72.15704345703125 19.11805534362793
80 71.93893432617188 18.952993392944336
81 71.7133560180664 18.921913146972656
82 65.07898712158203 19.484189987182617
83 64.9769058227539 19.430511474609375
84 64.98780822753906 19.359519958496094
85 65.77680969238281 17.999820709228516
86 65.77243041992188 17.88064956665039
87 65.61898803710938 17.787412643432617
88 65.15494537353516 17.578676223754883
89 63.74211502075195 13.632303237915039
90 63.68994140625 13.41151237487793
91 63.594947814941406 13.107236862182617
92 63.18602752685547 12.677694320678711
93 62.81807327270508 12.466325759887695
94 62.63985824584961 12.404841423034668
95 62.36829376220703 12.335110664367676
96 61.361507415771484 12.065757751464844
97 60.774513244628906 11.801774024963379
98 60.56381607055664 11.71300983428955
99 60.47898483276367 11.717546463012695
100 76.08381652832031 22.320411682128906
101 76.1983413696289 22.428316116333008
102 77.12162780761719 23.217435836791992
103 77.2322769165039 23.32825469970703
104 77.40706634521484 23.276443481445312
105 77.5735855102539 23.150177001953125
106 78.31497955322266 22.180458068847656
107 78.50841522216797 21.982370376586914
108 78.75173950195312 21.79230308532715
109 79.30384063720703 20.748567581176758
110 79.37305450439453 20.41798973083496
111 79.44193267822266 19.52957534790039
112 79.61163330078125 19.25710105895996
113 79.85032653808594 19.006572723388672
114 80.09890747070312 18.937408447265625
115 80.68509674072266 19.051774978637695
116 80.88813781738281 19.151094436645508
117 81.26972961425781 19.35460662841797
118 83.5145492553711 20.52541160583496
119 83.58707427978516 20.57175064086914
120 83.77597045898438 20.8907527923584
121 84.04016876220703 21.355636596679688
122 84.2616195678711 21.82331085205078
123 84.3670883178711 22.1671085357666
124 84.44332885742188 22.758373260498047
125 84.42192840576172 23.389690399169922
126 84.33745574951172 23.7476749420166
127 83.98944854736328 24.259862899780273
128 83.75919342041016 24.41472625732422
129 83.31652069091797 24.526832580566406
130 82.86774444580078 24.544246673583984
131 82.55329132080078 24.466432571411133
132 82.03593444824219 24.24431037902832
133 81.71805572509766 24.098817825317383
134 81.20122528076172 23.938642501831055
135 80.92630004882812 23.888046264648438
136 79.97315979003906 24.096546173095703
137 79.90142822265625 24.240013122558594
138 79.78337860107422 24.52873420715332
139 79.24242401123047 25.584671020507812
140 79.13733673095703 25.902082443237305
141 78.96510314941406 26.52299690246582
142 78.97628784179688 26.811275482177734
143 79.21060180664062 27.300600051879883
144 79.32466125488281 27.510894775390625
145 79.71832275390625 28.664426803588867
146 79.62684631347656 28.921037673950195
147 79.4146728515625 29.20044708251953
148 78.9891128540039 29.34899139404297
149 78.67884826660156 29.37323570251465
150 77.90018463134766 29.083951950073242
151 77.57282257080078 28.867935180664062
152 71.64291381835938 17.34366798400879
153 71.50302124023438 17.22285270690918
154 71.16168975830078 17.03510284423828
155 70.69868469238281 16.810611724853516
156 70.32925415039062 16.712514877319336
157 69.85588073730469 16.795352935791016
158 69.55811309814453 16.791589736938477
159 61.124324798583984 14.785480499267578
160 61.046363830566406 14.709070205688477
161 60.854591369628906 14.54045295715332
162 60.838233947753906 14.32723617553711
163 60.90303421020508 14.141729354858398
164 61.90717315673828 4.657955169677734
165 61.5911750793457 4.251262664794922
166 61.121551513671875 3.930901527404785
167 60.84475326538086 3.855973720550537
168 60.58273696899414 3.984196901321411
169 60.264156341552734 4.416932106018066
170 60.10999298095703 4.837503910064697
171 61.339073181152344 9.191872596740723
172 61.418819427490234 9.391572952270508
173 61.41066360473633 9.550856590270996
174 66.25457000732422 23.402360916137695
175 66.31254577636719 23.591182708740234
176 66.4613037109375 24.143945693969727
177 66.49263763427734 24.29905891418457
178 66.37958526611328 24.353355407714844
179 64.83672332763672 24.722990036010742
180 64.67977142333984 24.64210319519043
181 64.50203704833984 24.58767318725586
182 64.29562377929688 24.461973190307617
183 63.8700065612793 24.307262420654297
184 63.06558609008789 24.14223289489746
185 62.68235778808594 24.085115432739258
186 62.33536148071289 24.006534576416016
187 61.851436614990234 23.957921981811523
188 61.694244384765625 23.926130294799805
189 61.27188491821289 23.924152374267578
190 60.99003982543945 23.9559268951416
191 60.36043167114258 23.98674774169922
192 60.17185974121094 23.862031936645508
193 59.82917022705078 23.394594192504883
194 59.68413543701172 23.31787872314453
195 59.18185043334961 23.244218826293945
196 59.01206588745117 23.33070945739746
197 58.460750579833984 24.01976203918457
198 58.467933654785156 24.476890563964844
199 58.5916862487793 24.88500213623047
200 58.82313919067383 25.70948600769043
201 58.95111846923828 25.959442138671875
202 59.34263229370117 26.369346618652344
203 59.49264144897461 26.46277618408203
204 60.61983871459961 26.741741180419922
205 61.00811004638672 26.762907028198242
206 61.22858810424805 26.7567138671875
207 62.454689025878906 26.58295440673828
208 62.719078063964844 26.564075469970703
209 63.15297317504883 26.529541015625
210 63.35093307495117 26.54506492614746
211 68.9869613647461 37.32649612426758
212 68.9759521484375 37.20669937133789
213 68.8250503540039 37.04607009887695
214 67.52073669433594 27.984378814697266
215 67.34088897705078 27.690494537353516
216 67.05810546875 27.244892120361328
217 66.73493194580078 26.906076431274414
218 66.48115539550781 26.600976943969727
219 66.34004211425781 26.240541458129883
220 66.22958374023438 26.050710678100586
221 65.95663452148438 25.605358123779297
222 64.98807525634766 22.756061553955078
223 65.0174789428711 22.63666343688965
224 72.67019653320312 37.86863708496094
225 72.83289337158203 37.8016242980957
226 73.1631851196289 37.56473159790039
227 73.77041625976562 36.900421142578125
228 73.98729705810547 36.76905822753906
229 74.1728515625 36.403377532958984
230 74.3792724609375 36.20284652709961
231 75.65766143798828 35.215396881103516
232 75.93925476074219 35.175872802734375
233 76.31710052490234 35.405677795410156
234 76.51026916503906 35.6911735534668
235 76.65267181396484 36.31605911254883
236 76.67948913574219 37.25627136230469
237 76.72392272949219 37.64322280883789
238 76.68136596679688 37.822349548339844
239 76.26517486572266 38.075164794921875
240 75.98217010498047 38.342891693115234
241 75.68948364257812 38.55846405029297
242 75.14384460449219 38.83888626098633
243 75.02629089355469 38.85026168823242
244 67.51944732666016 29.940452575683594
245 67.46216583251953 30.031124114990234
246 67.34049224853516 30.491687774658203
247 67.14752197265625 30.711366653442383
248 66.83039093017578 31.000213623046875
249 66.42412567138672 31.20307159423828
250 66.19137573242188 31.374242782592773
251 65.87950134277344 31.78851890563965
252 65.65752410888672 32.16341781616211
253 65.42350006103516 32.40456771850586
254 63.72306823730469 36.589210510253906
255 63.82944107055664 36.69642639160156
256 64.38704681396484 36.9964599609375
257 64.71116638183594 37.10643005371094
258 64.99180603027344 37.21349334716797
259 65.35111236572266 37.191707611083984
260 65.7596435546875 37.143959045410156
261 66.40705871582031 37.27336883544922
262 66.75843811035156 37.391422271728516
263 66.89240264892578 37.481353759765625
264 66.9950180053711 38.40959548950195
265 67.04365539550781 38.959510803222656
266 67.07697296142578 39.183433532714844
267 67.09074401855469 39.25333023071289
268 69.07272338867188 34.61422348022461
269 69.07438659667969 34.52913284301758
270 69.0357894897461 34.464637756347656
271 60.93510818481445 33.70213317871094
272 60.94294738769531 33.78574752807617
273 61.384178161621094 34.15028762817383
274 61.773643493652344 34.28372573852539
275 62.203346252441406 34.45222854614258
276 62.762939453125 34.634830474853516
277 63.24819564819336 34.627845764160156
278 64.39122009277344 34.58656692504883
279 64.59801483154297 34.566795349121094
280 65.26724243164062 34.42628860473633
281 65.42715454101562 34.416595458984375
282 65.53792572021484 34.38317108154297
283 66.37075805664062 33.68215560913086
284 67.04527282714844 33.60579299926758
285 67.40345764160156 33.54000473022461
286 67.66758728027344 33.348567962646484
287 67.7576675415039 33.12982940673828
288 67.6543197631836 32.88214111328125
289 61.019874572753906 28.940811157226562
290 60.91246795654297 29.098514556884766
291 60.869083404541016 29.290708541870117
292 60.943992614746094 29.47776985168457
293 61.26565170288086 30.036073684692383
294 61.60554504394531 30.73779296875
295 61.66328430175781 31.026674270629883
296 61.68821334838867 31.380615234375
297 61.71870040893555 31.605937957763672
298 62.072296142578125 32.19791793823242
299 62.350807189941406 32.34566116333008
300 62.66995620727539 32.38311004638672
301 63.207252502441406 32.68291091918945
302 63.485660552978516 32.83516311645508
303 63.74595642089844 32.93270492553711
304 64.0296401977539 33.00935745239258
305 70.33258056640625 39.41200637817383
306 70.39029693603516 39.67103958129883
307 70.38090515136719 39.9233283996582
308 70.23388671875 40.41679382324219
309 70.08828735351562 40.58461380004883
310 69.77227783203125 41.04540252685547
311 69.560546875 41.16436004638672
312 68.95549774169922 41.3776741027832
313 68.68641662597656 41.40800476074219
314 67.69381713867188 41.17505645751953
315 67.53754425048828 41.130836486816406
316 62.847564697265625 39.92481231689453
317 62.78312683105469 39.79301834106445
318 62.73659896850586 39.43986129760742
319 63.10908889770508 38.71072006225586
320 63.45806121826172 38.63212966918945
321 64.00775146484375 38.84951400756836
322 64.62509155273438 39.40889358520508
323 65.11724853515625 40.2928352355957
324 65.18806457519531 40.50260925292969
325 65.10189056396484 41.3914680480957
326 64.8709716796875 41.67466354370117
327 64.55451202392578 41.816070556640625
328 63.865962982177734 41.90971374511719
329 63.49992370605469 41.928016662597656
330 62.8113899230957 42.35680389404297
331 62.718727111816406 42.52540969848633
332 62.755619049072266 42.87650680541992
333 63.17842102050781 43.676025390625
334 63.307003021240234 43.834190368652344
335 64.06722259521484 44.2677116394043
336 64.47700500488281 44.311058044433594
337 64.76821899414062 44.27828598022461
338 65.54383087158203 43.93720626831055
339 65.8463363647461 43.794490814208984
340 66.64167022705078 43.50585174560547
341 66.93417358398438 43.36599349975586
342 67.20153045654297 43.17507553100586
343 67.23961639404297 43.07798767089844
344 61.37492752075195 41.04977035522461
345 61.278709411621094 40.937198638916016
346 61.00700378417969 39.93117904663086
347 60.88877487182617 39.604862213134766
348 60.73337173461914 39.096290588378906
349 60.572330474853516 38.580013275146484
350 60.499290466308594 38.455631256103516
351 59.834590911865234 38.233299255371094
352 59.55805206298828 38.198978424072266
353 59.04990005493164 38.192115783691406
354 58.92250442504883 38.294921875
355 58.686485290527344 38.7420539855957
356 58.258270263671875 39.60082244873047
357 58.241844177246094 40.24296569824219
358 58.338035583496094 40.841190338134766
359 58.3688850402832 41.5556526184082
360 58.45323944091797 41.695648193359375
361 58.81087875366211 41.67464828491211
362 59.1219482421875 41.57037353515625
363 57.80906295776367 37.08401870727539
364 57.62792205810547 36.73162078857422
365 57.419864654541016 36.26214599609375
366 57.42216491699219 35.89733123779297
367 57.58018493652344 35.70478820800781
368 58.02496337890625 35.33930969238281
369 58.82122802734375 34.94361114501953
370 59.02699661254883 34.975067138671875
371 59.34748458862305 35.19943618774414
372 59.782527923583984 35.520408630371094
373 60.55621337890625 36.05323791503906
374 60.82855987548828 36.122398376464844
375 66.95957946777344 35.49518585205078
376 67.09192657470703 35.54037094116211
377 67.23918914794922 35.65694046020508
378 67.42462158203125 35.865108489990234
379 75.36244201660156 24.660680770874023
380 75.34673309326172 24.507497787475586
381 75.22994232177734 24.28275489807129
382 74.66246795654297 23.701231002807617
383 74.53588104248047 23.513704299926758
384 71.31208038330078 12.933808326721191
385 71.27537536621094 12.63318920135498
386 70.9015121459961 12.232975006103516
387 70.5120620727539 11.98863410949707
388 70.13558197021484 11.76815414428711
389 69.96900177001953 11.696269989013672
390 71.3239517211914 14.29506778717041
391 71.32166290283203 14.529813766479492
392 71.3494644165039 14.811562538146973
393 71.49378204345703 15.141009330749512
394 71.73172760009766 15.362281799316406
395 72.25428009033203 15.545416831970215
396 72.77591705322266 15.57514762878418
397 72.99705505371094 15.486363410949707
398 73.41357421875 15.249698638916016
399 73.73712921142578 15.165511131286621
400 74.09562683105469 15.129161834716797
401 74.75891876220703 15.502835273742676
402 74.72589874267578 15.714592933654785
403 74.3989028930664 16.51859474182129
404 74.22520446777344 16.931364059448242
405 73.99720001220703 17.48710823059082
406 73.93740844726562 17.792802810668945
407 73.97097778320312 18.287431716918945
408 74.23892974853516 18.747926712036133
409 74.45316314697266 19.02188491821289
410 74.98343658447266 19.446542739868164
411 75.54383087158203 19.6555118560791
412 75.99143981933594 19.702817916870117
413 76.14563751220703 19.584447860717773
414 76.29209899902344 19.043827056884766
415 76.3721923828125 18.46433448791504
416 76.54505920410156 17.873435974121094
417 76.6529312133789 17.42533302307129
418 76.7549819946289 17.085084915161133
419 77.02542114257812 16.250818252563477
420 77.30928039550781 15.471649169921875
421 77.41207885742188 15.14981746673584
422 77.50228881835938 14.763389587402344
423 77.55934143066406 14.328527450561523
424 77.60210418701172 13.974959373474121
425 77.63658905029297 13.712307929992676
426 77.7441177368164 13.473932266235352
427 79.37664031982422 12.25810432434082
428 79.5545883178711 12.394390106201172
429 79.84454345703125 12.632288932800293
430 80.19783020019531 12.925851821899414
431 80.55510711669922 13.341734886169434
432 80.67986297607422 13.53909969329834
433 80.7845458984375 13.901264190673828
434 80.83602905273438 14.10312557220459
435 80.97607421875 15.7102689743042
436 81.19715881347656 15.826770782470703
437 81.63648223876953 15.876165390014648
438 82.743408203125 15.701759338378906
439 83.16096496582031 15.169510841369629
440 83.26646423339844 14.843121528625488
441 83.26687622070312 14.362133979797363
442 83.26082611083984 13.83383560180664
443 83.27481842041016 13.624003410339355
444 83.50965881347656 13.038575172424316
445 83.52255249023438 12.775296211242676
446 83.20842742919922 11.804102897644043
447 83.14629364013672 11.630196571350098
448 82.9867935180664 11.448858261108398
449 82.70048522949219 11.057563781738281
450 82.40209197998047 10.61215877532959
451 82.05123138427734 10.057731628417969
452 81.84911346435547 9.747714042663574
453 81.46315002441406 9.167093276977539
454 81.17037963867188 8.783609390258789
455 80.86602783203125 8.499435424804688
456 80.40098571777344 8.117450714111328
457 80.03540802001953 7.810807228088379
458 79.72572326660156 7.6592488288879395
459 79.6810302734375 7.7096405029296875
460 58.90877151489258 15.343557357788086
461 58.87883377075195 15.417970657348633
462 58.87450408935547 15.740775108337402
463 58.74700164794922 16.28056526184082
464 58.58663558959961 16.984378814697266
465 58.44402313232422 17.269424438476562
466 58.29240417480469 17.586301803588867
467 58.034305572509766 17.912324905395508
468 57.94490432739258 18.236801147460938
469 57.8908805847168 18.785165786743164
470 57.80461502075195 19.241872787475586
471 57.61129379272461 19.9545841217041
472 57.515281677246094 20.284515380859375
473 57.436767578125 20.58538055419922
474 57.72844314575195 20.880474090576172
475 58.0601806640625 20.90372085571289
476 58.85969543457031 20.662635803222656
477 59.022483825683594 20.60456657409668
478 59.153690338134766 20.495548248291016
479 60.18132019042969 19.233722686767578
480 60.4062385559082 19.1115665435791
481 61.13385772705078 18.806259155273438
482 61.43668746948242 18.81197738647461
483 61.72920227050781 19.17599868774414
484 61.748050689697266 19.66483497619629
485 61.47075271606445 20.225189208984375
486 61.25446319580078 20.417499542236328
487 60.658843994140625 20.576398849487305
488 60.44517135620117 20.520641326904297
489 56.071624755859375 18.39860725402832
490 55.76203536987305 18.197805404663086
491 55.48329544067383 17.865564346313477
492 55.35269546508789 17.367176055908203
493 55.361881256103516 16.843402862548828
494 55.45928192138672 16.549421310424805
495 55.671546936035156 16.414432525634766
496 56.57974624633789 16.272140502929688
497 57.07015609741211 16.051916122436523
498 57.267269134521484 16.072965621948242
499 60.031578063964844 17.039478302001953
500 60.21097946166992 17.109764099121094
501 60.510677337646484 17.36104965209961
502 62.258384704589844 21.250619888305664
503 62.439212799072266 21.714740753173828
504 62.65471649169922 21.891284942626953
505 63.1839599609375 21.97892189025879
506 63.38007736206055 21.894702911376953
507 63.68415069580078 21.436731338500977
508 63.697566986083984 20.93742561340332
509 63.63262939453125 20.575376510620117
510 63.548744201660156 20.06812286376953
511 63.44475173950195 19.726062774658203
512 63.421207427978516 18.698732376098633
513 63.4911003112793 18.339303970336914
514 63.4906120300293 18.157989501953125
515 66.59040832519531 7.798469543457031
516 66.54070281982422 7.563229084014893
517 66.38677978515625 7.030487537384033
518 65.97831726074219 6.499375820159912
519 65.6572265625 6.2167887687683105
520 65.350830078125 6.116057872772217
521 64.9844741821289 6.296039581298828
522 64.47193145751953 6.631050109863281
523 64.26168060302734 6.909175395965576
524 63.921512603759766 7.52199649810791
525 63.79271697998047 7.79457950592041
526 63.3836555480957 8.716043472290039
527 63.37791442871094 8.92575740814209
528 63.82606506347656 9.37891674041748
529 64.19775390625 9.756834030151367
530 64.47840881347656 9.964946746826172
531 64.75743865966797 10.218247413635254
532 65.0677261352539 10.677068710327148
533 65.25757598876953 11.228816986083984
534 65.3482894897461 11.603267669677734
535 65.53976440429688 12.557287216186523
536 65.71556091308594 13.175616264343262
537 65.92251586914062 13.519207000732422
538 66.19493103027344 13.686068534851074
539 66.55426788330078 13.84615421295166
540 66.9852066040039 14.034250259399414
541 67.19233703613281 14.185748100280762
542 67.4755630493164 14.619511604309082
543 67.48847961425781 14.842445373535156
544 67.23515319824219 15.452176094055176
545 66.8795166015625 16.077482223510742
546 66.7938232421875 16.488101959228516
547 66.96348571777344 16.687118530273438
548 67.29714965820312 16.69611167907715
549 68.24615478515625 16.153745651245117
550 68.3895492553711 15.926970481872559
551 68.67488861083984 15.42806625366211
552 69.22282409667969 15.044940948486328
553 69.44125366210938 15.05656909942627
554 69.6604995727539 15.035002708435059
555 70.73652648925781 36.687477111816406
556 70.71029663085938 36.65025329589844
557 70.39971160888672 35.997257232666016
558 70.4282455444336 35.69043731689453
559 70.7524642944336 35.19236373901367
560 71.16033935546875 34.900630950927734
561 71.44914245605469 34.73871612548828
562 71.91780090332031 34.736881256103516
563 72.40340423583984 34.9397087097168
564 72.5340347290039 35.03500747680664
565 60.592220306396484 44.094478607177734
566 60.58180236816406 44.097923278808594
567 70.62506103515625 23.582921981811523
568 70.18232727050781 23.717554092407227
569 70.00165557861328 23.703550338745117
570 69.43434143066406 23.25217056274414
571 69.0677261352539 23.064620971679688
572 68.67980194091797 23.069597244262695
573 68.42756652832031 23.151859283447266
574 68.21730041503906 23.27088737487793
575 64.59579467773438 31.161876678466797
576 64.49153137207031 30.954078674316406
577 64.35244750976562 30.671873092651367
578 64.24064636230469 30.543792724609375
579 64.0840835571289 30.354549407958984
580 63.638954162597656 29.54865837097168
581 63.57534408569336 29.223844528198242
582 63.60879135131836 29.02970314025879
583 63.76088333129883 28.762439727783203
584 64.41180419921875 28.435197830200195
585 64.72564697265625 28.413204193115234
586 65.25020599365234 28.726673126220703
587 65.56053161621094 28.99302101135254
588 70.7123794555664 32.696922302246094
589 70.70011901855469 32.58114242553711
590 70.53291320800781 32.19651794433594
591 70.38678741455078 31.995210647583008
592 69.75328063964844 31.44288444519043
593 69.59163665771484 31.231990814208984
594 69.47845458984375 30.817869186401367
595 69.53031921386719 30.051437377929688
596 69.54744720458984 29.805709838867188
597 69.67453002929688 29.555404663085938
598 69.90089416503906 29.254018783569336
599 70.18742370605469 29.085485458374023
600 70.59651184082031 28.92237663269043
601 70.94403839111328 28.871532440185547
602 71.36669158935547 28.754430770874023
603 71.74376678466797 28.718591690063477
604 72.2720718383789 28.68724250793457
605 72.6754150390625 28.728960037231445
606 73.12703704833984 29.00408172607422
607 73.40919494628906 29.323047637939453
608 73.48391723632812 29.58541488647461
609 73.49264526367188 29.961320877075195
610 73.49436950683594 30.274362564086914
611 73.51490783691406 30.523996353149414
612 73.62405395507812 30.76861000061035
613 73.90911102294922 31.262418746948242
614 74.15756225585938 31.688335418701172
615 74.29122161865234 32.11164093017578
616 74.39124298095703 32.378211975097656
617 74.42664337158203 32.71760177612305
618 74.44654846191406 33.08303451538086
619 74.39962768554688 33.41199493408203
620 72.72586059570312 39.95467758178711
621 72.84713745117188 40.45817565917969
622 72.879638671875 40.79984664916992
623 72.88775634765625 41.23611068725586
624 72.88351440429688 41.458274841308594
625 72.73690795898438 42.252525329589844
626 72.71975708007812 42.34182357788086
627 58.51112365722656 47.24184799194336
628 58.44002914428711 47.047203063964844
629 58.396331787109375 46.42884063720703
630 58.415374755859375 46.10041809082031
631 58.44553756713867 45.632484436035156
632 58.45201873779297 45.367027282714844
633 58.29710388183594 44.88771057128906
634 58.053932189941406 44.29314041137695
635 57.75753402709961 43.88703918457031
636 57.6351432800293 43.71482849121094
637 56.93059539794922 42.84444046020508
638 56.82566452026367 42.70090866088867
639 56.02712631225586 41.31296920776367
640 55.959964752197266 41.120445251464844
641 55.95231628417969 40.88924026489258
642 56.04134750366211 40.141178131103516
643 56.07288360595703 39.88645935058594
644 56.17312240600586 39.655250549316406
645 56.207908630371094 39.52019119262695
646 56.273685455322266 39.318626403808594
647 56.44104766845703 38.96889114379883
648 57.11394119262695 38.3187255859375
649 57.15535354614258 38.284278869628906
650 52.71808624267578 16.47257423400879
651 52.6118049621582 16.414384841918945
652 52.222023010253906 16.278167724609375
653 52.01749801635742 16.25937843322754
654 45.152713775634766 38.46479034423828
655 45.49467468261719 38.335697174072266
656 45.61911392211914 38.21950149536133
657 45.75979232788086 37.773292541503906
658 46.25181198120117 37.23506164550781
659 46.25749206542969 37.05132293701172
660 46.34086608886719 36.254058837890625
661 46.340145111083984 35.86366271972656
662 46.2601432800293 35.215736389160156
663 46.142181396484375 34.8363151550293
664 46.043975830078125 34.680057525634766
665 45.029747009277344 34.481117248535156
666 44.98002624511719 34.46335220336914
667 81.71000671386719 35.924072265625
668 81.78770446777344 36.100425720214844
669 82.10423278808594 37.00743103027344
670 82.24090576171875 37.46332931518555
671 82.28968811035156 37.73130416870117
672 82.3629379272461 38.19068908691406
673 82.3743896484375 38.278350830078125
674 82.36723327636719 38.293914794921875
675 48.45587158203125 34.51422119140625
676 48.73366165161133 34.451656341552734
677 48.93881607055664 34.44720458984375
678 49.073570251464844 34.422447204589844
679 54.33750915527344 20.887205123901367
680 54.43155288696289 20.771024703979492
681 54.66461944580078 20.528289794921875
682 54.8513298034668 20.34995460510254
683 55.0530891418457 20.235454559326172
684 73.43008422851562 12.221171379089355
685 73.67854309082031 12.230088233947754
686 73.9953384399414 12.3407621383667
687 74.20426940917969 12.346637725830078
688 74.36114501953125 12.299705505371094
689 75.2001724243164 11.761628150939941
690 75.28250122070312 11.512186050415039
691 75.30516052246094 11.181414604187012
692 75.28592681884766 10.564295768737793
693 75.26130676269531 10.179137229919434
694 75.21084594726562 9.776727676391602
695 75.19246673583984 9.39768123626709
696 75.16569519042969 9.21343994140625
697 74.79204559326172 8.19576358795166
698 74.69636535644531 7.985742568969727
699 74.51225280761719 7.780660629272461
700 74.19544982910156 7.499873638153076
701 73.8607406616211 7.1884660720825195
702 73.61721801757812 7.027056694030762
703 72.49143981933594 6.363640785217285
704 72.13890838623047 6.288515567779541
705 71.3052749633789 6.394401550292969
706 70.72468566894531 6.57564115524292
707 70.51410675048828 6.733114242553711
708 70.25311279296875 7.001766681671143
709 70.04973602294922 7.3566975593566895
710 69.81757354736328 8.042706489562988
711 69.74059295654297 8.615961074829102
712 69.86539459228516 9.01399040222168
713 70.53530883789062 9.641895294189453
714 70.85343170166016 9.85162353515625
715 71.00379180908203 9.92872142791748
716 73.80308532714844 26.087623596191406
717 73.96932983398438 26.30457878112793
718 74.15237426757812 26.491413116455078
719 74.3939437866211 26.685434341430664
720 74.74368286132812 26.893413543701172
721 75.80184936523438 27.302448272705078
722 75.98165893554688 27.24236488342285
723 76.24515533447266 27.043922424316406
724 76.43739318847656 26.874755859375
725 67.51065826416016 9.969623565673828
726 67.48719787597656 10.063728332519531
727 67.468994140625 10.212362289428711
728 67.38365936279297 11.10659122467041
729 67.40949249267578 11.373492240905762
730 67.7114028930664 11.883379936218262
731 68.30580139160156 12.38774299621582
732 68.34329223632812 12.460670471191406
733 59.117713928222656 8.521280288696289
734 58.88330078125 8.508094787597656
735 58.58406448364258 8.526623725891113
736 58.04884719848633 8.778067588806152
737 57.87596130371094 9.050653457641602
738 57.778961181640625 9.588594436645508
739 57.882869720458984 10.00089168548584
740 58.11045455932617 10.733260154724121
741 58.142398834228516 11.06733226776123
742 58.15061569213867 12.525891304016113
743 57.984100341796875 12.813810348510742
744 57.79261779785156 13.003018379211426
745 57.670223236083984 13.025808334350586
746 56.93666076660156 12.695019721984863
747 56.63338088989258 12.643081665039062
748 56.46467971801758 12.715179443359375
749 56.12552261352539 12.948004722595215
750 55.694847106933594 13.206375122070312
751 55.43838882446289 13.275105476379395
752 54.91133499145508 13.190035820007324
753 54.3637580871582 12.759026527404785
754 54.13386154174805 12.289480209350586
755 54.190643310546875 11.888165473937988
756 54.33757019042969 11.43898868560791
757 54.48539352416992 11.000676155090332
758 54.50263214111328 10.963260650634766
759 56.5511474609375 29.345497131347656
760 56.62750244140625 29.264883041381836
761 56.894798278808594 28.841724395751953
762 57.13031768798828 28.62588882446289
763 57.453025817871094 28.571483612060547
764 58.157432556152344 28.67731285095215
765 58.31736373901367 28.889686584472656
766 58.47354507446289 30.05855941772461
767 58.441314697265625 30.728612899780273
768 58.35369110107422 30.97991180419922
769 58.01836395263672 31.429548263549805
770 57.59697723388672 31.961994171142578
771 57.42317581176758 32.182891845703125
772 56.73297119140625 32.802310943603516
773 56.45349884033203 33.14984893798828
774 56.2747917175293 33.40549087524414
775 55.90118408203125 33.86604690551758
776 55.663490295410156 33.85287857055664
777 55.30805969238281 33.64180374145508
778 55.131568908691406 33.184635162353516
779 55.063720703125 32.584964752197266
780 55.029029846191406 32.10041427612305
781 54.995731353759766 31.884967803955078
782 54.82853317260742 30.75603675842285
783 54.754966735839844 30.39699935913086
784 54.57463073730469 29.90384292602539
785 54.388118743896484 29.42635726928711
786 53.90605926513672 28.778709411621094
787 53.712223052978516 28.554235458374023
788 53.593292236328125 28.360736846923828
789 53.35198211669922 27.90831184387207
790 53.22425842285156 27.757871627807617
791 50.77851486206055 25.084712982177734
792 50.62328338623047 24.824159622192383
793 50.5003776550293 24.581899642944336
794 50.23413848876953 23.938053131103516
795 50.09300231933594 23.551610946655273
796 49.924190521240234 22.875978469848633
797 50.07244873046875 22.513240814208984
798 50.359031677246094 22.012372970581055
799 50.45372772216797 21.728883743286133
800 50.63134765625 21.37997055053711
801 50.82907485961914 20.78827476501465
802 50.61436080932617 20.55914878845215
803 50.183345794677734 20.076772689819336
804 50.03097915649414 19.919721603393555
805 49.726505279541016 19.553760528564453
806 49.54633331298828 19.294618606567383
807 48.953941345214844 18.038192749023438
808 48.853511810302734 17.532405853271484
809 48.84687423706055 17.447345733642578
810 48.916290283203125 17.460023880004883
811 51.54366683959961 27.74078369140625
812 51.495750427246094 27.965290069580078
813 51.350101470947266 28.27470588684082
814 51.20100021362305 28.413713455200195
815 50.64774703979492 29.060441970825195
816 50.412052154541016 29.44537353515625
817 50.33067321777344 29.787803649902344
818 50.23405456542969 30.265165328979492
819 50.03883743286133 30.527511596679688
820 49.88511276245117 30.772348403930664
821 49.84374237060547 31.251981735229492
822 50.37529754638672 32.28195571899414
823 50.56242370605469 32.415889739990234
824 51.006187438964844 32.52311706542969
825 51.44294738769531 32.58495330810547
826 51.66069412231445 32.53812026977539
827 52.26793670654297 32.46495056152344
828 52.53424072265625 32.47587203979492
829 52.70882797241211 32.382171630859375
830 52.79438400268555 32.351444244384766
831 49.935359954833984 27.15074348449707
832 49.6737174987793 26.876150131225586
833 49.4145622253418 26.65777015686035
834 48.76987075805664 25.963132858276367
835 48.5264778137207 25.869632720947266
836 48.044921875 25.615779876708984
837 47.75897216796875 25.577024459838867
838 47.40304183959961 25.651689529418945
839 47.15835952758789 25.888315200805664
840 47.23509979248047 26.441686630249023
841 47.3444938659668 26.95181655883789
842 47.55130386352539 27.826759338378906
843 47.60982131958008 28.138042449951172
844 47.67570495605469 28.719017028808594
845 47.668434143066406 29.069738388061523
846 47.504913330078125 29.358163833618164
847 47.104339599609375 29.609413146972656
848 46.719757080078125 29.644563674926758
849 46.43813705444336 29.60886573791504
850 45.738887786865234 29.44353485107422
851 45.56571960449219 29.3530216217041
852 45.236942291259766 29.014984130859375
853 45.01273727416992 28.78938865661621
854 44.30261993408203 27.808320999145508
855 44.13551330566406 27.395553588867188
856 44.249053955078125 26.878089904785156
857 44.43674087524414 26.596073150634766
858 44.63473892211914 26.475849151611328
859 44.98394012451172 26.417888641357422
860 45.21206283569336 26.502412796020508
861 45.595375061035156 31.36805534362793
862 45.78554153442383 31.529611587524414
863 46.08717346191406 31.821001052856445
864 46.44104766845703 32.03987503051758
865 46.69476318359375 32.07901382446289
866 47.62849044799805 32.273799896240234
867 47.933998107910156 32.315185546875
868 48.1878662109375 32.33038330078125
869 52.00254821777344 30.696027755737305
870 52.10110855102539 30.536617279052734
871 52.37480545043945 30.12285804748535
872 52.50020980834961 29.900938034057617
873 52.4846305847168 26.223487854003906
874 52.511260986328125 25.859041213989258
875 52.54843521118164 25.452030181884766
876 52.602752685546875 24.407886505126953
877 52.68647766113281 24.161834716796875
878 52.921627044677734 23.86551856994629
879 53.273956298828125 23.56656265258789
880 53.90022659301758 23.399938583374023
881 54.237796783447266 23.525178909301758
882 54.683937072753906 23.995214462280273
883 55.10284423828125 24.466176986694336
884 55.23952865600586 24.727510452270508
885 55.31539535522461 25.464120864868164
886 55.34895706176758 25.72305679321289
887 55.53443145751953 26.54610252380371
888 55.611663818359375 26.855995178222656
889 55.694210052490234 27.198410034179688
890 55.73898696899414 27.451711654663086
891 54.793540954589844 45.887451171875
892 55.17683792114258 45.28252410888672
893 55.37382888793945 45.04233932495117
894 55.55986022949219 44.81608963012695
895 55.9190788269043 44.53942108154297
896 56.02737808227539 44.427162170410156
897 56.104026794433594 44.37882614135742
898 54.821380615234375 41.97393035888672
899 54.63551712036133 42.0970458984375
900 54.346736907958984 42.467681884765625
901 54.138423919677734 42.803077697753906
902 54.061038970947266 43.05354690551758
903 53.90555953979492 43.34666442871094
904 53.75491714477539 43.42036056518555
905 53.140716552734375 42.98005676269531
906 52.59354782104492 43.11683654785156
907 52.024139404296875 43.658756256103516
908 51.65510177612305 44.15543746948242
909 51.404808044433594 44.258819580078125
910 51.11748123168945 44.37484359741211
911 50.71177291870117 44.172698974609375
912 50.49504089355469 43.87490463256836
913 50.316219329833984 43.79593276977539
914 50.16361999511719 43.747886657714844
915 49.7205924987793 43.72090530395508
916 49.15281295776367 43.67558288574219
917 47.883541107177734 44.32058334350586
918 47.85893630981445 44.43540954589844
919 47.929443359375 44.82613754272461
920 48.20207595825195 45.26878356933594
921 48.505470275878906 45.54795837402344
922 49.35061264038086 46.28678512573242
923 49.7303352355957 46.653045654296875
924 49.831050872802734 46.9345588684082
925 50.020206451416016 47.15449905395508
926 50.978885650634766 47.45376205444336
927 51.288516998291016 47.50666809082031
928 51.70608901977539 47.54310607910156
929 52.0062141418457 47.39893341064453
930 52.369384765625 47.10696792602539
931 52.66232681274414 46.758880615234375
932 53.06210708618164 46.01776885986328
933 53.10722351074219 45.90687561035156
934 50.8436279296875 41.73419189453125
935 50.80677032470703 41.72747039794922
936 50.8426513671875 41.75062561035156
937 52.17903518676758 41.54986572265625
938 52.12297058105469 41.21185302734375
939 51.87187194824219 40.96502685546875
940 51.696006774902344 40.891231536865234
941 50.88964080810547 40.663536071777344
942 50.72932052612305 40.6488037109375
943 48.843421936035156 41.17080307006836
944 48.606048583984375 41.19480514526367
945 48.063899993896484 41.39083480834961
946 47.800262451171875 41.48383331298828
947 47.45589065551758 41.56330108642578
948 47.147987365722656 41.56612777709961
949 46.95426559448242 41.563720703125
950 46.16693878173828 41.54023742675781
951 45.963653564453125 41.4865837097168
952 45.45957946777344 41.20516586303711
953 44.987369537353516 40.988433837890625
954 44.812503814697266 40.882652282714844
955 44.654014587402344 40.74985885620117
956 53.03009796142578 37.24224853515625
957 52.998512268066406 37.189693450927734
958 52.848636627197266 37.16347122192383
959 52.11943435668945 37.06962585449219
960 51.684654235839844 36.934471130371094
961 51.31017303466797 36.67899703979492
962 51.10503005981445 36.41405487060547
963 50.94412612915039 35.71727752685547
964 51.014915466308594 35.450801849365234
965 51.60158157348633 35.09893798828125
966 52.07568359375 34.87533950805664
967 52.281158447265625 34.858150482177734
968 52.77106857299805 34.89091873168945
969 53.50447082519531 35.02676773071289
970 53.87513732910156 35.15898895263672
971 54.01996612548828 35.23704528808594
972 54.75764846801758 36.43124008178711
973 54.93821334838867 36.81997299194336
974 55.019325256347656 37.40557861328125
975 54.86888885498047 38.05477523803711
976 54.590789794921875 38.52090072631836
977 54.31783676147461 39.10939025878906
978 54.0716667175293 39.513160705566406
979 53.80807113647461 39.831546783447266
980 53.65999221801758 39.92828369140625
981 53.37062072753906 39.98153305053711
982 52.607242584228516 39.78767013549805
983 52.19745635986328 39.56641387939453
984 51.88402557373047 39.3286247253418
985 51.35218048095703 39.092010498046875
986 51.013179779052734 39.0307731628418
987 50.536678314208984 39.07722854614258
988 50.16733169555664 39.008113861083984
989 49.80019760131836 38.89860153198242
990 49.44438552856445 38.84307861328125
991 49.27122497558594 38.78122329711914
992 48.677703857421875 38.4998893737793
993 48.399940490722656 38.271148681640625
994 48.1962890625 38.014286041259766
995 48.16236114501953 37.86370849609375
996 48.41630172729492 36.89603805541992
997 48.779541015625 36.66633605957031
998 48.965267181396484 36.558624267578125
999 49.014217376708984 36.50539016723633
