0 -66.63312530517578 -15.607064247131348
1 -66.63910675048828 -15.666454315185547
2 -66.71501159667969 -15.81534481048584
3 -66.87104797363281 -16.040077209472656
4 -67.00796508789062 -16.30990219116211
5 -67.08220672607422 -16.588274002075195
6 -67.26081085205078 -16.948829650878906
7 -67.37560272216797 -17.119823455810547
8 -67.4443359375 -17.325336456298828
9 -67.5289077758789 -17.683914184570312
10 -67.68601989746094 -18.665864944458008
11 -67.7857894897461 -19.028139114379883
12 -67.95687103271484 -19.38031005859375
13 -68.1810531616211 -19.76691246032715
14 -68.33728790283203 -19.97325325012207
15 -68.47603607177734 -20.177650451660156
16 -68.72925567626953 -20.563709259033203
17 -68.99610137939453 -20.977859497070312
18 -69.25419616699219 -21.371068954467773
19 -69.57120513916016 -21.773176193237305
20 -69.8219985961914 -22.231643676757812
21 -69.93209838867188 -22.54381561279297
22 -70.04844665527344 -22.942785263061523
23 -70.11056518554688 -23.233814239501953
24 -70.18577575683594 -23.568452835083008
25 -70.24324035644531 -23.846179962158203
26 -70.30809783935547 -24.14474868774414
27 -70.40264129638672 -24.608036041259766
28 -70.4946517944336 -24.999977111816406
29 -70.61212921142578 -25.171863555908203
30 -70.84284210205078 -25.362411499023438
31 -71.42078399658203 -25.55175018310547
32 -71.81312561035156 -25.60172462463379
33 -72.126953125 -25.556537628173828
34 -72.45629119873047 -25.579181671142578
35 -72.53534698486328 -25.719606399536133
36 -72.46826171875 -26.567747116088867
37 -72.41206359863281 -27.184770584106445
38 -72.45172119140625 -27.442209243774414
39 -72.57709503173828 -27.728342056274414
40 -72.75379943847656 -27.904956817626953
41 -73.08623504638672 -27.93845558166504
42 -73.38677978515625 -27.92033576965332
43 -73.62957763671875 -27.75528335571289
44 -74.09562683105469 -27.216094970703125
45 -74.3304214477539 -26.938982009887695
46 -74.50768280029297 -26.704238891601562
47 -74.60516357421875 -26.464818954467773
48 -74.72406005859375 -26.0231990814209
49 -76.3987045288086 -17.644506454467773
50 -76.65019989013672 -17.54615592956543
51 -77.08496856689453 -17.658443450927734
52 -77.397705078125 -17.719131469726562
53 -77.63070678710938 -17.878528594970703
54 -77.80542755126953 -18.209110260009766
55 -77.83846282958984 -18.405460357666016
56 -77.67620849609375 -18.80669593811035
57 -77.4785385131836 -19.390363693237305
58 -77.32305145263672 -19.650577545166016
59 -77.05343627929688 -19.880544662475586
60 -76.4969711303711 -20.235322952270508
61 -76.02171325683594 -20.60652732849121
62 -75.58049011230469 -21.004077911376953
63 -75.42085266113281 -21.07260513305664
64 -75.218505859375 -21.208030700683594
65 -74.87506866455078 -21.140905380249023
66 -74.43194580078125 -20.93320083618164
67 -74.03814697265625 -20.584508895874023
68 -73.73677062988281 -20.28852653503418
69 -73.57430267333984 -20.03960418701172
70 -73.64508056640625 -19.800209045410156
71 -73.78034210205078 -19.442062377929688
72 -73.91642761230469 -19.104644775390625
73 -73.9593734741211 -18.817638397216797
74 -74.03373718261719 -18.328636169433594
75 -74.04360961914062 -17.961132049560547
76 -73.89864349365234 -17.60863494873047
77 -73.59652709960938 -17.4872989654541
78 -73.30998229980469 -17.429431915283203
79 -73.02398681640625 -17.405820846557617
80 -72.72628021240234 -17.433713912963867
81 -72.44168090820312 -17.431814193725586
82 -72.11903381347656 -17.554441452026367
83 -71.8800277709961 -17.666288375854492
84 -71.77082061767578 -17.805654525756836
85 -71.49597930908203 -18.098848342895508
86 -71.1869125366211 -18.471010208129883
87 -70.97343444824219 -18.751907348632812
88 -70.94621276855469 -19.133073806762695
89 -71.01783752441406 -19.658376693725586
90 -71.18476867675781 -19.929889678955078
91 -71.2853012084961 -20.11473274230957
92 -71.3459701538086 -20.166095733642578
93 -85.8291015625 2.735633373260498
94 -85.79517364501953 2.945222854614258
95 -85.69738006591797 3.369840621948242
96 -85.60211944580078 3.854485034942627
97 -85.43496704101562 4.101904392242432
98 -85.20319366455078 4.202698230743408
99 -84.9576187133789 4.3702778816223145
100 -84.5696792602539 4.7289533615112305
101 -84.44171905517578 4.895718097686768
102 -84.57810974121094 5.08441686630249
103 -84.88628387451172 5.401235103607178
104 -85.23395538330078 6.039444923400879
105 -85.41756439208984 6.543954849243164
106 -85.51986694335938 6.899862289428711
107 -85.6347427368164 7.29495906829834
108 -85.71495819091797 7.519191265106201
109 -85.7938461303711 7.70053243637085
110 -86.03733825683594 8.162267684936523
111 -86.2674331665039 8.53596305847168
112 -86.48249053955078 8.80068588256836
113 -86.78738403320312 9.102607727050781
114 -87.2925796508789 9.576478958129883
115 -87.53556823730469 9.813886642456055
116 -87.82292175292969 10.075667381286621
117 -88.11737060546875 10.23370361328125
118 -88.46775817871094 10.412659645080566
119 -88.8106689453125 10.48293685913086
120 -89.07588195800781 10.470757484436035
121 -89.48249053955078 10.502312660217285
122 -89.73013305664062 10.505828857421875
123 -90.10633850097656 10.398656845092773
124 -90.43534088134766 10.156203269958496
125 -90.59854888916016 9.827640533447266
126 -90.74407958984375 9.466473579406738
127 -90.78238677978516 9.164978981018066
128 -90.76595306396484 8.661140441894531
129 -90.65477752685547 8.323659896850586
130 -90.49615478515625 8.069496154785156
131 -90.33860778808594 7.740488052368164
132 -90.20295715332031 7.382692813873291
133 -90.0556869506836 7.036640167236328
134 -89.96778106689453 6.796331882476807
135 -89.90061950683594 6.540351390838623
136 -89.83842468261719 6.267276287078857
137 -89.73595428466797 6.036576271057129
138 -89.61860656738281 5.77014684677124
139 -89.29248046875 4.9417829513549805
140 -89.15684509277344 4.750738620758057
141 -89.07058715820312 4.6693291664123535
142 -70.50639343261719 3.354681968688965
143 -70.57920837402344 3.3045504093170166
144 -70.67610931396484 3.2210774421691895
145 -70.87430572509766 3.123652696609497
146 -71.32131958007812 2.920365571975708
147 -71.84423828125 2.7197890281677246
148 -72.35415649414062 2.5435433387756348
149 -72.70769500732422 2.4887640476226807
150 -73.21464538574219 2.4705023765563965
151 -73.62055969238281 2.55031156539917
152 -74.07493591308594 2.610290765762329
153 -74.48503112792969 2.648662805557251
154 -74.6997299194336 2.6912577152252197
155 -74.94730377197266 2.6642708778381348
156 -75.24678039550781 2.592329740524292
157 -75.54317474365234 2.5092313289642334
158 -75.91941833496094 2.484713077545166
159 -76.7366714477539 2.487901449203491
160 -77.14698028564453 2.536958694458008
161 -77.51260375976562 2.6740150451660156
162 -78.16940307617188 3.067549228668213
163 -78.4873046875 3.2879412174224854
164 -78.65579223632812 3.4257431030273438
165 -78.7720718383789 3.6820502281188965
166 -78.86273193359375 3.9393656253814697
167 -78.84974670410156 4.221868515014648
168 -78.69850158691406 4.798220157623291
169 -78.59297943115234 5.133090496063232
170 -78.49302673339844 5.467880725860596
171 -78.42034149169922 5.673520565032959
172 -78.24398803710938 5.900886058807373
173 -77.95687866210938 6.220884799957275
174 -77.74180603027344 6.396263122558594
175 -77.55321502685547 6.581320762634277
176 -77.36360931396484 6.847463607788086
177 -77.04759216308594 7.3415045738220215
178 -76.81610107421875 7.658104419708252
179 -76.66886901855469 8.114970207214355
180 -76.6746597290039 8.365802764892578
181 -76.9666748046875 8.603788375854492
182 -77.24828338623047 8.875224113464355
183 -77.59061431884766 9.092704772949219
184 -77.8075180053711 9.255903244018555
185 -77.87769317626953 9.380962371826172
186 -77.91470336914062 9.644750595092773
187 -77.94156646728516 10.088197708129883
188 -78.00943756103516 10.34282112121582
189 -77.92996215820312 10.649965286254883
190 -77.79695892333984 10.826970100402832
191 -77.6363525390625 11.256678581237793
192 -77.54139709472656 11.37680721282959
193 -77.45429992675781 11.435431480407715
194 -77.29512786865234 11.706278800964355
195 -77.09892272949219 11.848845481872559
196 -76.9335708618164 11.876291275024414
197 -76.6927261352539 11.85244083404541
198 -76.3523941040039 11.617783546447754
199 -75.93424224853516 11.436264991760254
200 -75.22660827636719 11.306303977966309
201 -74.98712158203125 11.196292877197266
202 -74.61981964111328 10.886381149291992
203 -74.47161865234375 10.791339874267578
204 -74.22989654541016 10.59975528717041
205 -73.88095092773438 10.261689186096191
206 -73.599609375 10.029224395751953
207 -73.44242095947266 9.813558578491211
208 -73.25121307373047 9.466967582702637
209 -73.06383514404297 9.244355201721191
210 -72.90894317626953 9.123601913452148
211 -72.59832763671875 8.898555755615234
212 -72.37232208251953 8.736469268798828
213 -71.99835968017578 8.48301887512207
214 -71.65595245361328 8.28609561920166
215 -71.30171203613281 8.044936180114746
216 -70.98043060302734 7.848931789398193
217 -70.63164520263672 7.679470539093018
218 -70.23209381103516 7.55148983001709
219 -70.03543853759766 7.490521430969238
220 -69.9110107421875 7.38881778717041
221 -69.70811462402344 7.1553521156311035
222 -69.53050231933594 6.9158172607421875
223 -69.37002563476562 6.68543004989624
224 -69.17713928222656 6.4100260734558105
225 -68.99516296386719 6.148658275604248
226 -68.73555755615234 5.787929058074951
227 -68.4989242553711 5.549437046051025
228 -68.32488250732422 5.401651382446289
229 -57.904170989990234 -16.63492202758789
230 -58.11629104614258 -16.588960647583008
231 -58.32569122314453 -16.526288986206055
232 -58.571380615234375 -16.391586303710938
233 -58.690834045410156 -16.299327850341797
234 -58.81538772583008 -16.177087783813477
235 -58.99965286254883 -15.956928253173828
236 -59.34939956665039 -15.580577850341797
237 -59.602752685546875 -15.247859001159668
238 -59.730010986328125 -15.028884887695312
239 -60.105838775634766 -14.228605270385742
240 -60.2052116394043 -13.962313652038574
241 -60.24843978881836 -13.77641773223877
242 -60.27617263793945 -13.397714614868164
243 -60.28110122680664 -12.980695724487305
244 -60.308345794677734 -12.136597633361816
245 -60.33893585205078 -11.628683090209961
246 -60.34124755859375 -11.365971565246582
247 -60.39950180053711 -11.099089622497559
248 -60.50196075439453 -10.73132610321045
249 -60.57176971435547 -10.355774879455566
250 -60.643882751464844 -10.120301246643066
251 -60.79620361328125 -9.838281631469727
252 -61.112972259521484 -9.365253448486328
253 -61.23273468017578 -9.194252014160156
254 -61.356197357177734 -8.959527015686035
255 -61.40306854248047 -8.650662422180176
256 -61.373348236083984 -8.060989379882812
257 -61.305503845214844 -7.8408331871032715
258 -61.21045684814453 -7.494470596313477
259 -60.94770050048828 -6.611828804016113
260 -60.88313293457031 -6.256368160247803
261 -60.85232925415039 -5.91064453125
262 -60.865753173828125 -5.638653755187988
263 -60.93313980102539 -5.459460735321045
264 -61.110206604003906 -5.196544170379639
265 -61.27307891845703 -5.000092029571533
266 -79.15005493164062 -1.2924481630325317
267 -79.12281799316406 -1.4692649841308594
268 -78.99180603027344 -1.5499554872512817
269 -78.84260559082031 -1.7269524335861206
270 -78.66327667236328 -2.0272433757781982
271 -78.50042724609375 -2.2993996143341064
272 -78.23335266113281 -2.6428046226501465
273 -78.08450317382812 -2.8284614086151123
274 -77.97484588623047 -2.9983623027801514
275 -77.83100128173828 -3.272752285003662
276 -77.67758178710938 -3.5525002479553223
277 -77.48324584960938 -3.944211721420288
278 -77.42662811279297 -4.146350383758545
279 -77.16548919677734 -5.368518352508545
280 -77.06878662109375 -5.66153621673584
281 -76.9174575805664 -5.978771209716797
282 -76.77401733398438 -6.208923816680908
283 -76.6044921875 -6.5340471267700195
284 -76.53465270996094 -6.8624396324157715
285 -76.4717788696289 -7.243515491485596
286 -76.3955078125 -7.6444478034973145
287 -76.31441497802734 -8.056580543518066
288 -76.20996856689453 -8.365310668945312
289 -76.14253997802734 -8.740141868591309
290 -76.10572052001953 -9.10079288482666
291 -76.03816223144531 -9.449016571044922
292 -74.82478332519531 -14.527897834777832
293 -74.61512756347656 -14.76255989074707
294 -74.38314819335938 -14.921327590942383
295 -74.11736297607422 -14.957389831542969
296 -73.25712585449219 -14.998678207397461
297 -72.6536865234375 -15.111065864562988
298 -72.14703369140625 -15.247038841247559
299 -71.7868423461914 -15.33966064453125
300 -71.45586395263672 -15.355244636535645
301 -71.11368560791016 -15.327519416809082
302 -70.71837615966797 -15.209257125854492
303 -70.31974792480469 -14.956924438476562
304 -69.91453552246094 -14.610210418701172
305 -69.68587493896484 -14.271637916564941
306 -69.62503051757812 -13.949474334716797
307 -69.63765716552734 -13.690640449523926
308 -69.75511932373047 -13.413866996765137
309 -69.97270965576172 -13.160173416137695
310 -70.19206237792969 -12.933786392211914
311 -70.45476531982422 -12.789512634277344
312 -70.69523620605469 -12.707717895507812
313 -70.9507827758789 -12.654645919799805
314 -71.35281372070312 -12.505541801452637
315 -71.63772583007812 -12.418692588806152
316 -71.97199249267578 -12.383831977844238
317 -72.22860717773438 -12.342628479003906
318 -72.66800689697266 -12.375941276550293
319 -73.04447937011719 -12.46424674987793
320 -73.68761444091797 -12.518414497375488
321 -74.11727142333984 -12.482094764709473
322 -74.33293151855469 -12.39659309387207
323 -74.44666290283203 -12.20279312133789
324 -74.3385009765625 -11.890460968017578
325 -74.1163330078125 -11.453912734985352
326 -73.92698669433594 -11.196501731872559
327 -73.74248504638672 -10.921319007873535
328 -73.53751373291016 -10.590166091918945
329 -73.3442153930664 -10.224705696105957
330 -73.22272491455078 -10.04809284210205
331 -73.08628845214844 -9.86496639251709
332 -72.95348358154297 -9.689428329467773
333 -67.80351257324219 -0.42328551411628723
334 -67.49658966064453 -0.06757399439811707
335 -67.28553771972656 0.18734818696975708
336 -67.03410339355469 0.506458044052124
337 -66.8837661743164 0.7150123715400696
338 -66.63221740722656 0.884912371635437
339 -66.36214447021484 0.9209741353988647
340 -66.15106201171875 0.8268659114837646
341 -65.92601776123047 0.6519796848297119
342 -65.57990264892578 0.43740299344062805
343 -65.22306823730469 0.06316271424293518
344 -64.98765563964844 -0.2790229022502899
345 -64.78009796142578 -0.645702600479126
346 -64.6953353881836 -0.9511733055114746
347 -64.59333038330078 -1.1786856651306152
348 -64.54820251464844 -1.3531192541122437
349 -64.57527923583984 -1.5766260623931885
350 -64.65593719482422 -1.9128563404083252
351 -64.87226867675781 -2.350539207458496
352 -65.03956604003906 -2.6383683681488037
353 -65.45939636230469 -3.223468065261841
354 -65.70055389404297 -3.4991614818573
355 -65.94697570800781 -3.771111011505127
356 -66.20816802978516 -3.9826011657714844
357 -66.47102355957031 -4.112002849578857
358 -66.81839752197266 -4.267370700836182
359 -67.10504150390625 -4.401852607727051
360 -67.22045135498047 -4.455647945404053
361 -67.45911407470703 -4.573609828948975
362 -87.40137481689453 -12.631671905517578
363 -87.355712890625 -12.921143531799316
364 -87.24510955810547 -13.126485824584961
365 -87.07649230957031 -13.184309005737305
366 -86.69830322265625 -13.18102741241455
367 -86.46870422363281 -13.179855346679688
368 -86.25627899169922 -13.143345832824707
369 -85.89400482177734 -12.882712364196777
370 -85.60810089111328 -12.7064847946167
371 -85.32096862792969 -12.65623950958252
372 -85.00664520263672 -12.860589981079102
373 -84.8193359375 -13.008413314819336
374 -84.45500183105469 -13.382233619689941
375 -84.25778198242188 -13.560174942016602
376 -83.91475677490234 -13.842344284057617
377 -83.80635833740234 -13.955179214477539
378 -83.66934204101562 -14.070178031921387
379 -83.47476196289062 -14.211859703063965
380 -66.27169036865234 -22.020309448242188
381 -66.23719787597656 -22.255207061767578
382 -66.21488189697266 -22.45168113708496
383 -66.19361114501953 -22.754230499267578
384 -66.17169952392578 -23.136316299438477
385 -66.1930923461914 -23.43552589416504
386 -66.25627899169922 -24.0168399810791
387 -66.33438873291016 -24.4341983795166
388 -66.32672119140625 -24.776058197021484
389 -66.31690979003906 -25.272552490234375
390 -66.28628540039062 -25.746421813964844
391 -66.22846221923828 -26.074861526489258
392 -66.03848266601562 -26.609952926635742
393 -65.82781219482422 -26.96869468688965
394 -65.55455017089844 -27.137348175048828
395 -65.34252166748047 -27.08895492553711
396 -64.7984390258789 -26.807361602783203
397 -64.47837829589844 -26.68169403076172
398 -64.29352569580078 -26.578271865844727
399 -63.88694763183594 -26.284486770629883
400 -63.67265319824219 -26.031063079833984
401 -63.51567077636719 -25.85437774658203
402 -63.30696487426758 -25.632261276245117
403 -62.98945999145508 -25.244792938232422
404 -62.80651092529297 -24.96361541748047
405 -62.56871795654297 -24.56588363647461
406 -62.48576354980469 -24.375913619995117
407 -62.483482360839844 -24.1348934173584
408 -62.49282455444336 -23.701030731201172
409 -62.61280822753906 -22.747262954711914
410 -62.71236038208008 -22.220375061035156
411 -62.807186126708984 -21.87115478515625
412 -62.89897155761719 -21.59844970703125
413 -63.07611846923828 -21.208642959594727
414 -63.20248794555664 -20.939239501953125
415 -63.30364990234375 -20.704294204711914
416 -63.35436248779297 -20.396879196166992
417 -63.38926315307617 -20.114076614379883
418 -63.41853713989258 -19.86423110961914
419 -63.44032669067383 -19.660112380981445
420 -63.47736358642578 -19.310741424560547
421 -81.86432647705078 -1.0211126804351807
422 -82.03114318847656 -1.053911805152893
423 -82.12089538574219 -1.0689536333084106
424 -82.30320739746094 -1.07290780544281
425 -82.9131851196289 -1.045167326927185
426 -83.34402465820312 -0.9641527533531189
427 -83.65754699707031 -0.8569682836532593
428 -83.92730712890625 -0.7396486401557922
429 -84.27899169921875 -0.5419142246246338
430 -84.57950592041016 -0.3767646253108978
431 -84.88451385498047 -0.2989806830883026
432 -85.54534912109375 -0.5347617864608765
433 -85.84749603271484 -0.7379491329193115
434 -86.03129577636719 -0.8978723883628845
435 -86.3676986694336 -1.1972678899765015
436 -86.64976501464844 -1.3715031147003174
437 -87.01597595214844 -1.5784286260604858
438 -87.24500274658203 -1.7259660959243774
439 -87.62818908691406 -2.0133328437805176
440 -87.83148193359375 -2.208982229232788
441 -88.2161636352539 -2.594468355178833
442 -88.52325439453125 -2.8998141288757324
443 -88.75292205810547 -3.1414124965667725
444 -88.93395233154297 -3.5158910751342773
445 -89.01106262207031 -3.6964478492736816
446 -89.14134216308594 -3.8845458030700684
447 -89.48278045654297 -4.1033616065979
448 -89.69554138183594 -4.2688446044921875
449 -90.00042724609375 -4.489836692810059
450 -90.45448303222656 -4.797710418701172
451 -91.12023162841797 -5.2097320556640625
452 -91.5288314819336 -5.513989448547363
453 -91.9678726196289 -5.852943420410156
454 -92.3238754272461 -6.129517555236816
455 -92.44921112060547 -6.300152778625488
456 -92.25179290771484 -7.027090549468994
457 -92.1555404663086 -7.335921764373779
458 -92.05384063720703 -7.469093322753906
459 -91.64468383789062 -7.681548118591309
460 -91.4333724975586 -7.760826587677002
461 -91.29822540283203 -7.821906566619873
462 -81.52297973632812 -13.16054630279541
463 -81.31706237792969 -13.306764602661133
464 -81.0298080444336 -13.460905075073242
465 -80.69723510742188 -13.610267639160156
466 -79.86775970458984 -13.86029052734375
467 -79.52638244628906 -13.985977172851562
468 -79.3373794555664 -14.206178665161133
469 -79.20039367675781 -14.627948760986328
470 -79.27894592285156 -14.948413848876953
471 -79.38031005859375 -15.22553539276123
472 -79.53357696533203 -15.500934600830078
473 -79.8229751586914 -15.887843132019043
474 -80.01914978027344 -16.059904098510742
475 -80.33587646484375 -16.261415481567383
476 -80.6364974975586 -16.309755325317383
477 -80.9149398803711 -16.368173599243164
478 -81.52100372314453 -16.559528350830078
479 -81.74493408203125 -16.66500473022461
480 -81.88784790039062 -16.707515716552734
481 -82.12651824951172 -16.796205520629883
482 -82.35303497314453 -16.92815399169922
483 -82.68054962158203 -17.12059783935547
484 -82.94269561767578 -17.285184860229492
485 -83.05419921875 -17.399112701416016
486 -83.43409729003906 -17.789043426513672
487 -83.60575103759766 -17.902925491333008
488 -83.90026092529297 -18.05502700805664
489 -84.28303527832031 -18.231414794921875
490 -84.52406311035156 -18.45424461364746
491 -84.69991302490234 -18.819875717163086
492 -84.71163940429688 -18.955175399780273
493 -84.79010772705078 -19.18856430053711
494 -84.99143981933594 -19.704753875732422
495 -84.98623657226562 -19.933170318603516
496 -85.20724487304688 -20.450687408447266
497 -85.3634033203125 -20.988798141479492
498 -85.45452880859375 -21.235763549804688
499 -85.54393768310547 -21.4693603515625
500 -85.62098693847656 -21.742521286010742
501 -85.73822021484375 -22.051986694335938
502 -85.8999252319336 -22.469173431396484
503 -86.00650787353516 -22.7124080657959
504 -86.13671112060547 -22.946495056152344
505 -86.27861785888672 -23.241594314575195
506 -86.41803741455078 -23.490230560302734
507 -86.56136322021484 -23.7311954498291
508 -86.75958251953125 -23.949918746948242
509 -87.1955795288086 -24.190399169921875
510 -87.49854278564453 -24.357234954833984
511 -87.86913299560547 -24.370838165283203
512 -88.2457504272461 -24.260238647460938
513 -88.52033996582031 -24.149730682373047
514 -88.759033203125 -24.012208938598633
515 -89.23847198486328 -23.643495559692383
516 -89.61710357666016 -23.31859016418457
517 -89.96166229248047 -23.141786575317383
518 -90.27489471435547 -23.016860961914062
519 -90.42670440673828 -22.933576583862305
520 -90.59537506103516 -22.811695098876953
521 -90.82905578613281 -22.61277198791504
522 -91.15569305419922 -22.341583251953125
523 -91.45748138427734 -22.062883377075195
524 -91.66705322265625 -21.75851821899414
525 -91.83561706542969 -21.456438064575195
526 -92.08657836914062 -21.02345085144043
527 -92.22314453125 -20.70856475830078
528 -92.3116226196289 -20.437549591064453
529 -92.35582733154297 -20.17892837524414
530 -92.42520141601562 -19.93634796142578
531 -92.40237426757812 -19.697568893432617
532 -92.30467987060547 -19.3395938873291
533 -92.16963958740234 -18.89848518371582
534 -92.00179290771484 -18.607654571533203
535 -91.73416137695312 -18.454952239990234
536 -91.33964538574219 -18.520864486694336
537 -90.58782196044922 -18.754558563232422
538 -90.35892486572266 -18.813589096069336
539 -89.90479278564453 -18.818662643432617
540 -89.54608154296875 -18.857419967651367
541 -89.43006134033203 -18.951900482177734
542 -89.19343566894531 -18.999176025390625
543 -88.89781951904297 -19.124771118164062
544 -88.53703308105469 -19.2891902923584
545 -88.26083374023438 -19.357070922851562
546 -88.0479736328125 -19.314170837402344
547 -87.82657623291016 -19.009796142578125
548 -87.72709655761719 -18.712627410888672
549 -87.67488861083984 -18.35502052307129
550 -87.6662368774414 -17.97381019592285
551 -87.5389633178711 -17.672704696655273
552 -87.35067749023438 -17.405521392822266
553 -87.17716979980469 -17.213666915893555
554 -87.01110076904297 -17.07325553894043
555 -86.78324127197266 -16.93058967590332
556 -86.55130767822266 -16.7331600189209
557 -86.36540222167969 -16.569704055786133
558 -74.32850646972656 -4.784157752990723
559 -74.30394744873047 -4.611278057098389
560 -74.34469604492188 -4.438665390014648
561 -74.53512573242188 -4.161245346069336
562 -74.7547607421875 -3.8861610889434814
563 -75.07337951660156 -3.6086912155151367
564 -75.21546936035156 -3.3247478008270264
565 -75.26294708251953 -3.0642995834350586
566 -75.33139038085938 -2.6709885597229004
567 -75.45861053466797 -2.3389804363250732
568 -75.59811401367188 -2.1169941425323486
569 -75.77536010742188 -1.8707151412963867
570 -75.89539337158203 -1.6522985696792603
571 -76.04352569580078 -1.459208607673645
572 -76.15367889404297 -1.279231071472168
573 -76.15953063964844 -1.0331419706344604
574 -76.1147689819336 -0.7173649072647095
575 -75.92278289794922 -0.6104208827018738
576 -75.66666412353516 -0.5730120539665222
577 -75.32740783691406 -0.5113363862037659
578 -74.83251190185547 -0.5540985465049744
579 -74.628173828125 -0.6111040115356445
580 -74.15518188476562 -0.8189558386802673
581 -73.60126495361328 -1.0176774263381958
582 -73.35966491699219 -1.1217821836471558
583 -73.17146301269531 -1.2407199144363403
584 -72.8489990234375 -1.2771515846252441
585 -72.26957702636719 -1.2904337644577026
586 -71.75056457519531 -1.316091537475586
587 -71.37364959716797 -1.3817744255065918
588 -70.90196228027344 -1.4530965089797974
589 -70.6415023803711 -1.613703727722168
590 -70.505615234375 -1.7653849124908447
591 -70.42608642578125 -1.9608311653137207
592 -70.43080139160156 -2.249255657196045
593 -70.52711486816406 -2.5525670051574707
594 -70.70095825195312 -2.9090933799743652
595 -71.02676391601562 -3.073744773864746
596 -71.32164001464844 -3.1963918209075928
597 -79.99605560302734 -5.317957878112793
598 -80.36912536621094 -5.51312780380249
599 -80.52742004394531 -5.659024715423584
600 -81.04671478271484 -6.075048923492432
601 -81.47647857666016 -6.3814473152160645
602 -81.7259750366211 -6.639228820800781
603 -81.91604614257812 -6.905947685241699
604 -82.09810638427734 -7.265674114227295
605 -82.18434143066406 -7.613531112670898
606 -82.27597045898438 -7.9452009201049805
607 -82.32830810546875 -8.165532112121582
608 -82.35382843017578 -8.521340370178223
609 -82.46673583984375 -8.975500106811523
610 -82.57967376708984 -9.47291374206543
611 -82.54546356201172 -9.737003326416016
612 -82.21562957763672 -10.328231811523438
613 -82.12734985351562 -10.50248908996582
614 -81.98077392578125 -10.729973793029785
615 -81.73563385009766 -10.871877670288086
616 -81.1297836303711 -11.021839141845703
617 -80.5365219116211 -11.088715553283691
618 -79.33116912841797 -11.054692268371582
619 -78.97540283203125 -11.135964393615723
620 -78.46863555908203 -11.328550338745117
621 -78.08119201660156 -11.603071212768555
622 -77.72595977783203 -11.925572395324707
623 -77.41026306152344 -12.218732833862305
624 -77.15825653076172 -12.481951713562012
625 -77.1143569946289 -12.608243942260742
626 -77.0067367553711 -12.892059326171875
627 -76.95921325683594 -13.150524139404297
628 -76.9257583618164 -13.312128067016602
629 -76.94357299804688 -13.4777193069458
630 -76.96790313720703 -13.640213966369629
631 -80.20783233642578 -19.78603172302246
632 -80.40013885498047 -20.182239532470703
633 -80.51876068115234 -20.421945571899414
634 -80.67217254638672 -20.644386291503906
635 -80.82061767578125 -20.81389808654785
636 -81.09307861328125 -21.092927932739258
637 -81.3594741821289 -21.403635025024414
638 -81.49320983886719 -21.58957862854004
639 -81.73284149169922 -21.99810791015625
640 -81.91520690917969 -22.410737991333008
641 -82.00313568115234 -22.60196304321289
642 -82.10993957519531 -22.851943969726562
643 -82.19116973876953 -23.041622161865234
644 -82.43035125732422 -23.365867614746094
645 -82.6890640258789 -23.65960121154785
646 -83.06791687011719 -23.98105239868164
647 -83.40536499023438 -24.200885772705078
648 -83.6932373046875 -24.4634952545166
649 -83.87518310546875 -24.642765045166016
650 -83.95685577392578 -24.831640243530273
651 -84.14043426513672 -25.22673988342285
652 -84.24369812011719 -25.525936126708984
653 -84.40907287597656 -26.043970108032227
654 -84.54204559326172 -26.57025909423828
655 -84.5604019165039 -26.860395431518555
656 -84.5314712524414 -27.17929458618164
657 -84.48773956298828 -27.526329040527344
658 -84.30226135253906 -27.84739112854004
659 -84.20552062988281 -28.030731201171875
660 -84.01444244384766 -28.16091537475586
661 -83.81023406982422 -28.341960906982422
662 -83.44873809814453 -28.456212997436523
663 -82.78588104248047 -28.54043960571289
664 -82.44234466552734 -28.522066116333008
665 -82.24874877929688 -28.4755916595459
666 -82.03573608398438 -28.43470001220703
667 -81.81932830810547 -28.249202728271484
668 -81.46856689453125 -27.9029598236084
669 -81.17652893066406 -27.706621170043945
670 -80.84640502929688 -27.56644630432129
671 -80.63359069824219 -27.38549041748047
672 -80.49979400634766 -27.146989822387695
673 -80.46414947509766 -26.75615882873535
674 -80.51228332519531 -26.259260177612305
675 -80.43864440917969 -25.99681854248047
676 -80.29979705810547 -25.71295928955078
677 -80.040283203125 -25.58424949645996
678 -79.11878967285156 -25.20426368713379
679 -78.84617614746094 -25.09840202331543
680 -78.23103332519531 -24.814855575561523
681 -77.65482330322266 -24.6377010345459
682 -77.34635925292969 -24.531108856201172
683 -77.14752197265625 -24.29963493347168
684 -76.90711975097656 -24.02587127685547
685 -76.83433532714844 -23.802724838256836
686 -76.93701171875 -23.528484344482422
687 -77.1201171875 -23.283939361572266
688 -77.34979248046875 -22.998872756958008
689 -77.68458557128906 -22.75858497619629
690 -78.0272216796875 -22.557504653930664
691 -78.4339599609375 -22.41798210144043
692 -78.63548278808594 -22.442895889282227
693 -79.07927703857422 -22.51582145690918
694 -79.4068603515625 -22.534181594848633
695 -88.66455078125 -15.338932037353516
696 -88.77741241455078 -15.240736961364746
697 -89.15564727783203 -15.028141975402832
698 -89.41224670410156 -14.868671417236328
699 -89.85704803466797 -14.564153671264648
700 -90.16010284423828 -14.35462760925293
701 -90.42073822021484 -14.385958671569824
702 -90.60155487060547 -14.486958503723145
703 -90.8901596069336 -14.659158706665039
704 -91.19105529785156 -14.639043807983398
705 -91.4625015258789 -14.484623908996582
706 -91.6599349975586 -14.218358993530273
707 -91.85643768310547 -13.7618408203125
708 -91.90502166748047 -13.417259216308594
709 -91.85662841796875 -13.164838790893555
710 -91.68159484863281 -12.70278263092041
711 -91.60857391357422 -12.37330436706543
712 -91.37401580810547 -11.902164459228516
713 -91.2537612915039 -11.709322929382324
714 -91.0410385131836 -11.304679870605469
715 -90.85713958740234 -10.9879732131958
716 -90.64393615722656 -10.779424667358398
717 -90.47689819335938 -10.566003799438477
718 -90.31656646728516 -10.337154388427734
719 -90.0905532836914 -10.107358932495117
720 -89.74043273925781 -9.942794799804688
721 -89.5361328125 -9.94544506072998
722 -89.21267700195312 -9.880603790283203
723 -88.89441680908203 -9.856779098510742
724 -88.67431640625 -9.854162216186523
725 -88.3408432006836 -9.82332706451416
726 -87.90196990966797 -9.738853454589844
727 -87.10575103759766 -9.542145729064941
728 -86.63473510742188 -9.383763313293457
729 -86.26535034179688 -9.251166343688965
730 -86.04927062988281 -9.14263916015625
731 -85.77552032470703 -8.993896484375
732 -85.59577178955078 -8.790800094604492
733 -85.39863586425781 -8.357892036437988
734 -85.24478149414062 -8.00221061706543
735 -85.2312240600586 -7.7911248207092285
736 -85.31238555908203 -7.625160217285156
737 -85.50626373291016 -7.551419258117676
738 -85.90461730957031 -7.424930572509766
739 -86.39269256591797 -7.318889617919922
740 -87.02256774902344 -7.201070785522461
741 -87.34229278564453 -7.072558403015137
742 -87.62129211425781 -6.8733601570129395
743 -87.94388580322266 -6.800511837005615
744 -88.22624206542969 -6.817376136779785
745 -88.46670532226562 -6.86128568649292
746 -75.40399169921875 -33.272254943847656
747 -75.25717163085938 -33.28457260131836
748 -75.10742950439453 -33.21199035644531
749 -74.94178009033203 -33.054481506347656
750 -74.76781463623047 -32.84511184692383
751 -74.49284362792969 -32.47071838378906
752 -74.25772857666016 -32.18678665161133
753 -74.19277954101562 -31.959814071655273
754 -74.28973388671875 -31.72114372253418
755 -74.35389709472656 -31.38587188720703
756 -74.57505798339844 -31.087858200073242
757 -74.70694732666016 -30.924224853515625
758 -74.84351348876953 -30.686382293701172
759 -75.01350402832031 -30.434730529785156
760 -75.2490234375 -30.128206253051758
761 -75.44749450683594 -29.85171890258789
762 -75.5339584350586 -29.749792098999023
763 -80.23898315429688 -9.457661628723145
764 -80.15116119384766 -9.325023651123047
765 -80.0335922241211 -9.260156631469727
766 -78.9185562133789 -9.002191543579102
767 -78.7481689453125 -8.885685920715332
768 -78.61006164550781 -8.646927833557129
769 -78.6678237915039 -8.367134094238281
770 -78.77071380615234 -8.106335639953613
771 -79.07154846191406 -7.825087547302246
772 -79.28662109375 -7.625341892242432
773 -79.51666259765625 -7.31584358215332
774 -82.07238006591797 -4.770566463470459
775 -82.32096099853516 -4.64190673828125
776 -82.5304183959961 -4.573516845703125
777 -82.75971221923828 -4.552839756011963
778 -83.03211975097656 -4.567444801330566
779 -83.37911987304688 -4.608641624450684
780 -83.8155288696289 -4.660097122192383
781 -84.06266021728516 -4.667825698852539
782 -84.3459243774414 -4.682861804962158
783 -84.58395385742188 -4.682032585144043
784 -85.02642822265625 -4.696522235870361
785 -85.33016967773438 -4.665066719055176
786 -85.64652252197266 -4.6051249504089355
787 -85.9608154296875 -4.5592803955078125
788 -86.33451080322266 -4.506383895874023
789 -86.64511108398438 -4.433963775634766
790 -86.82263946533203 -4.334793567657471
791 -87.03700256347656 -4.221642971038818
792 -87.18788146972656 -4.111284255981445
793 -87.37193298339844 -3.8926377296447754
794 -89.79961395263672 -1.6418795585632324
795 -90.01419067382812 -1.477543830871582
796 -90.37101745605469 -1.1498804092407227
797 -90.79071044921875 -0.6751733422279358
798 -91.0987319946289 -0.327980637550354
799 -91.24634552001953 -0.12566208839416504
800 -91.4610824584961 0.010162840597331524
801 -91.66324615478516 0.23247437179088593
802 -91.90673065185547 0.651190459728241
803 -92.03475189208984 0.8742346167564392
804 -92.16484832763672 1.2171975374221802
805 -92.2760238647461 1.539794683456421
806 -92.4818115234375 2.038757801055908
807 -92.58049011230469 2.2309391498565674
808 -92.77249908447266 2.3458683490753174
809 -93.06800079345703 2.511556386947632
810 -93.47257995605469 2.756847858428955
811 -93.7214126586914 2.9001545906066895
812 -93.9992446899414 3.0616965293884277
813 -94.18799591064453 3.171013832092285
814 -94.53560638427734 3.3957765102386475
815 -94.89163208007812 3.6405997276306152
816 -95.05561828613281 3.754549503326416
817 -95.3484878540039 3.955579996109009
818 -95.61961364746094 4.093471527099609
819 -95.84286499023438 4.046476364135742
820 -96.26181030273438 3.834244728088379
821 -96.6357192993164 3.6755406856536865
822 -96.86690521240234 3.5506272315979004
823 -97.02877807617188 3.3958218097686768
824 -97.02167510986328 3.082901954650879
825 -96.93314361572266 2.6536762714385986
826 -96.90897369384766 2.1813461780548096
827 -96.95205688476562 1.8564718961715698
828 -97.07644653320312 1.601446270942688
829 -97.35730743408203 1.3737292289733887
830 -97.6663818359375 1.1929762363433838
831 -97.90727996826172 1.0552443265914917
832 -98.06692504882812 0.8633853197097778
833 -98.14140319824219 0.6401814222335815
834 -98.14591217041016 0.22032885253429413
835 -98.13754272460938 -0.10053397715091705
836 -98.1877670288086 -0.4260483682155609
837 -98.20513153076172 -0.6599034070968628
838 -98.23240661621094 -1.0446199178695679
839 -98.22708892822266 -1.5224511623382568
840 -98.22000122070312 -1.7147749662399292
841 -98.05918884277344 -1.852386236190796
842 -97.7104721069336 -2.207118272781372
843 -97.3721923828125 -2.625293016433716
844 -97.10594177246094 -2.874636650085449
845 -96.91192626953125 -2.997028350830078
846 -73.09095001220703 -7.099376201629639
847 -72.96310424804688 -6.981370449066162
848 -72.7753677368164 -6.805116653442383
849 -72.47576141357422 -6.478386402130127
850 -72.2385482788086 -6.264148712158203
851 -71.84585571289062 -6.1238908767700195
852 -71.4660873413086 -6.071084499359131
853 -71.21199035644531 -6.188159465789795
854 -70.8880386352539 -6.390658855438232
855 -70.63201904296875 -6.5431742668151855
856 -70.3904037475586 -6.809878349304199
857 -70.3006591796875 -6.944526672363281
858 -70.29402160644531 -7.198782444000244
859 -70.27690124511719 -7.451838493347168
860 -70.01777648925781 -8.027861595153809
861 -69.63580322265625 -8.375460624694824
862 -69.36556243896484 -8.518265724182129
863 -68.99832153320312 -8.561084747314453
864 -68.73443603515625 -8.535085678100586
865 -68.05610656738281 -8.15636920928955
866 -67.66620635986328 -8.01307201385498
867 -67.24990844726562 -7.94309663772583
868 -66.92892456054688 -7.957238674163818
869 -66.62545013427734 -8.05356502532959
870 -66.4329605102539 -8.121356010437012
871 -66.28158569335938 -8.24345588684082
872 -66.07337188720703 -8.456604957580566
873 -66.04742431640625 -9.003471374511719
874 -65.92951965332031 -9.431501388549805
875 -65.83771514892578 -9.715725898742676
876 -65.66291046142578 -10.306769371032715
877 -65.58586883544922 -10.68753719329834
878 -65.56819915771484 -11.039750099182129
879 -65.54829406738281 -11.31384563446045
880 -65.60504150390625 -11.58060073852539
881 -65.70391082763672 -11.899251937866211
882 -65.75980377197266 -12.145009994506836
883 -65.81974792480469 -12.491303443908691
884 -65.85494232177734 -12.63194465637207
885 -92.45207214355469 -27.43096160888672
886 -92.53522491455078 -27.16611671447754
887 -92.65925598144531 -26.544309616088867
888 -92.68498229980469 -26.261348724365234
889 -92.7238998413086 -26.05066680908203
890 -92.80007934570312 -25.804309844970703
891 -92.93971252441406 -25.509008407592773
892 -93.25665283203125 -24.964359283447266
893 -93.54106140136719 -24.84864044189453
894 -94.0950927734375 -24.970016479492188
895 -94.37979888916016 -25.100574493408203
896 -94.5542221069336 -25.30263328552246
897 -94.79803466796875 -25.795974731445312
898 -95.11665344238281 -26.437406539916992
899 -95.2929916381836 -26.80875015258789
900 -95.5629653930664 -27.099109649658203
901 -95.79338073730469 -27.21490478515625
902 -96.01586151123047 -27.326818466186523
903 -96.33090209960938 -27.4106388092041
904 -96.68461608886719 -27.409687042236328
905 -96.98606872558594 -27.34783363342285
906 -97.28338623046875 -27.231964111328125
907 -97.4409408569336 -27.006139755249023
908 -97.50052642822266 -26.78737449645996
909 -97.62942504882812 -26.537687301635742
910 -97.77064514160156 -26.271400451660156
911 -97.83123016357422 -26.04762077331543
912 -97.80217742919922 -25.70392608642578
913 -97.78899383544922 -25.267147064208984
914 -97.78487396240234 -24.878398895263672
915 -97.7117919921875 -24.608707427978516
916 -97.52861022949219 -24.371198654174805
917 -97.34154510498047 -24.183029174804688
918 -96.73446655273438 -23.55908203125
919 -96.53279876708984 -23.359413146972656
920 -96.4801025390625 -23.177406311035156
921 -96.41563415527344 -22.907371520996094
922 -96.30399322509766 -22.482370376586914
923 -96.12271118164062 -21.74593162536621
924 -96.0650405883789 -21.368392944335938
925 -96.00725555419922 -20.939170837402344
926 -95.9792251586914 -20.655424118041992
927 -95.93429565429688 -20.497482299804688
928 -95.77368927001953 -20.19952392578125
929 -95.4891586303711 -19.67391586303711
930 -95.33338165283203 -19.383853912353516
931 -95.16644287109375 -18.951784133911133
932 -95.0697250366211 -18.471281051635742
933 -95.0139389038086 -18.09328269958496
934 -94.9518814086914 -17.81204605102539
935 -95.01453399658203 -17.59222984313965
936 -95.18109130859375 -17.210783004760742
937 -95.24942016601562 -16.993289947509766
938 -95.4438705444336 -16.82378578186035
939 -95.66972351074219 -16.783836364746094
940 -96.08269500732422 -16.791492462158203
941 -96.58041381835938 -16.85700798034668
942 -97.03952026367188 -16.98752784729004
943 -97.35801696777344 -17.055177688598633
944 -97.55101013183594 -17.073291778564453
945 -97.90327453613281 -17.03986930847168
946 -98.25165557861328 -16.92782974243164
947 -98.37480926513672 -16.71542739868164
948 -98.38609313964844 -16.38492202758789
949 -98.39578247070312 -16.112531661987305
950 -98.33186340332031 -15.852775573730469
951 -98.1074447631836 -15.36575984954834
952 -97.94702911376953 -14.786579132080078
953 -97.81607055664062 -14.45140552520752
954 -97.64729309082031 -14.1035737991333
955 -97.41822814941406 -13.78860855102539
956 -97.16667175292969 -13.419404983520508
957 -96.9736099243164 -13.085990905761719
958 -96.81761169433594 -12.807525634765625
959 -96.72693634033203 -12.61334228515625
960 -96.60179138183594 -12.360967636108398
961 -96.36040496826172 -11.947948455810547
962 -96.18302154541016 -11.68441390991211
963 -96.08319091796875 -11.433035850524902
964 -95.98652648925781 -10.987814903259277
965 -95.93694305419922 -10.5245361328125
966 -95.95426940917969 -10.115594863891602
967 -95.98269653320312 -9.80303955078125
968 -96.10724639892578 -9.339058876037598
969 -96.33158874511719 -8.892189979553223
970 -96.87759399414062 -8.097617149353027
971 -97.060302734375 -7.875992774963379
972 -97.28975677490234 -7.675899028778076
973 -97.54337310791016 -7.469927787780762
974 -97.69744110107422 -7.372732639312744
975 -98.02184295654297 -7.172563552856445
976 -98.28191375732422 -7.025943279266357
977 -98.60738372802734 -6.906162261962891
978 -98.87528991699219 -6.82002067565918
979 -99.18338775634766 -6.819239616394043
980 -99.5116195678711 -6.979614734649658
981 -99.71929168701172 -7.119929313659668
982 -99.8679428100586 -7.238049507141113
983 -100.31324768066406 -7.699314594268799
984 -100.71717071533203 -8.18316650390625
985 -100.8602066040039 -8.411075592041016
986 -100.99378204345703 -8.67438793182373
987 -101.14306640625 -8.991715431213379
988 -101.3453369140625 -9.36623477935791
989 -101.47809600830078 -9.665387153625488
990 -101.56473541259766 -9.994136810302734
991 -101.57274627685547 -10.373518943786621
992 -101.55603790283203 -10.816217422485352
993 -101.55940246582031 -10.91181468963623
994 -101.46585845947266 -11.120330810546875
995 -101.23969268798828 -11.574945449829102
996 -101.10588073730469 -11.8090181350708
997 -100.91612243652344 -12.022344589233398
998 -100.78060150146484 -12.189573287963867
999 -100.72344207763672 -12.279891967773438
