0 22.731544494628906 -13.086983680725098
1 22.711427688598633 -13.120003700256348
2 22.656450271606445 -13.202682495117188
3 22.62745475769043 -13.27396011352539
4 19.95113182067871 -29.886581420898438
5 19.840295791625977 -30.16602897644043
6 19.83339500427246 -30.35860824584961
7 19.855724334716797 -30.666234970092773
8 19.868663787841797 -31.008726119995117
9 19.7869815826416 -31.235151290893555
10 19.66143798828125 -31.372072219848633
11 19.41177749633789 -31.759178161621094
12 19.21371078491211 -32.26483154296875
13 19.317760467529297 -32.633331298828125
14 19.489513397216797 -32.82656478881836
15 19.62628936767578 -33.11641311645508
16 19.82904052734375 -33.36084747314453
17 19.930368423461914 -33.57732009887695
18 20.016124725341797 -34.12166213989258
19 20.149002075195312 -34.63218307495117
20 20.34202766418457 -35.00501251220703
21 20.68746566772461 -35.579166412353516
22 20.83296775817871 -35.71728515625
23 21.042770385742188 -35.82899475097656
24 21.279184341430664 -35.893314361572266
25 21.545974731445312 -35.764652252197266
26 21.896169662475586 -35.54536056518555
27 22.209280014038086 -35.18352508544922
28 22.462234497070312 -34.983280181884766
29 22.706945419311523 -34.787933349609375
30 22.863380432128906 -34.59251022338867
31 22.89603042602539 -34.32928466796875
32 22.836355209350586 -34.09415054321289
33 22.940645217895508 -33.6580696105957
34 23.137527465820312 -33.18077850341797
35 23.12119483947754 -32.918479919433594
36 23.074764251708984 -32.594791412353516
37 23.015506744384766 -32.43267059326172
38 21.529438018798828 -16.311965942382812
39 21.799760818481445 -16.178823471069336
40 22.16025733947754 -16.12177276611328
41 22.483673095703125 -16.25018310546875
42 22.81081199645996 -16.48947525024414
43 23.008411407470703 -16.734193801879883
44 22.9945125579834 -17.075719833374023
45 22.858556747436523 -17.803943634033203
46 22.742326736450195 -18.171632766723633
47 22.675899505615234 -18.342464447021484
48 22.682857513427734 -18.448890686035156
49 18.2504825592041 -35.2969970703125
50 18.335107803344727 -35.57807540893555
51 18.442642211914062 -35.82074737548828
52 18.6240234375 -36.17762756347656
53 18.96776008605957 -36.81196594238281
54 19.119747161865234 -37.099449157714844
55 19.515121459960938 -37.80419921875
56 19.76201057434082 -38.212608337402344
57 19.842710494995117 -38.504051208496094
58 20.00510597229004 -39.139129638671875
59 20.06637191772461 -39.48670196533203
60 20.136388778686523 -39.933311462402344
61 20.1453857421875 -40.31159973144531
62 20.114810943603516 -40.89048385620117
63 20.129480361938477 -41.19219207763672
64 20.12315559387207 -41.49126434326172
65 20.247314453125 -42.011192321777344
66 20.229053497314453 -42.35612106323242
67 20.1890811920166 -42.624210357666016
68 19.892175674438477 -43.025291442871094
69 19.474285125732422 -43.445980072021484
70 19.154705047607422 -43.74494934082031
71 18.888612747192383 -43.95620346069336
72 18.69644546508789 -44.04531478881836
73 18.36856460571289 -44.20278549194336
74 17.769189834594727 -44.445091247558594
75 17.56315040588379 -44.482521057128906
76 17.189878463745117 -44.405609130859375
77 16.741336822509766 -44.331783294677734
78 16.385801315307617 -44.190250396728516
79 15.961624145507812 -43.942665100097656
80 15.810521125793457 -43.821964263916016
81 15.2842435836792 -43.32378387451172
82 14.879371643066406 -43.023136138916016
83 14.74287223815918 -43.03718948364258
84 14.625457763671875 -43.185726165771484
85 14.386876106262207 -43.55385208129883
86 14.247394561767578 -43.78657913208008
87 42.47127914428711 -42.87779998779297
88 42.60309982299805 -42.79132080078125
89 42.895267486572266 -42.48804473876953
90 43.21664047241211 -42.109310150146484
91 43.357173919677734 -41.86626434326172
92 43.64649963378906 -41.39398193359375
93 43.6961669921875 -41.15788269042969
94 43.71319580078125 -40.91041946411133
95 43.75564956665039 -40.45772171020508
96 43.82987976074219 -40.10574722290039
97 43.873817443847656 -39.856964111328125
98 43.886531829833984 -39.50544738769531
99 43.850196838378906 -39.020545959472656
100 43.72991943359375 -38.21244430541992
101 43.64829635620117 -37.54444885253906
102 43.642181396484375 -37.39885330200195
103 43.533206939697266 -37.14743423461914
104 43.22684097290039 -36.84504699707031
105 42.90416717529297 -36.70540237426758
106 42.6635856628418 -36.678123474121094
107 42.36610412597656 -36.711273193359375
108 41.87787628173828 -36.83987045288086
109 41.5250244140625 -36.94127655029297
110 6.428947448730469 -27.92193603515625
111 6.529208660125732 -27.88773536682129
112 6.838746070861816 -27.827478408813477
113 7.319918155670166 -27.793880462646484
114 7.676205635070801 -27.802494049072266
115 8.027595520019531 -27.78238296508789
116 8.390933990478516 -27.750083923339844
117 8.601582527160645 -27.73122787475586
118 8.837884902954102 -27.746627807617188
119 9.643640518188477 -27.922475814819336
120 9.79480266571045 -28.02350616455078
121 6.029824733734131 -41.60785675048828
122 6.0709404945373535 -41.869075775146484
123 6.311326503753662 -42.31172180175781
124 6.447513580322266 -42.39122772216797
125 6.699126720428467 -42.30460739135742
126 7.1578049659729 -42.07407760620117
127 7.916507244110107 -41.646873474121094
128 8.436574935913086 -41.280364990234375
129 8.899320602416992 -40.76479721069336
130 9.123031616210938 -40.517425537109375
131 9.396493911743164 -40.153038024902344
132 9.502830505371094 -39.93913269042969
133 9.634500503540039 -39.658546447753906
134 9.942001342773438 -39.14466857910156
135 10.084986686706543 -38.96615219116211
136 33.92527389526367 -31.879796981811523
137 33.96627426147461 -31.965360641479492
138 34.010623931884766 -32.16383361816406
139 34.12324142456055 -32.66942596435547
140 34.213104248046875 -33.0903434753418
141 34.338226318359375 -33.47453689575195
142 34.549556732177734 -33.660179138183594
143 34.810813903808594 -33.74041748046875
144 35.25492858886719 -33.905006408691406
145 35.625972747802734 -34.095951080322266
146 36.0922737121582 -34.3672981262207
147 36.281219482421875 -34.5094108581543
148 36.522457122802734 -34.720428466796875
149 36.89399719238281 -35.11182403564453
150 37.238136291503906 -35.56816101074219
151 37.503501892089844 -35.902503967285156
152 37.954071044921875 -36.42609405517578
153 38.07128143310547 -36.605716705322266
154 38.175987243652344 -36.86360549926758
155 38.26170349121094 -37.155120849609375
156 38.32277297973633 -37.67277526855469
157 38.34824752807617 -38.39991760253906
158 38.337589263916016 -38.628501892089844
159 38.29265594482422 -38.84483337402344
160 38.215919494628906 -39.13691329956055
161 38.15107727050781 -39.27770233154297
162 13.273634910583496 -39.25238800048828
163 13.182955741882324 -39.44856643676758
164 13.173023223876953 -39.719573974609375
165 13.297399520874023 -39.950599670410156
166 13.397942543029785 -40.39162063598633
167 13.533058166503906 -40.63874053955078
168 13.706393241882324 -40.793426513671875
169 13.985411643981934 -40.87342071533203
170 14.338910102844238 -40.85118103027344
171 14.78426456451416 -40.80226516723633
172 15.002171516418457 -40.77644729614258
173 15.30591106414795 -40.76028060913086
174 15.73628044128418 -40.78660202026367
175 15.941532135009766 -40.801761627197266
176 16.942359924316406 -40.88254165649414
177 17.206209182739258 -40.900604248046875
178 17.39377784729004 -40.91405487060547
179 17.559736251831055 -40.90421676635742
180 32.22882843017578 -47.869056701660156
181 32.46342849731445 -48.05550765991211
182 32.89384841918945 -48.464820861816406
183 33.23734664916992 -48.853431701660156
184 33.41937255859375 -49.17009735107422
185 33.61024856567383 -49.605751037597656
186 33.78893280029297 -50.093841552734375
187 33.957149505615234 -50.44276809692383
188 34.0548210144043 -50.68407440185547
189 34.19300079345703 -50.987632751464844
190 34.4918327331543 -51.23370361328125
191 34.78065872192383 -51.3386116027832
192 35.19871139526367 -51.46097183227539
193 35.62242889404297 -51.50394821166992
194 36.08551788330078 -51.4883918762207
195 36.59768295288086 -51.43476486206055
196 37.04035568237305 -51.32307434082031
197 38.055362701416016 -51.02630615234375
198 38.236175537109375 -50.98200225830078
199 38.44083786010742 -50.84395217895508
200 38.71957015991211 -50.578529357910156
201 39.11674880981445 -50.180503845214844
202 39.4943733215332 -49.77978515625
203 39.62198257446289 -49.59075927734375
204 39.70036315917969 -49.3494987487793
205 39.823753356933594 -48.7133674621582
206 39.9172248840332 -48.1998405456543
207 39.936241149902344 -47.87527084350586
208 39.97065353393555 -47.66434860229492
209 39.941219329833984 -47.13862609863281
210 39.87033462524414 -46.61323547363281
211 39.856178283691406 -46.44293212890625
212 39.75625991821289 -46.299686431884766
213 39.39186096191406 -45.870697021484375
214 39.12251281738281 -45.58646011352539
215 38.642398834228516 -45.053462982177734
216 38.44852828979492 -44.74559783935547
217 38.29604721069336 -44.357784271240234
218 38.20029830932617 -44.14115905761719
219 38.06727600097656 -43.91188049316406
220 37.80280303955078 -43.47859191894531
221 37.6171989440918 -43.32304000854492
222 37.34003829956055 -43.26459503173828
223 36.87503433227539 -43.227237701416016
224 36.25253677368164 -43.15993118286133
225 36.006752014160156 -43.1758918762207
226 35.652469635009766 -43.310218811035156
227 35.33327865600586 -43.452457427978516
228 35.0068359375 -43.61320495605469
229 34.83110046386719 -43.703514099121094
230 34.404598236083984 -43.87404251098633
231 33.82278823852539 -44.06571960449219
232 33.087684631347656 -44.2503662109375
233 32.738746643066406 -44.31873321533203
234 32.40437316894531 -44.3515625
235 32.140480041503906 -44.35963821411133
236 31.64842414855957 -44.32628631591797
237 24.486331939697266 -42.369564056396484
238 24.259634017944336 -42.272335052490234
239 23.728723526000977 -41.90793228149414
240 23.287137985229492 -41.64236831665039
241 23.170278549194336 -41.477333068847656
242 23.14272117614746 -41.210479736328125
243 23.194293975830078 -40.80006408691406
244 23.293367385864258 -40.42744445800781
245 23.48028564453125 -40.28749084472656
246 24.171361923217773 -40.295814514160156
247 24.514543533325195 -40.45081329345703
248 25.015108108520508 -40.7144660949707
249 25.96108055114746 -41.31904983520508
250 26.12984848022461 -41.46783447265625
251 26.35151481628418 -41.60300064086914
252 26.821557998657227 -41.831268310546875
253 27.36414337158203 -42.07814407348633
254 27.650897979736328 -42.20319366455078
255 28.107534408569336 -42.47013473510742
256 28.345827102661133 -42.59988021850586
257 28.50857925415039 -42.58295822143555
258 36.69499588012695 -26.73191261291504
259 36.753196716308594 -26.555469512939453
260 36.78782272338867 -26.339649200439453
261 36.76389694213867 -26.167715072631836
262 36.63790512084961 -25.867780685424805
263 36.52598571777344 -25.612064361572266
264 36.41286087036133 -25.34876823425293
265 36.289302825927734 -25.100299835205078
266 36.21255111694336 -24.861934661865234
267 36.01607131958008 -24.373598098754883
268 35.8614616394043 -23.99608039855957
269 35.75166320800781 -23.791234970092773
270 35.65029525756836 -23.7093563079834
271 20.92639923095703 -25.492130279541016
272 20.64011001586914 -25.425247192382812
273 20.407068252563477 -25.33534812927246
274 20.225942611694336 -25.190637588500977
275 20.097402572631836 -24.86407470703125
276 20.1166934967041 -24.445846557617188
277 20.166852951049805 -24.13374137878418
278 20.19280433654785 -23.72395896911621
279 20.067289352416992 -23.392261505126953
280 19.832294464111328 -23.105859756469727
281 19.373857498168945 -22.785175323486328
282 18.900157928466797 -22.60820198059082
283 18.593753814697266 -22.563261032104492
284 18.384634017944336 -22.565401077270508
285 17.948862075805664 -22.445144653320312
286 17.66705322265625 -22.267681121826172
287 17.536876678466797 -22.0192813873291
288 17.460966110229492 -21.704133987426758
289 17.46030044555664 -21.424057006835938
290 17.528076171875 -21.111074447631836
291 17.498065948486328 -20.92650604248047
292 10.271236419677734 -30.614051818847656
293 10.144734382629395 -30.86990737915039
294 9.938933372497559 -31.100116729736328
295 9.61303424835205 -31.312145233154297
296 9.161258697509766 -31.49981117248535
297 8.84522533416748 -31.655364990234375
298 8.543703079223633 -31.88590431213379
299 8.489546775817871 -32.10039138793945
300 8.603584289550781 -32.41623306274414
301 8.966418266296387 -32.8223762512207
302 9.203581809997559 -32.99905776977539
303 36.61839294433594 -8.475929260253906
304 36.78006362915039 -8.234347343444824
305 36.975547790527344 -8.028942108154297
306 37.30768585205078 -7.7899556159973145
307 37.644779205322266 -7.626769542694092
308 37.99656677246094 -7.511857986450195
309 38.35832595825195 -7.432677745819092
310 38.76838684082031 -7.450163841247559
311 38.94728088378906 -7.4943413734436035
312 39.2335205078125 -7.755731105804443
313 39.64023971557617 -8.09369945526123
314 39.91031265258789 -8.381745338439941
315 40.11532974243164 -8.547562599182129
316 40.3564453125 -8.902451515197754
317 40.59829330444336 -9.411383628845215
318 40.74944305419922 -9.702925682067871
319 40.814002990722656 -9.950093269348145
320 40.8101806640625 -10.36856460571289
321 40.791873931884766 -10.726251602172852
322 40.84614562988281 -11.101242065429688
323 40.95069122314453 -11.438380241394043
324 41.216033935546875 -11.78035831451416
325 41.42296600341797 -12.015368461608887
326 41.65616989135742 -12.191603660583496
327 42.10435485839844 -12.443572044372559
328 42.33327102661133 -12.573104858398438
329 42.7896728515625 -12.848775863647461
330 43.068695068359375 -13.009805679321289
331 43.38263702392578 -13.217923164367676
332 43.68724822998047 -13.460591316223145
333 43.84270095825195 -13.66448974609375
334 43.912147521972656 -13.814467430114746
335 16.179555892944336 -31.288509368896484
336 16.242168426513672 -31.42373275756836
337 16.285886764526367 -31.696136474609375
338 16.266708374023438 -32.18813705444336
339 16.27318000793457 -32.55256652832031
340 16.302566528320312 -32.931114196777344
341 16.252042770385742 -33.11422348022461
342 16.085987091064453 -33.28133010864258
343 15.565729141235352 -33.58612060546875
344 15.245994567871094 -33.716243743896484
345 14.933662414550781 -33.7156867980957
346 14.348028182983398 -33.72617721557617
347 13.8385648727417 -33.7563362121582
348 13.142349243164062 -33.898338317871094
349 12.754862785339355 -33.969032287597656
350 12.292875289916992 -34.14801025390625
351 11.882877349853516 -34.36776351928711
352 11.380088806152344 -34.75619125366211
353 11.118210792541504 -34.99968719482422
354 10.89510726928711 -35.23716735839844
355 10.68816089630127 -35.52802276611328
356 10.23285961151123 -36.045806884765625
357 10.035944938659668 -36.173622131347656
358 9.77530288696289 -36.259552001953125
359 9.312304496765137 -36.24663543701172
360 8.764106750488281 -36.21266555786133
361 8.538742065429688 -36.22395706176758
362 8.510711669921875 -36.244747161865234
363 24.98307991027832 -44.2359619140625
364 25.014436721801758 -44.499752044677734
365 24.979135513305664 -44.86743927001953
366 24.829391479492188 -45.1898307800293
367 24.66790008544922 -45.428863525390625
368 24.304893493652344 -45.659507751464844
369 23.677379608154297 -45.798683166503906
370 23.291778564453125 -45.80601119995117
371 22.776748657226562 -45.7150764465332
372 22.415271759033203 -45.63140106201172
373 21.98563003540039 -45.53945541381836
374 21.551280975341797 -45.49485397338867
375 21.240882873535156 -45.560367584228516
376 20.96527671813965 -45.717044830322266
377 20.533836364746094 -45.95561981201172
378 20.26535987854004 -46.18783187866211
379 20.229171752929688 -46.55018615722656
380 20.726116180419922 -47.37487030029297
381 20.8026065826416 -47.68709945678711
382 20.735960006713867 -47.92335510253906
383 20.276607513427734 -48.21247482299805
384 19.991090774536133 -48.27248001098633
385 19.68277931213379 -48.25680923461914
386 19.155010223388672 -48.064937591552734
387 18.80583953857422 -47.949344635009766
388 18.379356384277344 -47.919349670410156
389 17.693132400512695 -47.99895477294922
390 17.436885833740234 -48.00485610961914
391 17.060020446777344 -48.012874603271484
392 16.550094604492188 -48.02983093261719
393 16.08710289001465 -48.04613494873047
394 15.703012466430664 -48.06755065917969
395 15.397638320922852 -48.145484924316406
396 15.128644943237305 -48.1976318359375
397 13.944378852844238 -48.19725799560547
398 13.710626602172852 -48.13538360595703
399 13.569762229919434 -47.984535217285156
400 13.428250312805176 -47.72453308105469
401 13.257650375366211 -47.393009185791016
402 12.924315452575684 -46.97359848022461
403 12.65510368347168 -46.77760696411133
404 12.10581111907959 -46.47911071777344
405 11.774676322937012 -46.29806900024414
406 11.587902069091797 -46.01667404174805
407 11.455522537231445 -45.70294952392578
408 11.388383865356445 -45.36244201660156
409 11.1868257522583 -44.66896057128906
410 11.101629257202148 -44.472251892089844
411 11.156051635742188 -44.14555358886719
412 11.228005409240723 -43.856781005859375
413 11.355295181274414 -43.52236557006836
414 11.64447021484375 -42.71575164794922
415 11.73249626159668 -42.36497497558594
416 11.758002281188965 -42.16251754760742
417 11.767879486083984 -42.057884216308594
418 27.434249877929688 -24.5092716217041
419 27.586734771728516 -24.454456329345703
420 27.902822494506836 -24.432287216186523
421 28.241527557373047 -24.436796188354492
422 28.48431396484375 -24.517547607421875
423 28.648967742919922 -24.716127395629883
424 28.891231536865234 -25.057485580444336
425 29.025217056274414 -25.40818214416504
426 29.164485931396484 -25.628597259521484
427 29.156692504882812 -25.879880905151367
428 28.979820251464844 -26.214141845703125
429 28.7582950592041 -26.643598556518555
430 28.500680923461914 -26.980331420898438
431 28.189456939697266 -27.201108932495117
432 27.861770629882812 -27.33082389831543
433 27.626279830932617 -27.424306869506836
434 27.420028686523438 -27.550140380859375
435 26.520978927612305 -28.383779525756836
436 26.262130737304688 -28.738616943359375
437 26.156740188598633 -28.96207618713379
438 26.02834129333496 -29.307886123657227
439 25.966215133666992 -29.658512115478516
440 25.87455177307129 -30.059194564819336
441 25.83092498779297 -30.48472023010254
442 25.814842224121094 -30.783369064331055
443 25.823707580566406 -31.020431518554688
444 26.001989364624023 -31.549097061157227
445 26.190242767333984 -32.0085334777832
446 26.314210891723633 -32.21173858642578
447 26.544036865234375 -32.57334518432617
448 30.66676902770996 -38.12318420410156
449 30.829378128051758 -38.2144775390625
450 30.96617317199707 -38.18657684326172
451 31.477880477905273 -38.01374053955078
452 31.79950523376465 -37.8651008605957
453 32.27804183959961 -37.6690788269043
454 32.70792007446289 -37.47600555419922
455 33.332969665527344 -37.255985260009766
456 33.83955383300781 -37.039756774902344
457 34.14222717285156 -36.90127944946289
458 34.348838806152344 -36.821868896484375
459 34.43243408203125 -36.788509368896484
460 43.721221923828125 -20.13406753540039
461 44.28345489501953 -18.972679138183594
462 44.36103057861328 -18.920394897460938
463 44.55113220214844 -18.93206024169922
464 44.73179626464844 -18.9741153717041
465 44.947540283203125 -19.094980239868164
466 45.09337615966797 -19.242685317993164
467 45.41145324707031 -19.458547592163086
468 45.487510681152344 -19.613527297973633
469 45.48626708984375 -20.744421005249023
470 45.48179626464844 -21.224666595458984
471 45.49401092529297 -21.417165756225586
472 45.52450942993164 -21.674854278564453
473 45.53456115722656 -21.8641414642334
474 45.52974319458008 -22.142078399658203
475 35.12645721435547 -39.58317947387695
476 34.78489303588867 -39.82274627685547
477 34.576271057128906 -39.94712448120117
478 34.31098937988281 -40.06864547729492
479 34.00274658203125 -40.190940856933594
480 32.727882385253906 -40.67649841308594
481 32.3411865234375 -40.817569732666016
482 32.02445602416992 -40.896854400634766
483 31.786161422729492 -40.90603256225586
484 31.624542236328125 -40.86744689941406
485 31.506731033325195 -40.75309371948242
486 31.725421905517578 -30.41902732849121
487 31.514814376831055 -30.19594955444336
488 31.270050048828125 -30.042253494262695
489 31.13967514038086 -30.070585250854492
490 30.852413177490234 -30.2910213470459
491 30.589004516601562 -30.80385398864746
492 30.30339241027832 -31.285348892211914
493 29.987503051757812 -31.78731918334961
494 29.65235710144043 -32.1613655090332
495 29.229454040527344 -32.52529525756836
496 29.05147361755371 -32.58628463745117
497 28.92245101928711 -32.48890686035156
498 28.831684112548828 -32.10740280151367
499 28.71686363220215 -31.087242126464844
500 28.645627975463867 -30.401777267456055
501 28.541156768798828 -30.015365600585938
502 28.501436233520508 -29.84357452392578
503 28.48592758178711 -29.66794204711914
504 28.496742248535156 -29.612918853759766
505 10.363906860351562 -18.932464599609375
506 10.161542892456055 -18.555526733398438
507 10.104889869689941 -18.245969772338867
508 10.089279174804688 -18.0024471282959
509 10.103885650634766 -17.702533721923828
510 10.202967643737793 -17.445039749145508
511 10.520991325378418 -17.026050567626953
512 10.805817604064941 -16.665124893188477
513 10.90831470489502 -16.574604034423828
514 11.044981956481934 -16.495962142944336
515 11.41728687286377 -16.296348571777344
516 12.013595581054688 -16.041339874267578
517 12.28615665435791 -15.946903228759766
518 12.571100234985352 -15.873513221740723
519 12.938481330871582 -15.839234352111816
520 13.48121166229248 -15.817670822143555
521 14.555137634277344 -15.69987678527832
522 14.907598495483398 -15.689587593078613
523 15.243403434753418 -15.673198699951172
524 15.77216625213623 -15.587430953979492
525 16.039674758911133 -15.508248329162598
526 16.257160186767578 -15.402303695678711
527 16.51932716369629 -15.190526008605957
528 16.761640548706055 -14.92769718170166
529 17.072235107421875 -14.518936157226562
530 17.31983757019043 -14.172394752502441
531 17.517961502075195 -14.023837089538574
532 17.861793518066406 -13.849259376525879
533 18.32694435119629 -13.780860900878906
534 18.614604949951172 -13.858403205871582
535 19.014429092407227 -14.087918281555176
536 19.269731521606445 -14.284988403320312
537 19.258056640625 -14.533659934997559
538 19.251523971557617 -15.182653427124023
539 19.25855255126953 -15.408682823181152
540 19.276411056518555 -15.808942794799805
541 19.29258155822754 -16.077239990234375
542 19.315418243408203 -16.30882453918457
543 21.965604782104492 -30.095924377441406
544 22.03082275390625 -30.19758415222168
545 22.20131492614746 -30.199783325195312
546 22.58983039855957 -30.06365203857422
547 23.011035919189453 -29.935039520263672
548 23.38176727294922 -29.78739356994629
549 23.830495834350586 -29.588651657104492
550 24.00694465637207 -29.472007751464844
551 24.177759170532227 -29.280656814575195
552 36.302032470703125 -15.40198040008545
553 36.440162658691406 -15.303750038146973
554 36.71385192871094 -15.068891525268555
555 36.98550796508789 -14.816339492797852
556 37.39337158203125 -14.299861907958984
557 37.53899002075195 -14.09119701385498
558 37.48185729980469 -13.892960548400879
559 37.345001220703125 -13.388774871826172
560 37.13431167602539 -12.983419418334961
561 36.729591369628906 -12.478985786437988
562 36.50605010986328 -12.281086921691895
563 36.27492904663086 -12.179094314575195
564 35.948951721191406 -12.109914779663086
565 35.64544677734375 -12.013727188110352
566 34.74288558959961 -11.660490036010742
567 34.498531341552734 -11.642374992370605
568 33.810176849365234 -11.620369911193848
569 33.46643829345703 -11.645428657531738
570 33.32611083984375 -11.685850143432617
571 33.06178283691406 -11.732895851135254
572 27.979833602905273 -13.306903839111328
573 27.7861385345459 -13.350263595581055
574 27.56424903869629 -13.451038360595703
575 27.247228622436523 -13.693367958068848
576 26.79657745361328 -14.098074913024902
577 26.55569076538086 -14.30389404296875
578 26.379135131835938 -14.477300643920898
579 26.167665481567383 -14.794734954833984
580 25.90883445739746 -15.52420425415039
581 25.802270889282227 -15.872326850891113
582 25.797061920166016 -16.097726821899414
583 25.846569061279297 -16.47452735900879
584 25.851276397705078 -16.731462478637695
585 25.795764923095703 -17.192594528198242
586 25.78316307067871 -17.4050235748291
587 25.758201599121094 -17.693809509277344
588 25.64850425720215 -18.157865524291992
589 25.59737205505371 -18.438030242919922
590 25.60944175720215 -18.764392852783203
591 25.61393165588379 -19.255796432495117
592 25.60377311706543 -19.477802276611328
593 25.61750030517578 -20.001522064208984
594 25.605022430419922 -20.309181213378906
595 25.48911476135254 -20.84820556640625
596 25.418725967407227 -21.33173942565918
597 25.398231506347656 -21.65786361694336
598 25.409990310668945 -22.242877960205078
599 25.425601959228516 -22.401142120361328
600 25.506412506103516 -22.608596801757812
601 25.7020206451416 -22.995235443115234
602 25.88492774963379 -23.258975982666016
603 30.810728073120117 -27.35887908935547
604 30.944087982177734 -27.573427200317383
605 31.221904754638672 -27.92658805847168
606 31.56673812866211 -28.270679473876953
607 31.81969451904297 -28.391403198242188
608 32.10676956176758 -28.50872802734375
609 32.595855712890625 -28.64716911315918
610 33.16183853149414 -28.785625457763672
611 33.496883392333984 -28.836490631103516
612 34.076629638671875 -28.91265869140625
613 34.3563232421875 -28.94352912902832
614 34.872283935546875 -29.001401901245117
615 35.339927673339844 -29.045059204101562
616 35.58599090576172 -29.224346160888672
617 35.71107864379883 -29.457799911499023
618 35.876312255859375 -29.78585433959961
619 36.1452751159668 -30.38498878479004
620 36.28183364868164 -30.716846466064453
621 36.43479919433594 -30.883634567260742
622 36.772071838378906 -31.124666213989258
623 41.552188873291016 -31.25647735595703
624 41.91926956176758 -31.236417770385742
625 42.452171325683594 -31.251407623291016
626 43.06521224975586 -31.290061950683594
627 43.31813049316406 -31.361040115356445
628 43.53438186645508 -31.60074806213379
629 43.60939025878906 -31.831892013549805
630 43.489349365234375 -32.211181640625
631 43.20975112915039 -32.5908088684082
632 42.7384033203125 -33.020755767822266
633 42.2527961730957 -33.27574920654297
634 41.51476287841797 -33.52485656738281
635 41.18000793457031 -33.58426284790039
636 40.8734016418457 -33.6057014465332
637 40.609092712402344 -33.46885299682617
638 40.1394157409668 -33.10731506347656
639 39.98060989379883 -32.956356048583984
640 39.381099700927734 -32.33424377441406
641 38.962162017822266 -31.89308738708496
642 38.836883544921875 -31.669876098632812
643 38.824974060058594 -31.34993553161621
644 38.825435638427734 -30.907609939575195
645 38.908042907714844 -30.504358291625977
646 39.041500091552734 -30.128856658935547
647 39.26767349243164 -29.750320434570312
648 39.577476501464844 -29.366838455200195
649 39.89578628540039 -29.03921127319336
650 40.39727020263672 -28.66237449645996
651 40.61722946166992 -28.531038284301758
652 40.79947280883789 -28.428970336914062
653 41.15982437133789 -28.216949462890625
654 41.80379104614258 -27.834260940551758
655 42.15121841430664 -27.604522705078125
656 42.48448944091797 -27.353639602661133
657 42.8531379699707 -26.937902450561523
658 43.12240982055664 -26.44957160949707
659 43.21513748168945 -26.096914291381836
660 43.208560943603516 -25.78628158569336
661 43.07855224609375 -25.522512435913086
662 42.64424133300781 -24.875640869140625
663 42.45872116088867 -24.648197174072266
664 42.19874954223633 -24.413602828979492
665 41.638275146484375 -24.0773868560791
666 41.24031066894531 -23.939908981323242
667 40.84126281738281 -23.911569595336914
668 40.38953399658203 -23.977468490600586
669 40.01706314086914 -24.01514434814453
670 39.6767578125 -24.0768985748291
671 39.2130241394043 -24.176902770996094
672 39.07659912109375 -24.229198455810547
673 2.9458229541778564 -38.70821762084961
674 2.845324754714966 -38.54606628417969
675 2.795332670211792 -38.35629653930664
676 2.826767683029175 -38.01799011230469
677 2.889655113220215 -37.58445358276367
678 2.9142403602600098 -37.25653839111328
679 2.9499685764312744 -36.92930221557617
680 3.011953353881836 -36.698394775390625
681 3.1829605102539062 -36.434913635253906
682 3.4494049549102783 -36.082374572753906
683 3.7229931354522705 -35.778011322021484
684 3.9310190677642822 -35.64519119262695
685 4.455132961273193 -35.44011306762695
686 4.733129501342773 -35.40796661376953
687 5.056057929992676 -35.42449951171875
688 20.951099395751953 -50.876991271972656
689 21.103897094726562 -50.82360076904297
690 21.68695068359375 -50.603363037109375
691 21.960813522338867 -50.55534362792969
692 22.35484504699707 -50.80646896362305
693 22.647741317749023 -51.070716857910156
694 22.846357345581055 -51.133277893066406
695 23.096763610839844 -51.09378433227539
696 23.677709579467773 -50.963653564453125
697 24.081920623779297 -50.90932846069336
698 24.58800506591797 -50.815040588378906
699 24.90055274963379 -50.6947021484375
700 25.352800369262695 -50.362728118896484
701 25.44369888305664 -50.16703796386719
702 25.666479110717773 -49.71857833862305
703 25.81328773498535 -49.327247619628906
704 26.013402938842773 -48.77071762084961
705 26.121728897094727 -48.3787841796875
706 26.310714721679688 -48.115421295166016
707 26.75996971130371 -47.49945831298828
708 27.181102752685547 -46.891361236572266
709 27.319141387939453 -46.704341888427734
710 27.543298721313477 -46.402252197265625
711 27.85933494567871 -46.020912170410156
712 28.20667839050293 -45.76892852783203
713 28.394535064697266 -45.74217224121094
714 28.90165901184082 -45.91170120239258
715 29.30860137939453 -46.167640686035156
716 29.540058135986328 -46.4058723449707
717 29.653100967407227 -46.64443588256836
718 29.676860809326172 -46.93339538574219
719 29.631202697753906 -47.13005065917969
720 29.20460319519043 -47.69662857055664
721 29.021160125732422 -47.97236633300781
722 28.52286148071289 -48.96998596191406
723 28.45549201965332 -49.595855712890625
724 28.412670135498047 -50.006065368652344
725 28.3791446685791 -50.457149505615234
726 28.39666175842285 -50.643165588378906
727 32.59058380126953 -19.970170974731445
728 32.62627410888672 -19.805509567260742
729 32.67980194091797 -19.51966667175293
730 32.75265884399414 -19.077987670898438
731 32.848716735839844 -18.64251136779785
732 32.94935607910156 -18.091571807861328
733 32.98159408569336 -17.89925765991211
734 32.92760467529297 -17.694162368774414
735 32.852718353271484 -17.051612854003906
736 32.786231994628906 -16.49268913269043
737 32.716148376464844 -16.276025772094727
738 32.588863372802734 -15.865328788757324
739 32.43715286254883 -15.381420135498047
740 32.33713912963867 -14.953950881958008
741 32.229427337646484 -14.645830154418945
742 32.01040267944336 -14.34894847869873
743 31.77812385559082 -14.075112342834473
744 31.4803524017334 -13.803183555603027
745 31.19875717163086 -13.701817512512207
746 31.002052307128906 -13.822417259216309
747 30.647907257080078 -14.20814323425293
748 30.420673370361328 -14.37817668914795
749 9.200689315795898 -25.123075485229492
750 8.754936218261719 -25.069997787475586
751 8.426924705505371 -24.98109245300293
752 7.93660306930542 -24.8570613861084
753 7.684378147125244 -24.838253021240234
754 7.530509948730469 -24.73878288269043
755 7.3054609298706055 -24.509883880615234
756 7.145493030548096 -24.204111099243164
757 6.815340518951416 -23.48828125
758 6.827022552490234 -23.223217010498047
759 6.969865322113037 -23.04170799255371
760 7.350191593170166 -22.750835418701172
761 7.687922954559326 -22.547645568847656
762 7.8982343673706055 -22.35995864868164
763 28.482364654541016 -17.1500244140625
764 28.574928283691406 -17.29971694946289
765 28.749217987060547 -17.581815719604492
766 28.96512222290039 -17.967470169067383
767 29.087329864501953 -18.23587417602539
768 29.15032196044922 -18.439199447631836
769 28.346303939819336 -39.909481048583984
770 28.22466468811035 -39.86773681640625
771 27.939029693603516 -39.745567321777344
772 27.5749454498291 -39.57967758178711
773 27.339651107788086 -39.40843200683594
774 27.090900421142578 -39.14817810058594
775 26.848642349243164 -38.828407287597656
776 26.668073654174805 -38.51606369018555
777 26.47623062133789 -38.17521286010742
778 26.269474029541016 -37.8098030090332
779 26.136852264404297 -37.48098373413086
780 26.01170539855957 -36.83339309692383
781 26.065807342529297 -36.389801025390625
782 26.116100311279297 -35.878910064697266
783 26.12237548828125 -35.535247802734375
784 25.98774528503418 -35.164363861083984
785 25.780271530151367 -35.04393768310547
786 25.543642044067383 -35.22521209716797
787 24.99814224243164 -35.9585075378418
788 24.829511642456055 -36.215694427490234
789 24.38541603088379 -36.732608795166016
790 24.089000701904297 -36.92560577392578
791 23.86176872253418 -37.2369499206543
792 23.71640396118164 -37.55303192138672
793 23.453733444213867 -37.84141540527344
794 22.860698699951172 -38.214393615722656
795 22.542308807373047 -38.32072830200195
796 22.293498992919922 -38.28337097167969
797 22.100353240966797 -38.01712417602539
798 21.992694854736328 -37.657012939453125
799 21.928537368774414 -37.42071533203125
800 33.34282684326172 -22.608654022216797
801 33.59809112548828 -22.426950454711914
802 33.88714599609375 -22.236366271972656
803 34.192543029785156 -22.028459548950195
804 34.51251983642578 -21.870254516601562
805 34.726985931396484 -21.814348220825195
806 35.01786422729492 -21.76323699951172
807 35.42926788330078 -21.662158966064453
808 36.152915954589844 -21.511262893676758
809 36.714046478271484 -21.39497184753418
810 37.31736755371094 -21.256582260131836
811 37.616825103759766 -21.220882415771484
812 37.89605712890625 -21.15043830871582
813 38.16860580444336 -21.07734489440918
814 38.48374938964844 -21.00739288330078
815 38.7393684387207 -20.846939086914062
816 38.9482536315918 -20.711429595947266
817 39.23197937011719 -20.494007110595703
818 39.44230270385742 -20.266063690185547
819 39.65403747558594 -20.032506942749023
820 39.75538635253906 -19.856182098388672
821 40.01800537109375 -18.68704605102539
822 40.077850341796875 -18.342418670654297
823 40.01240158081055 -17.99563217163086
824 39.897953033447266 -17.79694938659668
825 39.600494384765625 -17.486440658569336
826 39.29117202758789 -17.257701873779297
827 38.90086364746094 -17.10526466369629
828 38.63041305541992 -17.18181800842285
829 37.611446380615234 -17.706592559814453
830 37.30509567260742 -17.890588760375977
831 37.08445739746094 -18.02773094177246
832 36.73554229736328 -18.145137786865234
833 36.45998764038086 -18.230703353881836
834 36.08408737182617 -18.35398292541504
835 35.645816802978516 -18.527973175048828
836 35.39954376220703 -18.661693572998047
837 35.22381591796875 -18.771411895751953
838 30.76239776611328 -20.611148834228516
839 30.492008209228516 -20.63324737548828
840 30.315284729003906 -20.689964294433594
841 30.170988082885742 -20.881961822509766
842 29.642436981201172 -21.681957244873047
843 29.484769821166992 -22.025054931640625
844 29.43921661376953 -22.301252365112305
845 29.516813278198242 -22.51419448852539
846 29.75530433654785 -22.808073043823242
847 30.06856346130371 -23.124841690063477
848 30.346290588378906 -23.427871704101562
849 30.552867889404297 -23.604259490966797
850 30.76219367980957 -23.774023056030273
851 31.016130447387695 -23.959491729736328
852 31.207170486450195 -24.101797103881836
853 31.750110626220703 -24.447566986083984
854 32.12606430053711 -24.645549774169922
855 32.61785888671875 -24.882080078125
856 32.93099594116211 -25.093379974365234
857 33.26073455810547 -25.372329711914062
858 33.380523681640625 -25.610532760620117
859 33.41401672363281 -25.8486270904541
860 33.422733306884766 -26.152379989624023
861 33.38349914550781 -26.593517303466797
862 32.04071807861328 -32.78343200683594
863 31.9567813873291 -33.051612854003906
864 31.86305809020996 -33.24492263793945
865 31.64968490600586 -33.57530975341797
866 31.23491668701172 -33.92873001098633
867 31.047836303710938 -34.10884094238281
868 30.9244441986084 -34.38623046875
869 30.876792907714844 -34.803733825683594
870 30.77838897705078 -35.04742431640625
871 30.680273056030273 -35.19140625
872 30.57234001159668 -35.4818115234375
873 30.2653865814209 -36.049381256103516
874 29.895959854125977 -36.375423431396484
875 29.61458969116211 -36.485450744628906
876 29.30895233154297 -36.4891357421875
877 29.022096633911133 -36.41889190673828
878 28.577917098999023 -36.24418640136719
879 28.177871704101562 -36.05965042114258
880 28.039873123168945 -35.99069595336914
881 27.811893463134766 -35.942474365234375
882 17.639616012573242 -38.24573516845703
883 17.355342864990234 -38.10324478149414
884 17.087730407714844 -37.94089126586914
885 16.63284683227539 -37.63420867919922
886 16.423547744750977 -37.47537612915039
887 15.792397499084473 -37.21761703491211
888 15.313149452209473 -37.10972595214844
889 14.968140602111816 -37.12685012817383
890 14.75644302368164 -37.160579681396484
891 14.51896858215332 -37.08112716674805
892 13.98548698425293 -36.858367919921875
893 13.774299621582031 -36.67585754394531
894 13.710450172424316 -36.390228271484375
895 13.657230377197266 -36.17893981933594
896 13.594708442687988 -35.721134185791016
897 13.14634895324707 -32.25882339477539
898 13.165237426757812 -31.98813247680664
899 13.275903701782227 -31.720998764038086
900 13.345261573791504 -31.554882049560547
901 13.488487243652344 -31.216760635375977
902 13.583142280578613 -30.698524475097656
903 13.603422164916992 -30.501392364501953
904 13.384491920471191 -29.832839965820312
905 13.266668319702148 -29.439767837524414
906 13.282742500305176 -29.14702033996582
907 13.358266830444336 -29.011356353759766
908 13.5615873336792 -28.853960037231445
909 13.982827186584473 -28.645179748535156
910 14.750208854675293 -28.31906509399414
911 15.394706726074219 -28.21844482421875
912 15.717501640319824 -28.242061614990234
913 15.911036491394043 -28.31670379638672
914 16.433046340942383 -28.526447296142578
915 16.695499420166016 -28.673215866088867
916 17.055418014526367 -28.750572204589844
917 17.386903762817383 -28.735803604125977
918 17.655149459838867 -28.630374908447266
919 17.987018585205078 -28.47097396850586
920 18.098424911499023 -28.279708862304688
921 18.06938934326172 -27.713611602783203
922 18.051233291625977 -27.201974868774414
923 18.172121047973633 -26.959962844848633
924 18.442811965942383 -26.81623077392578
925 19.026126861572266 -26.793136596679688
926 19.255569458007812 -26.89169692993164
927 19.917200088500977 -27.409996032714844
928 20.500717163085938 -27.79380226135254
929 21.00735855102539 -27.965011596679688
930 21.346256256103516 -27.967145919799805
931 21.886167526245117 -27.76780891418457
932 22.551288604736328 -27.563785552978516
933 23.187253952026367 -27.425838470458984
934 23.470932006835938 -27.376405715942383
935 23.922645568847656 -27.251874923706055
936 24.155803680419922 -27.090038299560547
937 24.484682083129883 -26.680334091186523
938 24.591529846191406 -26.346519470214844
939 24.614530563354492 -25.96259307861328
940 24.57489776611328 -25.648107528686523
941 24.41650390625 -25.276565551757812
942 24.327674865722656 -25.056516647338867
943 24.132078170776367 -24.864349365234375
944 23.779361724853516 -24.527236938476562
945 23.5489444732666 -24.26225471496582
946 23.37700080871582 -24.01640510559082
947 23.173397064208984 -23.70838165283203
948 22.968421936035156 -23.391084671020508
949 22.807445526123047 -23.038461685180664
950 22.68821907043457 -22.784807205200195
951 22.34326171875 -22.050899505615234
952 22.107725143432617 -21.56785774230957
953 21.919294357299805 -21.25444984436035
954 21.633075714111328 -20.84280776977539
955 21.37546730041504 -20.509750366210938
956 21.18100357055664 -20.319398880004883
957 20.90185546875 -20.058761596679688
958 20.58823585510254 -19.743144989013672
959 20.159915924072266 -19.370601654052734
960 19.719940185546875 -19.010732650756836
961 19.230031967163086 -18.72888946533203
962 18.88271141052246 -18.58089256286621
963 18.467954635620117 -18.52057456970215
964 18.024322509765625 -18.4762020111084
965 17.68095588684082 -18.50901222229004
966 16.986942291259766 -18.706565856933594
967 16.456981658935547 -18.91447639465332
968 15.746962547302246 -19.333389282226562
969 15.434551239013672 -19.57132911682129
970 15.017019271850586 -19.947843551635742
971 14.694561004638672 -20.21002197265625
972 14.301203727722168 -20.462644577026367
973 13.958858489990234 -20.698516845703125
974 13.369154930114746 -21.18525505065918
975 13.147224426269531 -21.38022804260254
976 12.884960174560547 -21.601543426513672
977 12.483295440673828 -21.88479232788086
978 12.148365020751953 -22.107126235961914
979 11.924566268920898 -22.301424026489258
980 11.79659366607666 -22.62822914123535
981 11.788941383361816 -22.877548217773438
982 11.796491622924805 -23.131752014160156
983 11.938838958740234 -23.68600845336914
984 12.078339576721191 -24.21293067932129
985 12.20041275024414 -24.631147384643555
986 12.385004043579102 -25.106441497802734
987 12.647866249084473 -25.486936569213867
988 13.057849884033203 -25.663782119750977
989 13.384480476379395 -25.716796875
990 13.697997093200684 -25.629621505737305
991 13.912848472595215 -25.56568145751953
992 14.187287330627441 -25.377553939819336
993 14.994762420654297 -24.998802185058594
994 15.273200988769531 -24.878995895385742
995 15.528336524963379 -24.87349510192871
996 15.874086380004883 -24.991168975830078
997 16.317434310913086 -25.178117752075195
998 16.518964767456055 -25.267873764038086
999 16.595712661743164 -25.276866912841797
