0 1.902923345565796 -10.225231170654297
1 1.9662808179855347 -10.405353546142578
2 2.090458393096924 -10.831496238708496
3 2.2076356410980225 -11.228312492370605
4 2.3254165649414062 -11.414194107055664
5 2.760653257369995 -11.866756439208984
6 3.2491443157196045 -12.328083038330078
7 3.542233467102051 -12.612622261047363
8 3.775637149810791 -12.831985473632812
9 4.010044574737549 -13.00803279876709
10 4.237077713012695 -13.084723472595215
11 4.594038009643555 -13.093609809875488
12 5.002299785614014 -13.129164695739746
13 5.313050270080566 -13.136456489562988
14 5.712190628051758 -13.149145126342773
15 6.087333679199219 -13.156128883361816
16 6.385152816772461 -13.166101455688477
17 34.9013557434082 -2.136103391647339
18 35.103946685791016 -2.090144395828247
19 35.376121520996094 -2.0021557807922363
20 35.673553466796875 -1.8524152040481567
21 36.038124084472656 -1.597599744796753
22 36.32927703857422 -1.3064115047454834
23 36.554500579833984 -0.9516437649726868
24 36.6895866394043 -0.6089796423912048
25 36.75979232788086 -0.22136357426643372
26 36.7193603515625 0.22157882153987885
27 36.31976318359375 1.660122275352478
28 36.193077087402344 2.0121359825134277
29 36.05833435058594 2.16502046585083
30 35.66803741455078 2.4120426177978516
31 35.23997497558594 2.703903913497925
32 34.83835220336914 2.9792087078094482
33 34.30204772949219 3.3608338832855225
34 33.98060989379883 3.453369140625
35 33.55558395385742 3.367826223373413
36 33.21045684814453 3.230008125305176
37 32.85011672973633 3.0957133769989014
38 32.490631103515625 2.871035575866699
39 32.19781494140625 2.703990936279297
40 31.818647384643555 2.5786044597625732
41 31.4884090423584 2.70161509513855
42 31.04948616027832 3.0185482501983643
43 30.709388732910156 3.174328565597534
44 30.495759963989258 3.2044920921325684
45 30.15220069885254 3.1944386959075928
46 29.754077911376953 3.0450544357299805
47 29.611433029174805 2.7664380073547363
48 29.471393585205078 2.235769510269165
49 29.409984588623047 1.5742415189743042
50 29.39634132385254 1.1449142694473267
51 29.42881202697754 0.6670897603034973
52 29.41097068786621 0.33786657452583313
53 29.334213256835938 0.03255714476108551
54 29.2797794342041 -0.27471718192100525
55 29.285419464111328 -0.6706951856613159
56 29.286972045898438 -1.2363990545272827
57 29.263402938842773 -1.470151662826538
58 29.147418975830078 -1.784536361694336
59 28.95813751220703 -2.090919256210327
60 28.738483428955078 -2.2857348918914795
61 28.504016876220703 -2.389604091644287
62 28.104522705078125 -2.647376775741577
63 27.3944034576416 -3.0704238414764404
64 27.19666290283203 -3.1739039421081543
65 26.950241088867188 -3.2276501655578613
66 26.438730239868164 -3.457008123397827
67 26.104597091674805 -3.6354072093963623
68 25.767881393432617 -3.786431312561035
69 25.45761489868164 -3.9052789211273193
70 25.03691291809082 -4.081240177154541
71 24.81258201599121 -4.1458916664123535
72 24.49639320373535 -4.183867931365967
73 24.158185958862305 -4.24203634262085
74 23.865415573120117 -4.3621320724487305
75 23.4908390045166 -4.620770454406738
76 23.22600746154785 -4.9267425537109375
77 22.671756744384766 -5.679821491241455
78 22.373769760131836 -6.223935127258301
79 22.287755966186523 -6.562832832336426
80 22.302717208862305 -6.932221412658691
81 22.392438888549805 -7.364363670349121
82 22.518579483032227 -7.559117317199707
83 22.789091110229492 -7.921591281890869
84 23.19007682800293 -8.241364479064941
85 23.62925910949707 -8.480998039245605
86 24.01512336730957 -8.638883590698242
87 24.263452529907227 -8.836708068847656
88 24.43511962890625 -8.949502944946289
89 25.024065017700195 -8.793779373168945
90 25.505006790161133 -8.646103858947754
91 26.059497833251953 -8.442888259887695
92 26.616493225097656 -8.368736267089844
93 27.039382934570312 -8.359461784362793
94 27.40025520324707 -8.31024169921875
95 27.877696990966797 -8.109662055969238
96 28.406997680664062 -7.818234443664551
97 28.77305793762207 -7.583356857299805
98 29.08431053161621 -7.338105201721191
99 29.32470703125 -7.103082656860352
100 29.567508697509766 -6.817256927490234
101 29.889638900756836 -6.329492568969727
102 30.05839729309082 -5.986273288726807
103 30.09328269958496 -5.72649621963501
104 30.09573745727539 -5.367955684661865
105 30.090152740478516 -4.955137252807617
106 27.72248077392578 15.790071487426758
107 27.644140243530273 15.971012115478516
108 27.471643447875977 16.196815490722656
109 27.33479881286621 16.327295303344727
110 27.19536781311035 16.448368072509766
111 27.07168197631836 16.62949562072754
112 26.62291717529297 17.3433780670166
113 26.273221969604492 17.972272872924805
114 26.149551391601562 18.234046936035156
115 25.88237190246582 18.845882415771484
116 25.682600021362305 19.23268699645996
117 25.368900299072266 19.82042694091797
118 25.160085678100586 20.166454315185547
119 25.04949951171875 20.38475799560547
120 24.879148483276367 20.650178909301758
121 24.6405029296875 20.955598831176758
122 24.31558609008789 21.262697219848633
123 24.016267776489258 21.528091430664062
124 23.820486068725586 21.585241317749023
125 23.675045013427734 21.625598907470703
126 4.430421352386475 23.644336700439453
127 4.292026996612549 23.638376235961914
128 3.948434352874756 23.626800537109375
129 3.577657461166382 23.595172882080078
130 3.3470678329467773 23.644550323486328
131 3.163273334503174 23.619632720947266
132 2.9904069900512695 23.567319869995117
133 2.694204092025757 23.480850219726562
134 2.28143310546875 23.369935989379883
135 1.8883540630340576 23.32130241394043
136 1.3952170610427856 23.34246253967285
137 0.9911211133003235 23.351770401000977
138 0.6040394306182861 23.270177841186523
139 0.4236225187778473 23.213420867919922
140 -3.4790377616882324 19.02296257019043
141 -3.507023334503174 18.68129539489746
142 -3.510064125061035 18.378950119018555
143 -3.340242385864258 18.085233688354492
144 -3.0145106315612793 17.81354331970215
145 -2.660172939300537 17.566787719726562
146 -2.4397332668304443 17.575363159179688
147 -2.0658066272735596 17.85558319091797
148 -1.7235039472579956 18.17928123474121
149 -1.5641722679138184 18.330659866333008
150 -1.4435306787490845 18.542137145996094
151 -0.9160970449447632 19.175174713134766
152 -0.6786688566207886 19.40160369873047
153 -0.5205110907554626 19.490678787231445
154 -0.3455013930797577 19.675701141357422
155 -0.16040180623531342 19.921955108642578
156 0.22736521065235138 20.3981876373291
157 0.5485679507255554 20.83014488220215
158 0.5784322023391724 21.131515502929688
159 0.29453957080841064 21.65973472595215
160 0.04095083847641945 21.939908981323242
161 -0.5100865364074707 22.262279510498047
162 -1.0214396715164185 22.477487564086914
163 -1.417906641960144 22.517297744750977
164 -1.6351567506790161 22.534753799438477
165 -1.803384780883789 22.339126586914062
166 -1.9557995796203613 21.924251556396484
167 -2.035207748413086 21.49193572998047
168 -2.098438024520874 21.01116180419922
169 -2.252901792526245 20.80152702331543
170 -2.5031895637512207 20.78856086730957
171 -2.7091052532196045 20.797073364257812
172 -3.652273178100586 20.987125396728516
173 -3.9374356269836426 21.14729118347168
174 -4.19296932220459 21.468994140625
175 -4.229137420654297 21.716672897338867
176 -4.171863079071045 22.14598274230957
177 -4.1180925369262695 22.454814910888672
178 -4.075814723968506 22.84908103942871
179 -4.138927936553955 23.090518951416016
180 -4.401237487792969 23.51420783996582
181 -4.693066120147705 23.656661987304688
182 -5.016787528991699 23.639469146728516
183 -5.423515796661377 23.35047721862793
184 -5.663249492645264 23.102031707763672
185 -5.8600006103515625 22.77570152282715
186 -6.332833290100098 21.665401458740234
187 -6.46051025390625 21.093502044677734
188 -6.579090595245361 20.5467529296875
189 -6.647996425628662 20.209436416625977
190 -6.6446003913879395 19.911466598510742
191 -6.676865577697754 19.274477005004883
192 -6.635956764221191 18.74276351928711
193 -6.521010875701904 18.3450870513916
194 -6.348291873931885 17.92601203918457
195 -6.322066783905029 17.67572021484375
196 -6.251571178436279 17.272258758544922
197 -6.072444915771484 16.51295280456543
198 -5.966713905334473 16.19960594177246
199 -5.833443641662598 15.977015495300293
200 -5.401523113250732 15.72673225402832
201 -4.433529376983643 15.295201301574707
202 -4.0054850578308105 15.163823127746582
203 -3.6082980632781982 15.050134658813477
204 -3.42045521736145 15.011903762817383
205 -2.865016460418701 14.842500686645508
206 -2.1963489055633545 14.69486141204834
207 -1.6267061233520508 14.704263687133789
208 -1.1628299951553345 14.815217018127441
209 -0.8702996969223022 14.90368366241455
210 -0.4688504934310913 15.005146026611328
211 -0.2668415904045105 14.959410667419434
212 0.25338977575302124 14.732559204101562
213 0.4755792021751404 14.606077194213867
214 0.7292091250419617 14.518183708190918
215 1.1935527324676514 14.449379920959473
216 1.3905504941940308 14.404596328735352
217 1.6802421808242798 14.369900703430176
218 1.9192415475845337 14.35956859588623
219 17.323657989501953 11.881937026977539
220 17.352203369140625 11.81564998626709
221 9.169260025024414 -4.8685784339904785
222 9.077698707580566 -5.176137924194336
223 8.991844177246094 -5.533923625946045
224 8.967825889587402 -5.743607521057129
225 9.082996368408203 -6.00266695022583
226 9.361316680908203 -6.328488826751709
227 9.82343578338623 -6.790840148925781
228 10.159379005432129 -7.054502964019775
229 10.644453048706055 -7.386556625366211
230 11.230500221252441 -7.787743091583252
231 11.618436813354492 -7.950710296630859
232 11.967900276184082 -8.04816722869873
233 12.369285583496094 -8.062145233154297
234 12.590958595275879 -7.912658214569092
235 12.799028396606445 -7.539250373840332
236 12.89411735534668 -7.167751312255859
237 13.010538101196289 -6.85945987701416
238 13.403976440429688 -6.3061418533325195
239 13.531571388244629 -6.330911159515381
240 13.901711463928223 -6.544050693511963
241 14.294066429138184 -6.960021018981934
242 14.465568542480469 -7.1873040199279785
243 14.761763572692871 -7.602330684661865
244 14.966267585754395 -7.848077774047852
245 15.09656810760498 -8.013205528259277
246 16.37451171875 25.907926559448242
247 15.975469589233398 25.990306854248047
248 15.399630546569824 26.1339168548584
249 15.18056583404541 26.162166595458984
250 15.027054786682129 26.051612854003906
251 14.823023796081543 25.76998519897461
252 14.697514533996582 25.504484176635742
253 14.719520568847656 25.03459930419922
254 14.749658584594727 24.61461639404297
255 14.767459869384766 24.38286590576172
256 14.780791282653809 24.046091079711914
257 14.456842422485352 0.3261529505252838
258 14.30897331237793 0.16844542324543
259 13.991021156311035 -0.06288404017686844
260 13.497899055480957 -0.3255510926246643
261 13.030850410461426 -0.5191674828529358
262 12.836801528930664 -0.5852277278900146
263 12.633977890014648 -0.6630317568778992
264 12.10809326171875 -0.8784480690956116
265 11.576420783996582 -1.1437910795211792
266 11.275934219360352 -1.205701470375061
267 11.021724700927734 -1.1821891069412231
268 10.734925270080566 -1.0225547552108765
269 10.563410758972168 -0.8535142540931702
270 10.32785701751709 -0.5595160126686096
271 10.155367851257324 -0.3237464129924774
272 9.98672103881836 -0.05745093524456024
273 9.87066650390625 0.37193983793258667
274 9.661454200744629 0.7525150179862976
275 9.354512214660645 1.0966949462890625
276 9.085923194885254 1.3309837579727173
277 8.762210845947266 1.6175072193145752
278 8.361287117004395 1.958770513534546
279 8.019681930541992 2.2092764377593994
280 7.47857666015625 2.4895057678222656
281 7.210700511932373 2.584181308746338
282 6.659876823425293 2.512924909591675
283 6.244504451751709 2.4433794021606445
284 5.816247940063477 2.3551998138427734
285 5.5897698402404785 2.3049397468566895
286 5.107175350189209 2.176926851272583
287 4.826056480407715 2.0901670455932617
288 4.161098957061768 2.0902223587036133
289 3.9726619720458984 2.138652801513672
290 3.7173075675964355 2.449220657348633
291 3.5825603008270264 2.831089973449707
292 3.52249813079834 3.3770933151245117
293 3.6124610900878906 3.5150232315063477
294 3.754183769226074 3.7611913681030273
295 4.0367207527160645 3.9554197788238525
296 7.330714225769043 4.218775272369385
297 7.570882797241211 4.284901142120361
298 8.117846488952637 4.368181228637695
299 8.388612747192383 4.393809795379639
300 8.988607406616211 4.441436290740967
301 9.29463005065918 4.459030628204346
302 9.59712028503418 4.485786437988281
303 9.96289348602295 4.5856757164001465
304 10.614103317260742 4.899322986602783
305 11.0452880859375 5.1314191818237305
306 11.32273006439209 5.267734050750732
307 11.732484817504883 5.4788594245910645
308 11.942238807678223 5.556000232696533
309 12.280884742736816 5.644941806793213
310 12.694616317749023 5.663897514343262
311 13.125603675842285 5.590572834014893
312 13.234583854675293 5.542323589324951
313 13.458602905273438 5.35401725769043
314 13.563090324401855 5.175556182861328
315 6.663255214691162 -7.784726619720459
316 6.4329609870910645 -7.784746170043945
317 6.016402721405029 -7.684751033782959
318 5.683730602264404 -7.583514213562012
319 5.429014682769775 -7.503249168395996
320 5.1135382652282715 -7.314719200134277
321 4.675802230834961 -7.120057106018066
322 4.58071231842041 -6.880316734313965
323 4.692694664001465 -6.4121809005737305
324 4.796058177947998 -6.121407508850098
325 4.97625207901001 -5.760781764984131
326 5.112759113311768 -5.425555229187012
327 5.249670028686523 -4.949731826782227
328 5.282773494720459 -4.697112560272217
329 5.317021369934082 -4.614693641662598
330 8.394781112670898 12.143793106079102
331 8.555264472961426 12.388309478759766
332 8.651915550231934 12.60050106048584
333 8.90029239654541 12.880170822143555
334 9.033655166625977 13.094583511352539
335 9.139310836791992 13.413818359375
336 9.217546463012695 13.616156578063965
337 9.536264419555664 13.959837913513184
338 9.850177764892578 14.34987735748291
339 10.04529094696045 14.598797798156738
340 10.27646541595459 14.801396369934082
341 10.576160430908203 15.048834800720215
342 10.969107627868652 15.428382873535156
343 11.137141227722168 15.583011627197266
344 11.3392915725708 15.804058074951172
345 11.611059188842773 16.174352645874023
346 11.80547046661377 16.411815643310547
347 11.91610050201416 16.620433807373047
348 12.080024719238281 17.72625160217285
349 12.189920425415039 18.033994674682617
350 12.33246898651123 18.305225372314453
351 12.508260726928711 18.87434959411621
352 12.597962379455566 19.352418899536133
353 12.609421730041504 19.687273025512695
354 12.471456527709961 20.55255699157715
355 12.33251667022705 21.033803939819336
356 12.138636589050293 21.461315155029297
357 11.997775077819824 21.72157859802246
358 11.86205005645752 21.983308792114258
359 11.75875186920166 22.238428115844727
360 11.630513191223145 22.563077926635742
361 11.498275756835938 23.13675880432129
362 11.469375610351562 23.499454498291016
363 11.461392402648926 23.862722396850586
364 11.45348834991455 24.252294540405273
365 11.415764808654785 24.554834365844727
366 11.364272117614746 24.839937210083008
367 11.343916893005371 25.30516242980957
368 11.476080894470215 25.934778213500977
369 11.642415046691895 26.32178497314453
370 11.925105094909668 26.849416732788086
371 11.927030563354492 26.854816436767578
372 11.832850456237793 26.7750301361084
373 0.9184196591377258 17.30552101135254
374 1.0807461738586426 17.180757522583008
375 1.3685604333877563 17.093944549560547
376 1.6347520351409912 17.031417846679688
377 2.063404083251953 16.96922492980957
378 2.4539356231689453 16.923383712768555
379 2.5971972942352295 16.80705451965332
380 2.8122575283050537 16.606414794921875
381 2.9790537357330322 16.39892578125
382 3.4414584636688232 15.359136581420898
383 3.5080983638763428 15.058023452758789
384 3.531717300415039 14.70146656036377
385 3.584059238433838 14.398801803588867
386 3.7987422943115234 13.62721061706543
387 3.984316825866699 13.205888748168945
388 3.9461796283721924 13.055386543273926
389 5.283735275268555 -1.191718578338623
390 5.401249408721924 -1.3526655435562134
391 5.86808443069458 -1.8922086954116821
392 6.30010461807251 -2.3680145740509033
393 6.52376651763916 -2.533620834350586
394 7.074405670166016 -2.7868504524230957
395 7.36098051071167 -2.8664121627807617
396 7.546010494232178 -2.754451036453247
397 7.710631370544434 -2.428873062133789
398 7.7596821784973145 -2.0709314346313477
399 7.7288947105407715 -1.6688586473464966
400 7.327368259429932 -0.6656771898269653
401 7.290194034576416 -0.48826268315315247
402 7.276857376098633 -0.3755965828895569
403 7.368587970733643 -0.3296464681625366
404 16.3958683013916 -1.3572521209716797
405 16.545711517333984 -1.2916640043258667
406 16.621047973632812 -1.1123312711715698
407 16.675352096557617 -0.8348523378372192
408 16.71006965637207 -0.38352614641189575
409 16.712873458862305 -0.016373267397284508
410 16.69285011291504 0.564389169216156
411 16.645801544189453 0.9930499792098999
412 16.60512351989746 1.2217390537261963
413 16.57855224609375 1.4590845108032227
414 16.28499412536621 2.0301544666290283
415 15.921510696411133 2.53407621383667
416 15.631950378417969 2.806797981262207
417 15.472127914428711 2.908663034439087
418 15.079322814941406 3.023721694946289
419 14.867140769958496 3.0085506439208984
420 14.553598403930664 2.929330348968506
421 14.03034782409668 2.629793882369995
422 13.597518920898438 2.3502795696258545
423 13.113458633422852 2.174924612045288
424 12.740487098693848 2.254868745803833
425 12.389994621276855 2.4143450260162354
426 12.118096351623535 2.5712192058563232
427 11.947503089904785 2.7138259410858154
428 6.298188209533691 13.780679702758789
429 6.245126724243164 13.959383964538574
430 6.100457668304443 14.440491676330566
431 6.049186706542969 14.727133750915527
432 6.007734775543213 15.153458595275879
433 6.059657573699951 15.641799926757812
434 6.163096904754639 15.912589073181152
435 6.229767799377441 16.406103134155273
436 6.242147445678711 16.754295349121094
437 6.284860134124756 16.976720809936523
438 6.417807102203369 17.166616439819336
439 9.078506469726562 21.17967414855957
440 8.985635757446289 21.347761154174805
441 8.774036407470703 21.57773780822754
442 8.442319869995117 21.82720375061035
443 8.10091781616211 21.954561233520508
444 7.777498245239258 22.08604621887207
445 7.378536701202393 22.333953857421875
446 7.1620025634765625 22.631681442260742
447 7.106044769287109 23.06526756286621
448 7.2235107421875 23.720531463623047
449 7.2660956382751465 24.00257682800293
450 7.275010585784912 24.19660186767578
451 7.450243949890137 24.53403091430664
452 7.724499702453613 24.73120880126953
453 7.917013168334961 24.84175682067871
454 8.27570629119873 25.142982482910156
455 8.445577621459961 25.326147079467773
456 8.679430961608887 25.693071365356445
457 8.794631004333496 26.149232864379883
458 8.828924179077148 26.813705444335938
459 8.726007461547852 26.968637466430664
460 8.518287658691406 27.050207138061523
461 8.076387405395508 27.165327072143555
462 7.527407169342041 27.236652374267578
463 7.089177131652832 27.298444747924805
464 6.651726245880127 27.332693099975586
465 6.202213764190674 27.365324020385742
466 5.930110454559326 27.33057403564453
467 5.670840740203857 27.244186401367188
468 5.089648723602295 27.024009704589844
469 4.572506904602051 26.788545608520508
470 4.270719051361084 26.728296279907227
471 4.099721431732178 26.6567440032959
472 3.7645254135131836 26.57931900024414
473 3.165987491607666 26.522798538208008
474 2.7828657627105713 26.389068603515625
475 2.3388659954071045 26.229766845703125
476 1.9038881063461304 26.17546844482422
477 1.475703477859497 26.087923049926758
478 1.1476998329162598 26.169231414794922
479 0.971941351890564 26.349103927612305
480 0.7708045840263367 26.755815505981445
481 0.3448961675167084 27.325328826904297
482 -0.053269825875759125 27.773195266723633
483 -0.40267089009284973 28.032167434692383
484 -0.7619091868400574 28.1602725982666
485 -1.152915358543396 28.30085563659668
486 -1.5603398084640503 28.40243911743164
487 -1.874286413192749 28.42340850830078
488 -2.1328635215759277 28.13131332397461
489 -2.356977701187134 27.57986831665039
490 -2.3756515979766846 27.18209457397461
491 -2.3044791221618652 26.81880760192871
492 -1.8669825792312622 26.185258865356445
493 -1.7116056680679321 25.933988571166992
494 -1.4856133460998535 25.591577529907227
495 -1.1584277153015137 25.261756896972656
496 -0.9606109857559204 25.286218643188477
497 -0.685492992401123 25.484472274780273
498 -0.3979579210281372 25.75301170349121
499 1.9587100744247437 28.501752853393555
500 1.9558486938476562 28.725826263427734
501 1.8751271963119507 28.980501174926758
502 1.5637861490249634 29.722257614135742
503 1.3569364547729492 30.086536407470703
504 1.2055891752243042 30.227388381958008
505 0.756003201007843 30.48299217224121
506 0.25163033604621887 30.735111236572266
507 0.23419879376888275 30.937328338623047
508 0.2545396685600281 31.49883270263672
509 0.37326809763908386 31.834001541137695
510 0.5569738149642944 32.16628646850586
511 0.7603587508201599 32.62493133544922
512 1.029390573501587 32.98677444458008
513 1.4015958309173584 33.332698822021484
514 1.8013782501220703 33.42724609375
515 2.244309425354004 33.4891242980957
516 2.6200389862060547 33.50057601928711
517 2.9799070358276367 33.526527404785156
518 3.8074121475219727 33.50914001464844
519 4.01080846786499 33.48164367675781
520 4.391611099243164 33.43486785888672
521 4.720657825469971 33.38093948364258
522 5.094776153564453 33.19768142700195
523 5.34326171875 33.023746490478516
524 5.614555358886719 32.826698303222656
525 5.932702541351318 32.54640197753906
526 6.264793395996094 32.180870056152344
527 6.598418235778809 31.817365646362305
528 6.847671985626221 31.64607810974121
529 7.449939250946045 31.33514976501465
530 7.980735778808594 31.12417984008789
531 8.301435470581055 30.990331649780273
532 8.709656715393066 30.82172966003418
533 9.113734245300293 30.662250518798828
534 9.319690704345703 30.560028076171875
535 15.584861755371094 21.84344482421875
536 15.572319030761719 21.463552474975586
537 15.534293174743652 21.037233352661133
538 15.519240379333496 20.688982009887695
539 15.472055435180664 20.02276039123535
540 15.41154956817627 19.518056869506836
541 15.35520076751709 19.094953536987305
542 15.28017520904541 18.483739852905273
543 15.275935173034668 18.091869354248047
544 15.287919044494629 17.767518997192383
545 15.302406311035156 17.521638870239258
546 15.255049705505371 17.20348358154297
547 15.156059265136719 16.801795959472656
548 15.05105972290039 16.256261825561523
549 15.058283805847168 15.952707290649414
550 15.02425765991211 15.832127571105957
551 -1.1480287313461304 11.987796783447266
552 -1.233170747756958 11.624423027038574
553 -1.1930502653121948 11.378016471862793
554 -1.0016745328903198 11.154150009155273
555 -0.5999144911766052 11.050393104553223
556 -0.07385928183794022 11.15402603149414
557 0.12341807782649994 11.178088188171387
558 0.44032445549964905 11.310514450073242
559 0.6420931816101074 11.493170738220215
560 0.9005855917930603 11.664386749267578
561 1.5242764949798584 11.869193077087402
562 1.6557526588439941 11.83756160736084
563 1.9290612936019897 11.708545684814453
564 2.2127928733825684 11.617294311523438
565 2.6906731128692627 11.408315658569336
566 2.8300979137420654 11.357771873474121
567 6.613614559173584 9.339757919311523
568 6.835623264312744 9.140421867370605
569 7.018075942993164 8.940669059753418
570 7.341297149658203 8.674925804138184
571 7.546548843383789 8.479887008666992
572 7.636296272277832 8.353475570678711
573 29.459026336669922 7.484419822692871
574 29.358524322509766 7.583831787109375
575 29.075349807739258 7.816086292266846
576 28.744674682617188 8.041535377502441
577 28.428781509399414 8.170351028442383
578 28.026092529296875 8.24107551574707
579 27.29416275024414 8.236823081970215
580 26.9856014251709 8.180304527282715
581 26.459972381591797 7.974120616912842
582 25.93910789489746 7.565377712249756
583 25.750438690185547 7.228888511657715
584 25.70022201538086 6.746304512023926
585 25.72869110107422 6.454242706298828
586 25.888351440429688 6.037206649780273
587 26.208728790283203 5.47132682800293
588 26.305755615234375 5.387049198150635
589 26.498140335083008 5.074833869934082
590 26.86397933959961 4.6144938468933105
591 27.116371154785156 4.269982814788818
592 27.135269165039062 4.029748916625977
593 27.09033203125 3.814249277114868
594 26.716121673583984 3.5533881187438965
595 26.394006729125977 3.368492841720581
596 25.8727970123291 3.0356035232543945
597 25.735403060913086 2.8152387142181396
598 25.610383987426758 2.180324077606201
599 25.46626853942871 1.6224148273468018
600 25.357749938964844 1.3532347679138184
601 25.2334041595459 0.9537792801856995
602 25.0841064453125 0.5895946025848389
603 24.871837615966797 0.25423428416252136
604 24.536643981933594 -0.25269508361816406
605 24.163305282592773 -0.5595358610153198
606 24.008087158203125 -0.5318679213523865
607 23.695608139038086 -0.34705132246017456
608 23.5269718170166 -0.05291281268000603
609 23.23952293395996 0.7389321327209473
610 23.061893463134766 1.1520156860351562
611 22.991212844848633 1.3169385194778442
612 22.69685935974121 1.8912866115570068
613 22.37092399597168 2.491163730621338
614 22.199071884155273 2.8837263584136963
615 22.16560173034668 3.2512478828430176
616 22.149219512939453 3.6342639923095703
617 22.079734802246094 3.9052798748016357
618 21.97702980041504 4.242828369140625
619 21.99309539794922 4.547832489013672
620 22.019567489624023 4.7531585693359375
621 22.04869270324707 5.085122108459473
622 22.057214736938477 5.364902496337891
623 22.01724624633789 5.55449914932251
624 0.36274462938308716 7.6027021408081055
625 0.1525907963514328 7.765075206756592
626 0.06758202612400055 7.807805061340332
627 -0.19321151077747345 8.036453247070312
628 -0.57176673412323 8.303027153015137
629 -0.7890375852584839 8.466300010681152
630 -1.001717448234558 8.683756828308105
631 -1.270081639289856 8.919939994812012
632 -1.6664785146713257 9.14409351348877
633 -2.2843713760375977 9.218685150146484
634 -2.490445137023926 9.136289596557617
635 -2.9086124897003174 8.800289154052734
636 -3.22967267036438 8.547697067260742
637 -3.5215604305267334 8.241679191589355
638 -3.6217267513275146 8.0148344039917
639 -3.8192458152770996 7.591952800750732
640 -4.065606117248535 7.071500778198242
641 -4.2881293296813965 6.553608417510986
642 -4.455605506896973 6.295949459075928
643 -4.680309772491455 6.038974761962891
644 -5.319893836975098 5.591325283050537
645 -5.7072930335998535 5.542327404022217
646 -6.0302581787109375 5.572744846343994
647 -6.369515895843506 5.733025074005127
648 -6.574702739715576 5.883449077606201
649 -6.797196388244629 6.339431285858154
650 -7.02100133895874 6.695320129394531
651 -7.205465316772461 6.972962856292725
652 -7.47049617767334 7.335268974304199
653 -7.615432262420654 7.578711986541748
654 -7.682330131530762 7.78171968460083
655 4.534322261810303 18.252769470214844
656 4.57307767868042 18.46052360534668
657 4.7081451416015625 18.83844566345215
658 4.770664215087891 19.09640121459961
659 4.694151878356934 19.4127140045166
660 4.550601959228516 19.885128021240234
661 4.453593730926514 20.29243278503418
662 4.333584308624268 20.537837982177734
663 4.0473456382751465 20.67424201965332
664 3.781970977783203 20.715465545654297
665 3.0490410327911377 20.396644592285156
666 2.7383248805999756 20.194801330566406
667 2.5777950286865234 20.050140380859375
668 2.2846760749816895 19.64358139038086
669 2.0777759552001953 19.341596603393555
670 1.9227995872497559 19.030532836914062
671 1.8327044248580933 18.808231353759766
672 1.468813419342041 6.786990165710449
673 1.4222590923309326 6.514315128326416
674 1.3758456707000732 6.264111518859863
675 1.1100715398788452 5.845702171325684
676 0.9686530828475952 5.64506196975708
677 0.6411867141723633 5.2867302894592285
678 0.4407691955566406 5.009901523590088
679 0.4737420976161957 4.791209697723389
680 1.096165418624878 4.140981674194336
681 1.1386469602584839 3.876129627227783
682 1.156127691268921 3.5399694442749023
683 0.9497472643852234 3.1184847354888916
684 0.7563002705574036 2.8422904014587402
685 0.6219077706336975 2.5638508796691895
686 0.4101719856262207 2.129831075668335
687 0.26579949259757996 1.7687321901321411
688 0.19081184267997742 1.5883195400238037
689 0.086673304438591 1.3783801794052124
690 -1.828178882598877 -2.9172823429107666
691 -2.016772747039795 -3.5798697471618652
692 -2.1110219955444336 -4.090023994445801
693 -2.1567399501800537 -4.519100666046143
694 -2.201099395751953 -4.8608527183532715
695 -2.149996757507324 -5.107845306396484
696 -2.0254132747650146 -5.390610694885254
697 -1.792475938796997 -5.662698745727539
698 -1.4583076238632202 -5.900808334350586
699 -0.9505488872528076 -6.17167329788208
700 -0.7768791317939758 -6.24711799621582
701 16.097187042236328 -4.054943561553955
702 16.137847900390625 -4.09505033493042
703 16.23651885986328 -4.336519718170166
704 16.624101638793945 -5.114053726196289
705 16.783504486083984 -5.435444355010986
706 16.94761848449707 -5.748068332672119
707 17.774925231933594 -7.181260585784912
708 17.911197662353516 -7.1836981773376465
709 18.28622817993164 -6.84175443649292
710 18.533119201660156 -6.472133159637451
711 18.675535202026367 -6.143914222717285
712 18.823007583618164 -5.7107133865356445
713 18.897741317749023 -5.275606632232666
714 18.985984802246094 -4.605707168579102
715 19.106544494628906 -4.253819465637207
716 19.33622169494629 -3.9586503505706787
717 19.586990356445312 -3.703110456466675
718 20.03724479675293 -3.27053165435791
719 20.232446670532227 -3.0171661376953125
720 20.34661865234375 -2.718435287475586
721 20.396398544311523 -2.316770553588867
722 20.462928771972656 -1.9671943187713623
723 20.258216857910156 -1.3395566940307617
724 20.192928314208984 -1.0491821765899658
725 20.142410278320312 -0.7191256284713745
726 20.018346786499023 -0.20102690160274506
727 19.901016235351562 0.14700062572956085
728 19.81055450439453 0.5065321326255798
729 19.737789154052734 1.3606315851211548
730 19.709245681762695 1.7708780765533447
731 19.665672302246094 2.064532995223999
732 19.60113525390625 2.4254977703094482
733 19.471763610839844 2.935760498046875
734 19.315980911254883 3.417376756668091
735 19.24587631225586 4.467777729034424
736 19.280105590820312 4.817300319671631
737 19.393932342529297 5.334997653961182
738 19.446876525878906 5.8232741355896
739 19.469877243041992 6.292534351348877
740 19.569700241088867 6.53218412399292
741 19.784095764160156 6.776906967163086
742 20.080137252807617 6.976478099822998
743 20.94456672668457 7.404634952545166
744 21.596181869506836 7.692197799682617
745 21.844873428344727 7.79723596572876
746 22.433712005615234 8.096426963806152
747 22.771642684936523 8.338854789733887
748 23.285024642944336 8.807329177856445
749 23.48630714416504 9.087278366088867
750 23.602510452270508 9.408185958862305
751 23.843416213989258 9.79069995880127
752 24.265785217285156 10.19408893585205
753 24.651105880737305 10.517077445983887
754 24.975942611694336 10.808845520019531
755 25.1658935546875 11.005134582519531
756 25.35133171081543 11.154519081115723
757 25.738489151000977 11.317450523376465
758 26.181095123291016 11.38570499420166
759 26.56672477722168 11.389852523803711
760 26.910737991333008 11.370105743408203
761 27.325023651123047 11.367830276489258
762 27.97352409362793 11.384984970092773
763 28.580711364746094 11.404114723205566
764 29.444337844848633 11.428587913513184
765 29.775928497314453 11.471125602722168
766 30.266759872436523 11.571331024169922
767 30.566152572631836 11.626679420471191
768 30.795412063598633 11.638731002807617
769 31.3142147064209 11.563050270080566
770 31.6839599609375 11.386329650878906
771 31.836780548095703 11.142970085144043
772 31.992406845092773 10.802496910095215
773 32.20985412597656 10.490528106689453
774 32.55289840698242 10.075992584228516
775 32.76253128051758 9.909165382385254
776 32.948177337646484 9.7700777053833
777 33.47638702392578 9.330363273620605
778 33.709800720214844 9.11603832244873
779 33.79966735839844 8.98705005645752
780 33.824649810791016 8.894217491149902
781 3.4571149349212646 -2.4547436237335205
782 3.23225998878479 -2.5251669883728027
783 2.83255934715271 -2.666982650756836
784 2.3693010807037354 -2.7121167182922363
785 2.0663681030273438 -2.67081880569458
786 1.873099684715271 -2.5652308464050293
787 1.4976860284805298 -2.170718193054199
788 1.1177481412887573 -1.7196367979049683
789 1.0736522674560547 -1.543338418006897
790 1.1745043992996216 -1.3675187826156616
791 1.3213679790496826 -1.080256700515747
792 1.5138336420059204 -0.8592318296432495
793 1.943087100982666 -0.3512912690639496
794 2.138038396835327 -0.19243066012859344
795 2.423722982406616 0.0133966114372015
796 2.7076289653778076 0.16812993586063385
797 22.536497116088867 12.674996376037598
798 22.655229568481445 12.85368824005127
799 22.803760528564453 13.248350143432617
800 22.861923217773438 13.536357879638672
801 22.839174270629883 14.099742889404297
802 22.816604614257812 14.571481704711914
803 22.78545379638672 14.958230972290039
804 22.754533767700195 15.3893404006958
805 22.649362564086914 15.739524841308594
806 22.53965950012207 15.944727897644043
807 22.189062118530273 16.50391387939453
808 21.65776252746582 17.350427627563477
809 21.390974044799805 17.672666549682617
810 21.097637176513672 17.98331069946289
811 20.76688575744629 18.40559196472168
812 20.56387710571289 18.885988235473633
813 20.4683895111084 19.026622772216797
814 20.2302303314209 19.070924758911133
815 19.322662353515625 19.23346519470215
816 19.023128509521484 19.20315933227539
817 18.81827163696289 19.137216567993164
818 18.417884826660156 18.935945510864258
819 18.187707901000977 18.71763801574707
820 18.023395538330078 18.470996856689453
821 17.939546585083008 18.300331115722656
822 17.808032989501953 18.02128791809082
823 17.705556869506836 17.682788848876953
824 17.648420333862305 17.268701553344727
825 17.63286018371582 16.898021697998047
826 17.736892700195312 16.10062599182129
827 17.76702880859375 15.778830528259277
828 17.897607803344727 15.186976432800293
829 17.991994857788086 14.909404754638672
830 18.281381607055664 14.522954940795898
831 18.477083206176758 14.264993667602539
832 18.67380714416504 14.058371543884277
833 19.080955505371094 13.77999210357666
834 19.371538162231445 13.549454689025879
835 19.580629348754883 13.27604866027832
836 19.80059242248535 12.779190063476562
837 20.00465965270996 12.500154495239258
838 20.359277725219727 11.919829368591309
839 20.47161865234375 11.679256439208984
840 20.673295974731445 11.187553405761719
841 20.647390365600586 10.808014869689941
842 20.48650550842285 10.426436424255371
843 20.263050079345703 10.08145523071289
844 19.957067489624023 9.81613540649414
845 19.57280158996582 9.566118240356445
846 19.13089370727539 9.437811851501465
847 18.73263931274414 9.3533353805542
848 18.344736099243164 9.299749374389648
849 17.862079620361328 9.306485176086426
850 17.711668014526367 9.281902313232422
851 17.10243034362793 9.441916465759277
852 16.21499252319336 9.771708488464355
853 15.93500804901123 9.905136108398438
854 15.588801383972168 10.17904281616211
855 15.240262031555176 10.643667221069336
856 15.010759353637695 11.18601131439209
857 14.89564037322998 11.738395690917969
858 14.922401428222656 12.081765174865723
859 15.077434539794922 12.641629219055176
860 15.191131591796875 12.958370208740234
861 15.206087112426758 13.372612953186035
862 15.142979621887207 13.609199523925781
863 14.963842391967773 13.775022506713867
864 14.681170463562012 13.78797435760498
865 14.240626335144043 13.811748504638672
866 13.78252124786377 13.850202560424805
867 13.54434585571289 13.830322265625
868 13.141105651855469 13.67916202545166
869 12.386517524719238 13.454195976257324
870 12.181107521057129 13.35828685760498
871 12.022295951843262 13.205981254577637
872 11.879227638244629 12.932875633239746
873 11.763288497924805 12.362703323364258
874 11.734482765197754 12.133153915405273
875 11.72738265991211 11.820631980895996
876 11.700948715209961 11.560747146606445
877 11.764699935913086 11.247361183166504
878 11.857254028320312 10.70524787902832
879 11.936567306518555 10.285468101501465
880 12.032914161682129 10.075166702270508
881 12.305932998657227 9.669135093688965
882 12.50139331817627 9.403545379638672
883 12.626381874084473 9.167991638183594
884 12.646018981933594 8.836823463439941
885 12.516613960266113 8.658676147460938
886 12.114843368530273 8.514487266540527
887 11.641846656799316 8.494504928588867
888 11.33517074584961 8.5186128616333
889 10.728657722473145 8.58275032043457
890 10.359718322753906 8.51165771484375
891 10.082636833190918 8.36135196685791
892 9.92626667022705 8.139893531799316
893 9.814238548278809 7.856511116027832
894 9.738204956054688 7.311525821685791
895 9.708853721618652 7.061252117156982
896 9.623785018920898 6.90652322769165
897 -2.949206590652466 0.665416955947876
898 -3.070284605026245 0.7738232612609863
899 -3.245424270629883 0.9121655821800232
900 -3.2832751274108887 1.1619681119918823
901 -3.2686827182769775 1.6104034185409546
902 -3.307957172393799 2.12687611579895
903 -3.3344388008117676 2.5584068298339844
904 -3.2810237407684326 2.8763792514801025
905 -3.161421775817871 3.2161808013916016
906 -2.986905336380005 3.550407886505127
907 -2.899416446685791 3.805511236190796
908 -2.826878547668457 4.1285200119018555
909 -2.8492801189422607 4.322556495666504
910 -7.215010643005371 10.544722557067871
911 -7.321242809295654 10.90122127532959
912 -7.403867721557617 11.40362548828125
913 -7.435187339782715 11.926069259643555
914 -7.439449310302734 12.47024154663086
915 -7.402975559234619 12.723382949829102
916 -7.206737518310547 12.992867469787598
917 -6.994256019592285 13.173845291137695
918 -6.663458824157715 13.085951805114746
919 -6.211476802825928 12.961947441101074
920 -5.594871520996094 12.756999969482422
921 -5.348217010498047 12.6168212890625
922 -4.895231246948242 12.240435600280762
923 -4.649052619934082 12.026581764221191
924 -4.2672905921936035 11.829730033874512
925 -3.8621723651885986 11.797694206237793
926 -3.6854240894317627 11.945974349975586
927 -3.4813220500946045 12.383285522460938
928 -3.332551956176758 12.806864738464355
929 -3.203538656234741 12.9705810546875
930 6.767464637756348 19.58694839477539
931 7.009119510650635 19.608041763305664
932 7.324138641357422 19.426191329956055
933 7.73972225189209 19.03550910949707
934 7.971198558807373 18.881183624267578
935 8.284149169921875 18.74860954284668
936 8.650226593017578 18.59800910949707
937 9.15365219116211 18.388042449951172
938 9.356600761413574 18.183837890625
939 9.425416946411133 17.935426712036133
940 9.56932544708252 17.440460205078125
941 9.590269088745117 17.288009643554688
942 9.830977439880371 -11.422487258911133
943 9.61133861541748 -11.377386093139648
944 9.292028427124023 -11.279638290405273
945 9.06256103515625 -11.198517799377441
946 8.765088081359863 -11.029492378234863
947 8.616793632507324 -10.905153274536133
948 8.53697681427002 -10.741156578063965
949 11.29737377166748 -4.073679447174072
950 11.443235397338867 -3.9694831371307373
951 11.548849105834961 -3.9046292304992676
952 11.835594177246094 -3.7449355125427246
953 12.203150749206543 -3.5885965824127197
954 12.831048965454102 -3.250605344772339
955 13.138015747070312 -3.0186257362365723
956 13.531787872314453 -2.8077147006988525
957 13.857549667358398 -2.6753313541412354
958 14.10493278503418 -2.577789545059204
959 16.60983657836914 4.664760112762451
960 16.76799774169922 5.122532844543457
961 16.846097946166992 5.383401870727539
962 16.82025146484375 5.642500400543213
963 16.637645721435547 5.918562412261963
964 16.399126052856445 6.218393802642822
965 16.159597396850586 6.556429862976074
966 15.988917350769043 6.898900508880615
967 15.629905700683594 7.317570209503174
968 15.429041862487793 7.5242462158203125
969 15.242531776428223 7.681817531585693
970 6.665341854095459 11.325318336486816
971 6.452064514160156 11.34461784362793
972 6.13709831237793 11.33862590789795
973 5.6912760734558105 11.250871658325195
974 5.181487083435059 11.05079460144043
975 4.804681301116943 10.860869407653809
976 4.548190593719482 10.699468612670898
977 4.204465866088867 10.339617729187012
978 3.869349479675293 9.899853706359863
979 3.694967269897461 9.738181114196777
980 2.98034405708313 9.36281681060791
981 2.941218614578247 9.134404182434082
982 3.094193935394287 8.755525588989258
983 3.365402936935425 8.451139450073242
984 3.631398916244507 8.255936622619629
985 4.007389545440674 8.09196949005127
986 4.102314472198486 7.941030502319336
987 4.154618740081787 7.666687488555908
988 4.298608779907227 7.302484512329102
989 4.501867771148682 6.914631366729736
990 4.724300861358643 6.382911682128906
991 4.890281677246094 6.092348098754883
992 5.24504280090332 5.761519432067871
993 5.391050815582275 5.559103488922119
994 5.666940689086914 5.485074043273926
995 5.9536261558532715 5.523710250854492
996 6.40508508682251 5.959575176239014
997 6.540801525115967 6.138421058654785
998 6.730574131011963 6.297345161437988
999 6.788070201873779 6.318048477172852
