0 -53.09294128417969 20.420124053955078
1 -53.19166564941406 20.481599807739258
2 -53.3447151184082 20.62348747253418
3 -53.54521179199219 20.78606414794922
4 -53.73381805419922 20.960237503051758
5 -53.95724105834961 21.218177795410156
6 -54.01571273803711 21.508947372436523
7 -54.024288177490234 21.781082153320312
8 -54.09030532836914 22.023910522460938
9 -54.03165817260742 22.12847328186035
10 -53.71571731567383 22.27518081665039
11 -53.04978561401367 22.503440856933594
12 -52.62925720214844 22.617719650268555
13 -52.36103057861328 22.68975830078125
14 -52.080318450927734 22.84393310546875
15 -51.54888153076172 23.195528030395508
16 -51.3460693359375 23.316394805908203
17 -51.23069763183594 23.378826141357422
18 -51.10587692260742 23.450435638427734
19 -26.340370178222656 30.9056453704834
20 -26.420228958129883 31.000709533691406
21 -26.528671264648438 31.12786865234375
22 -26.720382690429688 31.284320831298828
23 -27.126693725585938 31.550432205200195
24 -27.39118003845215 31.72374153137207
25 -27.681682586669922 31.948198318481445
26 -28.004619598388672 32.273277282714844
27 -28.200468063354492 32.496055603027344
28 -28.3681583404541 32.641387939453125
29 -28.600341796875 32.60440444946289
30 -29.01315689086914 32.5417366027832
31 -29.208566665649414 32.591426849365234
32 -29.765766143798828 32.77456283569336
33 -29.97820281982422 32.8036003112793
34 -30.199283599853516 32.700923919677734
35 -30.41520881652832 32.641746520996094
36 -30.800830841064453 32.43184280395508
37 -31.345733642578125 32.24288558959961
38 -31.431447982788086 32.11060333251953
39 -31.581729888916016 31.696577072143555
40 -31.66472816467285 31.347440719604492
41 -31.733474731445312 31.115747451782227
42 -31.65964126586914 30.874635696411133
43 -31.55385971069336 30.500041961669922
44 -31.46728515625 30.22677230834961
45 -31.331283569335938 29.932037353515625
46 -31.19872283935547 29.366535186767578
47 -31.163461685180664 29.141517639160156
48 -31.146915435791016 28.88494873046875
49 -31.14350128173828 28.536802291870117
50 -31.155803680419922 28.306991577148438
51 -31.14629364013672 28.034330368041992
52 -31.092910766601562 27.690950393676758
53 -31.06113052368164 27.509366989135742
54 -31.287742614746094 27.297544479370117
55 -31.630680084228516 26.97196388244629
56 -31.792388916015625 26.789913177490234
57 -31.95765495300293 26.66739845275879
58 -32.20719528198242 26.549509048461914
59 -32.52132034301758 26.413808822631836
60 -32.764278411865234 26.19099998474121
61 -33.05486297607422 25.702415466308594
62 -33.22034454345703 25.383649826049805
63 -33.419525146484375 25.167448043823242
64 -33.6605339050293 25.003808975219727
65 -33.92192459106445 25.015974044799805
66 -34.340450286865234 25.117141723632812
67 -34.80339813232422 25.28062629699707
68 -35.02762222290039 25.478599548339844
69 -35.215633392333984 25.696910858154297
70 -35.37790298461914 25.985013961791992
71 -35.49345016479492 26.318458557128906
72 -35.674232482910156 26.707489013671875
73 -35.735416412353516 27.03947639465332
74 -35.81843185424805 27.440202713012695
75 -35.88172912597656 27.694625854492188
76 -35.87113952636719 27.98370933532715
77 -35.78821563720703 28.414527893066406
78 -35.7219352722168 28.628061294555664
79 -35.82199478149414 28.800533294677734
80 -36.13908004760742 29.27037239074707
81 -36.329368591308594 29.535581588745117
82 -36.48274612426758 29.823829650878906
83 -36.56023025512695 29.949125289916992
84 -36.695068359375 30.043136596679688
85 -44.58892059326172 33.054954528808594
86 -44.75356674194336 33.12815856933594
87 -44.97283935546875 33.2041015625
88 -45.2106819152832 33.32963943481445
89 -45.69500732421875 33.47109603881836
90 -46.01005935668945 33.5619010925293
91 -49.735347747802734 35.140869140625
92 -50.104801177978516 35.264652252197266
93 -50.55062484741211 35.32716751098633
94 -51.17268753051758 35.39385223388672
95 -51.427764892578125 35.349483489990234
96 -51.65781021118164 35.23039627075195
97 -51.90510177612305 35.07747268676758
98 -52.058128356933594 34.94853973388672
99 -52.54570770263672 34.50933837890625
100 -52.74785232543945 34.312461853027344
101 -52.892234802246094 34.02997970581055
102 -53.1193733215332 33.68163299560547
103 -53.32789611816406 33.47830581665039
104 -53.49483871459961 33.330318450927734
105 -53.70153045654297 33.3375358581543
106 -54.25593948364258 33.50825881958008
107 -54.813758850097656 33.62424850463867
108 -55.05449676513672 33.80845642089844
109 -55.276756286621094 34.08064270019531
110 -55.424644470214844 34.29291534423828
111 -55.572086334228516 34.588600158691406
112 -55.657745361328125 35.174007415771484
113 -55.60462951660156 35.421363830566406
114 -55.43467330932617 35.71834182739258
115 -55.15343475341797 36.075927734375
116 -54.93362808227539 36.326053619384766
117 -54.546382904052734 36.7406005859375
118 -54.31425094604492 37.00872039794922
119 -54.07770538330078 37.2686767578125
120 -53.8951416015625 37.53899002075195
121 -53.824005126953125 37.75572967529297
122 -53.71308517456055 38.10219955444336
123 -53.518184661865234 39.183441162109375
124 -53.463417053222656 39.64079284667969
125 -53.42158889770508 40.244930267333984
126 -53.43246841430664 40.6109504699707
127 -53.456336975097656 40.95792770385742
128 -53.551265716552734 41.268489837646484
129 -53.63863754272461 41.63282775878906
130 -53.683780670166016 41.857460021972656
131 -53.62628936767578 42.11991500854492
132 -53.363399505615234 42.64210510253906
133 -53.29528045654297 42.76797103881836
134 -53.198848724365234 42.938602447509766
135 -52.95738983154297 43.04462432861328
136 -36.61918258666992 47.911930084228516
137 -36.383567810058594 47.96077346801758
138 -36.111000061035156 48.02146530151367
139 -35.8811149597168 48.0358772277832
140 -35.56576919555664 48.06916427612305
141 -34.98111343383789 48.07487487792969
142 -34.533905029296875 48.053184509277344
143 -34.339962005615234 48.018280029296875
144 -34.071510314941406 47.861053466796875
145 -33.88859939575195 47.71120071411133
146 -33.64558792114258 47.224281311035156
147 -33.47098159790039 46.970611572265625
148 -33.35905456542969 46.7742919921875
149 -33.32086944580078 46.592742919921875
150 -32.98164367675781 45.78116989135742
151 -32.88395690917969 45.43426513671875
152 -32.763301849365234 44.9127311706543
153 -32.702392578125 44.62474822998047
154 -32.729881286621094 44.327796936035156
155 -32.81439208984375 44.05205535888672
156 -32.97715759277344 43.71070098876953
157 -33.49936294555664 42.80458450317383
158 -33.668609619140625 42.58931350708008
159 -33.925376892089844 42.469966888427734
160 -34.3765754699707 42.34809494018555
161 -34.74224853515625 42.296077728271484
162 -35.1331901550293 42.207054138183594
163 -35.59124755859375 42.11994934082031
164 -35.80498504638672 42.08995056152344
165 -53.81184387207031 48.36066818237305
166 -54.00851058959961 48.620994567871094
167 -54.13805389404297 48.81787872314453
168 -54.18032455444336 48.912254333496094
169 -54.263851165771484 49.149757385253906
170 -54.42195510864258 49.52705764770508
171 -54.60266876220703 50.09635543823242
172 -54.65132522583008 50.37619400024414
173 -54.57196807861328 50.579490661621094
174 -54.469093322753906 50.793460845947266
175 -54.47389602661133 51.05360794067383
176 -54.54060745239258 51.076820373535156
177 -62.08834457397461 44.18345642089844
178 -62.21652603149414 44.08888626098633
179 -62.41727828979492 43.91511917114258
180 -62.754173278808594 43.548274993896484
181 -62.935081481933594 43.30244064331055
182 -63.173095703125 42.93560791015625
183 -63.39730453491211 42.56175231933594
184 -63.53091812133789 42.3245735168457
185 -63.684539794921875 42.0399169921875
186 -63.94599914550781 41.75246047973633
187 -64.21280670166016 41.49455261230469
188 -64.50332641601562 41.21813201904297
189 -64.65740966796875 41.149986267089844
190 -65.72350311279297 40.83977127075195
191 -65.89191436767578 40.82049560546875
192 -66.27633666992188 40.70045852661133
193 -66.53572082519531 40.618446350097656
194 -66.7483139038086 40.517269134521484
195 -67.05814361572266 40.32341384887695
196 -67.51346588134766 39.973384857177734
197 -67.89708709716797 39.67816925048828
198 -68.4124984741211 39.03569793701172
199 -68.6009750366211 38.65800094604492
200 -68.70406341552734 38.412105560302734
201 -68.65544128417969 38.00250244140625
202 -68.5921630859375 37.523590087890625
203 -68.4529037475586 37.13107681274414
204 -68.30074310302734 36.734413146972656
205 -68.0979995727539 36.50994873046875
206 -67.83112335205078 36.35238265991211
207 -67.4496078491211 36.192378997802734
208 -67.07255554199219 36.10105895996094
209 -66.66804504394531 36.04500961303711
210 -66.43009185791016 35.975399017333984
211 -66.25341033935547 35.97718048095703
212 -66.00666046142578 36.02444839477539
213 -65.62065124511719 36.186729431152344
214 -65.07978057861328 36.421363830566406
215 -64.97718811035156 36.44976806640625
216 -64.5456314086914 36.57421875
217 -63.88969802856445 36.68733596801758
218 -63.6072883605957 36.68339538574219
219 -63.30517578125 36.668148040771484
220 -63.09064865112305 36.58300018310547
221 -62.808109283447266 36.412750244140625
222 -62.56252670288086 36.25577163696289
223 -62.29923629760742 36.03299331665039
224 -62.14205551147461 35.906166076660156
225 -43.874210357666016 15.970829963684082
226 -43.94865417480469 15.79653549194336
227 -44.08014678955078 15.563982009887695
228 -44.287784576416016 15.251201629638672
229 -44.63121795654297 14.813393592834473
230 -44.895023345947266 14.43537712097168
231 -45.055633544921875 14.216842651367188
232 -45.21745300292969 13.956128120422363
233 -45.4016227722168 13.617733001708984
234 -45.48521041870117 12.902840614318848
235 -45.582923889160156 12.697023391723633
236 -45.69938659667969 12.588225364685059
237 -46.1572265625 12.28621768951416
238 -46.4168586730957 12.03433609008789
239 -46.54970169067383 11.922097206115723
240 -47.00247573852539 11.786622047424316
241 -47.273529052734375 11.741848945617676
242 -47.91900634765625 11.750042915344238
243 -48.420562744140625 11.863072395324707
244 -48.703369140625 11.975220680236816
245 -48.79494094848633 12.193121910095215
246 -49.02751159667969 12.931075096130371
247 -49.0263786315918 13.246434211730957
248 -49.060611724853516 13.53972053527832
249 -49.08891296386719 13.88043212890625
250 -49.17259979248047 14.222782135009766
251 -49.157981872558594 14.516241073608398
252 -49.071659088134766 14.785995483398438
253 -48.63231658935547 15.319586753845215
254 -48.51903533935547 15.58076286315918
255 -48.44196319580078 15.778993606567383
256 -48.46448516845703 15.886937141418457
257 -70.78433227539062 29.421846389770508
258 -70.91305541992188 29.646577835083008
259 -71.00152587890625 29.836889266967773
260 -71.14248657226562 30.109634399414062
261 -71.42120361328125 30.584014892578125
262 -71.505859375 30.849231719970703
263 -71.41777801513672 31.062679290771484
264 -71.22232055664062 31.264394760131836
265 -70.95952606201172 31.45867156982422
266 -70.73661804199219 31.54867172241211
267 -70.32470703125 31.61556053161621
268 -70.0004653930664 31.614595413208008
269 -69.65799713134766 31.595169067382812
270 -69.32416534423828 31.517322540283203
271 -68.94673156738281 31.333942413330078
272 -68.55513000488281 31.16595458984375
273 -68.2873764038086 30.98261260986328
274 -67.98844909667969 30.781923294067383
275 -67.82388305664062 30.705711364746094
276 -67.47315979003906 30.56528091430664
277 -67.18926239013672 30.46692657470703
278 -66.81265258789062 30.28034019470215
279 -63.81544494628906 29.072063446044922
280 -63.72124099731445 28.924121856689453
281 -63.814910888671875 28.797143936157227
282 -63.97452926635742 28.637710571289062
283 -64.3064956665039 28.55179786682129
284 -64.80452728271484 28.647926330566406
285 -65.12276458740234 28.865427017211914
286 -65.27549743652344 28.940866470336914
287 -65.40694427490234 29.182180404663086
288 -65.50345611572266 29.552555084228516
289 -65.50104522705078 29.960140228271484
290 -65.4681167602539 30.388690948486328
291 -65.46131134033203 30.928707122802734
292 -65.49649810791016 31.17241096496582
293 -65.47974395751953 31.40625
294 -65.38619232177734 31.668622970581055
295 -65.1534194946289 31.772308349609375
296 -64.81454467773438 31.66935157775879
297 -64.41031646728516 31.600088119506836
298 -64.05757904052734 31.60692024230957
299 -63.664955139160156 31.585216522216797
300 -63.301212310791016 31.474143981933594
301 -62.83034133911133 31.227237701416016
302 -62.55767059326172 31.069133758544922
303 -62.25765609741211 31.006019592285156
304 -61.71601486206055 30.956134796142578
305 -61.386199951171875 30.966228485107422
306 -61.09103775024414 30.98011589050293
307 -60.60668182373047 31.024486541748047
308 -60.1703987121582 31.028629302978516
309 -60.008731842041016 30.98923110961914
310 -59.785152435302734 30.991962432861328
311 -59.542877197265625 30.978321075439453
312 -46.88547897338867 30.071908950805664
313 -46.605899810791016 30.1118221282959
314 -46.37954330444336 30.1455135345459
315 -46.041297912597656 30.08197593688965
316 -45.88531494140625 30.020313262939453
317 -45.73908996582031 29.955888748168945
318 -45.57438278198242 29.72274398803711
319 -45.383235931396484 29.485408782958984
320 -45.200096130371094 29.1334171295166
321 -45.06040954589844 28.788352966308594
322 -45.023521423339844 28.691875457763672
323 -45.068904876708984 28.5097599029541
324 -45.11153793334961 28.243776321411133
325 -45.18429946899414 27.473527908325195
326 -45.19952392578125 27.18279457092285
327 -45.20819091796875 26.993276596069336
328 -53.825660705566406 11.704785346984863
329 -54.03715515136719 11.549504280090332
330 -54.23653030395508 11.4205322265625
331 -54.84696578979492 11.013858795166016
332 -54.997528076171875 10.843100547790527
333 -55.17774963378906 10.744362831115723
334 -55.41854476928711 10.628432273864746
335 -55.72126007080078 10.489160537719727
336 -56.04988479614258 10.361181259155273
337 -56.29059982299805 10.338323593139648
338 -56.550811767578125 10.330527305603027
339 -56.821739196777344 10.363616943359375
340 -57.105064392089844 10.470812797546387
341 -57.35202407836914 10.54888916015625
342 -57.5258903503418 10.655177116394043
343 -57.78150177001953 10.928363800048828
344 -58.05390548706055 11.321120262145996
345 -58.14669418334961 11.517838478088379
346 -58.203514099121094 11.836932182312012
347 -48.53449630737305 32.68592071533203
348 -48.54140853881836 32.74806213378906
349 -48.491817474365234 32.89493179321289
350 -48.428855895996094 33.286048889160156
351 -48.33483123779297 33.67445373535156
352 -48.183013916015625 33.95525360107422
353 -47.76517105102539 34.582035064697266
354 -47.51580047607422 34.907135009765625
355 -47.41608810424805 35.084564208984375
356 -47.14701461791992 35.39649963378906
357 -46.78236770629883 35.678001403808594
358 -46.583797454833984 35.8670768737793
359 -46.432430267333984 36.10719299316406
360 -46.35566711425781 36.35551834106445
361 -46.32453536987305 36.468509674072266
362 -46.273983001708984 36.86003494262695
363 -46.268516540527344 37.08731460571289
364 -46.30655288696289 37.39527893066406
365 -46.4349365234375 37.902984619140625
366 -46.544063568115234 38.10204315185547
367 -46.907814025878906 38.25213623046875
368 -47.328285217285156 38.104591369628906
369 -47.59264373779297 37.99859619140625
370 -47.847328186035156 37.98323440551758
371 -48.275238037109375 38.071651458740234
372 -48.47314453125 38.11648941040039
373 -48.82978820800781 38.25469207763672
374 -49.05847930908203 38.35066223144531
375 -49.05207443237305 38.57756805419922
376 -49.078250885009766 38.862510681152344
377 -49.128326416015625 39.477027893066406
378 -49.12987518310547 39.89338302612305
379 -49.151187896728516 40.29171371459961
380 -49.19135284423828 40.73935317993164
381 -49.09525680541992 41.05436706542969
382 -48.98271942138672 41.27174758911133
383 -48.544559478759766 41.24137878417969
384 -48.01169967651367 41.19755554199219
385 -47.464988708496094 41.07859420776367
386 -47.24248123168945 41.052101135253906
387 -46.90590286254883 41.07213592529297
388 -46.638450622558594 41.1130485534668
389 -46.513633728027344 41.19549560546875
390 -46.11876678466797 41.54127883911133
391 -45.642677307128906 42.04655838012695
392 -45.38898468017578 42.36122131347656
393 -45.175071716308594 42.699214935302734
394 -44.92391586303711 43.099098205566406
395 -44.81477355957031 43.28101348876953
396 -44.69743347167969 43.44404602050781
397 -44.55997085571289 43.60847473144531
398 -44.2879524230957 43.89772415161133
399 -40.465633392333984 48.634613037109375
400 -40.311100006103516 48.87640380859375
401 -40.27021408081055 49.06660842895508
402 -40.174625396728516 49.44853591918945
403 -40.18956756591797 49.781410217285156
404 -40.24405288696289 50.078163146972656
405 -40.34550857543945 50.300987243652344
406 -40.57870864868164 50.65388488769531
407 -40.844642639160156 51.073150634765625
408 -41.05287170410156 51.32909393310547
409 -41.2657356262207 51.55428695678711
410 -41.522518157958984 51.822731018066406
411 -41.84212875366211 52.110877990722656
412 -42.196468353271484 52.50476837158203
413 -42.43299865722656 52.793785095214844
414 -42.719886779785156 53.179080963134766
415 -42.88594055175781 53.41334915161133
416 -43.078887939453125 53.59367370605469
417 -43.35637283325195 53.84834671020508
418 -43.47226333618164 53.935791015625
419 -43.65800094604492 54.00703811645508
420 -44.214111328125 54.063232421875
421 -44.338661193847656 54.08364486694336
422 -44.631534576416016 54.151424407958984
423 -44.86371994018555 54.22567367553711
424 -45.213417053222656 54.36726760864258
425 -45.60386657714844 54.524173736572266
426 -46.07149124145508 54.71950912475586
427 -46.26860809326172 54.79273986816406
428 -46.53567123413086 54.91440200805664
429 -46.99091339111328 55.12678527832031
430 -48.145263671875 55.66349411010742
431 -48.46711349487305 55.805755615234375
432 -48.89134216308594 55.85861587524414
433 -49.125972747802734 55.853736877441406
434 -49.578514099121094 55.811885833740234
435 -50.056053161621094 55.71236801147461
436 -50.326744079589844 55.641048431396484
437 -50.74869918823242 55.610816955566406
438 -50.92499542236328 55.60055160522461
439 -51.10978698730469 55.31499099731445
440 -51.25453567504883 54.98971939086914
441 -51.446170806884766 54.676551818847656
442 -51.606346130371094 54.423484802246094
443 -51.74168395996094 54.01806640625
444 -51.76616668701172 53.4406852722168
445 -51.69666290283203 53.249603271484375
446 -51.58426284790039 53.110939025878906
447 -51.206539154052734 52.99226760864258
448 -50.81608581542969 52.884281158447266
449 -50.24753952026367 52.780216217041016
450 -49.919334411621094 52.68705749511719
451 -49.62993240356445 52.57640838623047
452 -49.25985336303711 52.31698989868164
453 -48.92123031616211 52.09736251831055
454 -48.72690963745117 51.91838073730469
455 -48.633880615234375 51.70745086669922
456 -48.37529754638672 51.3585090637207
457 -48.22745132446289 50.94779968261719
458 -48.44959259033203 50.692657470703125
459 -48.90444564819336 50.52893829345703
460 -49.225093841552734 50.4533805847168
461 -49.519073486328125 50.51658630371094
462 -49.96040725708008 50.60758972167969
463 -50.1016731262207 50.58143615722656
464 -50.20717239379883 50.296470642089844
465 -50.31634521484375 49.95748519897461
466 -50.34651184082031 49.707698822021484
467 -50.35279083251953 49.5051155090332
468 -50.39618682861328 49.24911880493164
469 -50.35118865966797 48.84190368652344
470 -50.19049835205078 48.53449630737305
471 -50.17659378051758 48.36901092529297
472 -50.300865173339844 48.13408660888672
473 -50.55866241455078 47.77117919921875
474 -50.74796676635742 47.5081901550293
475 -50.969947814941406 47.08381652832031
476 -51.075679779052734 46.809383392333984
477 -51.270687103271484 46.056541442871094
478 -51.229820251464844 45.54597854614258
479 -51.16315460205078 45.34119415283203
480 -50.92176818847656 45.024497985839844
481 -50.6663932800293 44.76759338378906
482 -50.31575393676758 44.5151252746582
483 -50.00291442871094 44.420719146728516
484 -49.58618927001953 44.42197799682617
485 -49.242340087890625 44.49656295776367
486 -48.880558013916016 44.61167526245117
487 -48.58272171020508 44.718170166015625
488 -48.149784088134766 44.98884201049805
489 -47.922969818115234 45.13953399658203
490 -47.7222900390625 45.25578308105469
491 -47.581207275390625 45.60586166381836
492 -47.383949279785156 45.99513244628906
493 -47.24437713623047 46.30878829956055
494 -47.11770248413086 46.520668029785156
495 -46.870601654052734 46.79737091064453
496 -46.70961380004883 46.98240280151367
497 -46.27604293823242 47.53566360473633
498 -45.815975189208984 48.0938720703125
499 -45.67082595825195 48.26458740234375
500 -45.49016189575195 48.44196701049805
501 -45.31695556640625 48.5639762878418
502 -45.1266975402832 48.58796691894531
503 -44.653507232666016 48.559635162353516
504 -44.34709930419922 48.56247329711914
505 -44.191986083984375 48.29612350463867
506 -43.89704895019531 47.9323844909668
507 -43.64077377319336 47.68048095703125
508 -43.43363952636719 47.48765563964844
509 -43.19100570678711 47.296173095703125
510 -43.01542282104492 47.16182327270508
511 -42.90374755859375 47.08367919921875
512 -42.48708724975586 46.83852767944336
513 -42.27320861816406 46.728614807128906
514 -41.914344787597656 46.51552963256836
515 -41.482513427734375 46.24635314941406
516 -41.088932037353516 46.01716613769531
517 -40.80155563354492 45.816795349121094
518 -40.608638763427734 45.65379333496094
519 -40.39427947998047 45.50149917602539
520 -40.257301330566406 45.28045654296875
521 -40.13648223876953 44.91002655029297
522 -40.04591751098633 44.68856430053711
523 -40.07350540161133 44.58669662475586
524 -40.46193313598633 44.42902374267578
525 -40.92627716064453 44.158363342285156
526 -41.177303314208984 43.98212432861328
527 -41.35664749145508 43.87470626831055
528 -54.930782318115234 30.24528694152832
529 -55.12442398071289 30.19569206237793
530 -55.38762283325195 30.128896713256836
531 -55.83321762084961 30.020570755004883
532 -56.137813568115234 29.888797760009766
533 -56.3251838684082 29.74466323852539
534 -56.47502899169922 29.57359504699707
535 -56.60902404785156 29.34145736694336
536 -56.792205810546875 29.066631317138672
537 -56.98515319824219 28.877775192260742
538 -57.45682907104492 28.537670135498047
539 -57.82134246826172 28.28624153137207
540 -58.049522399902344 28.134401321411133
541 -58.66768264770508 27.790372848510742
542 -58.912994384765625 27.695415496826172
543 -59.1343879699707 27.56124496459961
544 -59.4763298034668 27.354825973510742
545 -59.792869567871094 27.089405059814453
546 -60.20585632324219 26.73313331604004
547 -60.57569885253906 26.42332649230957
548 -60.88289260864258 26.278181076049805
549 -61.13926315307617 26.224462509155273
550 -61.40719985961914 26.139507293701172
551 -61.60089111328125 26.106666564941406
552 -62.04107666015625 25.88593292236328
553 -62.392452239990234 25.757802963256836
554 -62.663719177246094 25.598554611206055
555 -62.9461669921875 25.40373992919922
556 -63.33684539794922 25.165328979492188
557 -63.729705810546875 24.926998138427734
558 -63.99753952026367 24.781970977783203
559 -64.17437744140625 24.73499298095703
560 -64.49993896484375 24.728790283203125
561 -64.77979278564453 24.694902420043945
562 -65.26298522949219 24.507932662963867
563 -65.62310028076172 24.27284812927246
564 -65.76404571533203 24.099817276000977
565 -65.87242889404297 23.934192657470703
566 -66.03927612304688 23.590288162231445
567 -66.16832733154297 23.379032135009766
568 -66.39472961425781 23.2823543548584
569 -66.76972198486328 23.19329261779785
570 -66.88854217529297 23.17537498474121
571 -67.02452850341797 22.99765968322754
572 -67.16344451904297 22.75918197631836
573 -67.45649719238281 22.218847274780273
574 -67.62385559082031 21.819637298583984
575 -67.60270690917969 21.356576919555664
576 -67.53050231933594 21.044431686401367
577 -67.41865539550781 20.805326461791992
578 -67.22438049316406 20.63721466064453
579 -66.81344604492188 20.43013572692871
580 -66.4790267944336 20.217973709106445
581 -66.17095184326172 20.019906997680664
582 -65.90677642822266 19.97909927368164
583 -65.55052947998047 20.03544044494629
584 -65.11893463134766 20.26750373840332
585 -64.59786224365234 20.48615264892578
586 -64.40888977050781 20.60312271118164
587 -63.98933792114258 20.856748580932617
588 -63.7183723449707 21.02444076538086
589 -63.608463287353516 21.18825340270996
590 -63.489601135253906 21.41588592529297
591 -63.29280471801758 21.684438705444336
592 -63.004703521728516 21.97666358947754
593 -62.7149772644043 22.19328498840332
594 -56.75192642211914 43.222904205322266
595 -56.81206130981445 43.39608383178711
596 -56.91167449951172 43.87895965576172
597 -56.98935317993164 44.08779525756836
598 -56.96982192993164 44.33478546142578
599 -56.870296478271484 44.580936431884766
600 -56.71355438232422 44.868656158447266
601 -56.56899642944336 45.188987731933594
602 -56.62525939941406 45.4248046875
603 -56.77101135253906 45.66603088378906
604 -57.23233413696289 46.0693359375
605 -57.545799255371094 46.46650314331055
606 -57.95439147949219 47.1235466003418
607 -58.18643569946289 47.58140182495117
608 -58.312049865722656 47.95094299316406
609 -58.4534912109375 48.42670822143555
610 -58.58723831176758 48.91032791137695
611 -58.6322021484375 49.24696350097656
612 -58.62670135498047 49.564876556396484
613 -58.56664276123047 50.36736297607422
614 -58.53588104248047 50.65280532836914
615 -58.50802230834961 50.7916374206543
616 -58.42174530029297 51.0858268737793
617 -58.31094741821289 51.517181396484375
618 -58.175148010253906 51.91989517211914
619 -58.09489822387695 52.119571685791016
620 -58.00531768798828 52.491485595703125
621 -58.0296516418457 52.92633056640625
622 -58.1909294128418 53.3271598815918
623 -58.450531005859375 53.927406311035156
624 -58.55213928222656 54.16600036621094
625 -58.68497085571289 54.199546813964844
626 -59.14390182495117 54.25198745727539
627 -59.595645904541016 54.32255554199219
628 -59.897972106933594 54.34114456176758
629 -60.14434814453125 54.237186431884766
630 -60.466983795166016 54.02959442138672
631 -60.731868743896484 53.86003875732422
632 -61.0310173034668 53.67725372314453
633 -61.30738067626953 53.53709411621094
634 -61.55769348144531 53.441246032714844
635 -61.84598922729492 53.29570770263672
636 -62.1168327331543 53.17843246459961
637 -62.60582733154297 52.96177673339844
638 -62.854854583740234 52.874202728271484
639 -63.18019104003906 52.76386642456055
640 -63.52321243286133 52.6180534362793
641 -63.762481689453125 52.50762176513672
642 -64.03746032714844 52.351566314697266
643 -64.21424102783203 52.069664001464844
644 -64.52975463867188 51.76140594482422
645 -64.5926284790039 51.642860412597656
646 -64.70887756347656 51.49419403076172
647 -64.92803955078125 51.16411209106445
648 -65.10973358154297 50.82891845703125
649 -65.27497100830078 50.55888366699219
650 -65.44425201416016 50.2786865234375
651 -65.53352355957031 50.13228225708008
652 -65.21695709228516 16.37383460998535
653 -65.13284301757812 16.28052520751953
654 -64.80030059814453 16.141393661499023
655 -64.37876892089844 15.980231285095215
656 -63.65129852294922 15.72376823425293
657 -63.513118743896484 15.648392677307129
658 -63.17560958862305 15.572028160095215
659 -62.91135787963867 15.535818099975586
660 -62.7328987121582 15.529255867004395
661 -62.40894317626953 15.53009033203125
662 -61.88825607299805 15.513588905334473
663 -61.6091423034668 15.538541793823242
664 -61.2668342590332 15.559686660766602
665 -61.01223373413086 15.539324760437012
666 -60.85731506347656 15.456071853637695
667 -60.753387451171875 15.756546020507812
668 -60.58403015136719 16.10084342956543
669 -60.439369201660156 16.28258514404297
670 -60.28010559082031 16.39435577392578
671 -60.07402038574219 16.518253326416016
672 -59.679386138916016 16.768970489501953
673 -59.27245330810547 17.061853408813477
674 -58.770694732666016 17.421066284179688
675 -58.54955291748047 17.56159782409668
676 -58.368892669677734 17.698610305786133
677 -58.17638397216797 17.86893081665039
678 -57.93500900268555 18.10750389099121
679 -57.784828186035156 18.36713218688965
680 -57.56539535522461 18.743976593017578
681 -57.51084518432617 18.788938522338867
682 -57.31376266479492 19.132570266723633
683 -57.01763916015625 19.482908248901367
684 -56.79909896850586 19.769968032836914
685 -56.702816009521484 19.92090606689453
686 -56.602962493896484 20.466951370239258
687 -56.674095153808594 20.771034240722656
688 -56.94140625 20.922847747802734
689 -57.29146194458008 20.929475784301758
690 -57.60454177856445 20.804906845092773
691 -58.45362091064453 20.377761840820312
692 -58.756473541259766 20.33235740661621
693 -59.11991500854492 20.478174209594727
694 -59.35413360595703 20.673635482788086
695 -59.52195739746094 21.021535873413086
696 -59.58336639404297 21.239774703979492
697 -59.565773010253906 21.38334083557129
698 -59.21165084838867 21.658329010009766
699 -58.870304107666016 21.95587158203125
700 -58.667701721191406 22.026071548461914
701 -58.452144622802734 22.140460968017578
702 -58.33047866821289 22.419618606567383
703 -58.339969635009766 22.762985229492188
704 -58.50235366821289 23.13556480407715
705 -58.67725372314453 23.458890914916992
706 -58.69572448730469 23.90632438659668
707 -58.58317184448242 24.139511108398438
708 -58.4208984375 24.29669761657715
709 -57.973323822021484 24.158000946044922
710 -57.3432502746582 24.020421981811523
711 -56.88825225830078 24.049978256225586
712 -56.48532485961914 24.180187225341797
713 -56.09892654418945 24.484310150146484
714 -55.87433624267578 24.707849502563477
715 -55.71495819091797 24.70787239074707
716 -55.49729919433594 24.666364669799805
717 -55.062416076660156 24.63144302368164
718 -54.5782356262207 24.924842834472656
719 -54.387203216552734 25.152429580688477
720 -54.24734115600586 25.35894203186035
721 -53.92036437988281 25.644519805908203
722 -53.70183181762695 25.842971801757812
723 -53.52876663208008 26.01718521118164
724 -53.301856994628906 26.30869483947754
725 -53.14493942260742 26.484615325927734
726 -52.952064514160156 26.743038177490234
727 -52.647247314453125 27.233694076538086
728 -52.491390228271484 27.506851196289062
729 -52.3184814453125 27.899824142456055
730 -52.09160232543945 28.46070098876953
731 -51.873863220214844 28.983421325683594
732 -51.72586441040039 29.418537139892578
733 -51.577632904052734 29.524152755737305
734 -51.292625427246094 29.616390228271484
735 -50.9556884765625 29.658533096313477
736 -50.549442291259766 29.605093002319336
737 -50.26228332519531 29.489843368530273
738 -49.84283447265625 29.193449020385742
739 -49.70507049560547 28.99287986755371
740 -49.56141662597656 28.519929885864258
741 -49.50418472290039 28.17656898498535
742 -49.523380279541016 27.89286994934082
743 -49.59552764892578 27.54468536376953
744 -49.6490592956543 27.202411651611328
745 -49.7010498046875 26.9936466217041
746 -49.708927154541016 26.73040199279785
747 -49.61029815673828 26.441585540771484
748 -49.365901947021484 26.15743637084961
749 -49.092857360839844 25.923742294311523
750 -48.882076263427734 25.779104232788086
751 -48.55278778076172 25.657228469848633
752 -48.168643951416016 25.46272850036621
753 -47.8718147277832 25.330944061279297
754 -47.63042068481445 25.254337310791016
755 -47.28187561035156 25.24009895324707
756 -46.72040557861328 25.032094955444336
757 -46.37360763549805 24.774572372436523
758 -46.29812240600586 24.562421798706055
759 -46.25480651855469 24.134918212890625
760 -46.262454986572266 23.848764419555664
761 -46.593040466308594 23.25575065612793
762 -46.908504486083984 22.914831161499023
763 -47.113746643066406 22.76114273071289
764 -47.37907409667969 22.598875045776367
765 -47.68955612182617 22.44855499267578
766 -47.95162582397461 22.30217170715332
767 -48.63967514038086 21.835498809814453
768 -49.277732849121094 21.360858917236328
769 -49.50741958618164 21.11078643798828
770 -49.74197769165039 20.79369354248047
771 -49.939998626708984 20.47993278503418
772 -50.09321212768555 20.17498779296875
773 -50.25522994995117 19.859031677246094
774 -50.44737243652344 19.543039321899414
775 -50.68656539916992 19.141918182373047
776 -50.84443664550781 18.931385040283203
777 -51.134925842285156 18.679601669311523
778 -51.6190185546875 18.37975311279297
779 -51.953182220458984 18.134395599365234
780 -52.172943115234375 17.964570999145508
781 -52.5172233581543 17.677268981933594
782 -52.74611282348633 17.512985229492188
783 -52.94858169555664 17.33318328857422
784 -53.095458984375 17.117748260498047
785 -53.23565673828125 16.837890625
786 -53.4084358215332 16.42257308959961
787 -53.45684814453125 16.292089462280273
788 -53.66580581665039 15.994312286376953
789 -53.77362060546875 15.803380966186523
790 -54.06830596923828 15.62735366821289
791 -54.56833267211914 15.267292022705078
792 -54.777984619140625 15.177896499633789
793 -54.97651290893555 15.148368835449219
794 -55.34864044189453 15.159480094909668
795 -55.674598693847656 15.189123153686523
796 -55.93092346191406 15.239960670471191
797 -56.1138916015625 15.296374320983887
798 -56.26477813720703 15.349621772766113
799 -45.34516525268555 20.11149787902832
800 -45.175758361816406 20.16551971435547
801 -44.79112243652344 20.265094757080078
802 -44.39988708496094 20.369186401367188
803 -44.13548278808594 20.454715728759766
804 -43.82701873779297 20.59046745300293
805 -43.40858840942383 20.79117202758789
806 -43.12241744995117 20.959304809570312
807 -42.808048248291016 21.14854621887207
808 -42.585487365722656 21.193029403686523
809 -42.20314407348633 21.092859268188477
810 -42.0698356628418 20.980634689331055
811 -41.737361907958984 20.71137809753418
812 -41.19326400756836 20.344707489013672
813 -40.9672737121582 20.15070152282715
814 -40.75227737426758 20.200664520263672
815 -40.411041259765625 20.254304885864258
816 -40.16865158081055 20.245651245117188
817 -40.041664123535156 20.37816619873047
818 -39.82906723022461 20.497026443481445
819 -39.52627944946289 20.723207473754883
820 -39.12815475463867 21.0092830657959
821 -38.86784744262695 21.38118553161621
822 -38.85782241821289 21.720014572143555
823 -39.04462814331055 22.063804626464844
824 -39.3603401184082 22.555591583251953
825 -39.600040435791016 23.09917640686035
826 -39.726226806640625 23.485458374023438
827 -39.965457916259766 23.937490463256836
828 -40.21194839477539 24.206249237060547
829 -40.429752349853516 24.386470794677734
830 -40.60506057739258 24.438106536865234
831 -40.84660339355469 24.584285736083984
832 -41.31837463378906 24.9168701171875
833 -41.434818267822266 25.11707305908203
834 -41.47157287597656 25.422161102294922
835 -41.59550476074219 26.272504806518555
836 -41.61090850830078 26.620115280151367
837 -41.59550857543945 26.774934768676758
838 -41.5139274597168 27.03775405883789
839 -41.374839782714844 27.293865203857422
840 -41.23031997680664 27.4703426361084
841 -41.004974365234375 27.721298217773438
842 -40.734500885009766 28.052433013916016
843 -40.445167541503906 28.409194946289062
844 -40.28494644165039 28.64537239074707
845 -40.145973205566406 28.93084716796875
846 -40.19169616699219 29.132055282592773
847 -40.387489318847656 29.429208755493164
848 -40.599369049072266 29.615966796875
849 -40.828853607177734 29.866539001464844
850 -41.06312942504883 30.236108779907227
851 -41.32472610473633 30.699094772338867
852 -41.405548095703125 30.854446411132812
853 -41.681617736816406 31.16309928894043
854 -41.77888870239258 31.296772003173828
855 -41.893592834472656 31.426166534423828
856 -42.2344856262207 31.717504501342773
857 -58.82096862792969 36.48723220825195
858 -58.933101654052734 36.61690902709961
859 -59.08051300048828 36.87779998779297
860 -59.16843795776367 37.09120178222656
861 -59.31630325317383 37.39229202270508
862 -59.49409484863281 37.903282165527344
863 -59.6640625 38.341453552246094
864 -59.8133430480957 38.642578125
865 -59.94441604614258 38.88386917114258
866 -60.02146911621094 39.06329345703125
867 -60.21969985961914 39.823211669921875
868 -60.30696105957031 40.03069305419922
869 -60.40343475341797 40.264976501464844
870 -60.505279541015625 40.49281311035156
871 -60.45222091674805 40.79981231689453
872 -60.33246994018555 40.969764709472656
873 -60.06112289428711 41.24714279174805
874 -59.74233627319336 41.54973220825195
875 -59.51167297363281 41.76274490356445
876 -59.299583435058594 41.905696868896484
877 -59.07342529296875 41.953643798828125
878 -58.69493865966797 42.00495147705078
879 -58.24777603149414 41.922462463378906
880 -57.9787483215332 41.746795654296875
881 -57.69581604003906 41.463844299316406
882 -57.340755462646484 41.251461029052734
883 -56.87617111206055 40.940704345703125
884 -56.637451171875 40.788089752197266
885 -41.0623893737793 38.11763381958008
886 -40.813560485839844 37.86302947998047
887 -40.64205551147461 37.67612075805664
888 -40.51914596557617 37.45406723022461
889 -40.428070068359375 37.287471771240234
890 -40.327632904052734 37.16976547241211
891 -40.10533142089844 37.15415954589844
892 -39.797203063964844 37.232398986816406
893 -39.550777435302734 37.28858184814453
894 -39.298919677734375 37.328269958496094
895 -39.07735061645508 37.67841339111328
896 -38.68082046508789 38.219688415527344
897 -38.474369049072266 38.48485565185547
898 -38.375186920166016 38.62250518798828
899 -38.06598663330078 38.87080764770508
900 -37.879695892333984 39.07304763793945
901 -37.677589416503906 39.38881301879883
902 -37.625221252441406 39.822689056396484
903 -37.745365142822266 40.4441032409668
904 -37.849342346191406 40.656028747558594
905 -37.88862991333008 40.82416534423828
906 -38.048858642578125 40.995357513427734
907 -38.81153869628906 41.09362030029297
908 -39.110870361328125 41.17826843261719
909 -39.50956726074219 41.358787536621094
910 -39.76770782470703 41.47218322753906
911 -40.071983337402344 41.43901062011719
912 -40.37704849243164 41.42997360229492
913 -40.65583419799805 41.44330596923828
914 -40.9580078125 41.39934158325195
915 -41.24097442626953 41.256629943847656
916 -41.606109619140625 40.98805236816406
917 -41.82691955566406 40.87453842163086
918 -42.0027961730957 40.687469482421875
919 -42.20149612426758 40.43935775756836
920 -42.48180389404297 40.13077926635742
921 -42.87275695800781 39.66510772705078
922 -43.431724548339844 39.2478141784668
923 -43.63105392456055 39.07891082763672
924 -43.698402404785156 38.9246826171875
925 -43.77570724487305 38.62052536010742
926 -43.79915237426758 38.417442321777344
927 -43.68086624145508 38.089725494384766
928 -43.58726501464844 37.649131774902344
929 -43.44736099243164 37.01726531982422
930 -43.33420181274414 36.33612823486328
931 -43.266117095947266 35.7693977355957
932 -43.19540786743164 35.52016067504883
933 -43.027427673339844 35.19765090942383
934 -42.858917236328125 34.97102355957031
935 -42.27574920654297 34.544593811035156
936 -41.88151550292969 34.35181427001953
937 -41.66229248046875 34.29849624633789
938 -41.10214614868164 34.21759033203125
939 -40.70204162597656 34.19322204589844
940 -40.406341552734375 34.18230438232422
941 -40.08742904663086 34.10555648803711
942 -39.7577018737793 33.982139587402344
943 -39.39463806152344 33.73061752319336
944 -39.10626983642578 33.50239181518555
945 -38.74387741088867 33.36488342285156
946 -38.35470199584961 33.40150451660156
947 -38.03043746948242 33.41780090332031
948 -37.76909255981445 33.409908294677734
949 -37.493961334228516 33.435585021972656
950 -37.07604217529297 33.54345703125
951 -36.808902740478516 33.62796401977539
952 -36.508323669433594 33.775856018066406
953 -36.23685836791992 33.948360443115234
954 -36.04087448120117 34.17782974243164
955 -35.87504577636719 34.444305419921875
956 -35.60789108276367 34.950313568115234
957 -35.432376861572266 35.366146087646484
958 -35.20634460449219 35.76504135131836
959 -34.958011627197266 36.172359466552734
960 -34.852787017822266 36.32508087158203
961 -34.670352935791016 36.49855041503906
962 -34.36167907714844 36.764617919921875
963 -34.170326232910156 36.95392990112305
964 -34.053955078125 37.034488677978516
965 -33.67816925048828 37.272403717041016
966 -33.26069641113281 37.49484634399414
967 -32.934326171875 37.67657470703125
968 -32.5908088684082 37.862579345703125
969 -32.00112533569336 38.17905044555664
970 -31.788206100463867 38.269107818603516
971 -31.7067813873291 38.302154541015625
972 -31.538938522338867 38.38422775268555
973 -31.28347396850586 38.53374099731445
974 -30.82637596130371 38.78158950805664
975 -30.23005485534668 39.06062698364258
976 -29.97564697265625 39.23258972167969
977 -29.80063247680664 39.42621612548828
978 -29.542861938476562 39.9561767578125
979 -29.37639045715332 40.31039810180664
980 -29.2957763671875 40.58803939819336
981 -29.271888732910156 40.94822692871094
982 -29.32681655883789 41.113162994384766
983 -29.430288314819336 41.25828552246094
984 -29.550216674804688 41.46714782714844
985 -45.358612060546875 58.52500915527344
986 -45.454036712646484 58.74864196777344
987 -45.6561393737793 59.2834587097168
988 -45.66545104980469 59.35078048706055
989 -45.76237487792969 59.555931091308594
990 -46.130550384521484 60.1646728515625
991 -46.310184478759766 60.48994827270508
992 -46.39986038208008 60.565433502197266
993 -46.487789154052734 60.594356536865234
994 -46.68320083618164 60.757991790771484
995 -47.202789306640625 61.209251403808594
996 -47.4330940246582 61.42367935180664
997 -47.63594436645508 61.5978889465332
998 -47.77924346923828 61.67951583862305
999 -47.89577102661133 61.7674674987793
