0 -17.048072814941406 66.65901184082031
1 -16.938329696655273 66.7076644897461
2 -16.585845947265625 66.8810043334961
3 -16.292198181152344 67.03144836425781
4 -15.805403709411621 67.29163360595703
5 -15.557157516479492 67.43243408203125
6 -15.397871017456055 67.52336120605469
7 -15.246292114257812 67.61505126953125
8 -15.089323997497559 67.7185287475586
9 -14.881731986999512 67.85869598388672
10 -14.74361515045166 67.99334716796875
11 -14.560359001159668 68.2505874633789
12 -14.189410209655762 68.68444061279297
13 -13.862339973449707 69.09012603759766
14 -13.659078598022461 69.27082824707031
15 -13.501720428466797 69.42918395996094
16 -13.204974174499512 69.62092590332031
17 -13.027169227600098 69.7195053100586
18 -12.864213943481445 69.71057891845703
19 -12.623167037963867 69.63050079345703
20 -12.375299453735352 69.55914306640625
21 -11.967679023742676 69.51846313476562
22 -11.567087173461914 69.52263641357422
23 -11.078107833862305 69.56141662597656
24 -10.681478500366211 69.59294128417969
25 -10.417551040649414 69.62702941894531
26 -10.047019958496094 69.69313049316406
27 -9.772910118103027 69.74638366699219
28 -9.564769744873047 69.78795623779297
29 -9.240250587463379 69.84086608886719
30 -8.911200523376465 69.90250396728516
31 -8.500123977661133 69.94031524658203
32 -7.98642110824585 69.87389373779297
33 -7.363815784454346 69.74459838867188
34 -7.034993648529053 69.6069107055664
35 -6.560856342315674 69.33039093017578
36 -6.380880832672119 69.05026245117188
37 -6.286675453186035 68.71593475341797
38 -6.474564552307129 68.28248596191406
39 -6.650028228759766 68.089599609375
40 -6.821768283843994 67.97057342529297
41 -7.195372581481934 67.86737060546875
42 -7.440134525299072 67.7922134399414
43 -7.659506797790527 67.72982025146484
44 -7.940270900726318 67.57898712158203
45 -8.296184539794922 67.32195281982422
46 -8.561188697814941 67.045166015625
47 -8.917016983032227 66.59618377685547
48 -9.341923713684082 66.01119995117188
49 -9.55826473236084 65.65615844726562
50 -9.69043254852295 65.2230224609375
51 -9.760193824768066 64.96775817871094
52 -9.7056884765625 64.74407196044922
53 -9.56584644317627 64.46472930908203
54 -9.345438003540039 63.92201614379883
55 -9.254396438598633 63.73296356201172
56 -9.148624420166016 63.448028564453125
57 -8.960498809814453 62.887264251708984
58 -8.914949417114258 62.55522918701172
59 -8.944554328918457 62.28861999511719
60 -9.106788635253906 62.06975173950195
61 -9.293161392211914 61.93464279174805
62 -9.526663780212402 61.81875228881836
63 -9.869102478027344 61.569515228271484
64 -10.195531845092773 61.30112838745117
65 -10.549309730529785 61.03333282470703
66 -10.939556121826172 60.738372802734375
67 -11.27564525604248 60.500160217285156
68 -11.48922348022461 60.3419303894043
69 -11.684456825256348 60.213768005371094
70 -11.919967651367188 60.03438186645508
71 -12.10721492767334 59.86376190185547
72 -12.317255020141602 59.660221099853516
73 -12.394970893859863 59.42022705078125
74 -12.65717601776123 59.25335693359375
75 -12.931719779968262 58.84262466430664
76 -13.104040145874023 58.67927932739258
77 -13.356707572937012 58.71989822387695
78 -13.64118480682373 58.72188186645508
79 -13.979243278503418 58.90068435668945
80 -14.284132957458496 59.06128692626953
81 -14.515511512756348 59.139808654785156
82 -14.77328872680664 59.263946533203125
83 -15.36185359954834 59.458560943603516
84 -15.80978775024414 59.63237762451172
85 -16.11129379272461 59.80706787109375
86 -16.247135162353516 59.90956115722656
87 -16.485685348510742 60.218631744384766
88 -16.869436264038086 60.640464782714844
89 -17.202482223510742 60.81986618041992
90 -17.36884880065918 60.90769577026367
91 -17.50185203552246 61.00898742675781
92 -17.742658615112305 61.239715576171875
93 -18.075849533081055 61.52061462402344
94 -18.31789779663086 61.68265914916992
95 -18.587373733520508 61.78302764892578
96 -18.798717498779297 61.86667251586914
97 -19.057573318481445 61.87399673461914
98 -19.584644317626953 61.9659423828125
99 -19.842731475830078 61.95384979248047
100 -20.415857315063477 61.72776412963867
101 -20.603458404541016 61.67567825317383
102 -21.019445419311523 61.595794677734375
103 -21.45412826538086 61.44132995605469
104 -21.89240264892578 61.26203536987305
105 -22.121938705444336 60.93838882446289
106 -22.40655517578125 60.41946029663086
107 -22.44734001159668 60.21768569946289
108 -22.380727767944336 59.82529830932617
109 -22.26787567138672 59.46217727661133
110 -22.04947280883789 59.07392883300781
111 -21.941547393798828 58.90479278564453
112 -21.585397720336914 58.6351318359375
113 -21.218156814575195 58.39990997314453
114 -20.923484802246094 58.220462799072266
115 -20.549028396606445 58.05670928955078
116 -20.091604232788086 57.926204681396484
117 -19.7744083404541 57.76441192626953
118 -19.41364097595215 57.585514068603516
119 -18.913175582885742 57.31956100463867
120 -18.24744987487793 56.83475875854492
121 -18.153076171875 56.693321228027344
122 -18.2136173248291 56.577754974365234
123 -18.60792350769043 56.43624496459961
124 -19.464948654174805 56.36324691772461
125 -19.76280403137207 56.297523498535156
126 -19.896961212158203 56.19330596923828
127 -19.92055320739746 55.944942474365234
128 -19.802410125732422 55.4081916809082
129 -19.830644607543945 55.10606384277344
130 -19.98101043701172 54.972328186035156
131 -20.222517013549805 54.85484313964844
132 -20.46764373779297 54.76444625854492
133 -21.159461975097656 54.68992233276367
134 -21.800485610961914 54.62440490722656
135 -22.206361770629883 54.543453216552734
136 -22.494274139404297 54.464141845703125
137 -22.873123168945312 54.372493743896484
138 -23.3749942779541 54.305419921875
139 -23.67791748046875 54.213626861572266
140 -23.859769821166992 54.088871002197266
141 -24.05429458618164 53.889041900634766
142 -24.230844497680664 53.74042892456055
143 -24.371139526367188 53.60213088989258
144 -24.496849060058594 53.16613006591797
145 -24.71452522277832 52.845306396484375
146 -24.782629013061523 52.64324188232422
147 -24.62841033935547 52.14862823486328
148 -24.491188049316406 51.87038040161133
149 -24.236295700073242 51.874107360839844
150 -23.935388565063477 51.95173263549805
151 -23.664669036865234 51.85087203979492
152 -23.170576095581055 51.508365631103516
153 -22.965160369873047 51.23383331298828
154 -22.922191619873047 50.92021560668945
155 -23.013439178466797 50.29001235961914
156 -23.08531951904297 49.83429718017578
157 -23.149009704589844 49.612762451171875
158 -23.313180923461914 49.29450607299805
159 -23.474468231201172 49.04317092895508
160 -23.597230911254883 48.89887619018555
161 -23.780624389648438 48.77885055541992
162 -24.393341064453125 48.37620544433594
163 -24.667835235595703 48.12632751464844
164 -25.05049705505371 47.66742706298828
165 -25.349441528320312 47.358856201171875
166 -25.525510787963867 47.26375961303711
167 -25.651897430419922 47.22859191894531
168 -25.88937759399414 47.30658721923828
169 -26.098928451538086 47.35611343383789
170 -26.489316940307617 47.48302459716797
171 -26.80815887451172 47.542510986328125
172 -27.24951171875 47.647926330566406
173 -27.62851333618164 47.75706481933594
174 -27.911989212036133 47.826690673828125
175 -28.25740623474121 47.91032028198242
176 -28.487651824951172 47.9578971862793
177 -28.840940475463867 48.06673812866211
178 -29.20732879638672 48.2325439453125
179 -29.519384384155273 48.400569915771484
180 -30.027311325073242 48.684852600097656
181 -30.49016761779785 48.94877624511719
182 -30.96415901184082 49.2249641418457
183 -31.187917709350586 49.47844696044922
184 -31.356998443603516 49.79616165161133
185 -31.42919921875 50.10407638549805
186 -31.559123992919922 50.596153259277344
187 -31.65003204345703 50.97055435180664
188 -31.690906524658203 51.22608184814453
189 -31.70729637145996 51.76974868774414
190 -31.618701934814453 52.17948532104492
191 -31.52479362487793 52.527854919433594
192 -31.40509605407715 52.916080474853516
193 -31.306629180908203 53.39283752441406
194 -31.186365127563477 53.66614532470703
195 -31.03203010559082 53.86949920654297
196 -30.882978439331055 54.031158447265625
197 -30.693391799926758 54.24510192871094
198 -30.528833389282227 54.45904541015625
199 -30.120195388793945 55.09058380126953
200 -29.965452194213867 55.338409423828125
201 -29.81535530090332 55.616111755371094
202 -29.78620147705078 55.91938781738281
203 -29.943998336791992 56.32423400878906
204 -30.256620407104492 56.64995193481445
205 -30.582181930541992 56.8954963684082
206 -30.971294403076172 57.193729400634766
207 -31.092741012573242 57.30521011352539
208 -31.20871925354004 57.42477035522461
209 -31.4117374420166 57.62149429321289
210 -31.786523818969727 57.96051788330078
211 -32.10965347290039 58.232269287109375
212 -32.31547546386719 58.41632843017578
213 -32.393333435058594 58.54532241821289
214 -32.60395050048828 58.74155807495117
215 -32.90361404418945 58.75509262084961
216 -33.18714904785156 58.71479797363281
217 -33.43096923828125 58.80072021484375
218 -33.991947174072266 59.073341369628906
219 -34.26201629638672 59.255958557128906
220 -34.466453552246094 59.57509994506836
221 -34.787353515625 59.98944854736328
222 -34.922611236572266 60.147117614746094
223 -34.93440246582031 60.35847473144531
224 -34.78208541870117 60.672550201416016
225 -34.47976303100586 61.268070220947266
226 -34.35634231567383 61.607177734375
227 -34.299137115478516 61.76091003417969
228 -34.175376892089844 62.16653823852539
229 -34.078636169433594 62.53267288208008
230 -34.0203742980957 63.0048713684082
231 -33.96208572387695 63.63689041137695
232 -33.9333381652832 63.95945358276367
233 -33.692012786865234 64.30445098876953
234 -33.38970947265625 64.62239074707031
235 -33.133155822753906 64.73011016845703
236 -32.57184600830078 64.6931381225586
237 -32.300315856933594 64.67655181884766
238 -32.082305908203125 64.6139907836914
239 -31.729291915893555 64.47386169433594
240 -31.559764862060547 64.376220703125
241 -31.2764835357666 64.15491485595703
242 -30.899415969848633 64.03036499023438
243 -30.627864837646484 64.15293884277344
244 -30.501081466674805 64.32575225830078
245 -30.22442626953125 64.64666748046875
246 -30.017499923706055 65.08472442626953
247 -29.90184211730957 65.31444549560547
248 -29.755136489868164 65.6526107788086
249 -29.692153930664062 65.85994720458984
250 -29.616840362548828 66.09221649169922
251 -29.47708511352539 66.43860626220703
252 -29.319124221801758 66.77203369140625
253 -29.224029541015625 67.14482116699219
254 -29.2410945892334 67.28909301757812
255 -29.23951530456543 67.36490631103516
256 -11.921314239501953 97.6522216796875
257 -12.052199363708496 97.88404083251953
258 -12.284997940063477 98.17692565917969
259 -12.542922973632812 98.4522933959961
260 -12.744734764099121 98.68892669677734
261 -12.98361587524414 99.07664489746094
262 -13.204375267028809 99.43387603759766
263 -13.233345985412598 99.68367004394531
264 -13.277362823486328 99.97010803222656
265 -13.189471244812012 100.34614562988281
266 -13.062807083129883 101.12506103515625
267 -12.995352745056152 101.40239715576172
268 -12.843688011169434 101.62140655517578
269 -12.727843284606934 101.71635437011719
270 -12.202995300292969 101.92227935791016
271 -11.623129844665527 102.16230773925781
272 -11.337736129760742 102.25780487060547
273 -10.969837188720703 102.40882873535156
274 -10.758243560791016 102.56140899658203
275 -10.5353364944458 102.37771606445312
276 -10.265131950378418 102.10078430175781
277 -10.098146438598633 101.92797088623047
278 -9.913483619689941 101.6634292602539
279 -9.677698135375977 101.13929748535156
280 -9.544025421142578 100.80113220214844
281 -9.44941234588623 100.58692932128906
282 -9.250313758850098 100.43065643310547
283 -9.01414680480957 100.2774658203125
284 -8.576689720153809 100.12018585205078
285 -8.004287719726562 99.81523132324219
286 -7.861414432525635 99.72474670410156
287 -7.500495433807373 99.430908203125
288 -7.243903160095215 99.22257995605469
289 -6.630834102630615 98.85505676269531
290 -6.470852851867676 98.7535400390625
291 -6.260018348693848 98.65087890625
292 -6.070383071899414 98.6412353515625
293 -5.856122016906738 98.64798736572266
294 -5.566842555999756 98.60615539550781
295 -5.072845458984375 98.50792694091797
296 -4.823675632476807 98.58431243896484
297 -4.623097896575928 98.74462127685547
298 -4.198939800262451 99.41534423828125
299 -3.9525883197784424 99.57373046875
300 -3.7379324436187744 99.56748962402344
301 -3.4954426288604736 99.5030746459961
302 -3.164342164993286 99.30159759521484
303 -2.920050621032715 98.97809600830078
304 -2.781651020050049 98.62525177001953
305 -2.718151092529297 98.26825714111328
306 -2.7616844177246094 97.75605010986328
307 -2.988790512084961 97.38543701171875
308 -3.110628604888916 97.21195220947266
309 -3.244779348373413 97.00852966308594
310 -3.3942487239837646 96.69396209716797
311 -3.453068494796753 96.3646469116211
312 -3.478273868560791 96.00282287597656
313 -3.493530750274658 95.76323699951172
314 -3.478856086730957 95.5958480834961
315 -3.4824976921081543 95.23197937011719
316 -3.487257719039917 94.90093231201172
317 -3.4961702823638916 94.38638305664062
318 -3.486536979675293 93.93009185791016
319 -3.4755518436431885 93.68343353271484
320 -3.45422101020813 93.35978698730469
321 -3.269618511199951 91.9261245727539
322 -3.259594678878784 91.80501556396484
323 -3.255031108856201 91.6136703491211
324 -3.274458646774292 91.12904357910156
325 -3.2931406497955322 90.8289794921875
326 -3.2989277839660645 90.59520721435547
327 -3.396301031112671 90.03121948242188
328 -3.473245143890381 89.53903198242188
329 -3.5866661071777344 89.04489135742188
330 -3.715893030166626 88.65861511230469
331 -3.984248161315918 88.00271606445312
332 -4.043707847595215 87.87171936035156
333 -4.155152320861816 87.66505432128906
334 -4.250986099243164 87.45285034179688
335 -4.3886332511901855 86.95094299316406
336 -4.490133285522461 86.56626892089844
337 -4.579092025756836 86.2786865234375
338 -4.674171447753906 86.0302734375
339 -5.452429294586182 85.07605743408203
340 -5.519935607910156 84.97112274169922
341 -5.373482704162598 84.94932556152344
342 -5.055293560028076 84.82936096191406
343 -4.494172096252441 84.62798309326172
344 -4.337677478790283 84.55821990966797
345 -3.99524188041687 84.41864776611328
346 -3.374042510986328 84.14201354980469
347 -3.101799488067627 84.017822265625
348 -2.893507242202759 83.86094665527344
349 -2.6939783096313477 83.53883361816406
350 -2.552307367324829 83.19078063964844
351 -2.4627814292907715 82.9355239868164
352 -2.4190468788146973 82.72901916503906
353 -2.411163091659546 82.3752670288086
354 -2.4265902042388916 81.97464752197266
355 -2.478759765625 81.62881469726562
356 -2.515564441680908 81.23259735107422
357 -2.5387377738952637 81.023681640625
358 -2.5758886337280273 80.82007598876953
359 -2.667116165161133 80.52710723876953
360 -2.7637929916381836 80.22786712646484
361 -2.8842477798461914 79.91365814208984
362 -3.1149046421051025 79.20476531982422
363 -3.293062686920166 78.65472412109375
364 -3.4034461975097656 78.38497161865234
365 -3.6599085330963135 77.92478942871094
366 -3.833765983581543 77.6163101196289
367 -3.92706561088562 77.47679901123047
368 -4.098991870880127 77.25215148925781
369 -4.441595554351807 76.81982421875
370 -4.7147979736328125 76.55476379394531
371 -4.814675331115723 76.42083740234375
372 -5.1029253005981445 76.15423583984375
373 -5.2988176345825195 76.01807403564453
374 -5.884985446929932 75.72615051269531
375 -6.102528095245361 75.62522888183594
376 -6.254133224487305 75.58340454101562
377 -6.694944858551025 75.48387908935547
378 -7.1448469161987305 75.41313171386719
379 -7.359252452850342 75.38106536865234
380 -7.59124755859375 75.45211791992188
381 -8.001097679138184 75.69337463378906
382 -8.29391860961914 75.8765869140625
383 -8.642229080200195 76.04605102539062
384 -9.067060470581055 76.16820526123047
385 -9.479164123535156 76.21375274658203
386 -9.994006156921387 76.12651824951172
387 -10.20539379119873 76.04769897460938
388 -10.37153148651123 75.95429229736328
389 -10.612866401672363 75.86398315429688
390 -10.87784481048584 75.8284683227539
391 -11.590235710144043 75.72285461425781
392 -12.020034790039062 75.66848754882812
393 -12.439127922058105 75.6272201538086
394 -12.707805633544922 75.64195251464844
395 -13.552216529846191 75.71309661865234
396 -13.907099723815918 75.75074005126953
397 -14.302008628845215 75.80699157714844
398 -14.594327926635742 75.87979888916016
399 -15.05312728881836 76.048095703125
400 -15.615817070007324 76.25243377685547
401 -15.829773902893066 76.38553619384766
402 -16.061845779418945 76.66010284423828
403 -16.495750427246094 77.31055450439453
404 -16.79960060119629 77.8038330078125
405 -16.94044303894043 78.02235412597656
406 -17.058917999267578 78.1977310180664
407 -17.230615615844727 78.437744140625
408 -17.283777236938477 78.5030288696289
409 -17.452810287475586 78.65472412109375
410 -17.842880249023438 79.0228500366211
411 -18.372013092041016 79.58061981201172
412 -18.517234802246094 79.72630310058594
413 -18.615440368652344 79.85404205322266
414 -18.834260940551758 80.08283233642578
415 -19.077804565429688 80.40350341796875
416 -19.222776412963867 80.63971710205078
417 -19.513120651245117 80.4327392578125
418 -19.822084426879883 80.16107177734375
419 -20.00809097290039 80.03421020507812
420 -20.25400733947754 79.9468765258789
421 -20.647184371948242 79.89456939697266
422 -20.91019630432129 79.83707427978516
423 -21.19955825805664 79.74475860595703
424 -21.72550392150879 79.48089599609375
425 -22.32485008239746 79.0807876586914
426 -22.64090919494629 78.769775390625
427 -22.961551666259766 78.40948486328125
428 -23.184070587158203 78.15057373046875
429 -23.303123474121094 77.9748764038086
430 -23.658729553222656 77.63782501220703
431 -24.207597732543945 77.33934783935547
432 -24.58928108215332 77.17326354980469
433 -24.902908325195312 77.07054901123047
434 -25.060659408569336 76.91142272949219
435 -25.07459831237793 76.64732360839844
436 -25.000713348388672 75.91590118408203
437 -25.017885208129883 75.5286636352539
438 -24.99698257446289 75.15177917480469
439 -24.8487548828125 74.91227722167969
440 -24.644569396972656 74.86760711669922
441 -23.83188247680664 74.9822006225586
442 -23.508710861206055 75.08622741699219
443 -23.1657657623291 75.27932739257812
444 -22.97767448425293 75.42191314697266
445 -22.665908813476562 75.50463104248047
446 -21.989967346191406 75.64129638671875
447 -21.715774536132812 75.70012664794922
448 -21.392738342285156 75.71831512451172
449 -21.011518478393555 75.63178253173828
450 -20.770954132080078 75.47054290771484
451 -20.276355743408203 74.90998840332031
452 -20.058834075927734 74.69691467285156
453 -19.982572555541992 74.51048278808594
454 -19.93407440185547 74.21058654785156
455 -19.930551528930664 73.8203353881836
456 -19.991744995117188 73.59309387207031
457 -20.154661178588867 73.20745849609375
458 -20.304019927978516 72.92320251464844
459 -20.486652374267578 72.6434326171875
460 -20.69300079345703 72.48037719726562
461 -20.97602081298828 72.31771087646484
462 -21.34861183166504 72.09420776367188
463 -21.907512664794922 71.84520721435547
464 -22.151065826416016 71.70574188232422
465 -22.374958038330078 71.50753784179688
466 -22.476715087890625 71.27848052978516
467 -22.529680252075195 71.02253723144531
468 -22.538036346435547 70.83065032958984
469 -22.57101821899414 70.20782470703125
470 -22.63617706298828 69.75296020507812
471 -22.725221633911133 69.32992553710938
472 -22.757732391357422 68.9233627319336
473 -22.770822525024414 68.57797241210938
474 -22.70755386352539 68.1866683959961
475 -22.614343643188477 67.7482681274414
476 -22.529502868652344 67.52068328857422
477 -22.376379013061523 67.26610565185547
478 -22.114858627319336 67.06336975097656
479 -21.8656063079834 66.9698715209961
480 -21.6574649810791 66.94507598876953
481 -21.422142028808594 66.91303253173828
482 -13.100075721740723 80.37224578857422
483 -12.950846672058105 80.52643585205078
484 -12.859016418457031 80.58871459960938
485 -12.748065948486328 80.63750457763672
486 -12.363031387329102 80.78448486328125
487 -11.930110931396484 80.95558166503906
488 -11.540291786193848 81.16648864746094
489 -11.268445014953613 81.36619567871094
490 -10.984704971313477 81.7494125366211
491 -10.806812286376953 82.17411804199219
492 -10.792646408081055 82.37776184082031
493 -10.794564247131348 82.65290832519531
494 -10.95383071899414 82.95050048828125
495 -11.148749351501465 83.24543762207031
496 -11.252277374267578 83.43754577636719
497 -11.305619239807129 83.73033905029297
498 -11.346896171569824 84.03142547607422
499 -11.37026596069336 84.3503189086914
500 -11.378676414489746 84.48095703125
501 -11.402749061584473 84.68146514892578
502 -11.47145938873291 85.06697082519531
503 -11.502737045288086 85.30416107177734
504 -11.56524658203125 85.59618377685547
505 -11.604948043823242 86.04198455810547
506 -11.642881393432617 86.4645767211914
507 -11.686016082763672 86.84564208984375
508 -11.828173637390137 87.13645935058594
509 -12.05030345916748 87.32907104492188
510 -12.435590744018555 87.56471252441406
511 -12.884284019470215 87.85772705078125
512 -13.138991355895996 88.05927276611328
513 -13.273202896118164 88.18160247802734
514 -13.488832473754883 88.3964614868164
515 -13.764334678649902 88.72411346435547
516 -14.198202133178711 89.23188781738281
517 -14.453924179077148 89.51148223876953
518 -14.789936065673828 89.88165283203125
519 -14.978251457214355 90.08959197998047
520 -15.06733226776123 90.18285369873047
521 -15.271858215332031 90.38257598876953
522 -15.421138763427734 90.52435302734375
523 -15.703192710876465 90.77771759033203
524 -16.133420944213867 91.17900848388672
525 -16.363182067871094 91.41129302978516
526 -16.7662410736084 91.87784576416016
527 -17.09276008605957 92.30078125
528 -17.235729217529297 92.47016906738281
529 -17.401155471801758 92.7232666015625
530 -17.54727554321289 92.97193908691406
531 -17.6613826751709 93.18341827392578
532 -17.844030380249023 93.43716430664062
533 -18.05206298828125 93.68207550048828
534 -18.294692993164062 93.75678253173828
535 -18.41176986694336 93.80120086669922
536 -18.71515464782715 93.9146728515625
537 -19.05914878845215 94.05596923828125
538 -19.33051872253418 94.23896026611328
539 -19.664188385009766 94.44497680664062
540 -19.950666427612305 94.57758331298828
541 -20.242023468017578 94.71240234375
542 -20.5228328704834 94.87962341308594
543 -20.929563522338867 95.17738342285156
544 -21.060829162597656 95.25641632080078
545 -21.216405868530273 95.12714385986328
546 -21.542341232299805 94.50074768066406
547 -21.785146713256836 94.2420883178711
548 -22.044055938720703 94.02578735351562
549 -22.27994155883789 93.86663818359375
550 -22.397403717041016 93.73487854003906
551 -22.473796844482422 93.58186340332031
552 -22.596975326538086 93.25027465820312
553 -22.77434539794922 92.9002685546875
554 -22.904844284057617 92.60948944091797
555 -22.91282081604004 92.35684967041016
556 -22.81944465637207 92.09496307373047
557 -22.726667404174805 91.61510467529297
558 -22.752124786376953 91.18959045410156
559 -22.747966766357422 90.845458984375
560 -22.77175521850586 90.73413848876953
561 -22.815406799316406 90.6384506225586
562 -22.8934383392334 90.35152435302734
563 -23.077863693237305 89.76166534423828
564 -23.09823226928711 89.46837615966797
565 -23.1441593170166 88.9856948852539
566 -23.22781753540039 88.78495025634766
567 -23.441564559936523 88.69075012207031
568 -23.874849319458008 88.71356201171875
569 -24.28645133972168 88.65155029296875
570 -24.6157169342041 88.50163269042969
571 -24.765668869018555 88.39944458007812
572 -24.89044189453125 88.28919982910156
573 -25.23541259765625 87.96898651123047
574 -25.802898406982422 87.48174285888672
575 -26.15692710876465 87.22227478027344
576 -26.448532104492188 87.03814697265625
577 -26.88565444946289 86.72584533691406
578 -27.08675765991211 86.49365997314453
579 -27.273344039916992 86.20747375488281
580 -27.35789680480957 85.96073913574219
581 -27.41683006286621 85.7015151977539
582 -27.511493682861328 85.32466888427734
583 -27.591718673706055 84.96244049072266
584 -27.685754776000977 84.71179962158203
585 -27.71194076538086 84.48937225341797
586 -27.697237014770508 84.01727294921875
587 -27.64952278137207 83.67658996582031
588 -27.643844604492188 83.52755737304688
589 -27.64751625061035 83.25424194335938
590 -27.65251922607422 82.64627075195312
591 -27.67270851135254 82.15486907958984
592 -27.709455490112305 81.81319427490234
593 -27.794384002685547 81.5141372680664
594 -27.920852661132812 81.14680480957031
595 -28.046932220458984 80.73600769042969
596 -28.138813018798828 80.42282104492188
597 -28.230918884277344 80.1453857421875
598 -28.361982345581055 79.67424774169922
599 -28.511465072631836 79.228515625
600 -28.626018524169922 78.93341827392578
601 -28.78447914123535 78.61009216308594
602 -28.84859275817871 78.31925201416016
603 -28.905601501464844 77.97478485107422
604 -28.92145538330078 77.7143325805664
605 -28.92746925354004 77.45442199707031
606 -28.871410369873047 77.05142211914062
607 -28.8366641998291 76.80376434326172
608 -28.821321487426758 76.60767364501953
609 -28.896753311157227 75.94257354736328
610 -28.946107864379883 75.59217834472656
611 -28.85771369934082 75.1651382446289
612 -28.685588836669922 74.7297592163086
613 -28.5489444732666 74.43973541259766
614 -28.521190643310547 73.9452133178711
615 -28.636003494262695 73.62276458740234
616 -28.810272216796875 73.20221710205078
617 -29.0802001953125 72.8226089477539
618 -29.2457275390625 72.654296875
619 -29.45746421813965 72.46429443359375
620 -29.963415145874023 71.99757385253906
621 -30.463191986083984 71.58473205566406
622 -30.893733978271484 71.15906524658203
623 -31.187557220458984 70.89688110351562
624 -31.463912963867188 70.69287109375
625 -31.808176040649414 70.4881820678711
626 -32.097496032714844 70.41571807861328
627 -32.88125991821289 70.31438446044922
628 -33.24559020996094 70.28201293945312
629 -33.484378814697266 70.2813949584961
630 -33.7343864440918 70.30976104736328
631 -33.992183685302734 70.33162689208984
632 -34.40849685668945 70.40435028076172
633 -34.89054870605469 70.513671875
634 -35.17087173461914 70.55683135986328
635 -35.47890853881836 70.54093933105469
636 -35.91386413574219 70.47344207763672
637 -36.32480239868164 70.34099578857422
638 -36.687320709228516 70.21666717529297
639 -36.9028434753418 70.13296508789062
640 -37.646183013916016 69.83940124511719
641 -38.357032775878906 69.53531646728516
642 -38.64995193481445 69.40814971923828
643 -38.90431594848633 69.2897720336914
644 -39.210121154785156 69.0587158203125
645 -39.544742584228516 68.84622955322266
646 -39.688636779785156 68.74885559082031
647 -39.87267303466797 68.6642074584961
648 -40.150634765625 68.60610961914062
649 -40.692413330078125 68.50126647949219
650 -41.201988220214844 68.5228271484375
651 -41.40525436401367 68.60831451416016
652 -41.67982482910156 68.7901382446289
653 -42.33823776245117 69.04952239990234
654 -42.6912841796875 69.1758804321289
655 -42.94771957397461 69.24847412109375
656 -43.27522277832031 69.41448974609375
657 -43.50160598754883 69.5235824584961
658 -43.730857849121094 69.71541595458984
659 -43.99766540527344 70.04736328125
660 -44.24098587036133 70.57272338867188
661 -44.35358428955078 70.90729522705078
662 -44.40431213378906 71.09296417236328
663 -44.4532470703125 71.34032440185547
664 -44.57386016845703 71.65828704833984
665 -44.76191711425781 71.98655700683594
666 -44.96257400512695 72.2052001953125
667 -45.18521499633789 72.41071319580078
668 -45.42763137817383 72.62596130371094
669 -46.14545822143555 73.25381469726562
670 -46.35854721069336 73.44164276123047
671 -46.75736618041992 73.75751495361328
672 -47.1944694519043 74.02711486816406
673 -47.458126068115234 74.21881866455078
674 -47.748558044433594 74.41300201416016
675 -48.261234283447266 74.68941497802734
676 -48.54570388793945 74.78093719482422
677 -48.81496810913086 74.88011932373047
678 -49.09737014770508 75.13549041748047
679 -49.4537467956543 75.51852416992188
680 -49.60661315917969 75.76639556884766
681 -49.55223846435547 76.09632873535156
682 -49.2498893737793 76.62979125976562
683 -48.810848236083984 77.08536529541016
684 -48.45966339111328 77.39934539794922
685 -48.255470275878906 77.54832458496094
686 -48.1277961730957 77.56513214111328
687 -47.87014389038086 77.5756607055664
688 -47.525047302246094 77.43614959716797
689 -47.227848052978516 77.37580108642578
690 -46.73369598388672 77.2590103149414
691 -46.41526794433594 77.27569580078125
692 -46.249515533447266 77.34666442871094
693 -46.03937530517578 77.52399444580078
694 -45.71320343017578 77.83647155761719
695 -45.3648681640625 78.12308502197266
696 -44.97798538208008 78.40531158447266
697 -44.658042907714844 78.63943481445312
698 -44.3236198425293 78.85478210449219
699 -43.952117919921875 79.1497573852539
700 -43.688446044921875 79.38401794433594
701 -43.41330337524414 79.56755065917969
702 -43.07291793823242 79.74530029296875
703 -42.921669006347656 79.81193542480469
704 -42.76824951171875 79.99488830566406
705 -42.62301254272461 80.17860412597656
706 -42.43121337890625 80.4629898071289
707 -42.16360855102539 80.80735778808594
708 -41.99434280395508 81.17289733886719
709 -42.05598068237305 81.38020324707031
710 -42.268985748291016 81.63824462890625
711 -42.449974060058594 81.90913391113281
712 -42.647884368896484 82.07884979248047
713 -43.08979415893555 82.4637222290039
714 -43.46794891357422 82.59500122070312
715 -43.88064956665039 82.59944915771484
716 -44.219913482666016 82.62625885009766
717 -44.76780319213867 82.72895812988281
718 -45.06039047241211 82.75212860107422
719 -45.44911193847656 82.7657241821289
720 -45.68287658691406 82.65989685058594
721 -45.77242660522461 82.49393463134766
722 -46.046932220458984 82.35367584228516
723 -46.50975036621094 82.24684143066406
724 -46.821468353271484 82.21800994873047
725 -46.98536682128906 82.18950653076172
726 -47.11738967895508 82.20362854003906
727 -47.57801818847656 82.25346374511719
728 -48.142677307128906 82.31905364990234
729 -48.38052749633789 82.35970306396484
730 -48.765380859375 82.61288452148438
731 -49.024436950683594 82.7882080078125
732 -49.298095703125 83.00788879394531
733 -49.297210693359375 83.26622009277344
734 -49.116729736328125 83.72449493408203
735 -48.79621887207031 84.00900268554688
736 -48.66041946411133 84.19206237792969
737 -48.469329833984375 84.43013000488281
738 -48.186424255371094 84.70474243164062
739 -47.87416076660156 85.11522674560547
740 -47.66607666015625 85.37596130371094
741 -47.50111770629883 85.5852279663086
742 -47.31169128417969 85.91364288330078
743 -47.118587493896484 86.18916320800781
744 -46.97164535522461 86.39009094238281
745 -46.87727737426758 86.53662109375
746 -46.75184631347656 86.88880920410156
747 -46.71957778930664 87.16254425048828
748 -46.865814208984375 87.44131469726562
749 -47.162750244140625 87.74993896484375
750 -47.391273498535156 87.89419555664062
751 -47.73758316040039 88.14213562011719
752 -48.22920608520508 88.50472259521484
753 -48.64801025390625 88.7908935546875
754 -48.91360092163086 88.96688079833984
755 -49.196250915527344 89.00843048095703
756 -49.90810012817383 88.8381576538086
757 -50.123130798339844 88.8169937133789
758 -50.606815338134766 88.9736328125
759 -50.85568618774414 89.14631652832031
760 -50.97615432739258 89.24835205078125
761 -50.9964599609375 89.5061264038086
762 -51.13225173950195 90.25170135498047
763 -51.2315788269043 90.61177825927734
764 -51.400184631347656 90.92327117919922
765 -51.64936065673828 91.27883911132812
766 -51.93771743774414 91.74555206298828
767 -52.01961898803711 92.0962142944336
768 -51.835792541503906 92.52452087402344
769 -51.69822311401367 92.7478256225586
770 -51.51369857788086 92.87690734863281
771 -50.994171142578125 93.0917739868164
772 -50.379974365234375 93.30252075195312
773 -50.217803955078125 93.36519622802734
774 -49.995426177978516 93.46633911132812
775 -49.575286865234375 93.76451873779297
776 -49.266902923583984 94.0696792602539
777 -48.83184814453125 94.3072738647461
778 -48.70090103149414 94.35552978515625
779 -48.49235534667969 94.23561096191406
780 -48.21261978149414 93.97590637207031
781 -47.80322265625 93.57479858398438
782 -47.39651870727539 93.34102630615234
783 -47.16712188720703 93.27670288085938
784 -46.96549606323242 93.21770477294922
785 -46.58894729614258 93.11815643310547
786 -46.01557540893555 92.98558044433594
787 -45.81889343261719 92.9104995727539
788 -45.53800964355469 92.7693862915039
789 -45.045066833496094 92.5404281616211
790 -44.56637191772461 92.33865356445312
791 -44.27485275268555 92.28573608398438
792 -44.05685806274414 92.24520111083984
793 -43.89037322998047 92.23096466064453
794 -43.5717887878418 92.22627258300781
795 -43.24791717529297 92.17134094238281
796 -42.8511848449707 92.10330963134766
797 -42.452606201171875 92.01301574707031
798 -41.873355865478516 91.8819351196289
799 -41.64385223388672 91.86204528808594
800 -41.509395599365234 92.11077880859375
801 -41.38823318481445 92.58794403076172
802 -41.328163146972656 93.05619812011719
803 -41.33380889892578 93.23088836669922
804 -41.26895523071289 93.66565704345703
805 -41.1992301940918 94.1362533569336
806 -41.162384033203125 94.63613891601562
807 -41.149715423583984 95.0343246459961
808 -41.14501190185547 95.34893798828125
809 -41.13778305053711 95.63981628417969
810 -41.17159652709961 95.9812240600586
811 -41.25090026855469 96.32931518554688
812 -41.332637786865234 96.55724334716797
813 -41.52836227416992 96.88988494873047
814 -41.81845474243164 97.28636169433594
815 -41.89744567871094 97.44493103027344
816 -42.00559997558594 97.87332916259766
817 -42.0343017578125 98.25767517089844
818 -41.892356872558594 98.44471740722656
819 -41.6334228515625 98.602783203125
820 -41.248756408691406 98.70653533935547
821 -40.95238494873047 98.74665832519531
822 -40.64138412475586 98.83634948730469
823 -40.28696060180664 98.97268676757812
824 -39.90071487426758 99.11140441894531
825 -39.393550872802734 99.33690643310547
826 -39.06716537475586 99.52693939208984
827 -38.7454719543457 99.75018310546875
828 -38.26223373413086 100.04595947265625
829 -37.9770393371582 100.25737762451172
830 -37.580108642578125 100.51258087158203
831 -37.288516998291016 100.67681121826172
832 -36.961177825927734 100.80323028564453
833 -36.507450103759766 100.95252227783203
834 -36.15633010864258 101.02032470703125
835 -35.654701232910156 101.07788848876953
836 -35.248600006103516 101.13288116455078
837 -34.84665298461914 101.16332244873047
838 -34.55492401123047 101.17675018310547
839 -34.17842102050781 101.21659088134766
840 -33.6693229675293 101.21586608886719
841 -33.277801513671875 101.21200561523438
842 -33.095428466796875 101.19483184814453
843 -32.927093505859375 101.14410400390625
844 -32.78581237792969 100.9563980102539
845 -32.4217643737793 100.58563232421875
846 -32.151885986328125 100.35755157470703
847 -31.989755630493164 100.17909240722656
848 -31.805452346801758 99.83684539794922
849 -31.708858489990234 99.51504516601562
850 -31.710214614868164 99.26022338867188
851 -31.688560485839844 99.0899658203125
852 -31.815404891967773 98.49754333496094
853 -31.905807495117188 98.18180084228516
854 -32.00324630737305 97.95928192138672
855 -32.15613555908203 97.65420532226562
856 -32.23966598510742 97.51207733154297
857 -32.380943298339844 97.14161682128906
858 -32.52669906616211 96.72730255126953
859 -32.74305725097656 96.34671020507812
860 -33.00848388671875 95.94449615478516
861 -33.24091720581055 95.70301055908203
862 -33.82889175415039 95.42566680908203
863 -34.00959396362305 95.30209350585938
864 -34.196075439453125 95.03724670410156
865 -34.40928649902344 94.54808044433594
866 -34.45113754272461 94.22367095947266
867 -34.47292709350586 93.82071685791016
868 -34.50091552734375 93.51570129394531
869 -34.56690216064453 93.20013427734375
870 -34.63679885864258 92.9140853881836
871 -34.69374465942383 92.5487289428711
872 -34.742042541503906 91.66781616210938
873 -34.77128219604492 91.46487426757812
874 -34.86279296875 91.3670883178711
875 -35.12240219116211 91.23160552978516
876 -35.712440490722656 91.07459259033203
877 -36.423587799072266 90.77232360839844
878 -36.643123626708984 90.56015014648438
879 -36.95258331298828 90.3555908203125
880 -37.3786506652832 90.11260223388672
881 -37.58849334716797 89.94145965576172
882 -37.72806167602539 89.5974349975586
883 -37.875152587890625 89.23563385009766
884 -38.020484924316406 88.63514709472656
885 -38.03041458129883 88.30843353271484
886 -37.91667175292969 88.14649963378906
887 -37.58534622192383 87.98784637451172
888 -37.044002532958984 87.82874298095703
889 -36.33367919921875 87.40693664550781
890 -36.217750549316406 87.22814178466797
891 -36.13418197631836 87.24507141113281
892 -35.7480354309082 87.31166076660156
893 -35.46497344970703 87.27583312988281
894 -35.18458557128906 87.2620849609375
895 -34.29024124145508 87.20919799804688
896 -33.91057586669922 87.19590759277344
897 -33.74687576293945 87.04827880859375
898 -33.484920501708984 86.51778411865234
899 -33.32878875732422 86.24308776855469
900 -33.185245513916016 85.99867248535156
901 -33.024356842041016 85.73346710205078
902 -32.90254592895508 85.45713806152344
903 -32.7415771484375 84.66561126708984
904 -32.6790657043457 84.18553161621094
905 -32.61663055419922 83.86454010009766
906 -32.57620620727539 83.55921936035156
907 -32.6565055847168 83.25015258789062
908 -32.7716064453125 82.92613983154297
909 -32.79853057861328 82.5701675415039
910 -32.89352035522461 82.38072204589844
911 -33.17295455932617 82.31546783447266
912 -33.795169830322266 82.07530975341797
913 -34.13655090332031 81.98385620117188
914 -34.29771423339844 81.95359802246094
915 -34.46785354614258 81.73479461669922
916 -34.675540924072266 81.37692260742188
917 -34.99281311035156 80.90540313720703
918 -35.16193389892578 80.62345886230469
919 -35.20940017700195 80.40593719482422
920 -35.2064094543457 80.10540771484375
921 -35.1577033996582 79.59976959228516
922 -35.14362335205078 79.21171569824219
923 -35.14737319946289 78.94719696044922
924 -35.18118667602539 78.42435455322266
925 -35.20526123046875 78.0379867553711
926 -35.213844299316406 77.64732360839844
927 -35.23337936401367 77.04743957519531
928 -35.30191421508789 76.73988342285156
929 -35.40581130981445 76.58493041992188
930 -35.5721549987793 76.42581176757812
931 -35.779808044433594 76.30908966064453
932 -62.01900100708008 83.4427261352539
933 -62.18797302246094 83.4968490600586
934 -62.4785270690918 83.54047393798828
935 -62.78749084472656 83.54039764404297
936 -63.07940673828125 83.56130981445312
937 -63.27361297607422 83.54336547851562
938 -63.46283721923828 83.53799438476562
939 -63.7276611328125 83.5884017944336
940 -64.0575942993164 83.49971008300781
941 -64.42716979980469 83.3984375
942 -64.70288848876953 83.16927337646484
943 -64.93000030517578 82.79119873046875
944 -64.98858642578125 82.54878997802734
945 -65.03380584716797 82.28913116455078
946 -65.04499816894531 82.12835693359375
947 -65.16535186767578 81.6607437133789
948 -65.18981170654297 81.48310852050781
949 -65.20262145996094 80.8000259399414
950 -65.24247741699219 80.48995208740234
951 -65.31748962402344 80.04607391357422
952 -65.40045928955078 79.75545501708984
953 -65.44461822509766 79.47954559326172
954 -65.47065734863281 79.01890563964844
955 -65.50189971923828 78.58279418945312
956 -65.45025634765625 78.45869445800781
957 -65.31324005126953 78.37010955810547
958 -65.04142761230469 78.3683090209961
959 -64.65963745117188 78.37899017333984
960 -64.08091735839844 78.24027252197266
961 -63.54694366455078 78.37984466552734
962 -62.833534240722656 78.53389739990234
963 -62.63067626953125 78.56216430664062
964 -62.4573860168457 78.5879898071289
965 -62.2078742980957 78.59556579589844
966 -61.87216567993164 78.61260223388672
967 -61.56010055541992 78.62645721435547
968 -61.22242736816406 78.6131362915039
969 -61.1210823059082 78.5179443359375
970 -60.78038787841797 78.3153076171875
971 -60.63249969482422 78.15846252441406
972 -60.50270080566406 77.92073059082031
973 -60.22586441040039 77.80387115478516
974 -59.61077880859375 77.62664031982422
975 -58.985477447509766 77.34020233154297
976 -58.825069427490234 77.24405670166016
977 -58.74425506591797 77.15564727783203
978 -58.49943161010742 76.9913558959961
979 -58.2457389831543 76.92644500732422
980 -58.06814956665039 76.873046875
981 -57.854591369628906 76.95848846435547
982 -57.50906753540039 77.09806060791016
983 -57.11400604248047 77.25385284423828
984 -56.6368408203125 77.58146667480469
985 -56.47845458984375 77.88736724853516
986 -56.4075927734375 78.40634155273438
987 -56.44660186767578 78.77852630615234
988 -56.66893005371094 79.02001953125
989 -56.78104019165039 79.14086151123047
990 -56.88136291503906 79.29875946044922
991 -57.07605743408203 79.59151458740234
992 -57.248687744140625 79.81183624267578
993 -57.32646560668945 80.01897430419922
994 -57.373939514160156 80.23837280273438
995 -57.41145706176758 80.62429809570312
996 -57.38771057128906 80.84757995605469
997 -57.312774658203125 81.12007904052734
998 -57.28410339355469 81.24004364013672
999 -57.26946258544922 81.319580078125
