0 19.777973175048828 -73.40473175048828
1 19.780773162841797 -73.25811004638672
2 19.723318099975586 -72.98773956298828
3 19.54629898071289 -72.0956802368164
4 19.504179000854492 -71.92849731445312
5 15.765289306640625 -68.13353729248047
6 15.7559175491333 -67.91680145263672
7 15.797529220581055 -67.625
8 15.848616600036621 -67.29424285888672
9 16.03448486328125 -66.45889282226562
10 16.019668579101562 -66.2710189819336
11 15.853772163391113 -66.12364959716797
12 15.672354698181152 -66.0196533203125
13 15.510597229003906 -65.96434020996094
14 5.615797996520996 -63.32770538330078
15 5.397721767425537 -63.24410629272461
16 5.137008190155029 -63.16228103637695
17 4.889974117279053 -63.08406066894531
18 4.479211330413818 -63.05116653442383
19 3.856344699859619 -63.10536575317383
20 3.4911091327667236 -63.0902214050293
21 3.265881061553955 -62.984375
22 3.0884647369384766 -62.859771728515625
23 2.553727388381958 -62.74739456176758
24 2.379762649536133 -62.7182731628418
25 2.0446767807006836 -62.573116302490234
26 1.7632431983947754 -62.35916519165039
27 -5.48333215713501 -56.596126556396484
28 -5.664158821105957 -56.514156341552734
29 -6.075973987579346 -56.40044021606445
30 -6.708294868469238 -56.22186279296875
31 -7.041115760803223 -56.16301727294922
32 -7.312503814697266 -56.185176849365234
33 -7.626774311065674 -56.32669448852539
34 -8.026932716369629 -56.499473571777344
35 -8.237545013427734 -56.622840881347656
36 -8.376083374023438 -56.728816986083984
37 19.310453414916992 -79.15797424316406
38 19.244653701782227 -79.37183380126953
39 19.13357162475586 -79.89083862304688
40 19.002784729003906 -80.13764953613281
41 18.68406105041504 -80.36820220947266
42 18.266735076904297 -80.50121307373047
43 17.949329376220703 -80.56117248535156
44 17.576154708862305 -80.40740966796875
45 17.41596221923828 -80.21491241455078
46 17.353837966918945 -80.07386779785156
47 24.34375762939453 -66.10289001464844
48 24.482473373413086 -65.99295043945312
49 24.741111755371094 -65.87115478515625
50 25.113340377807617 -65.75300598144531
51 25.529186248779297 -65.72798919677734
52 26.091161727905273 -65.81553649902344
53 26.671205520629883 -66.1259765625
54 26.953950881958008 -66.29805755615234
55 27.29252052307129 -66.76593780517578
56 27.340965270996094 -66.9870376586914
57 27.23914909362793 -67.19587707519531
58 26.993656158447266 -67.49702453613281
59 26.678998947143555 -67.82691955566406
60 24.023746490478516 -70.08937072753906
61 23.71538734436035 -70.2868881225586
62 23.44017219543457 -70.38298797607422
63 23.020610809326172 -70.45144653320312
64 22.753498077392578 -70.40594482421875
65 22.297908782958984 -70.20266723632812
66 22.01317596435547 -70.04315948486328
67 21.704317092895508 -69.86700439453125
68 21.335994720458984 -69.6923599243164
69 20.803560256958008 -69.54762268066406
70 20.43246841430664 -69.56754302978516
71 20.170618057250977 -69.68404388427734
72 19.937501907348633 -69.8609390258789
73 19.801555633544922 -69.9913558959961
74 13.064842224121094 -76.59291076660156
75 12.783129692077637 -76.70207214355469
76 12.583338737487793 -76.78455352783203
77 12.342574119567871 -76.74779510498047
78 12.028471946716309 -76.57820129394531
79 11.679615020751953 -76.37576293945312
80 11.161500930786133 -76.1782455444336
81 10.910170555114746 -76.12696075439453
82 10.365094184875488 -76.10401916503906
83 9.973370552062988 -76.126220703125
84 9.659465789794922 -76.07244873046875
85 9.428277969360352 -76.0015640258789
86 9.103922843933105 -75.9066162109375
87 8.526832580566406 -75.89790344238281
88 7.931467056274414 -76.03874969482422
89 7.696187973022461 -76.07036590576172
90 7.230050086975098 -76.01832580566406
91 6.83926248550415 -75.93804931640625
92 6.2989068031311035 -75.75724792480469
93 5.911296844482422 -75.6866683959961
94 5.675466060638428 -75.65328979492188
95 5.2265625 -75.58968353271484
96 4.942450046539307 -75.54536437988281
97 4.400656223297119 -75.53915405273438
98 4.098076820373535 -75.60555267333984
99 3.73349666595459 -75.55973052978516
100 3.4205965995788574 -75.56559753417969
101 3.068669557571411 -75.52429962158203
102 2.782586097717285 -75.50584411621094
103 2.2335453033447266 -75.53025817871094
104 1.786677598953247 -75.66304779052734
105 1.3802675008773804 -75.83029174804688
106 1.302899718284607 -76.03228759765625
107 1.3672765493392944 -76.2300033569336
108 1.5355576276779175 -76.51447296142578
109 1.7987961769104004 -76.83184051513672
110 1.9323146343231201 -77.18128967285156
111 2.0252325534820557 -77.31120300292969
112 23.218353271484375 -54.67460250854492
113 22.979589462280273 -54.69784164428711
114 22.768451690673828 -54.7845573425293
115 22.473066329956055 -54.93173599243164
116 22.223112106323242 -55.06881332397461
117 21.497926712036133 -55.729209899902344
118 21.4310302734375 -55.86956787109375
119 21.455711364746094 -56.410850524902344
120 21.469419479370117 -56.67938232421875
121 21.50572967529297 -57.17607498168945
122 21.60727310180664 -57.88295364379883
123 21.601167678833008 -58.11599349975586
124 21.358314514160156 -58.449867248535156
125 21.01911163330078 -58.81718826293945
126 20.81290626525879 -59.028717041015625
127 20.70917510986328 -59.15210723876953
128 20.60413932800293 -59.49451446533203
129 20.38861656188965 -60.028564453125
130 20.174026489257812 -60.51689910888672
131 20.005373001098633 -60.78154373168945
132 19.80092430114746 -61.095977783203125
133 19.608640670776367 -61.319828033447266
134 19.296344757080078 -61.49851989746094
135 19.00927734375 -61.56948471069336
136 18.679309844970703 -61.484615325927734
137 18.159942626953125 -61.362979888916016
138 17.807371139526367 -61.32566452026367
139 17.36520767211914 -61.30195236206055
140 17.081430435180664 -61.348121643066406
141 -2.832815170288086 -61.811241149902344
142 -2.8860857486724854 -61.79676055908203
143 -2.8800947666168213 -61.787784576416016
144 10.821481704711914 -45.457550048828125
145 10.854581832885742 -45.510311126708984
146 10.866788864135742 -45.61045455932617
147 8.606756210327148 -55.88948059082031
148 8.384105682373047 -55.92707824707031
149 8.002119064331055 -55.9499626159668
150 7.76942253112793 -55.85272216796875
151 7.419203758239746 -55.5721321105957
152 7.168585300445557 -55.363975524902344
153 7.1107964515686035 -55.235015869140625
154 7.0283050537109375 -54.80059814453125
155 6.891797065734863 -53.95185089111328
156 6.992423057556152 -53.700462341308594
157 7.403865814208984 -53.62253189086914
158 7.726339817047119 -53.641685485839844
159 7.902083396911621 -53.63236618041992
160 8.119699478149414 -53.66486358642578
161 8.395222663879395 -53.66758728027344
162 14.87252140045166 -51.42725372314453
163 15.058395385742188 -51.159149169921875
164 15.27277946472168 -50.87465286254883
165 15.29638385772705 -50.593971252441406
166 15.19999885559082 -50.13371276855469
167 15.017790794372559 -49.92817687988281
168 14.763381958007812 -49.84361267089844
169 14.352935791015625 -49.949249267578125
170 13.542977333068848 -50.63884353637695
171 13.072309494018555 -51.299617767333984
172 12.856828689575195 -51.850929260253906
173 12.783775329589844 -52.229522705078125
174 12.767237663269043 -52.615814208984375
175 12.773608207702637 -53.00440979003906
176 12.823127746582031 -53.365543365478516
177 12.850738525390625 -53.574859619140625
178 12.903618812561035 -53.81877899169922
179 13.175545692443848 -54.12897872924805
180 13.351485252380371 -54.78487777709961
181 13.316010475158691 -55.121246337890625
182 13.246503829956055 -55.66482925415039
183 13.291704177856445 -55.96064376831055
184 13.288905143737793 -56.150901794433594
185 13.21110725402832 -56.34160614013672
186 13.011075019836426 -56.798736572265625
187 12.805903434753418 -57.18608093261719
188 12.645033836364746 -57.3037223815918
189 12.261302947998047 -57.18647384643555
190 11.60698413848877 -56.59526062011719
191 11.42392349243164 -56.430362701416016
192 11.375961303710938 -56.20408630371094
193 11.35830307006836 -55.82473373413086
194 11.317773818969727 -55.669532775878906
195 11.259283065795898 -55.33414840698242
196 11.18587875366211 -54.964561462402344
197 11.114489555358887 -54.202980041503906
198 10.86453628540039 -53.96469497680664
199 10.420977592468262 -53.554786682128906
200 10.179502487182617 -53.540367126464844
201 9.942413330078125 -53.75758361816406
202 9.808818817138672 -54.209468841552734
203 9.787249565124512 -54.55300521850586
204 9.808183670043945 -54.826778411865234
205 9.83213996887207 -55.70334243774414
206 9.841943740844727 -56.26766586303711
207 9.773368835449219 -56.8647346496582
208 9.5184326171875 -57.34208679199219
209 9.35906982421875 -57.494205474853516
210 9.160826683044434 -57.50354766845703
211 8.497020721435547 -57.51198959350586
212 8.046831130981445 -57.547752380371094
213 7.247603416442871 -57.467498779296875
214 7.027050495147705 -57.35572052001953
215 6.659918308258057 -57.274452209472656
216 6.087906360626221 -56.99504089355469
217 5.785365581512451 -56.756439208984375
218 5.326119899749756 -56.414886474609375
219 5.145655632019043 -56.29841995239258
220 4.765183448791504 -55.987239837646484
221 4.588297367095947 -55.703948974609375
222 4.5879316329956055 -55.325111389160156
223 4.671777725219727 -54.84619903564453
224 4.825294017791748 -54.22667694091797
225 4.892737865447998 -53.826053619384766
226 4.935678958892822 -53.45946502685547
227 5.025094032287598 -53.20131301879883
228 5.210700035095215 -52.89774703979492
229 5.6192193031311035 -52.565940856933594
230 5.8155388832092285 -52.46086120605469
231 6.078360080718994 -52.31301498413086
232 6.470210552215576 -51.999027252197266
233 6.845383167266846 -51.77436065673828
234 7.207310199737549 -51.65495300292969
235 7.5921220779418945 -51.59658432006836
236 7.878813743591309 -51.6455078125
237 8.259303092956543 -51.530174255371094
238 8.435547828674316 -51.43840789794922
239 8.588780403137207 -51.5295524597168
240 9.12001895904541 -51.66128158569336
241 9.380059242248535 -51.58674621582031
242 9.69446849822998 -51.41954040527344
243 10.01911735534668 -51.11717987060547
244 10.243517875671387 -50.917728424072266
245 10.592757225036621 -50.550045013427734
246 10.946633338928223 -50.17361831665039
247 11.100040435791016 -49.92343521118164
248 11.264181137084961 -49.38128662109375
249 11.290502548217773 -48.931129455566406
250 11.13869857788086 -48.567996978759766
251 11.037229537963867 -48.303043365478516
252 10.699742317199707 -48.344154357910156
253 10.270655632019043 -48.45876693725586
254 9.55152702331543 -48.74409866333008
255 8.985305786132812 -49.05010223388672
256 8.437825202941895 -49.29782485961914
257 7.649235248565674 -49.55900955200195
258 7.127203941345215 -49.677940368652344
259 6.562039375305176 -49.79253387451172
260 6.033285617828369 -49.963924407958984
261 5.687073230743408 -49.98210525512695
262 5.200888156890869 -49.95137023925781
263 4.6644062995910645 -49.83961868286133
264 4.089857578277588 -49.73440933227539
265 3.6664724349975586 -49.71718978881836
266 3.3085436820983887 -49.94523620605469
267 3.148704767227173 -50.1729621887207
268 3.120638370513916 -50.469661712646484
269 3.1461586952209473 -50.865516662597656
270 3.1764020919799805 -51.04423141479492
271 3.1314258575439453 -51.24027633666992
272 3.1305503845214844 -51.473419189453125
273 3.029881715774536 -52.1032829284668
274 2.890303134918213 -52.5521125793457
275 2.776000738143921 -52.932220458984375
276 2.6884353160858154 -53.14529037475586
277 0.32944706082344055 -60.79188919067383
278 0.25095048546791077 -60.98981857299805
279 -0.054668523371219635 -61.480960845947266
280 -0.18089866638183594 -61.77484893798828
281 -0.2678128778934479 -61.9772834777832
282 -0.33505213260650635 -62.29256820678711
283 -0.35921481251716614 -62.79339599609375
284 -0.23345090448856354 -63.11616134643555
285 -0.14869941771030426 -63.202857971191406
286 0.0337432399392128 -63.347328186035156
287 0.2979932725429535 -63.67991638183594
288 0.5982333421707153 -64.05433654785156
289 0.738540530204773 -64.27555084228516
290 7.970216751098633 -73.67811584472656
291 7.964609622955322 -73.75020599365234
292 7.788304328918457 -73.87700653076172
293 7.431268215179443 -73.95223236083984
294 7.123130798339844 -73.9772720336914
295 6.753365993499756 -73.89649963378906
296 6.41652774810791 -73.86418151855469
297 6.47890043258667 -73.60630798339844
298 6.474342346191406 -73.45167541503906
299 6.296309471130371 -72.83657836914062
300 6.24343729019165 -72.54920959472656
301 6.383159160614014 -72.07347106933594
302 6.489001274108887 -71.8127670288086
303 6.643599033355713 -71.5770034790039
304 6.9019317626953125 -71.43212890625
305 7.361235618591309 -71.32102966308594
306 7.5205159187316895 -71.3661117553711
307 7.762744903564453 -71.49639129638672
308 8.062233924865723 -71.74821472167969
309 8.372546195983887 -71.92396545410156
310 8.75892162322998 -71.99537658691406
311 9.128454208374023 -71.73737335205078
312 9.21917724609375 -71.4692611694336
313 2.6546473503112793 -56.725345611572266
314 2.5140535831451416 -56.55406188964844
315 2.2674593925476074 -56.36343765258789
316 1.901999592781067 -56.056270599365234
317 1.5797557830810547 -55.66503143310547
318 1.3331868648529053 -55.263309478759766
319 1.2987409830093384 -54.98530960083008
320 1.443536400794983 -54.77212142944336
321 1.948026418685913 -54.62392807006836
322 2.3795173168182373 -54.534271240234375
323 2.597133159637451 -54.554561614990234
324 6.979654312133789 -60.21078872680664
325 7.0671257972717285 -60.40840530395508
326 7.21407413482666 -60.742431640625
327 7.202495574951172 -60.979034423828125
328 7.093804836273193 -61.251304626464844
329 6.876075267791748 -61.60277557373047
330 6.804772853851318 -61.8160285949707
331 6.910309314727783 -62.002132415771484
332 7.29179048538208 -62.27842330932617
333 7.770366191864014 -62.38314437866211
334 8.117862701416016 -62.53107833862305
335 8.409594535827637 -62.679847717285156
336 8.63212776184082 -62.868473052978516
337 8.902228355407715 -63.382450103759766
338 9.066216468811035 -63.79825210571289
339 9.219280242919922 -64.1103286743164
340 9.455754280090332 -64.41831970214844
341 9.689132690429688 -64.82805633544922
342 9.842330932617188 -65.3790283203125
343 9.93826961517334 -65.83731079101562
344 10.067214965820312 -66.23899841308594
345 10.490795135498047 -67.10649108886719
346 10.66553020477295 -67.46196746826172
347 10.799114227294922 -68.07215881347656
348 10.714371681213379 -68.49378967285156
349 10.557976722717285 -68.7499771118164
350 10.20584487915039 -69.02655029296875
351 9.57776165008545 -69.5164794921875
352 9.43344497680664 -69.73954772949219
353 9.464448928833008 -69.9469985961914
354 9.759232521057129 -70.00116729736328
355 10.052148818969727 -70.00850677490234
356 10.490737915039062 -69.99884033203125
357 11.003993034362793 -70.06131744384766
358 11.136441230773926 -70.20970916748047
359 11.356050491333008 -70.48711395263672
360 11.397622108459473 -70.70247650146484
361 11.383138656616211 -70.98860931396484
362 11.307287216186523 -71.35797882080078
363 11.350099563598633 -71.63629913330078
364 11.41411304473877 -71.86152648925781
365 11.633174896240234 -72.2506332397461
366 12.125130653381348 -72.62165069580078
367 12.36905574798584 -72.69368743896484
368 12.500722885131836 -72.67888641357422
369 12.707986831665039 -72.61426544189453
370 19.22457504272461 -66.58956146240234
371 19.22278594970703 -66.55491638183594
372 19.047733306884766 -66.56769561767578
373 18.817564010620117 -66.63424682617188
374 18.502702713012695 -66.79370880126953
375 18.177417755126953 -67.11092376708984
376 18.026662826538086 -67.3480224609375
377 17.876144409179688 -67.69622039794922
378 17.789600372314453 -68.2256851196289
379 17.788862228393555 -68.60578155517578
380 17.69862937927246 -68.94351196289062
381 17.471860885620117 -69.45214080810547
382 17.508209228515625 -69.96334075927734
383 17.5908203125 -70.22270965576172
384 17.559139251708984 -70.42073822021484
385 17.351411819458008 -71.71627807617188
386 17.34333610534668 -71.99523162841797
387 17.31588363647461 -72.35464477539062
388 17.25387191772461 -72.7218017578125
389 17.14853286743164 -73.08818817138672
390 17.01214027404785 -73.34988403320312
391 16.769128799438477 -73.71156311035156
392 16.533607482910156 -73.85906219482422
393 16.28825569152832 -73.9398193359375
394 15.83848762512207 -74.0479507446289
395 10.02033519744873 -73.96588134765625
396 9.936518669128418 -73.87248229980469
397 9.834967613220215 -73.54459381103516
398 9.72442626953125 -73.26455688476562
399 9.68874454498291 -73.05540466308594
400 9.294600486755371 -60.95796585083008
401 9.327345848083496 -60.72125244140625
402 9.438287734985352 -60.31603240966797
403 9.656465530395508 -59.792240142822266
404 9.973944664001465 -59.33635711669922
405 10.304593086242676 -59.11613464355469
406 10.808867454528809 -58.89322280883789
407 11.022699356079102 -58.85690689086914
408 11.243836402893066 -58.84921646118164
409 11.912894248962402 -58.90046691894531
410 12.32229995727539 -59.04243469238281
411 12.662253379821777 -59.196659088134766
412 12.790783882141113 -59.35015869140625
413 12.730888366699219 -59.65372848510742
414 12.787758827209473 -60.14114761352539
415 12.867634773254395 -60.45859909057617
416 12.825774192810059 -60.71403121948242
417 12.866522789001465 -61.17029571533203
418 12.852561950683594 -61.56911849975586
419 12.7789888381958 -62.243465423583984
420 12.835968971252441 -62.57377624511719
421 12.967300415039062 -63.24296188354492
422 12.984893798828125 -63.67935562133789
423 13.088281631469727 -63.96248245239258
424 13.475151062011719 -65.68669891357422
425 13.505590438842773 -66.12735748291016
426 13.417574882507324 -66.7244644165039
427 13.243194580078125 -67.18458557128906
428 12.985651016235352 -67.64544677734375
429 12.855555534362793 -67.91310119628906
430 12.765803337097168 -68.1006851196289
431 12.693377494812012 -68.34185791015625
432 12.799713134765625 -69.115478515625
433 12.852760314941406 -69.30469512939453
434 13.009258270263672 -69.36076354980469
435 13.348305702209473 -69.36991119384766
436 14.07210636138916 -69.2586441040039
437 14.319143295288086 -69.2933578491211
438 14.406213760375977 -69.50033569335938
439 14.388903617858887 -69.7684555053711
440 14.265034675598145 -70.29940032958984
441 14.166986465454102 -70.7470932006836
442 14.168193817138672 -71.10704803466797
443 14.451175689697266 -71.357421875
444 14.840332984924316 -71.43768310546875
445 15.24746036529541 -71.40664672851562
446 15.715994834899902 -71.2258071899414
447 15.935529708862305 -71.02891540527344
448 15.94322395324707 -70.86915588378906
449 10.8943510055542 -63.4058952331543
450 10.84499454498291 -63.23436737060547
451 10.811683654785156 -63.129276275634766
452 10.644368171691895 -62.689918518066406
453 10.474265098571777 -62.323402404785156
454 10.375917434692383 -62.05938720703125
455 10.488157272338867 -61.75548553466797
456 10.734784126281738 -61.42140197753906
457 10.936623573303223 -61.16563034057617
458 11.033391952514648 -61.00923538208008
459 17.720935821533203 -51.50695037841797
460 17.998722076416016 -51.386417388916016
461 18.2948055267334 -51.27101516723633
462 18.73491859436035 -51.19147491455078
463 19.015018463134766 -51.208961486816406
464 19.26262664794922 -51.3027458190918
465 21.311140060424805 -63.81435012817383
466 21.375446319580078 -64.03059387207031
467 21.425748825073242 -64.36498260498047
468 21.424938201904297 -64.60948181152344
469 21.432315826416016 -65.01759338378906
470 21.449220657348633 -65.1520767211914
471 -2.316014289855957 -67.4006118774414
472 -2.4897241592407227 -67.64952087402344
473 -2.873746871948242 -68.148193359375
474 -2.867098331451416 -68.27995300292969
475 -2.5687994956970215 -68.36228942871094
476 -2.2005832195281982 -68.57107543945312
477 -2.03170108795166 -68.9734878540039
478 -1.952486515045166 -69.59976196289062
479 -1.8142459392547607 -69.84550476074219
480 -1.59602952003479 -69.903076171875
481 -1.1236037015914917 -69.63356018066406
482 -0.9238191843032837 -69.43538665771484
483 -0.6848704814910889 -68.89933776855469
484 -0.493792861700058 -68.5660400390625
485 -0.32557401061058044 -68.43577575683594
486 -0.04139185696840286 -68.29872131347656
487 0.18598617613315582 -68.01728057861328
488 0.5396715998649597 -66.8432388305664
489 0.5234131813049316 -66.40583801269531
490 0.30558741092681885 -66.12924194335938
491 0.1419268697500229 -66.19416046142578
492 -0.17500397562980652 -66.40999603271484
493 -0.2797067165374756 -66.67864990234375
494 -1.4632089138031006 -72.22344207763672
495 -1.5904806852340698 -72.3745346069336
496 -1.6668331623077393 -72.60302734375
497 -1.6066784858703613 -72.85237121582031
498 -1.5891145467758179 -73.54485321044922
499 -1.5199894905090332 -73.83159637451172
500 -1.314953088760376 -74.18917846679688
501 -1.1952632665634155 -74.52045440673828
502 -0.9735770225524902 -74.5933837890625
503 -0.6016227602958679 -74.48710632324219
504 -0.24928702414035797 -74.23014068603516
505 -0.058899372816085815 -73.882080078125
506 0.002756719244644046 -73.65239715576172
507 0.06431858241558075 -73.46284484863281
508 -1.3293215036392212 -65.50497436523438
509 -1.4459643363952637 -65.30628967285156
510 -1.5677441358566284 -65.20537567138672
511 -1.875592827796936 -64.98983001708984
512 -2.2092154026031494 -64.6762924194336
513 -2.4182231426239014 -64.52827453613281
514 -2.618518114089966 -64.49992370605469
515 -2.803670883178711 -64.53182983398438
516 -3.1579551696777344 -64.87764739990234
517 -3.256662130355835 -65.01541900634766
518 -3.7610952854156494 -65.68683624267578
519 -3.981060266494751 -65.90533447265625
520 -4.093199253082275 -66.20442962646484
521 -4.123000144958496 -66.40660095214844
522 -4.061546802520752 -66.67120361328125
523 1.5496957302093506 -67.76900482177734
524 1.8467284440994263 -67.87850952148438
525 2.2259857654571533 -67.92521667480469
526 2.4256112575531006 -67.82946014404297
527 2.5505733489990234 -67.71099853515625
528 2.68369460105896 -67.22908782958984
529 2.6978206634521484 -66.75822448730469
530 2.658029079437256 -66.44329071044922
531 2.673215389251709 -66.0624008178711
532 2.5844273567199707 -65.80816650390625
533 2.1659977436065674 -65.30519104003906
534 2.063655376434326 -65.1216812133789
535 2.1121811866760254 -64.78887939453125
536 2.171339750289917 -64.51596069335938
537 2.209963321685791 -64.22623443603516
538 2.182032823562622 -63.98434829711914
539 -0.8976945281028748 -49.44758605957031
540 -0.8612537384033203 -49.31492233276367
541 -0.789978563785553 -49.158546447753906
542 -0.6269188523292542 -48.7746467590332
543 -0.5073315501213074 -48.04722595214844
544 -0.5275042653083801 -47.57140350341797
545 -0.581828236579895 -47.040706634521484
546 -0.5773065686225891 -46.84372329711914
547 -0.5803907513618469 -46.60255813598633
548 6.408219337463379 -67.3596420288086
549 6.30933141708374 -67.50817108154297
550 6.04021692276001 -67.70606994628906
551 5.751984596252441 -67.76834869384766
552 5.4194536209106445 -67.65741729736328
553 5.063510417938232 -67.59439849853516
554 4.702897071838379 -67.67860412597656
555 4.41317892074585 -67.90190124511719
556 4.035401344299316 -68.32636260986328
557 3.9733426570892334 -68.28069305419922
558 3.9011595249176025 -68.15074157714844
559 -1.7418007850646973 -58.96629333496094
560 -1.636789083480835 -58.69163513183594
561 -1.4619743824005127 -58.459598541259766
562 -1.1300570964813232 -58.1857795715332
563 -0.7878766655921936 -57.85747146606445
564 -0.4103783071041107 -57.62029266357422
565 -0.10919640213251114 -57.57980728149414
566 0.29026663303375244 -57.740020751953125
567 0.4705677330493927 -57.91178512573242
568 0.746293306350708 -58.271751403808594
569 0.9602515697479248 -58.69288635253906
570 0.9707929491996765 -59.10761260986328
571 0.8436574935913086 -59.438899993896484
572 0.6656308770179749 -59.464298248291016
573 -3.459108829498291 -54.026466369628906
574 -3.6070556640625 -53.560489654541016
575 -3.658928632736206 -53.302467346191406
576 -3.3823330402374268 -53.22658920288086
577 -3.0624241828918457 -53.20426940917969
578 -2.5923943519592285 -53.21026611328125
579 -2.0137054920196533 -53.21392059326172
580 -1.5076590776443481 -53.15951156616211
581 -1.094748854637146 -53.01567077636719
582 -0.45880162715911865 -52.58170700073242
583 -0.24731408059597015 -52.389827728271484
584 0.03842892870306969 -52.15244674682617
585 0.1919674575328827 -52.080322265625
586 -4.89504337310791 -74.73733520507812
587 -4.782698631286621 -74.96300506591797
588 -4.604458808898926 -75.21993255615234
589 -4.438242435455322 -75.4433364868164
590 -4.2327141761779785 -75.75076293945312
591 -4.03402042388916 -76.25074005126953
592 -3.9652554988861084 -76.70733642578125
593 -3.9576077461242676 -77.0145492553711
594 -3.9180734157562256 -77.34913635253906
595 -3.8031370639801025 -77.70320892333984
596 -3.578261375427246 -78.10772705078125
597 -3.0343945026397705 -78.71929931640625
598 -2.6445467472076416 -79.06332397460938
599 -2.216761827468872 -79.34912872314453
600 -1.9214897155761719 -79.47877502441406
601 -1.5739378929138184 -79.55811309814453
602 -1.0463573932647705 -79.615966796875
603 -0.7522631287574768 -79.67694091796875
604 -0.3787965476512909 -79.84406280517578
605 -0.05349380150437355 -79.9430160522461
606 0.24636803567409515 -80.03614044189453
607 0.5135583281517029 -80.06433868408203
608 9.14905071258545 -68.0554428100586
609 9.132452964782715 -67.85318756103516
610 8.969009399414062 -67.63470458984375
611 8.76691722869873 -67.48858642578125
612 8.513153076171875 -67.49673461914062
613 8.088055610656738 -67.52885437011719
614 7.961109161376953 -67.59021759033203
615 6.951935291290283 -78.6116943359375
616 6.764641284942627 -78.74537658691406
617 6.499001979827881 -78.8373794555664
618 6.136722087860107 -78.8476333618164
619 5.379672527313232 -78.57971954345703
620 4.923466682434082 -78.3355484008789
621 4.631186008453369 -78.19741821289062
622 4.485631942749023 -78.218994140625
623 4.419067859649658 -78.32286071777344
624 4.797248840332031 -79.94566345214844
625 4.708676338195801 -80.20020294189453
626 4.522119998931885 -80.50872039794922
627 4.286354064941406 -80.4527359008789
628 3.7809784412384033 -80.26898193359375
629 3.5316174030303955 -80.072265625
630 -3.810424327850342 -71.34021759033203
631 -4.107654571533203 -71.3027114868164
632 -4.484349250793457 -71.19624328613281
633 -4.780282974243164 -71.17881774902344
634 -5.134040832519531 -71.13882446289062
635 -5.573110580444336 -71.05455017089844
636 -5.868024826049805 -70.86051177978516
637 -6.0589752197265625 -70.57775115966797
638 -6.311880588531494 -70.13644409179688
639 -6.445191860198975 -69.8042221069336
640 -6.690242290496826 -69.05393981933594
641 -6.835015296936035 -68.7712173461914
642 -7.0479865074157715 -68.46943664550781
643 -7.208255290985107 -68.18254852294922
644 -7.563579559326172 -67.64201354980469
645 -7.6979241371154785 -67.40914154052734
646 -7.847768783569336 -67.02067565917969
647 -7.9346394538879395 -66.63788604736328
648 -7.920229434967041 -66.23847961425781
649 -7.763632774353027 -65.98483276367188
650 -7.4570794105529785 -65.64883422851562
651 -7.298553466796875 -65.40399169921875
652 -7.125694274902344 -64.87483215332031
653 -7.085054397583008 -64.35871887207031
654 -7.054873943328857 -63.76931381225586
655 -6.987616539001465 -63.0760498046875
656 -6.904119491577148 -62.830963134765625
657 -6.768041133880615 -62.54293441772461
658 -6.586277961730957 -62.191158294677734
659 -6.314525604248047 -61.64393997192383
660 -6.190121650695801 -61.38032150268555
661 -6.021744728088379 -61.0992546081543
662 -5.853688716888428 -60.93882751464844
663 -5.674335479736328 -60.78265380859375
664 -5.302438259124756 -60.25785446166992
665 -4.782898426055908 -59.50857925415039
666 -4.531785011291504 -59.224464416503906
667 -4.34664249420166 -59.02859878540039
668 -3.974292278289795 -58.55989074707031
669 -3.7589635848999023 -58.247657775878906
670 -3.4926600456237793 -57.813167572021484
671 -3.2195992469787598 -57.21736526489258
672 -3.114305257797241 -57.002689361572266
673 -2.970496892929077 -56.830379486083984
674 -2.016169786453247 -55.90689468383789
675 -1.7259135246276855 -55.668907165527344
676 -1.4708844423294067 -55.528316497802734
677 -1.1982449293136597 -55.50010299682617
678 -0.9518952369689941 -55.525760650634766
679 5.08632230758667 -60.98984146118164
680 5.181631565093994 -61.12712860107422
681 5.339601516723633 -61.16831970214844
682 7.164285182952881 -63.73110580444336
683 7.346311092376709 -63.99728775024414
684 7.528446197509766 -64.30838775634766
685 7.793209075927734 -64.77477264404297
686 7.982045650482178 -65.19154357910156
687 8.090906143188477 -65.65876770019531
688 7.961627960205078 -65.67672729492188
689 7.0184502601623535 -65.45367431640625
690 6.676791191101074 -65.37599182128906
691 6.416590690612793 -65.31343841552734
692 6.0945844650268555 -65.31721496582031
693 5.916309356689453 -65.39737701416016
694 5.817407131195068 -65.38932800292969
695 5.337682247161865 -65.57367706298828
696 5.009722709655762 -65.8203353881836
697 4.754340648651123 -66.06034851074219
698 4.587523460388184 -66.10466766357422
699 4.395939350128174 -65.9491958618164
700 4.034787654876709 -65.375244140625
701 4.0049004554748535 -65.05535888671875
702 4.157486438751221 -64.5679931640625
703 4.290480613708496 -64.45203399658203
704 15.098954200744629 -54.277103424072266
705 15.287233352661133 -54.015419006347656
706 15.529814720153809 -53.78603744506836
707 15.722661018371582 -53.714962005615234
708 16.418533325195312 -53.739078521728516
709 17.2606258392334 -53.812217712402344
710 17.593868255615234 -53.88439178466797
711 17.898447036743164 -53.9336051940918
712 18.104389190673828 -54.08631134033203
713 18.28497314453125 -54.28834915161133
714 18.40641975402832 -54.66727066040039
715 18.460948944091797 -55.57124328613281
716 18.4598388671875 -56.09098434448242
717 18.449073791503906 -56.4781494140625
718 18.42694664001465 -56.9056282043457
719 18.338029861450195 -57.14866256713867
720 18.077848434448242 -57.45884704589844
721 17.79534912109375 -57.681819915771484
722 17.365951538085938 -57.849578857421875
723 17.238723754882812 -57.958648681640625
724 17.048744201660156 -58.054176330566406
725 16.73798179626465 -58.12482452392578
726 4.986161231994629 -47.59670639038086
727 4.859580993652344 -47.555973052978516
728 4.631258964538574 -47.553504943847656
729 4.32944917678833 -47.40553283691406
730 4.08200216293335 -47.140968322753906
731 3.8355517387390137 -46.79153060913086
732 3.8587679862976074 -46.421016693115234
733 4.030389308929443 -46.12682342529297
734 4.283642292022705 -45.779563903808594
735 4.74564266204834 -45.451473236083984
736 5.131228923797607 -45.26359939575195
737 5.545941352844238 -45.16785430908203
738 5.711544513702393 -45.182533264160156
739 6.049865245819092 -45.30429458618164
740 6.448757648468018 -45.591617584228516
741 6.777729511260986 -45.85773849487305
742 7.023192405700684 -46.07516098022461
743 7.379476547241211 -46.39692306518555
744 7.570955753326416 -46.73601531982422
745 7.7054924964904785 -47.14735794067383
746 7.84785795211792 -47.507816314697266
747 7.8988823890686035 -47.69454574584961
748 8.464875221252441 -58.82231140136719
749 8.41734504699707 -58.91630554199219
750 8.187567710876465 -59.07952880859375
751 7.686861991882324 -59.11970520019531
752 7.130803108215332 -59.14888381958008
753 6.55214786529541 -59.18828201293945
754 6.033257007598877 -59.16344451904297
755 5.768344879150391 -59.08425521850586
756 5.48638916015625 -59.01171112060547
757 5.24862003326416 -58.884647369384766
758 4.703222751617432 -58.2559700012207
759 4.456732749938965 -58.049617767333984
760 4.217602729797363 -57.99583435058594
761 4.049089431762695 -58.00163650512695
762 3.8532609939575195 -58.072471618652344
763 3.5253705978393555 -58.46894454956055
764 3.230193614959717 -58.8333740234375
765 3.092465400695801 -58.96332550048828
766 2.9536755084991455 -59.1464729309082
767 2.768113136291504 -59.537879943847656
768 2.6907148361206055 -59.89136505126953
769 2.7003886699676514 -60.22494125366211
770 2.8508200645446777 -60.4400749206543
771 3.259657382965088 -60.69350814819336
772 3.553891658782959 -60.86949920654297
773 3.6866748332977295 -61.07132339477539
774 3.697101354598999 -61.20856475830078
775 2.8770856857299805 -69.37047576904297
776 2.793628454208374 -69.71601867675781
777 2.7304134368896484 -70.0555191040039
778 2.6991665363311768 -70.33792114257812
779 2.620438575744629 -70.88667297363281
780 2.5599231719970703 -71.1532211303711
781 2.4438228607177734 -71.5995101928711
782 2.090487480163574 -72.20161437988281
783 1.9592478275299072 -72.32093811035156
784 1.7021470069885254 -72.27420806884766
785 1.4638805389404297 -72.12372589111328
786 1.0975253582000732 -71.70330047607422
787 0.932132363319397 -71.48690795898438
788 0.7073083519935608 -70.96826171875
789 0.6389456391334534 -70.68994140625
790 0.6643269062042236 -70.32894134521484
791 0.7641180753707886 -70.10279846191406
792 0.845306932926178 -69.73658752441406
793 0.8662734627723694 -69.62860870361328
794 8.031941413879395 -82.19317626953125
795 8.161097526550293 -82.14071655273438
796 8.386940956115723 -81.97518157958984
797 8.812007904052734 -81.59359741210938
798 9.131416320800781 -81.26295471191406
799 9.408097267150879 -81.25039672851562
800 9.756672859191895 -81.4801254272461
801 10.032804489135742 -81.68955993652344
802 10.342437744140625 -81.9488525390625
803 10.630132675170898 -82.16299438476562
804 11.370195388793945 -82.62918090820312
805 11.724677085876465 -82.74775695800781
806 12.16047191619873 -82.77327728271484
807 12.456991195678711 -82.70001220703125
808 12.81505298614502 -82.46003723144531
809 13.14705753326416 -82.02448272705078
810 13.449045181274414 -81.5298080444336
811 13.779281616210938 -81.09635162353516
812 13.976411819458008 -80.8327407836914
813 14.18609619140625 -80.51732635498047
814 14.2939453125 -80.19657897949219
815 14.316871643066406 -79.88739013671875
816 14.367745399475098 -79.5926742553711
817 14.42539119720459 -79.25218200683594
818 14.514225006103516 -78.68467712402344
819 14.734564781188965 -78.01551818847656
820 14.849125862121582 -77.69310760498047
821 15.013280868530273 -77.16191864013672
822 15.083009719848633 -76.76690673828125
823 15.081055641174316 -76.354736328125
824 15.028609275817871 -76.16712951660156
825 14.909419059753418 -75.97283172607422
826 14.724553108215332 -75.82008361816406
827 14.28368091583252 -75.2379150390625
828 14.075247764587402 -74.84929656982422
829 13.963068008422852 -74.63317108154297
830 13.813490867614746 -74.19232177734375
831 13.751524925231934 -73.82795715332031
832 13.750779151916504 -73.61334228515625
833 14.519731521606445 -58.17908477783203
834 14.589866638183594 -58.021820068359375
835 14.872601509094238 -57.58761215209961
836 15.095420837402344 -57.291019439697266
837 15.276731491088867 -57.08662033081055
838 15.472641944885254 -56.7472038269043
839 15.722479820251465 -56.24485397338867
840 15.794910430908203 -56.035736083984375
841 15.810405731201172 -55.96781921386719
842 2.770343065261841 -73.58641052246094
843 2.868281602859497 -73.65436553955078
844 3.0165817737579346 -73.68988800048828
845 3.608285427093506 -73.63432312011719
846 3.79653000831604 -73.45894622802734
847 3.936858892440796 -73.15312957763672
848 3.9845521450042725 -73.02816772460938
849 4.064411640167236 -72.74613952636719
850 4.324956893920898 -71.83328247070312
851 4.381471157073975 -71.62181091308594
852 4.450869560241699 -71.3495101928711
853 4.500281810760498 -71.0443115234375
854 4.522125720977783 -70.79418182373047
855 4.767049789428711 -70.17251586914062
856 4.864010810852051 -70.06272888183594
857 5.110037326812744 -69.84021759033203
858 5.415836334228516 -69.67910766601562
859 5.757127285003662 -69.58412170410156
860 6.181939601898193 -69.43218994140625
861 6.616299152374268 -69.38272094726562
862 7.159837245941162 -69.35148620605469
863 7.435674667358398 -69.31687927246094
864 7.658822059631348 -69.35091400146484
865 7.777198314666748 -69.39153289794922
866 17.343202590942383 -76.80075073242188
867 17.640579223632812 -76.84048461914062
868 17.81414794921875 -76.83209228515625
869 18.181974411010742 -76.72241973876953
870 18.55422019958496 -76.52540588378906
871 19.130586624145508 -76.17980194091797
872 19.70054817199707 -76.02609252929688
873 20.223051071166992 -76.06043243408203
874 20.517776489257812 -76.02638244628906
875 20.67190933227539 -76.02951049804688
876 20.906089782714844 -75.69375610351562
877 21.12932014465332 -75.42515563964844
878 21.214860916137695 -75.1948471069336
879 21.37761116027832 -74.65874481201172
880 21.479909896850586 -74.03882598876953
881 21.46974754333496 -73.66927337646484
882 21.560701370239258 -73.08560180664062
883 21.904531478881836 -72.72371673583984
884 22.23515510559082 -72.72219848632812
885 22.492586135864258 -72.8211669921875
886 22.92636489868164 -73.05152893066406
887 23.38572120666504 -73.41377258300781
888 23.920391082763672 -73.87220001220703
889 24.111848831176758 -74.02979278564453
890 24.537595748901367 -74.12850189208984
891 25.15892219543457 -74.27542877197266
892 25.367929458618164 -74.28520965576172
893 25.509145736694336 -74.23765563964844
894 25.775991439819336 -74.1393814086914
895 25.983304977416992 -74.05159759521484
896 26.620492935180664 -73.54338073730469
897 27.088550567626953 -73.15789031982422
898 27.366636276245117 -72.89371490478516
899 27.578184127807617 -72.62657165527344
900 27.589468002319336 -72.41374969482422
901 27.463254928588867 -72.11585235595703
902 27.213762283325195 -71.6505126953125
903 26.99913787841797 -71.26469421386719
904 26.907941818237305 -71.12866973876953
905 26.670644760131836 -70.85625457763672
906 26.330516815185547 -70.47392272949219
907 25.560306549072266 -69.55821228027344
908 25.33332633972168 -69.2732162475586
909 25.173391342163086 -69.01600646972656
910 24.927759170532227 -68.76700592041016
911 24.53380012512207 -68.54778289794922
912 23.605318069458008 -67.96906280517578
913 23.416027069091797 -67.87621307373047
914 23.112607955932617 -67.7210464477539
915 22.519020080566406 -67.45558166503906
916 21.903642654418945 -67.2085952758789
917 21.553651809692383 -67.08846282958984
918 21.27707862854004 -67.08142852783203
919 11.722702026367188 -74.16291046142578
920 11.604636192321777 -74.3984146118164
921 11.481284141540527 -74.52381134033203
922 11.144407272338867 -74.77035522460938
923 9.337924003601074 -77.5517807006836
924 9.209942817687988 -77.93350219726562
925 9.263206481933594 -78.18402099609375
926 9.34376335144043 -78.36945343017578
927 9.667579650878906 -78.69023132324219
928 10.163854598999023 -78.91539001464844
929 10.628523826599121 -79.06392669677734
930 11.159750938415527 -79.23103332519531
931 11.430028915405273 -79.33614349365234
932 11.531913757324219 -79.29976654052734
933 18.940019607543945 -64.33951568603516
934 18.76089096069336 -64.29865264892578
935 18.4545955657959 -64.24082946777344
936 18.079416275024414 -64.18635559082031
937 17.518449783325195 -63.96863555908203
938 17.366531372070312 -63.917476654052734
939 17.05342674255371 -63.83921813964844
940 16.61475372314453 -63.612491607666016
941 16.270355224609375 -63.43045425415039
942 16.08747673034668 -63.47331619262695
943 15.74390697479248 -63.757938385009766
944 15.495850563049316 -63.99434280395508
945 15.140239715576172 -64.16390228271484
946 14.860905647277832 -64.26068878173828
947 14.705464363098145 -64.31472778320312
948 14.498929977416992 -64.45436096191406
949 14.220947265625 -64.60520935058594
950 13.651689529418945 -64.74832153320312
951 12.961036682128906 -64.85002136230469
952 12.169931411743164 -65.02485656738281
953 11.939225196838379 -65.080322265625
954 11.722453117370605 -65.2795181274414
955 11.528375625610352 -65.65303802490234
956 11.532370567321777 -65.95533752441406
957 11.601181030273438 -66.14032745361328
958 11.71561336517334 -66.27483367919922
959 11.801729202270508 -66.32986450195312
960 14.461898803710938 -61.75753402709961
961 14.571887016296387 -61.45866394042969
962 14.660202980041504 -60.99155044555664
963 14.70763874053955 -60.621028900146484
964 14.88929271697998 -60.428524017333984
965 15.070869445800781 -60.3067512512207
966 15.275467872619629 -60.19597244262695
967 15.682173728942871 -60.04651641845703
968 15.952000617980957 -59.93882369995117
969 16.127029418945312 -59.887908935546875
970 16.34255599975586 -59.848758697509766
971 16.548351287841797 -59.85786819458008
972 21.787113189697266 -61.821083068847656
973 21.95289421081543 -61.92243576049805
974 22.223905563354492 -62.072933197021484
975 22.891889572143555 -62.42793273925781
976 23.36444091796875 -62.619529724121094
977 23.611629486083984 -62.70940017700195
978 23.911231994628906 -62.75724792480469
979 24.4230899810791 -62.62015914916992
980 24.917482376098633 -62.51893615722656
981 25.366125106811523 -62.32320022583008
982 25.7659969329834 -62.09379577636719
983 25.89621353149414 -61.93830871582031
984 26.042207717895508 -61.50333023071289
985 26.05584716796875 -61.22469711303711
986 25.999956130981445 -60.96917724609375
987 25.740617752075195 -60.68494415283203
988 25.386960983276367 -60.414302825927734
989 25.053499221801758 -60.25937271118164
990 24.106319427490234 -59.92061233520508
991 24.017658233642578 -59.7340202331543
992 24.061439514160156 -59.46974182128906
993 24.058319091796875 -59.201263427734375
994 24.096229553222656 -58.95625305175781
995 24.47272491455078 -58.43574142456055
996 24.717472076416016 -58.120155334472656
997 25.0809383392334 -57.64646911621094
998 25.140302658081055 -57.47365951538086
999 25.200166702270508 -57.37459945678711
