0 -1.0756731033325195 -26.35728645324707
1 -1.1402695178985596 -26.22989845275879
2 -1.3423458337783813 -25.826108932495117
3 -1.7199347019195557 -25.31665802001953
4 -1.8395229578018188 -25.167558670043945
5 -2.161371946334839 -24.838882446289062
6 -2.443294048309326 -24.470510482788086
7 -2.6982228755950928 -24.277639389038086
8 -3.1592395305633545 -24.086503982543945
9 -3.4075417518615723 -24.094118118286133
10 -4.114872455596924 -24.46858787536621
11 -4.660441875457764 -24.799591064453125
12 -4.891322135925293 -25.005857467651367
13 -4.920715808868408 -25.204994201660156
14 -4.6692023277282715 -26.204627990722656
15 -4.618383884429932 -26.538053512573242
16 -4.562229156494141 -26.995250701904297
17 -4.470103740692139 -27.58355140686035
18 -4.431607723236084 -28.08919334411621
19 -4.429163455963135 -28.39395523071289
20 -4.436213493347168 -28.760089874267578
21 -4.4410176277160645 -29.15726089477539
22 -4.45967960357666 -29.5175838470459
23 -4.503220558166504 -29.944082260131836
24 -4.56670618057251 -30.225236892700195
25 -4.860628128051758 -31.12764549255371
26 -4.965409278869629 -31.382492065429688
27 -5.0767903327941895 -31.589576721191406
28 -5.352139472961426 -31.898834228515625
29 -5.759077548980713 -32.374691009521484
30 -5.927927017211914 -32.688663482666016
31 -6.050816535949707 -33.16687774658203
32 -6.169003963470459 -33.936546325683594
33 -6.220457077026367 -34.32111740112305
34 -6.232767581939697 -34.59711456298828
35 -6.199567794799805 -35.403167724609375
36 -6.152845859527588 -35.73165512084961
37 -6.077552318572998 -35.97440719604492
38 -5.9485063552856445 -36.39438247680664
39 -5.692953586578369 -36.887718200683594
40 -5.239171504974365 -37.44015884399414
41 -4.891164779663086 -37.73978805541992
42 -4.28518533706665 -38.066287994384766
43 -3.999277114868164 -38.15269470214844
44 -3.600803852081299 -38.149375915527344
45 -2.9084558486938477 -37.99887466430664
46 -2.5540761947631836 -37.80146026611328
47 -2.140949249267578 -37.3917236328125
48 -1.76375150680542 -36.92080307006836
49 -1.5590238571166992 -36.55385208129883
50 -1.4315427541732788 -36.204345703125
51 -1.2880220413208008 -35.65964889526367
52 -1.2135454416275024 -35.202064514160156
53 -1.1437749862670898 -34.340267181396484
54 -1.063040852546692 -33.35087585449219
55 -0.9782406091690063 -32.84770965576172
56 -0.8261246681213379 -32.32393264770508
57 -0.3971709609031677 -31.18976402282715
58 -0.17236754298210144 -30.72443199157715
59 0.04658186808228493 -30.398792266845703
60 0.5782095789909363 -29.82793617248535
61 1.0361733436584473 -29.45075225830078
62 1.3987888097763062 -29.210498809814453
63 1.9184980392456055 -28.953828811645508
64 2.465702533721924 -28.714317321777344
65 2.9162511825561523 -28.516218185424805
66 3.191112756729126 -28.29905891418457
67 3.243028163909912 -27.971933364868164
68 3.1196296215057373 -27.335201263427734
69 3.114650011062622 -27.037200927734375
70 3.1919150352478027 -26.74273109436035
71 3.381589412689209 -26.38302230834961
72 3.7224762439727783 -25.950456619262695
73 4.33416223526001 -25.40058135986328
74 4.658092498779297 -25.1032657623291
75 4.826003551483154 -25.05245590209961
76 5.137733459472656 -25.020402908325195
77 5.706982612609863 -24.959918975830078
78 5.945871829986572 -24.928529739379883
79 6.2288665771484375 -24.924877166748047
80 6.541675567626953 -24.914325714111328
81 7.000779628753662 -24.86868667602539
82 7.696742057800293 -24.68787956237793
83 8.142789840698242 -24.396310806274414
84 8.384369850158691 -24.031017303466797
85 8.411064147949219 -23.711200714111328
86 8.268831253051758 -23.170658111572266
87 8.079475402832031 -22.67805290222168
88 7.910157203674316 -22.48735237121582
89 7.679109573364258 -22.238811492919922
90 7.5232062339782715 -21.988414764404297
91 1.7855814695358276 -8.149703979492188
92 1.6529111862182617 -8.03904914855957
93 1.4542396068572998 -7.93975830078125
94 0.9961886405944824 -7.705371856689453
95 0.6079598665237427 -7.504741668701172
96 0.26851463317871094 -7.308157444000244
97 -0.05857667326927185 -7.049190044403076
98 -0.29706791043281555 -6.700722694396973
99 -0.5122876167297363 -6.204232215881348
100 -0.5848804712295532 -5.87856388092041
101 -0.47661787271499634 -5.466867446899414
102 -0.3299238383769989 -5.190855979919434
103 -0.12477239221334457 -5.053407669067383
104 1.0339276790618896 -4.476578712463379
105 1.288693904876709 -4.360045433044434
106 1.5942212343215942 -4.307466983795166
107 2.028561592102051 -4.239628314971924
108 2.421344757080078 -4.140451431274414
109 2.9193921089172363 -4.007323265075684
110 3.4902660846710205 -3.8567159175872803
111 3.916309356689453 -3.7548534870147705
112 4.3900465965271 -3.6646809577941895
113 5.022949695587158 -3.5405080318450928
114 5.550182819366455 -3.384342908859253
115 5.825407981872559 -3.252412796020508
116 6.431282043457031 -2.671849012374878
117 6.731354236602783 -2.3469011783599854
118 6.841573715209961 -2.1886162757873535
119 6.962522029876709 -1.8945926427841187
120 7.244723320007324 -1.234666347503662
121 7.402950286865234 -0.8756597638130188
122 7.6606621742248535 -0.2808428108692169
123 7.869369983673096 0.22248880565166473
124 8.070500373840332 0.7259143590927124
125 8.297152519226074 1.2249113321304321
126 8.436003684997559 1.4846400022506714
127 8.639289855957031 1.816519021987915
128 8.888236999511719 2.2237980365753174
129 9.116323471069336 2.6045706272125244
130 9.24985122680664 2.8357961177825928
131 9.506978988647461 3.24202823638916
132 9.80541706085205 3.74086332321167
133 9.948776245117188 3.959571361541748
134 10.23347282409668 4.265770435333252
135 10.415833473205566 4.5332136154174805
136 10.606330871582031 4.784658908843994
137 11.145995140075684 5.132089138031006
138 11.647445678710938 5.3489203453063965
139 12.27856731414795 5.483767986297607
140 12.611848831176758 5.407027244567871
141 12.950895309448242 5.161264896392822
142 13.21837329864502 4.770543575286865
143 13.397814750671387 4.266111373901367
144 13.495950698852539 3.1420977115631104
145 13.606240272521973 2.982607841491699
146 14.274298667907715 2.7599196434020996
147 14.639456748962402 2.690624475479126
148 15.063447952270508 2.620253562927246
149 15.497267723083496 2.557779550552368
150 15.977972030639648 2.4244284629821777
151 16.25808334350586 2.3597662448883057
152 16.716758728027344 2.2154035568237305
153 17.29257583618164 2.083737373352051
154 17.83039093017578 2.047085762023926
155 17.9121036529541 2.2093942165374756
156 17.881221771240234 2.784723997116089
157 17.802066802978516 3.377197742462158
158 17.71605682373047 3.742924213409424
159 17.430774688720703 4.544144153594971
160 17.274520874023438 4.94639778137207
161 17.148813247680664 5.3298516273498535
162 17.12205696105957 5.81648588180542
163 17.13629150390625 6.099050045013428
164 17.47132682800293 6.307291030883789
165 17.785968780517578 6.530451774597168
166 18.156803131103516 6.804153919219971
167 18.692781448364258 7.129007339477539
168 19.00677490234375 7.279741287231445
169 19.565492630004883 7.464179992675781
170 19.739763259887695 7.487908840179443
171 14.471713066101074 -15.891145706176758
172 14.334842681884766 -15.684370040893555
173 14.096174240112305 -15.415457725524902
174 13.772316932678223 -15.168495178222656
175 13.505334854125977 -15.007920265197754
176 13.296552658081055 -14.819657325744629
177 13.165369033813477 -14.574456214904785
178 13.136871337890625 -14.281843185424805
179 13.039629936218262 -13.959522247314453
180 12.896758079528809 -13.72977066040039
181 12.595406532287598 -13.381455421447754
182 12.07613468170166 -12.985620498657227
183 11.7233247756958 -12.796090126037598
184 11.256082534790039 -12.61915111541748
185 10.79218864440918 -12.501420974731445
186 10.270662307739258 -12.430045127868652
187 9.846372604370117 -12.406963348388672
188 3.6943705081939697 -11.255697250366211
189 3.3277008533477783 -11.405330657958984
190 2.9976117610931396 -11.639222145080566
191 2.643777847290039 -11.968548774719238
192 2.3749873638153076 -12.233755111694336
193 2.201171398162842 -12.474041938781738
194 2.092210292816162 -12.65664005279541
195 -0.3666432499885559 -22.527568817138672
196 -0.2768849730491638 -22.714170455932617
197 -0.05150669440627098 -22.94676399230957
198 0.4136650562286377 -23.185394287109375
199 0.8646925091743469 -23.258485794067383
200 1.335237741470337 -23.129575729370117
201 1.7675849199295044 -22.904766082763672
202 1.918070912361145 -22.81053924560547
203 11.670048713684082 -10.276504516601562
204 11.868420600891113 -10.020910263061523
205 12.10139274597168 -9.639440536499023
206 12.251542091369629 -9.353772163391113
207 12.417566299438477 -9.004447937011719
208 12.557527542114258 -8.753960609436035
209 23.347932815551758 -2.1297318935394287
210 23.486207962036133 -2.2546730041503906
211 23.554140090942383 -2.5090126991271973
212 23.528467178344727 -2.853065013885498
213 23.397605895996094 -3.2557709217071533
214 23.198684692382812 -3.7640347480773926
215 23.12889289855957 -3.916877508163452
216 12.2695894241333 -23.480066299438477
217 12.476749420166016 -23.49056625366211
218 12.81486701965332 -23.451845169067383
219 13.303709030151367 -23.30112075805664
220 13.721480369567871 -23.103797912597656
221 14.500397682189941 -22.73915672302246
222 14.799199104309082 -22.56905746459961
223 15.05384635925293 -22.387798309326172
224 15.397968292236328 -22.138904571533203
225 15.602705955505371 -22.004199981689453
226 15.968494415283203 -21.811452865600586
227 16.56634521484375 -21.591739654541016
228 17.39649772644043 -21.385395050048828
229 17.709821701049805 -21.330677032470703
230 17.922779083251953 -21.32428550720215
231 18.215505599975586 -21.37242317199707
232 18.659698486328125 -21.49993133544922
233 19.034849166870117 -21.61020851135254
234 19.388290405273438 -21.670024871826172
235 19.75251007080078 -21.657882690429688
236 20.399627685546875 -21.563987731933594
237 20.652185440063477 -21.474666595458984
238 21.182170867919922 -21.1903076171875
239 21.48030662536621 -20.917837142944336
240 22.000505447387695 -20.224552154541016
241 22.2016544342041 -19.927717208862305
242 22.32419776916504 -19.741060256958008
243 22.44719886779785 -19.543317794799805
244 22.73702049255371 -19.208240509033203
245 23.11501121520996 -18.846782684326172
246 23.348878860473633 -18.531164169311523
247 23.52501106262207 -18.077165603637695
248 23.588457107543945 -17.435636520385742
249 23.51351547241211 -17.089988708496094
250 23.23011016845703 -16.55215835571289
251 23.049257278442383 -16.28974723815918
252 22.809097290039062 -15.975263595581055
253 22.630733489990234 -15.766369819641113
254 22.368858337402344 -15.470976829528809
255 21.793825149536133 -14.856435775756836
256 21.36282730102539 -14.439806938171387
257 21.16178321838379 -14.261253356933594
258 20.844829559326172 -13.983870506286621
259 20.440017700195312 -13.627681732177734
260 19.870197296142578 -13.184433937072754
261 19.516630172729492 -12.934907913208008
262 19.201953887939453 -12.68693733215332
263 18.95304298400879 -12.52272891998291
264 18.640708923339844 -12.383594512939453
265 18.16483497619629 -12.320590019226074
266 17.7523193359375 -12.287753105163574
267 17.518413543701172 -12.310796737670898
268 17.17548179626465 -12.365480422973633
269 16.834125518798828 -12.515837669372559
270 16.580547332763672 -12.792987823486328
271 16.46596336364746 -13.114562034606934
272 16.441648483276367 -13.553281784057617
273 16.516254425048828 -13.861125946044922
274 16.977188110351562 -14.698934555053711
275 17.332311630249023 -14.957694053649902
276 17.669675827026367 -15.084479331970215
277 17.975255966186523 -15.094728469848633
278 36.404239654541016 -11.243938446044922
279 36.567081451416016 -10.916729927062988
280 36.63394546508789 -10.71214771270752
281 36.612728118896484 -10.506477355957031
282 36.47978210449219 -9.898568153381348
283 36.38503646850586 -9.525823593139648
284 36.292144775390625 -9.25738525390625
285 35.9673957824707 -8.640873908996582
286 35.79283142089844 -8.335298538208008
287 35.62929916381836 -8.042633056640625
288 -5.092738628387451 -1.9250168800354004
289 -4.978650093078613 -1.7850748300552368
290 -4.740683555603027 -1.5319948196411133
291 -4.48042106628418 -1.2976961135864258
292 -4.209924221038818 -1.0876944065093994
293 -3.908578872680664 -0.8606270551681519
294 -2.982527017593384 -0.17155884206295013
295 -2.6937968730926514 0.0844312384724617
296 -2.3726978302001953 0.40188127756118774
297 -2.0958826541900635 0.6845360994338989
298 -1.8033229112625122 0.9626651406288147
299 -1.4175879955291748 1.3017877340316772
300 -1.0618915557861328 1.5806403160095215
301 -0.629196047782898 1.8758503198623657
302 -0.21475236117839813 2.1189820766448975
303 0.4007745683193207 2.470036029815674
304 0.8165532350540161 2.7049155235290527
305 1.2199022769927979 2.794133186340332
306 1.7779799699783325 2.7957704067230225
307 2.063657283782959 2.7100555896759033
308 2.518110990524292 2.3913943767547607
309 2.7635762691497803 2.109060287475586
310 3.057140827178955 1.6314208507537842
311 3.265655040740967 1.2306103706359863
312 3.4753103256225586 0.8384398818016052
313 3.6469767093658447 0.4942459166049957
314 3.72920298576355 0.3127652406692505
315 29.844402313232422 -38.70682144165039
316 29.91596221923828 -38.775638580322266
317 30.237810134887695 -38.98489761352539
318 30.559720993041992 -39.12611389160156
319 31.054956436157227 -39.19347381591797
320 31.30852508544922 -39.161293029785156
321 31.571569442749023 -39.0248908996582
322 31.851234436035156 -38.78757095336914
323 32.078163146972656 -38.497867584228516
324 32.35548400878906 -38.03550720214844
325 32.65311050415039 -37.59117889404297
326 32.85660171508789 -37.236385345458984
327 33.008399963378906 -36.8922004699707
328 33.07527160644531 -36.56255340576172
329 33.16755676269531 -35.89121627807617
330 33.20293045043945 -35.43949508666992
331 33.245906829833984 -34.62541961669922
332 33.23835754394531 -34.33317184448242
333 33.1451530456543 -34.0824089050293
334 32.97576904296875 -33.80500793457031
335 32.73173522949219 -33.52219772338867
336 32.35543441772461 -33.178531646728516
337 31.838581085205078 -32.77406692504883
338 31.549680709838867 -32.576358795166016
339 31.21327781677246 -32.320701599121094
340 30.910083770751953 -32.041053771972656
341 30.628639221191406 -31.65701675415039
342 30.25853729248047 -30.966604232788086
343 30.20136260986328 -30.54030418395996
344 30.32398223876953 -30.22003746032715
345 30.582849502563477 -29.941600799560547
346 31.01211929321289 -29.77869415283203
347 31.651655197143555 -29.651874542236328
348 32.17424392700195 -29.52471351623535
349 32.48430633544922 -29.4130916595459
350 32.76881790161133 -29.2481689453125
351 33.298362731933594 -28.832157135009766
352 33.6827278137207 -28.41415023803711
353 33.93153381347656 -28.07044792175293
354 34.11653137207031 -27.71160125732422
355 34.38166046142578 -27.010513305664062
356 34.470970153808594 -26.59592628479004
357 34.524681091308594 -25.967689514160156
358 34.53422164916992 -25.56786346435547
359 34.500858306884766 -25.173892974853516
360 34.3948974609375 -24.57498550415039
361 34.30426788330078 -24.200105667114258
362 34.16386795043945 -23.720378875732422
363 34.04465866088867 -23.32453727722168
364 33.9188346862793 -22.83389663696289
365 33.86566162109375 -22.51131248474121
366 33.88096618652344 -22.092578887939453
367 33.9329833984375 -21.604736328125
368 33.992515563964844 -21.057907104492188
369 34.01854705810547 -20.425687789916992
370 33.94284439086914 -20.036893844604492
371 33.78404235839844 -19.637372970581055
372 33.42583084106445 -19.099990844726562
373 33.217437744140625 -18.86528778076172
374 32.96720886230469 -18.691194534301758
375 32.593780517578125 -18.509794235229492
376 32.01535415649414 -18.25395965576172
377 31.701501846313477 -18.092262268066406
378 31.47170066833496 -17.93927001953125
379 13.301642417907715 -2.373514175415039
380 13.00234603881836 -2.1769866943359375
381 12.441187858581543 -1.7402451038360596
382 12.220967292785645 -1.5987869501113892
383 11.97117805480957 -1.6544880867004395
384 11.740692138671875 -1.8411988019943237
385 11.521061897277832 -2.1435279846191406
386 11.221519470214844 -2.9019289016723633
387 11.118730545043945 -3.387126922607422
388 11.12204360961914 -3.853626012802124
389 11.191630363464355 -4.352774620056152
390 11.372505187988281 -4.824706077575684
391 11.660605430603027 -5.308647155761719
392 11.998515129089355 -5.699739933013916
393 12.20846176147461 -5.856753349304199
394 12.620659828186035 -5.934051990509033
395 13.101962089538574 -5.914310455322266
396 13.536521911621094 -5.696471691131592
397 13.894800186157227 -5.392726898193359
398 14.260581016540527 -5.039869785308838
399 14.440221786499023 -4.824654579162598
400 14.835172653198242 -4.339707374572754
401 15.205328941345215 -3.9760963916778564
402 15.694731712341309 -3.629470109939575
403 16.115026473999023 -3.4781928062438965
404 16.62061309814453 -3.5433199405670166
405 17.139602661132812 -3.868845224380493
406 17.360881805419922 -4.1898088455200195
407 17.51988983154297 -4.846420764923096
408 17.481609344482422 -5.259776592254639
409 17.266284942626953 -5.7190070152282715
410 16.840892791748047 -6.228019714355469
411 16.305219650268555 -6.746697425842285
412 15.908138275146484 -7.1626505851745605
413 15.672239303588867 -7.4969658851623535
414 15.625194549560547 -7.8270134925842285
415 15.722744941711426 -8.284704208374023
416 16.064132690429688 -8.553367614746094
417 16.44912338256836 -8.673665046691895
418 16.89280128479004 -8.695178985595703
419 17.292871475219727 -8.707409858703613
420 17.612762451171875 -8.745521545410156
421 17.918781280517578 -8.851763725280762
422 18.29526710510254 -9.144701957702637
423 18.63420867919922 -9.512480735778809
424 15.77119255065918 -17.344594955444336
425 15.783873558044434 -17.64586067199707
426 15.954463958740234 -17.905380249023438
427 16.26068687438965 -18.04222297668457
428 17.017227172851562 -17.87721061706543
429 17.410274505615234 -17.723535537719727
430 17.773494720458984 -17.60124969482422
431 18.256376266479492 -17.46863555908203
432 18.888338088989258 -17.29694366455078
433 19.135412216186523 -17.199125289916992
434 19.271089553833008 -17.111434936523438
435 23.888078689575195 -12.600421905517578
436 24.120359420776367 -12.655177116394043
437 24.639307022094727 -12.89212703704834
438 25.023033142089844 -13.072102546691895
439 25.298194885253906 -13.23536491394043
440 25.600582122802734 -13.474226951599121
441 26.218494415283203 -13.93620777130127
442 26.752538681030273 -14.149947166442871
443 27.18433380126953 -14.181051254272461
444 27.475645065307617 -14.090648651123047
445 27.957786560058594 -13.771589279174805
446 28.455791473388672 -13.283061981201172
447 28.730579376220703 -12.79841423034668
448 28.820768356323242 -12.187738418579102
449 28.734880447387695 -11.83166217803955
450 28.468290328979492 -11.497061729431152
451 28.12380599975586 -11.095532417297363
452 27.92639923095703 -10.725114822387695
453 27.97853660583496 -10.387924194335938
454 28.233835220336914 -10.164777755737305
455 28.900577545166016 -10.00755500793457
456 29.4005126953125 -9.924263000488281
457 29.781251907348633 -9.873930931091309
458 30.114274978637695 -9.771767616271973
459 30.42366600036621 -9.495535850524902
460 30.635726928710938 -9.14217472076416
461 30.714868545532227 -8.737223625183105
462 30.74220848083496 -8.309308052062988
463 30.670907974243164 -7.493237018585205
464 30.705163955688477 -7.0650105476379395
465 30.791736602783203 -6.539173126220703
466 30.86134147644043 -6.113134384155273
467 30.926639556884766 -5.637059688568115
468 30.98761749267578 -5.23560905456543
469 31.02408790588379 -4.905226230621338
470 30.997177124023438 -4.4699859619140625
471 30.91162109375 -3.7367379665374756
472 30.79585075378418 -2.891090154647827
473 30.68867301940918 -2.470824718475342
474 30.538894653320312 -2.1637468338012695
475 30.277612686157227 -1.8238123655319214
476 30.063798904418945 -1.6534647941589355
477 29.808889389038086 -1.5284544229507446
478 21.001754760742188 -4.7334465980529785
479 20.84819984436035 -4.883155822753906
480 20.629579544067383 -5.08392333984375
481 20.34394073486328 -5.366934299468994
482 20.09272575378418 -5.612361431121826
483 20.018644332885742 -5.883438587188721
484 20.11310386657715 -6.317397117614746
485 20.190500259399414 -6.810131072998047
486 20.322786331176758 -7.181386470794678
487 20.559606552124023 -7.519109725952148
488 20.663049697875977 -7.547158241271973
489 22.493392944335938 -6.091187953948975
490 22.860538482666016 -6.131100654602051
491 23.240671157836914 -6.28658390045166
492 23.372600555419922 -6.469455242156982
493 23.29714012145996 -6.880464553833008
494 22.961734771728516 -7.342917442321777
495 22.429733276367188 -7.966151714324951
496 22.14444351196289 -8.4221830368042
497 21.79105567932129 -8.881296157836914
498 21.529094696044922 -9.224512100219727
499 21.507556915283203 -9.372296333312988
500 21.612308502197266 -10.140588760375977
501 21.772802352905273 -10.369935989379883
502 22.085674285888672 -10.51772689819336
503 22.709104537963867 -10.531512260437012
504 23.053592681884766 -10.465520858764648
505 23.713462829589844 -10.277288436889648
506 24.327796936035156 -10.002631187438965
507 24.73091697692871 -9.721343994140625
508 25.012590408325195 -9.4676513671875
509 25.297788619995117 -9.167920112609863
510 25.651790618896484 -8.718378067016602
511 26.055395126342773 -8.113787651062012
512 26.348960876464844 -7.465015411376953
513 26.53044891357422 -6.974539279937744
514 26.644519805908203 -6.567698955535889
515 26.746089935302734 -6.109464645385742
516 26.849958419799805 -5.187711238861084
517 26.85240364074707 -4.594656467437744
518 26.78314781188965 -4.170082092285156
519 26.588275909423828 -3.7214672565460205
520 26.416961669921875 -3.4880170822143555
521 22.806804656982422 0.31252238154411316
522 22.43221092224121 0.4909340441226959
523 22.099180221557617 0.5662298202514648
524 21.69855499267578 0.49073144793510437
525 21.306100845336914 0.30799728631973267
526 21.011594772338867 0.04513879120349884
527 20.619346618652344 -0.527235746383667
528 20.30923843383789 -0.9221817851066589
529 19.779760360717773 -1.4785993099212646
530 19.552841186523438 -1.6524882316589355
531 19.241241455078125 -1.7398792505264282
532 18.687152862548828 -1.698460578918457
533 18.266294479370117 -1.6177403926849365
534 17.751461029052734 -1.5411186218261719
535 17.494709014892578 -1.5380840301513672
536 8.778908729553223 -9.742780685424805
537 8.62352180480957 -9.833434104919434
538 8.32829761505127 -9.989301681518555
539 7.956442832946777 -10.168130874633789
540 7.291921138763428 -10.490042686462402
541 6.982208728790283 -10.641633987426758
542 6.681206226348877 -10.821625709533691
543 6.245434284210205 -11.236658096313477
544 6.051627159118652 -11.586864471435547
545 6.018899440765381 -11.917936325073242
546 6.104832172393799 -12.330562591552734
547 6.2682414054870605 -12.60368537902832
548 6.54583215713501 -12.914018630981445
549 6.9594244956970215 -13.293753623962402
550 7.4526777267456055 -13.68198299407959
551 7.829883098602295 -13.950797080993652
552 8.678237915039062 -14.563469886779785
553 9.024120330810547 -14.92884349822998
554 9.138071060180664 -15.220807075500488
555 9.209637641906738 -15.669618606567383
556 9.376126289367676 -16.108253479003906
557 9.577956199645996 -16.401123046875
558 9.860554695129395 -16.749671936035156
559 10.083930969238281 -17.0560359954834
560 10.365989685058594 -17.447877883911133
561 10.636752128601074 -17.699655532836914
562 10.928474426269531 -17.81116485595703
563 11.531457901000977 -17.856708526611328
564 11.978342056274414 -17.906766891479492
565 12.473217010498047 -18.07276725769043
566 12.697702407836914 -18.315412521362305
567 12.930840492248535 -18.670188903808594
568 12.974957466125488 -19.089017868041992
569 12.903257369995117 -19.409061431884766
570 12.59460735321045 -19.897247314453125
571 12.331812858581543 -20.245515823364258
572 12.120006561279297 -20.463336944580078
573 11.889678955078125 -20.684751510620117
574 11.658838272094727 -20.842655181884766
575 11.26956844329834 -21.047870635986328
576 10.67292594909668 -21.149011611938477
577 10.244487762451172 -21.097370147705078
578 9.97209644317627 -20.995681762695312
579 9.813568115234375 -20.89483642578125
580 8.21412181854248 -7.061399936676025
581 8.054914474487305 -6.954161167144775
582 7.7538909912109375 -6.864800930023193
583 7.238856792449951 -6.788295745849609
584 6.791543006896973 -6.787601470947266
585 6.428138256072998 -6.84201192855835
586 5.85055685043335 -6.999976634979248
587 5.490946292877197 -7.1164870262146
588 5.213488578796387 -7.23027229309082
589 5.090680122375488 -7.289862155914307
590 34.23268127441406 -14.207771301269531
591 34.15292739868164 -14.151800155639648
592 33.97622299194336 -14.039335250854492
593 33.706729888916016 -13.906615257263184
594 33.343101501464844 -13.723823547363281
595 33.125709533691406 -13.657647132873535
596 32.68519592285156 -13.562097549438477
597 32.31684494018555 -13.467018127441406
598 32.04078674316406 -13.423443794250488
599 3.9900314807891846 -20.87360954284668
600 4.033895969390869 -20.751604080200195
601 4.206793785095215 -20.45207405090332
602 4.379953384399414 -20.306316375732422
603 5.6217193603515625 -19.709070205688477
604 5.95649528503418 -19.592134475708008
605 6.482725143432617 -19.38609504699707
606 6.708729267120361 -19.195484161376953
607 6.937193393707275 -18.712133407592773
608 7.019386291503906 -17.80413055419922
609 6.874751091003418 -17.494272232055664
610 6.262553691864014 -17.02630615234375
611 5.712061405181885 -16.73177719116211
612 4.98321008682251 -16.377777099609375
613 4.708518981933594 -16.24337387084961
614 4.418810844421387 -16.196041107177734
615 4.02067232131958 -16.174509048461914
616 3.7328813076019287 -16.224594116210938
617 3.2128946781158447 -16.54740333557129
618 3.0066945552825928 -16.71897315979004
619 2.8408334255218506 -17.02110481262207
620 2.71201229095459 -17.3424072265625
621 2.587157726287842 -17.734710693359375
622 2.4768028259277344 -18.037097930908203
623 21.44692611694336 -35.86885070800781
624 21.51969337463379 -36.01726531982422
625 21.830368041992188 -36.44963455200195
626 22.012493133544922 -36.65583419799805
627 22.322246551513672 -36.98591232299805
628 22.737462997436523 -37.42570114135742
629 22.929027557373047 -37.74504470825195
630 23.04527473449707 -38.138519287109375
631 23.08071517944336 -38.750099182128906
632 23.079952239990234 -39.13670349121094
633 23.074068069458008 -39.52330780029297
634 23.048540115356445 -39.90618133544922
635 23.035415649414062 -40.57814407348633
636 23.05989646911621 -41.033790588378906
637 23.174903869628906 -41.35934066772461
638 23.358551025390625 -41.741127014160156
639 23.440698623657227 -42.06646728515625
640 23.485605239868164 -42.42701721191406
641 23.433944702148438 -42.76314926147461
642 23.30101203918457 -43.2768440246582
643 23.119407653808594 -43.79741287231445
644 22.749292373657227 -44.51148223876953
645 22.52846908569336 -44.82769775390625
646 22.35533905029297 -45.0063591003418
647 22.07329559326172 -45.25602722167969
648 21.45094871520996 -45.738250732421875
649 21.031644821166992 -46.0068244934082
650 20.743881225585938 -46.07729721069336
651 20.446470260620117 -46.03465270996094
652 20.23025131225586 -45.884029388427734
653 20.037050247192383 -45.61530685424805
654 19.487035751342773 -44.98321533203125
655 19.14763832092285 -44.631629943847656
656 18.747161865234375 -44.24476623535156
657 18.56549072265625 -44.0733528137207
658 18.159259796142578 -43.71367263793945
659 17.74076271057129 -43.37954330444336
660 17.240585327148438 -43.060096740722656
661 16.905738830566406 -42.869178771972656
662 16.658092498779297 -42.75813674926758
663 16.374065399169922 -42.63430404663086
664 15.998147964477539 -42.45600128173828
665 15.673590660095215 -42.276363372802734
666 15.387005805969238 -42.0867805480957
667 14.897954940795898 -41.75425338745117
668 14.572000503540039 -41.555973052978516
669 14.15831470489502 -41.36480712890625
670 13.705602645874023 -41.17939758300781
671 13.237271308898926 -41.03229904174805
672 12.902196884155273 -40.97140121459961
673 12.344527244567871 -40.9694938659668
674 11.913095474243164 -41.089317321777344
675 11.371721267700195 -41.28762435913086
676 11.01486873626709 -41.4085578918457
677 10.823333740234375 -41.421241760253906
678 10.193665504455566 -41.51493835449219
679 9.415679931640625 -41.70303726196289
680 8.996017456054688 -41.90098571777344
681 8.697381973266602 -42.15253829956055
682 8.369316101074219 -42.48776626586914
683 8.052149772644043 -42.799861907958984
684 7.838261604309082 -43.05984878540039
685 7.425151824951172 -43.54991149902344
686 6.7898454666137695 -44.33028793334961
687 6.224292755126953 -45.004600524902344
688 5.8687744140625 -45.42271423339844
689 5.642722129821777 -45.664710998535156
690 5.141828536987305 -46.00603485107422
691 4.586167335510254 -46.26214599609375
692 4.265786170959473 -46.42135238647461
693 4.017333030700684 -46.50223159790039
694 3.6882565021514893 -46.49127960205078
695 3.234243869781494 -46.446022033691406
696 2.9074513912200928 -46.36408615112305
697 2.5554070472717285 -46.182308197021484
698 2.0929880142211914 -45.86899948120117
699 1.602703332901001 -45.42936706542969
700 1.1904329061508179 -44.90217590332031
701 1.09273362159729 -44.62336730957031
702 1.1326338052749634 -44.28335952758789
703 1.2917263507843018 -43.833492279052734
704 1.4111523628234863 -43.49510955810547
705 4.503752708435059 -38.39006042480469
706 4.530875205993652 -38.1318473815918
707 4.564132213592529 -37.65311813354492
708 4.6153669357299805 -37.281612396240234
709 4.713592052459717 -36.88209533691406
710 4.820003032684326 -36.577083587646484
711 5.049718379974365 -36.07984161376953
712 5.249111175537109 -35.768898010253906
713 5.684571266174316 -35.27526092529297
714 5.991302967071533 -35.00873565673828
715 6.4962849617004395 -34.60551834106445
716 6.697675704956055 -34.35250473022461
717 6.75433349609375 -34.076332092285156
718 6.719045639038086 -33.562320709228516
719 6.523229598999023 -33.11128616333008
720 6.17932653427124 -32.80058288574219
721 5.9544901847839355 -32.575923919677734
722 5.625675678253174 -31.81024169921875
723 5.386021137237549 -31.193313598632812
724 5.331851959228516 -30.862207412719727
725 5.3896403312683105 -30.292850494384766
726 5.4584736824035645 -29.996376037597656
727 5.601512908935547 -29.718385696411133
728 5.84202241897583 -29.404582977294922
729 6.090795516967773 -29.145771026611328
730 6.504382610321045 -28.766483306884766
731 6.767690658569336 -28.548538208007812
732 7.0680251121521 -28.413196563720703
733 7.381950378417969 -28.310745239257812
734 7.748040199279785 -28.219146728515625
735 8.06025505065918 -28.166099548339844
736 28.552433013916016 -25.755901336669922
737 28.45751190185547 -25.806926727294922
738 28.19582748413086 -25.916950225830078
739 27.85572052001953 -26.038848876953125
740 27.369388580322266 -26.182655334472656
741 26.982463836669922 -26.307682037353516
742 26.71875762939453 -26.381977081298828
743 26.31243324279785 -26.429536819458008
744 25.235761642456055 -26.413902282714844
745 24.848814010620117 -26.337539672851562
746 24.484994888305664 -26.137842178344727
747 23.915842056274414 -25.646949768066406
748 23.54381561279297 -25.38498878479004
749 23.29300880432129 -25.347532272338867
750 22.436695098876953 -25.235294342041016
751 21.871074676513672 -25.104045867919922
752 21.419050216674805 -24.964754104614258
753 20.987152099609375 -24.83845329284668
754 20.550457000732422 -24.775375366210938
755 20.23479461669922 -24.784135818481445
756 19.774110794067383 -24.858125686645508
757 18.096750259399414 -25.461280822753906
758 17.92247772216797 -25.60953140258789
759 17.815004348754883 -25.811616897583008
760 17.77022361755371 -26.12636947631836
761 17.772687911987305 -26.417678833007812
762 17.784364700317383 -26.602584838867188
763 14.201330184936523 -49.36207962036133
764 13.966911315917969 -49.51324462890625
765 13.707198143005371 -49.67991256713867
766 13.416865348815918 -49.82339096069336
767 13.013526916503906 -49.971710205078125
768 12.656307220458984 -50.052650451660156
769 12.323529243469238 -50.07954788208008
770 10.886518478393555 -50.13644027709961
771 10.4862060546875 -50.15996551513672
772 10.25660514831543 -50.15718078613281
773 9.752411842346191 -50.11686706542969
774 9.190343856811523 -50.082027435302734
775 8.948957443237305 -50.0053825378418
776 8.668164253234863 -49.846229553222656
777 8.450997352600098 -49.59552764892578
778 8.155756950378418 -48.974632263183594
779 8.118444442749023 -48.65587615966797
780 8.259269714355469 -48.25640106201172
781 8.504173278808594 -47.74934005737305
782 8.773873329162598 -47.34047317504883
783 9.13223648071289 -46.86240768432617
784 9.518186569213867 -46.40278244018555
785 9.953100204467773 -45.99226379394531
786 10.382969856262207 -45.59321212768555
787 10.71304988861084 -45.21546173095703
788 11.063862800598145 -44.838924407958984
789 11.535605430603027 -44.467674255371094
790 11.737691879272461 -44.27730941772461
791 11.867968559265137 -44.0837287902832
792 11.931085586547852 -43.853641510009766
793 10.349177360534668 -27.94549560546875
794 10.42724895477295 -27.783557891845703
795 10.603240966796875 -27.52707290649414
796 10.867478370666504 -27.250774383544922
797 11.359516143798828 -26.868961334228516
798 11.744709968566895 -26.615888595581055
799 12.086606979370117 -26.44902992248535
800 12.500321388244629 -26.363407135009766
801 13.101824760437012 -26.336172103881836
802 13.539812088012695 -26.342979431152344
803 13.826807022094727 -26.351369857788086
804 14.312204360961914 -26.4257755279541
805 14.685053825378418 -26.55533790588379
806 14.812828063964844 -26.81654167175293
807 15.015016555786133 -27.399003982543945
808 15.087282180786133 -27.712987899780273
809 15.151896476745605 -28.119516372680664
810 15.21765422821045 -28.53244972229004
811 15.381843566894531 -29.071346282958984
812 15.514057159423828 -29.392656326293945
813 15.604459762573242 -29.612018585205078
814 15.765557289123535 -29.9537410736084
815 15.959989547729492 -30.335216522216797
816 16.143890380859375 -30.71364974975586
817 16.484968185424805 -31.4322566986084
818 16.85572052001953 -31.97846221923828
819 17.125656127929688 -32.2315788269043
820 17.53925132751465 -32.41028594970703
821 18.384153366088867 -32.63817596435547
822 18.705490112304688 -32.73060989379883
823 19.206438064575195 -32.84623718261719
824 19.69959831237793 -32.92342758178711
825 20.065258026123047 -32.891395568847656
826 20.972139358520508 -32.76345443725586
827 21.453954696655273 -32.72699737548828
828 22.19204330444336 -32.7147331237793
829 22.557537078857422 -32.75177764892578
830 22.95065689086914 -32.74634552001953
831 23.85655975341797 -32.74987030029297
832 24.35198211669922 -32.77882766723633
833 24.69115447998047 -32.729888916015625
834 25.043779373168945 -32.56491470336914
835 25.29598045349121 -32.255592346191406
836 25.47861671447754 -31.472198486328125
837 25.385576248168945 -30.941608428955078
838 25.126361846923828 -30.57282829284668
839 24.682527542114258 -30.396671295166016
840 24.37078285217285 -30.32695198059082
841 2.4403417110443115 -37.48722839355469
842 2.3048717975616455 -37.558189392089844
843 2.056443452835083 -37.678279876708984
844 1.5622648000717163 -37.96817398071289
845 1.063684105873108 -38.403995513916016
846 0.6911116242408752 -38.94568634033203
847 0.6124195456504822 -39.33449935913086
848 0.6746878623962402 -39.58121871948242
849 1.0220887660980225 -40.05377960205078
850 1.24637770652771 -40.22331237792969
851 1.6207345724105835 -40.42107009887695
852 2.6213014125823975 -40.94976806640625
853 3.0097761154174805 -41.1131477355957
854 3.466986894607544 -41.24462127685547
855 4.17085075378418 -41.28999328613281
856 4.741269111633301 -41.18553161621094
857 5.146415710449219 -40.98779296875
858 5.491191864013672 -40.74238967895508
859 5.912005424499512 -40.34626770019531
860 6.201364994049072 -39.98422622680664
861 6.567046165466309 -39.496700286865234
862 6.82708740234375 -39.16507339477539
863 7.138299942016602 -38.70021438598633
864 7.399181842803955 -38.3344841003418
865 7.682227611541748 -38.02703857421875
866 7.931940078735352 -37.84104919433594
867 8.24732780456543 -37.700679779052734
868 16.555574417114258 -35.638668060302734
869 16.771562576293945 -35.629127502441406
870 17.086849212646484 -35.65993118286133
871 17.668031692504883 -35.7523307800293
872 17.925752639770508 -35.849979400634766
873 18.2852725982666 -36.14657974243164
874 18.462846755981445 -36.412960052490234
875 18.691282272338867 -37.1369514465332
876 18.70155143737793 -37.699771881103516
877 18.614727020263672 -38.08728790283203
878 18.489500045776367 -38.40995407104492
879 18.297208786010742 -38.87702560424805
880 18.2278995513916 -39.06040954589844
881 14.249744415283203 -11.11070728302002
882 14.35611343383789 -11.212518692016602
883 14.541627883911133 -11.399674415588379
884 14.748619079589844 -11.591733932495117
885 14.924509048461914 -11.803435325622559
886 14.99283504486084 -11.967774391174316
887 18.96265411376953 -28.66767692565918
888 19.05010986328125 -28.886198043823242
889 19.270179748535156 -29.27742576599121
890 19.53169822692871 -29.566675186157227
891 19.82938003540039 -29.702558517456055
892 20.26233673095703 -29.710712432861328
893 20.844955444335938 -29.643796920776367
894 21.354677200317383 -29.51834487915039
895 21.7539005279541 -29.28865623474121
896 22.05341911315918 -29.017208099365234
897 22.247058868408203 -28.74754524230957
898 22.452924728393555 -28.430727005004883
899 22.653152465820312 -28.076486587524414
900 25.03888702392578 -23.097814559936523
901 25.2177677154541 -22.911075592041016
902 25.487361907958984 -22.689186096191406
903 25.835908889770508 -22.443113327026367
904 26.246339797973633 -22.223447799682617
905 26.545429229736328 -22.07834815979004
906 26.840227127075195 -21.973630905151367
907 27.129579544067383 -21.823589324951172
908 27.5291748046875 -21.577287673950195
909 27.932632446289062 -21.322175979614258
910 28.229541778564453 -21.100208282470703
911 28.67609977722168 -20.617448806762695
912 28.887605667114258 -20.207260131835938
913 28.913171768188477 -19.80428123474121
914 28.831844329833984 -19.41335105895996
915 28.65795135498047 -19.071813583374023
916 28.49053955078125 -18.772817611694336
917 28.215381622314453 -18.31001853942871
918 28.0070743560791 -17.990270614624023
919 27.786584854125977 -17.691143035888672
920 27.511749267578125 -17.35438346862793
921 27.27682113647461 -17.10527229309082
922 27.13886260986328 -16.952444076538086
923 25.745697021484375 -1.2728698253631592
924 25.8604793548584 -1.0786129236221313
925 26.013694763183594 -0.8915351629257202
926 26.163501739501953 -0.6798268556594849
927 26.338424682617188 -0.2893413305282593
928 26.3977108001709 -0.007333153393119574
929 26.475744247436523 0.5794861316680908
930 26.498653411865234 0.9060156345367432
931 26.46917724609375 1.6441855430603027
932 26.437772750854492 2.1061484813690186
933 26.358915328979492 2.496826171875
934 26.2200984954834 3.0035085678100586
935 25.816654205322266 4.106181621551514
936 25.70460319519043 4.35626220703125
937 25.56325912475586 4.622016429901123
938 25.437658309936523 4.811214447021484
939 25.22492218017578 5.133007526397705
940 24.980669021606445 5.481562614440918
941 24.503379821777344 6.13295316696167
942 24.34231948852539 6.33848762512207
943 24.2812557220459 6.395354747772217
944 -0.8571764826774597 -18.828006744384766
945 -0.8261308670043945 -18.95783805847168
946 -0.7540786862373352 -19.164302825927734
947 -0.6249893307685852 -19.491201400756836
948 -0.523131251335144 -19.703168869018555
949 8.39356517791748 -31.138046264648438
950 8.62056827545166 -31.345827102661133
951 8.798382759094238 -31.482263565063477
952 9.096059799194336 -31.643239974975586
953 9.510107040405273 -31.76460838317871
954 9.91505241394043 -31.80420684814453
955 10.239666938781738 -31.780128479003906
956 10.865776062011719 -31.617097854614258
957 11.196481704711914 -31.492206573486328
958 11.554091453552246 -31.32745933532715
959 11.930008888244629 -31.19953155517578
960 12.338047981262207 -31.234710693359375
961 12.89573860168457 -31.409347534179688
962 13.350007057189941 -31.736469268798828
963 13.55270767211914 -32.03723907470703
964 13.704020500183105 -32.81061935424805
965 13.750543594360352 -33.15275573730469
966 13.832279205322266 -33.680667877197266
967 13.9000244140625 -33.97435760498047
968 13.981327056884766 -34.21733474731445
969 14.227096557617188 -34.85260009765625
970 14.368793487548828 -35.26796340942383
971 14.476459503173828 -35.57674789428711
972 14.554405212402344 -35.8855094909668
973 14.530434608459473 -36.30008316040039
974 14.426748275756836 -36.658233642578125
975 13.968688011169434 -37.40298080444336
976 13.689705848693848 -37.64729690551758
977 13.249244689941406 -37.81044387817383
978 12.378826141357422 -37.91391372680664
979 11.979754447937012 -37.8656120300293
980 11.542948722839355 -37.719764709472656
981 11.281209945678711 -37.5902099609375
982 10.926342010498047 -37.20225524902344
983 10.702576637268066 -36.83378219604492
984 10.574838638305664 -36.59966278076172
985 10.306309700012207 -36.136959075927734
986 10.051158905029297 -35.77091598510742
987 9.79732894897461 -35.55836486816406
988 9.57630729675293 -35.436771392822266
989 9.348562240600586 -35.313804626464844
990 3.3473753929138184 -32.514976501464844
991 3.0559191703796387 -32.45381546020508
992 2.6735680103302 -32.59064865112305
993 2.286142110824585 -32.81240463256836
994 2.0074212551116943 -33.06085968017578
995 1.8317975997924805 -33.40055465698242
996 1.8205106258392334 -33.634342193603516
997 1.9502464532852173 -33.94266128540039
998 2.2376368045806885 -34.317466735839844
999 2.406848907470703 -34.51496505737305
